alabama
1
        -87.998215         30.795563
        -88.003487         30.786695
        -88.005302         30.788115
        -88.006203         30.793182
        -88.005219         30.799122
        -87.992348         30.802483
        -87.990227         30.793945
        -87.998138         30.787483
        -88.003487         30.786695
END
2
        -87.982880         30.734959
        -87.997925         30.693205
        -87.990913         30.701414
        -87.989098         30.703543
        -87.989792         30.706772
        -87.986572         30.716099
        -87.987312         30.717951
        -87.989952         30.718473
        -87.995773         30.711044
        -87.999733         30.711828
        -88.004128         30.715603
        -88.006523         30.723919
        -88.005249         30.730541
        -88.001663         30.734812
        -87.989761         30.741407
        -87.979927         30.749657
        -87.972023         30.764374
        -87.968185         30.767952
        -87.964691         30.769012
        -87.957329         30.766541
        -87.944290         30.766911
        -87.942940         30.766241
        -87.940887         30.765221
        -87.935043         30.756821
        -87.924095         30.758387
        -87.921288         30.754648
        -87.924965         30.747858
        -87.932671         30.747818
        -87.938370         30.744286
        -87.947426         30.743591
        -87.959282         30.738604
        -87.966087         30.733723
        -87.976875         30.720222
        -87.986847         30.699131
        -87.993187         30.691942
        -87.995598         30.691313
        -87.997925         30.693205
END
3
        -87.953278         30.709290
        -87.987144         30.672987
        -87.997726         30.674389
        -87.998970         30.676943
        -87.995018         30.681597
        -87.986557         30.691553
        -87.967155         30.725033
        -87.956223         30.734631
        -87.947372         30.737167
        -87.937523         30.737614
        -87.934952         30.734798
        -87.939850         30.714733
        -87.936981         30.696541
        -87.939095         30.693161
        -87.950424         30.675077
        -87.957077         30.674551
        -87.959671         30.676451
        -87.958473         30.680779
        -87.960243         30.683575
        -87.969826         30.682890
        -87.971107         30.684526
        -87.958908         30.692030
        -87.961479         30.694845
        -87.960983         30.701944
        -87.966873         30.708969
        -87.970535         30.710665
        -87.972107         30.703133
        -87.981346         30.688217
        -87.981255         30.682709
        -87.984222         30.681404
        -87.983910         30.674515
        -87.987144         30.672987
END
4
        -87.932983         30.672226
        -87.929665         30.659658
        -87.932480         30.662939
        -87.934235         30.662271
        -87.938126         30.660784
        -87.941193         30.664528
        -87.949600         30.656870
        -87.951515         30.658634
        -87.943153         30.669853
        -87.935898         30.688944
        -87.930473         30.692251
        -87.921265         30.664957
        -87.923958         30.647129
        -87.928757         30.646559
        -87.933556         30.654247
        -87.929665         30.659658
END
5
        -88.019890         30.672220
        -88.018303         30.661808
        -88.020950         30.662102
        -88.021538         30.668768
        -88.026604         30.676689
        -88.025963         30.680344
        -88.017365         30.674862
        -88.015366         30.670914
        -88.018303         30.661808
END
6
        -87.954788         30.664265
        -87.951706         30.660137
        -87.955177         30.660023
        -87.958733         30.664185
        -87.957863         30.667368
        -87.950188         30.667576
        -87.951706         30.660137
END
7
        -88.034309         30.655834
        -88.032501         30.649530
        -88.040154         30.651091
        -88.036461         30.658802
        -88.031616         30.660751
        -88.030716         30.655682
        -88.032501         30.649530
END
8
        -88.036018         30.473099
        -88.023911         30.457304
        -88.038559         30.463619
        -88.045692         30.464249
        -88.052399         30.461655
        -88.059029         30.461582
        -88.065582         30.464033
        -88.065903         30.464470
        -88.067619         30.466833
        -88.066948         30.471407
        -88.059975         30.482483
        -88.051697         30.501558
        -88.045166         30.506910
        -88.041687         30.507975
        -88.034561         30.506657
        -88.030937         30.503819
        -88.026253         30.492693
        -88.020592         30.487051
        -88.006523         30.479141
        -88.005539         30.476595
        -88.006508         30.471111
        -88.011566         30.462055
        -88.018059         30.457851
        -88.023911         30.457304
END
9
        -88.583328         30.372011
        -88.576065         30.353821
        -88.577003         30.358658
        -88.572945         30.361788
        -88.582695         30.363819
        -88.589127         30.360735
        -88.587959         30.365072
        -88.590538         30.367647
        -88.596497         30.362490
        -88.596588         30.369144
        -88.602440         30.378437
        -88.597321         30.392330
        -88.590881         30.395414
        -88.578705         30.394941
        -88.566536         30.384373
        -88.568810         30.368130
        -88.565651         30.367376
        -88.564377         30.365517
        -88.564529         30.364258
        -88.567078         30.343086
        -88.570816         30.342014
        -88.577293         30.347422
        -88.579842         30.351143
        -88.576065         30.353821
END
10
        -88.401787         30.376911
        -88.398659         30.369659
        -88.399254         30.370584
        -88.403427         30.372967
        -88.405121         30.378738
        -88.404266         30.381016
        -88.401833         30.382570
        -88.399200         30.381714
        -88.399200         30.381714
        -88.398659         30.369659
END
11
        -88.392494         30.349541
        -88.397354         30.340429
        -88.397820         30.350847
        -88.398659         30.369659
        -88.398659         30.369659
        -88.397736         30.368217
        -88.396713         30.366629
        -88.393570         30.365414
        -88.391357         30.359402
        -88.392731         30.357367
        -88.385857         30.347584
        -88.397354         30.340429
END
12
        -88.364067         30.360487
        -88.368042         30.357502
        -88.374855         30.352497
        -88.379539         30.351467
        -88.380806         30.353226
        -88.365898         30.362049
        -88.357841         30.364719
        -88.355087         30.367525
        -88.355888         30.363518
        -88.359985         30.360172
        -88.364647         30.359716
        -88.368042         30.357502
END
13
        -88.255516         30.353760
        -88.257568         30.342943
        -88.259262         30.348486
        -88.256744         30.362198
        -88.253067         30.361198
        -88.252426         30.346956
        -88.254105         30.343782
        -88.257568         30.342943
END
14
        -88.254051         30.331484
        -88.252640         30.321262
        -88.256310         30.322493
        -88.259537         30.329908
        -88.255821         30.339460
        -88.250816         30.338432
        -88.249168         30.331511
        -88.252640         30.321262
END
15
        -88.586296         30.294346
        -88.586014         30.286566
        -88.586960         30.290943
        -88.589310         30.292368
        -88.591812         30.297924
        -88.590157         30.300415
        -88.584984         30.295723
        -88.576897         30.291431
        -88.580711         30.287148
        -88.586014         30.286566
END
16
        -88.100853         30.268259
        -88.102577         30.267803
        -88.108612         30.269552
        -88.115280         30.267872
        -88.118042         30.272755
        -88.109512         30.274851
        -88.106415         30.272253
        -88.099594         30.270258
        -88.089317         30.260149
        -88.094353         30.259809
        -88.097908         30.264711
        -88.102577         30.267803
END
17
        -88.098618         30.243423
        -88.292938         30.226704
        -88.301651         30.227354
        -88.302658         30.228983
        -88.300224         30.230766
        -88.279305         30.231680
        -88.261459         30.236506
        -88.252647         30.238886
        -88.235977         30.239201
        -88.226364         30.242197
        -88.216293         30.242887
        -88.208023         30.245224
        -88.188416         30.246155
        -88.170593         30.249647
        -88.136673         30.251617
        -88.130905         30.249878
        -88.123207         30.250616
        -88.124191         30.253164
        -88.123520         30.254467
        -88.122780         30.255884
        -88.118271         30.256468
        -88.111198         30.254007
        -88.104790         30.255922
        -88.100037         30.255583
        -88.094330         30.252007
        -88.088005         30.251169
        -88.086319         30.254341
        -88.082573         30.255859
        -88.080544         30.252829
        -88.072517         30.247131
        -88.072891         30.243698
        -88.076149         30.241022
        -88.082993         30.242102
        -88.087280         30.240137
        -88.113457         30.240751
        -88.128418         30.244541
        -88.141357         30.245300
        -88.150200         30.244600
        -88.166016         30.243347
        -88.180275         30.244362
        -88.193848         30.241459
        -88.206558         30.241060
        -88.226494         30.237841
        -88.236382         30.234392
        -88.249886         30.233778
        -88.282623         30.226706
        -88.292938         30.226704
END
18
        -88.629501         30.225216
        -88.705505         30.248522
        -88.699501         30.245424
        -88.675240         30.242434
        -88.659027         30.235004
        -88.647163         30.233397
        -88.633255         30.228992
        -88.621613         30.229452
        -88.614006         30.227007
        -88.605011         30.227058
        -88.588196         30.222822
        -88.565735         30.221878
        -88.535889         30.220619
        -88.537796         30.218592
        -88.554039         30.214333
        -88.567284         30.213453
        -88.600037         30.214798
        -88.607300         30.220219
        -88.616760         30.222702
        -88.641350         30.222727
        -88.646454         30.224213
        -88.648964         30.224941
        -88.661125         30.225180
        -88.675072         30.227974
        -88.696274         30.236872
        -88.707359         30.237774
        -88.715065         30.236315
        -88.733017         30.237576
        -88.738884         30.235620
        -88.748657         30.236263
        -88.758080         30.240112
        -88.756447         30.242147
        -88.745583         30.243090
        -88.733963         30.242182
        -88.730804         30.243923
        -88.717873         30.251053
        -88.712845         30.251186
        -88.705505         30.248522
END
19
        -88.103561         30.222708
        -88.101028         30.214529
        -88.106773         30.216728
        -88.113190         30.223305
        -88.112839         30.226049
        -88.108788         30.228937
        -88.105339         30.229088
        -88.098289         30.226168
        -88.092117         30.220516
        -88.091942         30.217527
        -88.093559         30.216419
        -88.101028         30.214529
END
20
        -88.432594         30.198700
        -88.391258         30.203449
        -88.385895         30.203257
        -88.387024         30.200527
        -88.391098         30.199802
        -88.418114         30.194994
        -88.444611         30.192799
        -88.459908         30.194267
        -88.468506         30.199038
        -88.478706         30.200207
        -88.485634         30.200998
        -88.495605         30.203959
        -88.499466         30.207939
        -88.497795         30.211119
        -88.494080         30.211729
        -88.479683         30.206154
        -88.451820         30.200064
        -88.444931         30.200609
        -88.422516         30.207937
        -88.409012         30.208797
        -88.401741         30.203825
        -88.391258         30.203449
END
21
        -86.772873         32.902699
        -85.215454         33.001385
        -85.207062         32.999245
        -85.199440         32.992867
        -85.198799         32.984501
        -85.197006         32.961395
        -85.194489         32.941132
        -85.190636         32.928146
        -85.192520         32.915638
        -85.193001         32.909615
        -85.191658         32.904488
        -85.185844         32.896809
        -85.184410         32.890488
        -85.185768         32.871212
        -85.185150         32.863243
        -85.183838         32.858517
        -85.179817         32.855537
        -85.176071         32.856148
        -85.171120         32.859619
        -85.166862         32.858414
        -85.163536         32.855457
        -85.161522         32.853474
        -85.159920         32.848850
        -85.160721         32.843048
        -85.163483         32.838707
        -85.168030         32.833225
        -85.170097         32.827873
        -85.170235         32.821587
        -85.169090         32.814842
        -85.161743         32.807919
        -85.153847         32.802071
        -85.143448         32.795841
        -85.131424         32.784462
        -85.128059         32.780983
        -85.127541         32.774204
        -85.129189         32.771496
        -85.144341         32.766998
        -85.146034         32.764812
        -85.143959         32.753933
        -85.141136         32.749378
        -85.134682         32.746071
        -85.125191         32.743450
        -85.122208         32.736809
        -85.122444         32.723709
        -85.124893         32.715202
        -85.119957         32.699245
        -85.115311         32.686939
        -85.108704         32.681541
        -85.102798         32.677155
        -85.098389         32.667976
        -85.096024         32.661301
        -85.095665         32.656609
        -85.099007         32.651718
        -85.104774         32.646168
        -85.106964         32.642384
        -85.105492         32.639324
        -85.101601         32.636921
        -85.093468         32.635796
        -85.089195         32.636551
        -85.087685         32.632969
        -85.088028         32.629288
        -85.090332         32.627068
        -85.093216         32.624294
        -85.091866         32.622799
        -85.089043         32.618240
        -85.086067         32.611599
        -85.084518         32.607498
        -85.081802         32.596130
        -85.080139         32.590466
        -85.074463         32.580833
        -85.068108         32.578560
        -85.062332         32.575737
        -85.059555         32.571701
        -85.051994         32.561646
        -85.041672         32.555923
        -85.033775         32.549549
        -85.028618         32.546688
        -85.024025         32.534901
        -85.015396         32.526993
        -85.007584         32.521660
        -85.001976         32.512653
        -85.001976         32.512653
        -85.000000         32.509960
        -85.000000         32.509960
        -85.000000         32.509346
        -85.000000         32.509346
        -84.997475         32.500271
        -85.000000         32.464069
        -84.999069         32.458797
        -84.998436         32.454037
        -84.993500         32.449947
        -84.974274         32.440006
        -84.967186         32.432594
        -84.965530         32.428780
        -84.968521         32.421951
        -84.975739         32.413731
        -84.983490         32.408928
        -84.984734         32.404034
        -84.982430         32.398880
        -84.972801         32.393681
        -84.972809         32.390236
        -84.977539         32.388359
        -84.989372         32.387230
        -84.990524         32.384640
        -84.988289         32.380402
        -84.980957         32.380127
        -84.975845         32.377197
        -84.977821         32.374790
        -84.988617         32.370731
        -84.988220         32.362255
        -84.990501         32.356842
        -84.994728         32.352009
        -85.000000         32.349319
        -85.003838         32.347359
        -85.008026         32.342064
        -85.010971         32.327885
        -85.006638         32.321011
        -85.000000         32.318905
        -84.957481         32.305408
        -84.943253         32.300007
        -84.931007         32.292194
        -84.912926         32.275520
        -84.903877         32.270512
        -84.900879         32.266777
        -84.899216         32.264065
        -84.898415         32.261299
        -84.900063         32.259174
        -84.908852         32.256153
        -84.919502         32.254055
        -84.925224         32.250179
        -84.927315         32.244854
        -84.925720         32.241726
        -84.931328         32.230385
        -84.938118         32.223804
        -84.957634         32.217422
        -84.974564         32.219452
        -84.980736         32.218876
        -84.985184         32.213570
        -84.974846         32.202438
        -84.976425         32.198444
        -85.000000         32.188080
        -85.013016         32.182358
        -85.016876         32.179924
        -85.038246         32.166451
        -85.049400         32.157082
        -85.059113         32.146652
        -85.059967         32.143845
        -85.064964         32.131844
        -85.063454         32.126419
        -85.063454         32.126419
        -85.059990         32.121761
        -85.058380         32.116238
        -85.058365         32.108078
        -85.056046         32.101067
        -85.052635         32.095642
        -85.053261         32.087955
        -85.054962         32.078682
        -85.056427         32.070190
        -85.057419         32.059425
        -85.058250         32.054535
        -85.061508         32.050022
        -85.060478         32.036308
        -85.059639         32.025131
        -85.058548         32.018562
        -85.064270         32.007030
        -85.065262         32.000000
        -85.065262         32.000000
        -85.065430         31.998569
        -85.085777         31.965282
        -85.099129         31.943239
        -85.115005         31.900078
        -85.130211         31.858328
        -85.136253         31.818068
        -85.131638         31.785017
        -85.112091         31.738214
        -85.096237         31.687235
        -85.079460         31.658903
        -85.067795         31.630329
        -85.067795         31.630329
        -85.066765         31.628832
        -85.060234         31.625134
        -85.051910         31.605898
        -85.054588         31.591057
        -85.053230         31.577469
        -85.051682         31.566769
        -85.047821         31.556923
        -85.040886         31.550791
        -85.045624         31.538946
        -85.045624         31.538946
        -85.050018         31.506804
        -85.058037         31.487873
        -85.065773         31.473278
        -85.066978         31.454983
        -85.068665         31.429466
        -85.072739         31.419039
        -85.079002         31.400988
        -85.080620         31.376431
        -85.085014         31.352493
        -85.085014         31.352493
        -85.081154         31.342644
        -85.080666         31.332958
        -85.081810         31.315624
        -85.085724         31.298906
        -85.089386         31.286041
        -85.094254         31.280479
        -85.100372         31.273046
        -85.100372         31.273046
        -85.100136         31.259508
        -85.097588         31.246824
        -85.090523         31.234404
        -85.090416         31.218939
        -85.092178         31.200666
        -85.093689         31.186245
        -85.085175         31.170372
        -85.080383         31.165552
        -85.080383         31.165552
        -85.073570         31.158695
        -85.063126         31.146589
        -85.052193         31.124796
        -85.036995         31.108107
        -85.027473         31.090727
        -85.022766         31.076967
        -85.017532         31.062696
        -85.010582         31.048824
        -85.008186         31.034210
        -85.004280         31.025318
        -85.000000         31.019085
        -85.000000         31.019085
        -85.000000         31.000879
        -85.000000         30.999599
        -85.000000         30.999006
        -85.000000         30.999006
        -85.001396         30.996250
        -86.883446         30.998436
        -87.356674         31.003904
        -87.596954         31.000719
        -87.593567         30.985821
        -87.590340         30.971586
        -87.593292         30.955841
        -87.615143         30.902758
        -87.623947         30.887167
        -87.632660         30.866528
        -87.620819         30.854973
        -87.617508         30.843185
        -87.606857         30.836020
        -87.562698         30.794842
        -87.559998         30.792318
        -87.548485         30.779619
        -87.543663         30.765724
        -87.533806         30.758802
        -87.529266         30.744684
        -87.525642         30.740610
        -87.525642         30.740610
        -87.524666         30.739511
        -87.516335         30.734694
        -87.503288         30.720570
        -87.497009         30.717873
        -87.483780         30.716360
        -87.477776         30.713442
        -87.472572         30.704893
        -87.470253         30.701073
        -87.462891         30.698803
        -87.456169         30.693798
        -87.440735         30.694513
        -87.431564         30.690815
        -87.425545         30.681240
        -87.411880         30.677183
        -87.407997         30.674549
        -87.405922         30.666002
        -87.392738         30.641996
        -87.391159         30.634380
        -87.392990         30.628008
        -87.390579         30.621515
        -87.390953         30.620327
        -87.395706         30.605143
        -87.404572         30.595068
        -87.403412         30.590675
        -87.407120         30.583668
        -87.406212         30.579514
        -87.410233         30.571365
        -87.415970         30.566940
        -87.416756         30.560078
        -87.424316         30.556391
        -87.427803         30.548229
        -87.434097         30.543129
        -87.442551         30.522486
        -87.442245         30.509169
        -87.438812         30.501501
        -87.435493         30.497965
        -87.435143         30.493135
        -87.427872         30.488802
        -87.427513         30.484201
        -87.432526         30.474205
        -87.432526         30.474205
        -87.431534         30.468712
        -87.414803         30.447817
        -87.410904         30.445869
        -87.404518         30.446377
        -87.397522         30.442049
        -87.390091         30.442297
        -87.387749         30.441082
        -87.396004         30.433056
        -87.398033         30.421181
        -87.402176         30.416708
        -87.411827         30.413769
        -87.424850         30.412762
        -87.429733         30.409685
        -87.435677         30.399298
        -87.439896         30.398062
        -87.442108         30.397413
        -87.445381         30.394751
        -87.449966         30.385471
        -87.448891         30.378555
        -87.452339         30.371309
        -87.457245         30.367544
        -87.461571         30.357798
        -87.474693         30.346462
        -87.484451         30.340307
        -87.492416         30.339840
        -87.498917         30.335890
        -87.502586         30.336908
        -87.504585         30.340178
        -87.505562         30.349844
        -87.509270         30.357059
        -87.512939         30.343391
        -87.516701         30.341888
        -87.515770         30.338421
        -87.512016         30.339695
        -87.509460         30.337099
        -87.509972         30.330229
        -87.515274         30.322803
        -87.514900         30.318432
        -87.516548         30.316872
        -87.525513         30.317806
        -87.531151         30.315666
        -87.538208         30.303469
        -87.544304         30.303177
        -87.547920         30.305799
        -87.554878         30.318382
        -87.555016         30.307140
        -87.559006         30.306562
        -87.566101         30.308132
        -87.570358         30.299986
        -87.574684         30.297579
        -87.577652         30.302486
        -87.577934         30.302946
        -87.577103         30.311415
        -87.580704         30.321840
        -87.578392         30.327284
        -87.573166         30.332880
        -87.574852         30.337515
        -87.570213         30.348864
        -87.574165         30.349430
        -87.586662         30.333017
        -87.589577         30.333096
        -87.595100         30.341507
        -87.596550         30.353020
        -87.600113         30.357246
        -87.605537         30.353493
        -87.608459         30.353342
        -87.609344         30.350611
        -87.605255         30.346600
        -87.604378         30.341299
        -87.606293         30.339514
        -87.612930         30.339005
        -87.614037         30.337658
        -87.609123         30.334312
        -87.601433         30.334793
        -87.599678         30.331991
        -87.603561         30.326818
        -87.599533         30.320972
        -87.592476         30.318487
        -87.592628         30.314131
        -87.600121         30.304235
        -87.604675         30.302752
        -87.609581         30.298754
        -87.619888         30.299261
        -87.625015         30.296415
        -87.598183         30.291561
        -87.592194         30.288876
        -87.579750         30.288998
        -87.571182         30.291746
        -87.563545         30.297966
        -87.557457         30.298027
        -87.552322         30.293528
        -87.538948         30.297522
        -87.531509         30.298235
        -87.525185         30.304945
        -87.513802         30.304861
        -87.514580         30.297997
        -87.527832         30.292053
        -87.537712         30.287619
        -87.545853         30.289450
        -87.557930         30.284729
        -87.559830         30.283405
        -87.558853         30.281084
        -87.555962         30.280546
        -87.556839         30.278275
        -87.575905         30.270533
        -87.564270         30.270216
        -87.556267         30.272062
        -87.554718         30.270872
        -87.557480         30.267735
        -87.610313         30.257788
        -87.613953         30.257103
        -87.648972         30.246798
        -87.740059         30.236805
        -87.752548         30.234039
        -87.765114         30.231258
        -87.787407         30.228849
        -87.794914         30.225830
        -87.853867         30.226870
        -87.863586         30.228951
        -87.896233         30.227217
        -87.901741         30.226923
        -87.930473         30.230158
        -87.951660         30.229301
        -88.005119         30.219818
        -88.017448         30.214609
        -88.020584         30.215830
        -88.025169         30.221449
        -88.018127         30.227646
        -88.013748         30.231501
        -87.998123         30.232042
        -87.986954         30.234066
        -87.969757         30.234106
        -87.959007         30.239580
        -87.956779         30.234707
        -87.952827         30.234150
        -87.949799         30.237978
        -87.953850         30.243586
        -87.953468         30.247246
        -87.947388         30.247097
        -87.946976         30.251677
        -87.941605         30.254299
        -87.937645         30.253971
        -87.932251         30.257051
        -87.908913         30.244915
        -87.898430         30.239462
        -87.876869         30.235250
        -87.852989         30.237633
        -87.820847         30.249670
        -87.806984         30.252760
        -87.789856         30.250715
        -87.783737         30.251705
        -87.770905         30.257011
        -87.763885         30.259912
        -87.747002         30.281736
        -87.742714         30.291264
        -87.739311         30.290028
        -87.732567         30.278378
        -87.733238         30.274035
        -87.734863         30.265127
        -87.733391         30.261875
        -87.727852         30.261271
        -87.723236         30.264593
        -87.720436         30.269339
        -87.721848         30.274426
        -87.728058         30.278488
        -87.732758         30.288250
        -87.733147         30.292391
        -87.728249         30.296394
        -87.728722         30.298012
        -87.731613         30.298548
        -87.737274         30.295481
        -87.747650         30.293917
        -87.750374         30.291693
        -87.751068         30.286890
        -87.754692         30.289280
        -87.758141         30.293585
        -87.768410         30.306387
        -87.808922         30.329914
        -87.828812         30.352909
        -87.831833         30.357805
        -87.831741         30.368587
        -87.829559         30.370367
        -87.826363         30.379005
        -87.823112         30.381218
        -87.814056         30.382593
        -87.812561         30.387835
        -87.819229         30.394428
        -87.821777         30.405508
        -87.830498         30.406187
        -87.839081         30.394932
        -87.840355         30.388540
        -87.835487         30.375338
        -87.840408         30.370642
        -87.841576         30.370855
        -87.853577         30.373039
        -87.865593         30.378160
        -87.872795         30.384768
        -87.898460         30.402157
        -87.907913         30.421207
        -87.912727         30.436239
        -87.917717         30.466202
        -87.917831         30.466883
        -87.920586         30.471998
        -87.931595         30.475941
        -87.932045         30.478247
        -87.927498         30.487772
        -87.905846         30.526011
        -87.898041         30.545776
        -87.897896         30.550362
        -87.903374         30.561279
        -87.904465         30.568649
        -87.909729         30.576931
        -87.911285         30.579370
        -87.911697         30.599340
        -87.909561         30.608006
        -87.909897         30.613977
        -87.915520         30.620770
        -87.916962         30.625393
        -87.910500         30.644505
        -87.910629         30.648867
        -87.914352         30.648727
        -87.917542         30.640320
        -87.919693         30.639454
        -87.921188         30.642473
        -87.916756         30.656359
        -87.916519         30.671951
        -87.917999         30.675428
        -87.923256         30.685421
        -87.930450         30.709684
        -87.927757         30.719023
        -87.926971         30.735062
        -87.924133         30.740726
        -87.916992         30.747890
        -87.915230         30.752893
        -87.917068         30.761885
        -87.917068         30.761885
        -87.926834         30.763960
        -87.926834         30.763960
        -87.930099         30.761745
        -87.933533         30.762518
        -87.936516         30.768784
        -87.942039         30.770756
        -87.965904         30.772713
        -87.967926         30.775972
        -87.961273         30.784527
        -87.973396         30.796289
        -87.977791         30.791809
        -87.977119         30.787893
        -87.969856         30.778809
        -87.969452         30.778303
        -87.974159         30.772224
        -87.981354         30.754967
        -87.988487         30.748028
        -88.004768         30.737410
        -88.002357         30.746527
        -87.990234         30.751741
        -87.983574         30.760525
        -87.985855         30.764021
        -87.990921         30.763454
        -87.992149         30.766695
        -87.989304         30.772591
        -87.991150         30.773094
        -88.005608         30.770002
        -88.008484         30.761707
        -88.011452         30.753168
        -88.009521         30.746929
        -88.012566         30.743103
        -88.015831         30.749144
        -88.018188         30.750347
        -88.019035         30.748762
        -88.019173         30.744408
        -88.012146         30.731112
        -88.009483         30.716288
        -88.004333         30.708447
        -88.000099         30.695929
        -88.001785         30.690630
        -88.004227         30.691555
        -88.005035         30.702908
        -88.009552         30.707952
        -88.015053         30.719650
        -88.015167         30.720764
        -88.016350         30.732641
        -88.019691         30.736162
        -88.022598         30.736691
        -88.025917         30.732641
        -88.026085         30.727369
        -88.018059         30.712038
        -88.017197         30.705595
        -88.016953         30.696413
        -88.020836         30.691231
        -88.016586         30.682642
        -88.020844         30.682514
        -88.027008         30.689314
        -88.029747         30.712088
        -88.033676         30.722504
        -88.033913         30.725166
        -88.035248         30.740204
        -88.021774         30.763050
        -88.019882         30.764151
        -88.019112         30.763214
        -88.018318         30.754478
        -88.016243         30.753054
        -88.011848         30.765793
        -88.014572         30.772280
        -88.011475         30.777712
        -88.008736         30.780397
        -87.999924         30.781563
        -87.986412         30.788347
        -87.984047         30.795860
        -87.986488         30.802799
        -87.985001         30.807810
        -87.990028         30.808619
        -87.995956         30.806009
        -88.001808         30.806150
        -88.012199         30.796995
        -88.010063         30.788916
        -88.012352         30.783697
        -88.028961         30.762762
        -88.033546         30.752090
        -88.033989         30.746597
        -88.039032         30.746716
        -88.048119         30.770786
        -88.051765         30.773167
        -88.054482         30.762909
        -88.048248         30.757946
        -88.042328         30.734867
        -88.039322         30.728832
        -88.035202         30.699144
        -88.033127         30.697489
        -88.033234         30.694008
        -88.033821         30.675255
        -88.031891         30.669016
        -88.043739         30.655304
        -88.049095         30.653826
        -88.053291         30.647043
        -88.051537         30.643560
        -88.056496         30.637943
        -88.055679         30.604202
        -88.057861         30.593700
        -88.064560         30.583076
        -88.067703         30.580338
        -88.081467         30.568335
        -88.083878         30.567703
        -88.100266         30.578411
        -88.105721         30.590927
        -88.105545         30.596659
        -88.102386         30.604612
        -88.100723         30.606869
        -88.086601         30.608603
        -88.084152         30.610609
        -88.094307         30.622955
        -88.090919         30.632584
        -88.091286         30.637222
        -88.096718         30.625490
        -88.096817         30.624151
        -88.097137         30.619860
        -88.090950         30.613979
        -88.090492         30.611675
        -88.103012         30.610134
        -88.110313         30.605715
        -88.113045         30.594538
        -88.124519         30.601229
        -88.128799         30.600180
        -88.121017         30.594265
        -88.122444         30.590857
        -88.119919         30.586670
        -88.125854         30.583366
        -88.127831         30.579512
        -88.122803         30.578936
        -88.116081         30.581991
        -88.110779         30.581638
        -88.106895         30.578566
        -88.103989         30.569551
        -88.100632         30.566490
        -88.095642         30.565893
        -88.093491         30.565636
        -88.080551         30.555008
        -88.079407         30.549015
        -88.079399         30.532038
        -88.081512         30.523600
        -88.086075         30.521872
        -88.087578         30.516172
        -88.096237         30.501921
        -88.099220         30.490980
        -88.094620         30.468157
        -88.097847         30.457909
        -88.104500         30.456917
        -88.098801         30.452654
        -88.104462         30.440857
        -88.102119         30.439425
        -88.102966         30.429119
        -88.099709         30.422848
        -88.106209         30.374817
        -88.109848         30.359529
        -88.112709         30.352484
        -88.122139         30.338476
        -88.127518         30.320265
        -88.130692         30.309534
        -88.132591         30.307972
        -88.136276         30.308746
        -88.139999         30.316864
        -88.139862         30.321449
        -88.131493         30.326763
        -88.129768         30.331312
        -88.129234         30.340248
        -88.132072         30.342609
        -88.137161         30.340891
        -88.139824         30.331545
        -88.144310         30.331879
        -88.145828         30.334208
        -88.142281         30.337797
        -88.143524         30.340580
        -88.149948         30.338203
        -88.156212         30.341331
        -88.158096         30.340227
        -88.148247         30.324398
        -88.153893         30.321545
        -88.157860         30.321207
        -88.170876         30.320099
        -88.183197         30.315104
        -88.190346         30.315039
        -88.191345         30.317125
        -88.189476         30.326721
        -88.182907         30.324965
        -88.180206         30.326738
        -88.181465         30.329062
        -88.194008         30.334396
        -88.194466         30.336931
        -88.192299         30.338717
        -88.185913         30.339718
        -88.186211         30.347527
        -88.182251         30.355925
        -88.166534         30.359007
        -88.164642         30.360340
        -88.165382         30.362192
        -88.171188         30.362785
        -88.176277         30.360836
        -88.182816         30.360857
        -88.199318         30.360903
        -88.206825         30.357862
        -88.211861         30.357746
        -88.215935         30.363115
        -88.224564         30.366982
        -88.231964         30.367378
        -88.237671         30.371635
        -88.255791         30.376860
        -88.264816         30.376144
        -88.267601         30.380566
        -88.278526         30.378513
        -88.282440         30.380436
        -88.275482         30.382805
        -88.277550         30.384687
        -88.284149         30.385521
        -88.288795         30.389753
        -88.292007         30.388678
        -88.294334         30.381386
        -88.302383         30.368486
        -88.304573         30.366011
        -88.309624         30.365204
        -88.312660         30.370317
        -88.308151         30.379854
        -88.309143         30.382172
        -88.313423         30.380659
        -88.311554         30.387451
        -88.311356         30.388186
        -88.314415         30.392382
        -88.322060         30.393696
        -88.330925         30.398708
        -88.336296         30.396072
        -88.340805         30.395941
        -88.347290         30.400898
        -88.353683         30.399662
        -88.360237         30.402098
        -88.361748         30.395247
        -88.365013         30.392334
        -88.371086         30.392923
        -88.376602         30.385012
        -88.373535         30.381275
        -88.377289         30.379520
        -88.384056         30.383795
        -88.388290         30.383886
        -88.395012         30.380360
        -88.399200         30.381714
        -88.399200         30.381714
        -88.471237         31.884850
        -88.456985         32.000000
        -88.457558         32.052376
        -88.456955         32.057419
        -88.444962         32.177860
        -88.434158         32.286106
        -88.431824         32.303314
        -88.417877         32.405685
        -88.415710         32.422882
        -88.403275         32.511589
        -88.401138         32.545223
        -88.400658         32.548168
        -88.394653         32.584904
        -88.383247         32.673294
        -88.367043         32.798561
        -88.366707         32.801140
        -88.364281         32.834774
        -88.352669         32.923973
        -88.336311         33.049255
        -88.328430         33.109509
        -88.323875         33.163952
        -88.322540         33.174747
        -88.306992         33.300129
        -88.291397         33.425518
        -88.290054         33.436295
        -88.289764         33.458775
        -88.281731         33.505077
        -88.277916         33.550938
        -88.277695         33.553589
        -88.274261         33.567471
        -88.274376         33.581932
        -88.267937         33.623249
        -88.261627         33.676117
        -88.246635         33.801590
        -88.237297         33.879471
        -88.234978         33.881916
        -88.235382         33.895702
        -88.231293         33.922417
        -88.230919         33.926399
        -88.224884         33.990349
        -88.220337         34.003292
        -88.219040         34.028954
        -88.211220         34.080101
        -88.206902         34.115303
        -88.191505         34.240776
        -88.181519         34.321945
        -88.177956         34.342690
        -88.167671         34.435562
        -88.161613         34.465702
        -88.154434         34.536575
        -88.151772         34.539696
        -88.135536         34.664814
        -88.126816         34.731911
        -88.118057         34.790127
        -88.104218         34.881966
        -88.104118         34.899876
        -88.106194         34.902931
        -88.120583         34.905800
        -88.123032         34.906288
        -88.145264         34.918556
        -88.163567         34.942165
        -88.198189         35.000000
        -86.834618         35.000000
        -86.788330         35.000000
        -86.751297         35.000000
        -86.667999         35.000000
        -86.584702         35.000000
        -86.501404         35.000000
        -86.418098         35.000000
        -86.334801         35.000000
        -86.251503         35.000000
        -86.168198         35.000000
        -86.084900         35.000000
        -86.001602         35.000000
        -85.918297         35.000000
        -85.834999         35.000000
        -85.751701         35.000000
        -85.668404         35.000000
        -85.607895         35.000000
        -85.609421         34.975800
        -85.597961         34.920059
        -85.590240         34.882977
        -85.582085         34.847301
        -85.579506         34.832489
        -85.568321         34.779720
        -85.560997         34.747223
        -85.557930         34.726223
        -85.552940         34.698429
        -85.546036         34.678097
        -85.547432         34.675957
        -85.536430         34.623638
        -85.536530         34.617882
        -85.534210         34.612022
        -85.522598         34.554226
        -85.517136         34.522591
        -85.515953         34.515709
        -85.506294         34.470684
        -85.504906         34.465054
        -85.497330         34.434364
        -85.488068         34.387016
        -85.480576         34.351124
        -85.475204         34.325375
        -85.474831         34.313438
        -85.472038         34.309677
        -85.463875         34.268944
        -85.458061         34.240505
        -85.443863         34.171806
        -85.437668         34.141781
        -85.432968         34.120415
        -85.429932         34.102638
        -85.414238         34.031723
        -85.408951         34.009697
        -85.408165         34.005955
        -85.400208         33.967850
        -85.397766         33.953262
        -85.396126         33.943462
        -85.387680         33.905277
        -85.383873         33.888004
        -85.379402         33.858349
        -85.373970         33.837711
        -85.371895         33.826576
        -85.364723         33.787994
        -85.359955         33.762348
        -85.360306         33.756119
        -85.347893         33.705044
        -85.344902         33.698303
        -85.344460         33.685223
        -85.326660         33.595348
        -85.317734         33.553516
        -85.314903         33.537804
        -85.304131         33.478600
        -85.301933         33.460323
        -85.299759         33.442280
        -85.298233         33.436611
        -85.291870         33.410282
        -85.289154         33.399620
        -85.283417         33.367596
        -85.273621         33.312859
        -85.268143         33.287170
        -85.262146         33.254387
        -85.259216         33.248104
        -85.256760         33.229847
        -85.244339         33.169361
        -85.243332         33.159531
        -85.239677         33.147705
        -85.236893         33.135277
        -85.234924         33.116074
        -85.232193         33.097603
        -85.227966         33.070015
        -85.227112         33.064335
        -85.225288         33.052231
        -85.215454         33.001385
END
END
