alberta
1
       -116.086899         53.199604
       -110.000000         48.996567
       -110.010910         48.996662
       -110.201675         48.998142
       -110.392448         48.999294
       -110.583229         49.000118
       -110.774017         49.000610
       -110.964806         49.000771
       -111.155602         49.000607
       -111.346382         49.000111
       -111.537170         48.999283
       -111.727943         48.998127
       -111.912773         48.996696
       -111.918709         48.996712
       -112.109482         48.997089
       -112.300255         48.997139
       -112.491028         48.996857
       -112.681801         48.996250
       -112.863899         48.995358
       -112.872559         48.995415
       -113.063324         48.996487
       -113.254089         48.997227
       -113.444870         48.997635
       -113.635643         48.997719
       -113.826416         48.997471
       -114.000000         48.996944
       -114.068619         48.998985
       -114.068619         48.998985
       -114.064888         49.010693
       -114.052025         49.027020
       -114.059357         49.046288
       -114.060745         49.049942
       -114.068123         49.055325
       -114.098602         49.065838
       -114.119865         49.080315
       -114.138657         49.089031
       -114.154335         49.125992
       -114.156219         49.134865
       -114.150307         49.143406
       -114.149483         49.144588
       -114.153015         49.151222
       -114.164406         49.160896
       -114.202682         49.175198
       -114.210068         49.186901
       -114.223877         49.190434
       -114.231163         49.190250
       -114.242195         49.183254
       -114.253494         49.181030
       -114.288269         49.188671
       -114.297455         49.192520
       -114.309509         49.197559
       -114.333153         49.200306
       -114.342529         49.195538
       -114.364677         49.206074
       -114.393524         49.213192
       -114.389809         49.220013
       -114.393669         49.244080
       -114.373566         49.254307
       -114.376541         49.257717
       -114.380249         49.258434
       -114.440720         49.270092
       -114.446091         49.273693
       -114.442970         49.283733
       -114.445808         49.294254
       -114.456543         49.301460
       -114.466690         49.311783
       -114.480408         49.316063
       -114.484146         49.321907
       -114.474327         49.335361
       -114.475037         49.340199
       -114.475380         49.342571
       -114.486588         49.353767
       -114.520927         49.364456
       -114.527092         49.383160
       -114.537842         49.384026
       -114.554108         49.381374
       -114.568153         49.384083
       -114.580582         49.395367
       -114.593216         49.418541
       -114.600174         49.439674
       -114.593269         49.469990
       -114.593544         49.500881
       -114.586990         49.509857
       -114.576698         49.519325
       -114.564926         49.536591
       -114.564590         49.538364
       -114.562424         49.549847
       -114.573692         49.561039
       -114.583755         49.565800
       -114.594086         49.562664
       -114.610672         49.552113
       -114.628632         49.547203
       -114.643311         49.546783
       -114.674225         49.557144
       -114.689491         49.553596
       -114.697739         49.555038
       -114.705154         49.562759
       -114.723236         49.581573
       -114.741325         49.609959
       -114.740280         49.620472
       -114.730843         49.627384
       -114.714012         49.630184
       -114.703239         49.639347
       -114.659737         49.644161
       -114.658188         49.645210
       -114.653503         49.648380
       -114.654099         49.654900
       -114.663002         49.670319
       -114.668983         49.701397
       -114.665459         49.710537
       -114.642807         49.719936
       -114.630783         49.730759
       -114.633293         49.741554
       -114.639694         49.746181
       -114.639961         49.754440
       -114.641464         49.755310
       -114.650620         49.760582
       -114.653008         49.767242
       -114.647438         49.772690
       -114.636597         49.777134
       -114.631599         49.784393
       -114.632233         49.800339
       -114.628799         49.808895
       -114.636917         49.818954
       -114.634186         49.833458
       -114.650734         49.847122
       -114.655945         49.858128
       -114.661774         49.865677
       -114.683067         49.893219
       -114.686363         49.899952
       -114.681572         49.921734
       -114.686218         49.935532
       -114.685982         49.951279
       -114.675598         49.967987
       -114.649582         49.974232
       -114.648087         49.974594
       -114.644608         49.993008
       -114.649567         50.000000
       -114.658211         50.012180
       -114.652946         50.030457
       -114.665916         50.053082
       -114.659355         50.058990
       -114.659622         50.067188
       -114.682121         50.073032
       -114.689156         50.083256
       -114.702087         50.102036
       -114.727890         50.114552
       -114.730751         50.123535
       -114.726013         50.134262
       -114.720932         50.161316
       -114.726158         50.172234
       -114.726189         50.176907
       -114.720985         50.185265
       -114.720581         50.192242
       -114.722946         50.196644
       -114.732048         50.213570
       -114.763809         50.248138
       -114.764099         50.256336
       -114.752960         50.267159
       -114.747421         50.277241
       -114.746445         50.282425
       -114.749390         50.300755
       -114.762222         50.305244
       -114.766464         50.304905
       -114.777039         50.304047
       -114.783379         50.309204
       -114.778954         50.318211
       -114.787048         50.330421
       -114.783569         50.339169
       -114.775749         50.341705
       -114.766617         50.351192
       -114.769470         50.358856
       -114.776886         50.361778
       -114.789116         50.361931
       -114.802849         50.370426
       -114.809090         50.376392
       -114.808540         50.382618
       -114.820831         50.389042
       -114.830994         50.390720
       -114.851761         50.394138
       -114.859077         50.400967
       -114.855804         50.421879
       -114.868530         50.432640
       -114.872864         50.442371
       -114.901344         50.447659
       -114.912315         50.454754
       -114.928513         50.483398
       -114.949944         50.503815
       -114.977036         50.540318
       -114.997185         50.557884
       -115.000000         50.563713
       -115.011909         50.588364
       -115.017914         50.589199
       -115.020485         50.586899
       -115.026009         50.581963
       -115.039719         50.581020
       -115.045143         50.578285
       -115.049324         50.578987
       -115.062347         50.588566
       -115.068817         50.590221
       -115.091644         50.579758
       -115.101990         50.576992
       -115.121918         50.575710
       -115.141487         50.576359
       -115.152229         50.574791
       -115.162033         50.571590
       -115.176208         50.557739
       -115.178673         50.552254
       -115.179276         50.550911
       -115.176140         50.544418
       -115.180679         50.539658
       -115.194778         50.539898
       -115.199860         50.535568
       -115.207748         50.536140
       -115.220390         50.544498
       -115.224213         50.550648
       -115.225388         50.561310
       -115.234444         50.576061
       -115.231079         50.591484
       -115.236465         50.595791
       -115.255287         50.600674
       -115.272903         50.608505
       -115.275261         50.609550
       -115.287483         50.620029
       -115.291634         50.629913
       -115.302116         50.637333
       -115.304985         50.643375
       -115.297195         50.650322
       -115.282372         50.648842
       -115.273285         50.655693
       -115.274269         50.664932
       -115.286819         50.682922
       -115.291733         50.707035
       -115.295090         50.710392
       -115.310143         50.725441
       -115.325920         50.729065
       -115.347046         50.728485
       -115.360741         50.725288
       -115.370331         50.719299
       -115.382225         50.715137
       -115.409256         50.722050
       -115.405434         50.736366
       -115.424278         50.757557
       -115.425201         50.758595
       -115.431114         50.762344
       -115.435440         50.760147
       -115.444817         50.759140
       -115.449585         50.761974
       -115.460114         50.761875
       -115.462128         50.757851
       -115.470215         50.760498
       -115.476494         50.765938
       -115.478249         50.778561
       -115.496391         50.791496
       -115.513992         50.788551
       -115.524391         50.789272
       -115.536118         50.801338
       -115.554428         50.813435
       -115.554543         50.816418
       -115.555290         50.835163
       -115.559929         50.838818
       -115.596024         50.847134
       -115.602020         50.846710
       -115.608208         50.841301
       -115.617020         50.839821
       -115.631119         50.842037
       -115.640572         50.867680
       -115.641495         50.877743
       -115.617828         50.883469
       -115.611946         50.884888
       -115.595047         50.891232
       -115.575439         50.890301
       -115.562584         50.896084
       -115.559776         50.900890
       -115.561600         50.905598
       -115.570747         50.913727
       -115.598587         50.924389
       -115.598320         50.929787
       -115.601967         50.935452
       -115.602287         50.948814
       -115.610779         50.963245
       -115.615456         50.968517
       -115.626274         50.980709
       -115.660843         51.004932
       -115.677429         51.009338
       -115.692451         51.026390
       -115.699188         51.027576
       -115.710167         51.017380
       -115.718742         51.017956
       -115.745522         51.033970
       -115.748344         51.036114
       -115.762955         51.047169
       -115.759590         51.063709
       -115.750343         51.067097
       -115.751839         51.071938
       -115.757439         51.073040
       -115.770035         51.066956
       -115.794037         51.072201
       -115.803612         51.077213
       -115.808548         51.082279
       -115.817947         51.081444
       -115.832832         51.075508
       -115.841957         51.079754
       -115.855576         51.081383
       -115.861496         51.086700
       -115.865646         51.090431
       -115.887169         51.093304
       -115.891594         51.091045
       -115.894173         51.082470
       -115.900589         51.082161
       -115.914520         51.088905
       -115.936485         51.103096
       -115.950966         51.117157
       -116.014938         51.132076
       -116.010551         51.158974
       -116.034073         51.166241
       -116.032776         51.174213
       -116.004410         51.196545
       -116.004219         51.220116
       -116.011101         51.222858
       -116.027328         51.224480
       -116.036430         51.227684
       -116.053329         51.233627
       -116.063896         51.247532
       -116.074417         51.250507
       -116.086395         51.250122
       -116.102638         51.251732
       -116.117607         51.255558
       -116.131210         51.262173
       -116.146278         51.265427
       -116.152992         51.269302
       -116.148705         51.284557
       -116.161316         51.297432
       -116.170044         51.299236
       -116.185295         51.302391
       -116.203560         51.297211
       -116.214737         51.296188
       -116.243172         51.301987
       -116.265266         51.313137
       -116.283676         51.341881
       -116.277878         51.355324
       -116.283173         51.368301
       -116.284874         51.368713
       -116.299110         51.372162
       -116.302773         51.383888
       -116.298782         51.391693
       -116.282707         51.411976
       -116.283539         51.418350
       -116.292763         51.429848
       -116.288498         51.439358
       -116.286346         51.458775
       -116.295746         51.463379
       -116.322784         51.466995
       -116.343544         51.469769
       -116.354950         51.473339
       -116.392212         51.506084
       -116.390564         51.528404
       -116.378357         51.535713
       -116.387718         51.546631
       -116.416100         51.553558
       -116.447266         51.561153
       -116.463661         51.568466
       -116.466248         51.574993
       -116.463875         51.594402
       -116.467087         51.602024
       -116.475105         51.611107
       -116.499840         51.625877
       -116.514305         51.629868
       -116.537086         51.638569
       -116.572495         51.652081
       -116.594017         51.663513
       -116.592339         51.670452
       -116.584297         51.677799
       -116.585403         51.682945
       -116.581131         51.686211
       -116.584854         51.707150
       -116.591377         51.718090
       -116.600029         51.723286
       -116.620865         51.731155
       -116.621780         51.732613
       -116.624413         51.736835
       -116.623863         51.744621
       -116.634491         51.753448
       -116.645264         51.757206
       -116.649773         51.764893
       -116.648247         51.799988
       -116.659126         51.807262
       -116.675545         51.811344
       -116.687271         51.808895
       -116.708557         51.801525
       -116.720558         51.803482
       -116.732811         51.807999
       -116.743614         51.807449
       -116.773811         51.773998
       -116.799225         51.759815
       -116.812538         51.737904
       -116.809593         51.732265
       -116.803810         51.728809
       -116.797348         51.721409
       -116.802277         51.714218
       -116.804565         51.710876
       -116.816597         51.706089
       -116.833839         51.708630
       -116.849503         51.709126
       -116.861298         51.705883
       -116.880249         51.705391
       -116.900612         51.708096
       -116.917580         51.712566
       -116.929131         51.732750
       -116.959770         51.751648
       -116.959770         51.751648
       -116.972443         51.761375
       -116.966057         51.773495
       -116.965630         51.797935
       -116.969833         51.806324
       -116.983566         51.823875
       -116.984711         51.833149
       -116.984993         51.835464
       -116.993034         51.838787
       -117.009247         51.839203
       -117.026329         51.849731
       -117.028984         51.869064
       -117.017044         51.892876
       -117.023857         51.899483
       -117.044495         51.917881
       -117.066788         51.929169
       -117.092278         51.942066
       -117.109016         51.955441
       -117.127205         51.964096
       -117.144798         51.977032
       -117.158241         51.975353
       -117.169029         51.975933
       -117.194717         51.981140
       -117.204361         51.995560
       -117.217865         52.000847
       -117.222778         52.002769
       -117.228668         52.010754
       -117.216782         52.023552
       -117.216049         52.028790
       -117.219749         52.035698
       -117.245918         52.043316
       -117.264252         52.045719
       -117.267197         52.052589
       -117.273354         52.058666
       -117.288727         52.065704
       -117.295532         52.072777
       -117.300888         52.094849
       -117.310806         52.135693
       -117.315804         52.188141
       -117.321564         52.190693
       -117.329163         52.163639
       -117.331123         52.156647
       -117.335480         52.151615
       -117.346237         52.148796
       -117.370293         52.147034
       -117.412422         52.151451
       -117.427780         52.150734
       -117.453384         52.146408
       -117.490967         52.143806
       -117.497292         52.151260
       -117.507294         52.154621
       -117.513069         52.156559
       -117.517708         52.153790
       -117.521126         52.146454
       -117.539497         52.141369
       -117.554359         52.130478
       -117.560669         52.128918
       -117.578163         52.135044
       -117.600754         52.139545
       -117.614761         52.153751
       -117.619919         52.165638
       -117.644485         52.183369
       -117.655083         52.191013
       -117.660286         52.198025
       -117.667984         52.199905
       -117.684807         52.197350
       -117.714539         52.189415
       -117.734253         52.188118
       -117.741028         52.201954
       -117.804947         52.225197
       -117.806435         52.225735
       -117.816338         52.234463
       -117.822395         52.249386
       -117.832588         52.255875
       -117.839218         52.266319
       -117.839310         52.275330
       -117.808693         52.290009
       -117.794685         52.294216
       -117.791443         52.305321
       -117.769501         52.318905
       -117.760513         52.319683
       -117.758347         52.319870
       -117.748192         52.317879
       -117.745399         52.330128
       -117.736168         52.344692
       -117.724213         52.353485
       -117.707565         52.354767
       -117.709435         52.366684
       -117.720024         52.372765
       -117.721909         52.380161
       -117.719757         52.388058
       -117.728218         52.392990
       -117.745682         52.398701
       -117.759857         52.407646
       -117.763580         52.409996
       -117.776543         52.410965
       -117.784637         52.409958
       -117.796516         52.406002
       -117.808174         52.408298
       -117.824265         52.416016
       -117.840584         52.417484
       -117.886581         52.427303
       -117.908264         52.435966
       -117.911758         52.444477
       -117.920296         52.449051
       -117.935562         52.451576
       -117.956413         52.460812
       -117.962006         52.466286
       -117.966476         52.480751
       -117.977425         52.484386
       -117.986572         52.498024
       -117.995598         52.498783
       -118.007256         52.492016
       -118.014725         52.482273
       -118.022423         52.465931
       -118.020859         52.455425
       -118.023674         52.451035
       -118.033287         52.456448
       -118.039124         52.459736
       -118.048149         52.460495
       -118.052696         52.455833
       -118.055054         52.445854
       -118.050865         52.442883
       -118.035309         52.439739
       -118.031197         52.436073
       -118.031876         52.430542
       -118.036034         52.424473
       -118.047081         52.413151
       -118.049690         52.401096
       -118.055931         52.396511
       -118.113541         52.399811
       -118.117485         52.400551
       -118.138008         52.404385
       -118.151390         52.401855
       -118.175110         52.384132
       -118.182198         52.372280
       -118.189995         52.368801
       -118.206551         52.368141
       -118.216324         52.372051
       -118.220230         52.377438
       -118.217842         52.388111
       -118.234993         52.406601
       -118.235390         52.413895
       -118.236435         52.433090
       -118.246094         52.447765
       -118.239983         52.451324
       -118.225052         52.452408
       -118.219460         52.461201
       -118.193466         52.473965
       -118.192284         52.479126
       -118.196114         52.485207
       -118.203766         52.487980
       -118.215424         52.490578
       -118.234734         52.491081
       -118.245743         52.494343
       -118.248596         52.496109
       -118.259026         52.502571
       -118.279778         52.534767
       -118.279091         52.545513
       -118.265877         52.556065
       -118.265266         52.561253
       -118.277802         52.571186
       -118.304527         52.574978
       -118.324936         52.580608
       -118.330986         52.588943
       -118.331047         52.589680
       -118.332230         52.605148
       -118.351715         52.612160
       -118.347351         52.622898
       -118.347038         52.632385
       -118.341827         52.636913
       -118.333618         52.640362
       -118.326355         52.649075
       -118.299431         52.652191
       -118.292603         52.657124
       -118.286392         52.676807
       -118.292343         52.686092
       -118.294136         52.686871
       -118.321373         52.698742
       -118.336288         52.711731
       -118.338699         52.724659
       -118.333984         52.731583
       -118.335716         52.736885
       -118.357376         52.745884
       -118.369644         52.754955
       -118.390198         52.760098
       -118.413116         52.771992
       -118.414970         52.775917
       -118.418159         52.782654
       -118.414597         52.800076
       -118.396393         52.822109
       -118.390800         52.836597
       -118.392731         52.847130
       -118.396927         52.851582
       -118.403069         52.852787
       -118.430000         52.850594
       -118.447075         52.852257
       -118.457207         52.859802
       -118.457909         52.865059
       -118.458473         52.869354
       -118.447487         52.883144
       -118.456406         52.894440
       -118.466606         52.901512
       -118.478386         52.901527
       -118.494400         52.898865
       -118.511963         52.903385
       -118.524948         52.899647
       -118.539330         52.904510
       -118.550224         52.905430
       -118.557426         52.904297
       -118.576050         52.885109
       -118.580788         52.883381
       -118.592422         52.879124
       -118.604721         52.881523
       -118.613373         52.888519
       -118.604248         52.907146
       -118.615616         52.918049
       -118.616661         52.922840
       -118.612511         52.938026
       -118.644547         52.951366
       -118.658279         52.962673
       -118.662575         52.973137
       -118.666725         52.983242
       -118.639420         52.998077
       -118.640083         53.004993
       -118.653282         53.034359
       -118.664719         53.040840
       -118.674767         53.040375
       -118.680359         53.035004
       -118.690453         53.034111
       -118.695107         53.037308
       -118.704994         53.051468
       -118.717300         53.054588
       -118.723076         53.056053
       -118.739258         53.058407
       -118.745644         53.052200
       -118.758377         53.046673
       -118.768387         53.046631
       -118.773438         53.052853
       -118.768410         53.079773
       -118.751297         53.085991
       -118.727936         53.116928
       -118.737358         53.122459
       -118.739006         53.122856
       -118.765266         53.129143
       -118.775360         53.135128
       -118.778900         53.142151
       -118.776924         53.147240
       -118.778053         53.156750
       -118.786201         53.160938
       -118.807053         53.166904
       -118.814262         53.173206
       -118.824074         53.175304
       -118.829628         53.183693
       -118.848808         53.185284
       -118.864098         53.196621
       -118.870911         53.204098
       -118.871811         53.205090
       -118.903679         53.208874
       -118.912651         53.212223
       -118.931946         53.233597
       -118.943825         53.236622
       -118.955345         53.236191
       -118.982864         53.240650
       -118.998398         53.236057
       -119.011200         53.230076
       -119.011581         53.219334
       -118.997993         53.210957
       -118.996742         53.210182
       -118.991104         53.202229
       -118.996216         53.194244
       -119.007217         53.184750
       -119.016640         53.169609
       -119.017860         53.157604
       -119.002235         53.149284
       -118.997147         53.143074
       -119.019844         53.131001
       -119.026955         53.124378
       -119.036957         53.131626
       -119.045418         53.143127
       -119.046394         53.144451
       -119.070732         53.158672
       -119.086891         53.161839
       -119.122604         53.162689
       -119.149994         53.189911
       -119.158646         53.189358
       -119.167946         53.184341
       -119.187279         53.184380
       -119.203239         53.185909
       -119.212357         53.188847
       -119.224602         53.192787
       -119.231209         53.191082
       -119.240669         53.176571
       -119.247246         53.175190
       -119.252289         53.178589
       -119.253044         53.193130
       -119.271843         53.221199
       -119.280624         53.230534
       -119.293640         53.251945
       -119.303101         53.260551
       -119.310966         53.267696
       -119.324547         53.272030
       -119.333214         53.277164
       -119.335762         53.284348
       -119.332062         53.289379
       -119.335114         53.296902
       -119.346619         53.300518
       -119.356537         53.309559
       -119.346672         53.322773
       -119.346992         53.330845
       -119.354294         53.339157
       -119.389183         53.359840
       -119.390045         53.360352
       -119.402702         53.363354
       -119.410233         53.363605
       -119.418709         53.359371
       -119.432541         53.355637
       -119.448303         53.354221
       -119.477852         53.361320
       -119.501389         53.363377
       -119.518723         53.368454
       -119.526367         53.367409
       -119.529938         53.363655
       -119.541916         53.362431
       -119.553688         53.363453
       -119.578537         53.374962
       -119.594086         53.382153
       -119.601616         53.382393
       -119.602974         53.379211
       -119.592796         53.366310
       -119.606667         53.361916
       -119.643509         53.365974
       -119.675774         53.366982
       -119.683578         53.382702
       -119.694405         53.388515
       -119.702957         53.389427
       -119.711250         53.387100
       -119.719452         53.387352
       -119.722008         53.387432
       -119.724937         53.399677
       -119.749168         53.418465
       -119.754951         53.425289
       -119.771957         53.459290
       -119.784966         53.470131
       -119.786789         53.476837
       -119.779358         53.484688
       -119.785110         53.491985
       -119.797195         53.494484
       -119.803902         53.495872
       -119.825584         53.508156
       -119.831306         53.515923
       -119.839973         53.517132
       -119.852463         53.501114
       -119.860535         53.499928
       -119.869438         53.503040
       -119.875381         53.508202
       -119.886436         53.509472
       -119.896309         53.515461
       -119.898361         53.519558
       -119.893829         53.530647
       -119.866585         53.539566
       -119.863960         53.544727
       -119.862526         53.547546
       -119.862404         53.557259
       -119.867226         53.564686
       -119.879654         53.570717
       -119.897591         53.584194
       -119.906784         53.596603
       -119.924324         53.606827
       -119.923149         53.612865
       -119.898232         53.617813
       -119.880638         53.616489
       -119.859024         53.606140
       -119.856819         53.606117
       -119.837257         53.605904
       -119.792809         53.600128
       -119.774757         53.588253
       -119.746887         53.587818
       -119.744438         53.592598
       -119.715462         53.612770
       -119.714439         53.616787
       -119.723389         53.623539
       -119.729378         53.632996
       -119.733582         53.639637
       -119.731514         53.655769
       -119.737892         53.660820
       -119.755226         53.665394
       -119.769432         53.674728
       -119.780106         53.685574
       -119.785400         53.695446
       -119.796425         53.702251
       -119.814194         53.701973
       -119.821541         53.695713
       -119.834541         53.695290
       -119.840942         53.700333
       -119.845375         53.707420
       -119.848167         53.711880
       -119.857048         53.711739
       -119.867531         53.708805
       -119.886147         53.706516
       -119.902420         53.707798
       -119.911522         53.713322
       -119.908295         53.719299
       -119.900574         53.721909
       -119.895340         53.727425
       -119.897461         53.734772
       -119.887741         53.745014
       -119.880608         53.756950
       -119.881477         53.771141
       -119.886566         53.775742
       -119.903969         53.777603
       -119.917732         53.779072
       -119.964752         53.780819
       -119.976280         53.790455
       -119.980927         53.800705
       -120.000000         53.804497
       -120.000000         53.804497
       -120.000000         53.831799
       -120.000000         53.915100
       -120.000000         53.998402
       -120.000000         54.081699
       -120.000000         54.165001
       -120.000000         54.248299
       -120.000000         54.331600
       -120.000000         54.414902
       -120.000000         54.498199
       -120.000000         54.581501
       -120.000000         54.664799
       -120.000000         54.748100
       -120.000000         54.831402
       -120.000000         54.914700
       -120.000000         54.998001
       -120.000000         55.000000
       -120.000000         55.083302
       -120.000000         55.166599
       -120.000000         55.249901
       -120.000000         55.333199
       -120.000000         55.416500
       -120.000000         55.499802
       -120.000000         55.583099
       -120.000000         55.666401
       -120.000000         55.749699
       -120.000000         55.833000
       -120.000000         55.916302
       -120.000000         56.000000
       -120.000000         56.082901
       -120.000000         56.099998
       -120.000000         56.166199
       -120.000000         56.200001
       -120.000000         56.249500
       -120.000000         56.299999
       -120.000000         56.332802
       -120.000000         56.400002
       -120.000000         56.416100
       -120.000000         56.499401
       -120.000000         56.500000
       -120.000000         56.582699
       -120.000000         56.599998
       -120.000000         56.666000
       -120.000000         56.700001
       -120.000000         56.749298
       -120.000000         56.799999
       -120.000000         56.832600
       -120.000000         56.900002
       -120.000000         56.915901
       -120.000000         56.999199
       -120.000000         57.000000
       -120.000000         57.082500
       -120.000000         57.099998
       -120.000000         57.165798
       -120.000000         57.200001
       -120.000000         57.249100
       -120.000000         57.299999
       -120.000000         57.332401
       -120.000000         57.400002
       -120.000000         57.415699
       -120.000000         57.499001
       -120.000000         57.500000
       -120.000000         57.582298
       -120.000000         57.599998
       -120.000000         57.665600
       -120.000000         57.700001
       -120.000000         57.748901
       -120.000000         57.799999
       -120.000000         57.832199
       -120.000000         57.900002
       -120.000000         57.915501
       -120.000000         57.998798
       -120.000000         58.000000
       -120.000000         58.082100
       -120.000000         58.099998
       -120.000000         58.165401
       -120.000000         58.200001
       -120.000000         58.248699
       -120.000000         58.299999
       -120.000000         58.332001
       -120.000000         58.400002
       -120.000000         58.415298
       -120.000000         58.498600
       -120.000000         58.500000
       -120.000000         58.581902
       -120.000000         58.599998
       -120.000000         58.665199
       -120.000000         58.700001
       -120.000000         58.748501
       -120.000000         58.799999
       -120.000000         58.831799
       -120.000000         58.900002
       -120.000000         58.915100
       -120.000000         58.998402
       -120.000000         59.000000
       -120.000000         59.081699
       -120.000000         59.099998
       -120.000000         59.165001
       -120.000000         59.200001
       -120.000000         59.248299
       -120.000000         59.299999
       -120.000000         59.331600
       -120.000000         59.400002
       -120.000000         59.414902
       -120.000000         59.498199
       -120.000000         59.500000
       -120.000000         59.581501
       -120.000000         59.599998
       -120.000000         59.664799
       -120.000000         59.700001
       -120.000000         59.748100
       -120.000000         59.799999
       -120.000000         59.831402
       -120.000000         59.900002
       -120.000000         59.914700
       -120.000000         59.998001
       -120.000000         60.000351
       -119.988518         60.000000
       -119.916702         60.000328
       -119.833397         60.000271
       -119.750099         60.000214
       -119.666801         60.000160
       -119.583504         60.000103
       -119.558830         60.000088
       -119.500198         60.000206
       -119.416901         60.000000
       -119.333603         60.000000
       -119.250298         60.000000
       -119.167000         60.000000
       -119.083702         60.000393
       -119.000397         60.000305
       -118.917099         60.000221
       -118.833801         60.000134
       -118.799156         60.000099
       -118.750504         60.000088
       -118.667198         60.000072
       -118.583900         60.000053
       -118.500603         60.000038
       -118.417297         60.000019
       -118.334000         60.000004
       -118.250702         59.999985
       -118.167397         59.999969
       -118.083611         59.999950
       -118.000801         60.000099
       -117.917503         60.000248
       -117.834198         60.000000
       -117.750900         60.000000
       -117.667603         60.000000
       -117.584297         60.000000
       -117.500999         60.000000
       -117.417702         60.000000
       -117.334396         60.000000
       -117.251099         60.000000
       -117.167801         60.000000
       -117.084503         60.000000
       -117.001198         60.000000
       -116.917900         60.000000
       -116.834602         60.000000
       -116.751297         60.000000
       -116.667999         60.000000
       -116.584702         60.000000
       -116.501404         60.000000
       -116.418098         60.000000
       -116.334801         60.000000
       -116.251503         60.000000
       -116.168198         60.000000
       -116.084900         60.000000
       -116.001602         60.000000
       -115.918297         60.000000
       -115.834999         60.000000
       -115.751701         60.000000
       -115.668404         60.000000
       -115.585098         60.000000
       -115.501801         60.000000
       -115.418503         60.000000
       -115.335197         60.000000
       -115.251900         60.000000
       -115.168602         60.000000
       -115.085297         60.000000
       -115.008820         60.000000
       -115.001999         60.000000
       -115.000000         60.000000
       -114.916702         60.000000
       -114.833397         60.000000
       -114.750099         60.000000
       -114.666801         60.000000
       -114.583504         60.000000
       -114.500198         60.000000
       -114.416901         60.000000
       -114.333603         60.000000
       -114.250298         60.000000
       -114.167000         60.000000
       -114.083702         60.000000
       -114.000397         60.000000
       -113.917099         60.000000
       -113.833801         60.000000
       -113.750504         60.000000
       -113.667198         60.000000
       -113.583900         60.000000
       -113.500603         60.000000
       -113.417297         60.000000
       -113.334000         60.000000
       -113.250702         60.000000
       -113.167397         60.000000
       -113.084099         60.000000
       -113.000801         60.000000
       -112.917503         60.000000
       -112.834198         60.000000
       -112.750900         60.000000
       -112.667603         60.000000
       -112.584297         60.000000
       -112.500999         60.000000
       -112.417702         60.000000
       -112.334396         60.000000
       -112.251099         60.000000
       -112.167801         60.000000
       -112.084503         60.000000
       -112.001198         60.000275
       -111.917900         60.000145
       -111.834602         60.000019
       -111.751297         59.999889
       -111.667999         59.999763
       -111.609367         59.999672
       -111.501404         60.000000
       -111.418098         60.000122
       -111.334801         60.000244
       -111.251503         60.000366
       -111.168198         60.000000
       -111.084900         60.000000
       -111.001602         60.000000
       -110.918297         60.000000
       -110.834999         60.000000
       -110.751701         60.000000
       -110.668404         60.000000
       -110.585098         60.000000
       -110.501801         60.000000
       -110.418503         60.000000
       -110.335197         60.000000
       -110.251900         60.000000
       -110.168602         60.000000
       -110.085297         60.000000
       -110.001999         60.000000
       -110.000000         60.000000
       -110.000000         59.998001
       -110.000000         59.914700
       -110.000000         59.831402
       -110.000000         59.748100
       -110.000000         59.664799
       -110.000000         59.581501
       -110.000000         59.498199
       -110.000000         59.414902
       -110.000000         59.331600
       -110.000000         59.248299
       -110.000000         59.165001
       -110.000000         59.081699
       -110.000000         58.998402
       -110.000000         58.915100
       -110.000000         58.831799
       -110.000000         58.748501
       -110.000000         58.665199
       -110.000000         58.581902
       -110.000000         58.498600
       -110.000000         58.415298
       -110.000000         58.332001
       -110.000000         58.248699
       -110.000000         58.165401
       -110.000000         58.082100
       -110.000000         57.998798
       -110.000000         57.915501
       -110.000000         57.832199
       -110.000000         57.748901
       -110.000000         57.665600
       -110.000000         57.582298
       -110.000000         57.499001
       -110.000000         57.415699
       -110.000000         57.332401
       -110.000000         57.249100
       -110.000000         57.165798
       -110.000000         57.082500
       -110.000000         56.999199
       -110.000000         56.915901
       -110.000000         56.832600
       -110.000000         56.749298
       -110.000000         56.666000
       -110.000000         56.582699
       -110.000000         56.499401
       -110.000000         56.416100
       -110.000000         56.332802
       -110.000000         56.249500
       -110.000000         56.166199
       -110.000000         56.082901
       -110.000000         55.999599
       -110.000000         55.955246
       -110.000000         55.916302
       -110.000000         55.832996
       -110.000374         55.819103
       -110.000000         55.749699
       -110.000000         55.693813
       -109.999786         55.666401
       -110.000000         55.583099
       -110.000000         55.499802
       -110.000000         55.416500
       -110.000000         55.333199
       -110.000000         55.249901
       -110.000000         55.166599
       -110.000000         55.083302
       -110.000000         55.000000
       -110.000000         54.998001
       -110.000000         54.914700
       -110.000000         54.831402
       -110.000000         54.748100
       -110.000000         54.664799
       -110.000000         54.581501
       -110.000000         54.498199
       -110.000000         54.414902
       -110.000000         54.331600
       -110.000000         54.248299
       -110.000000         54.165001
       -110.000000         54.081699
       -110.000000         53.998402
       -110.000000         53.915100
       -110.000000         53.831799
       -110.000000         53.748501
       -110.000000         53.665199
       -110.000000         53.581902
       -110.000000         53.498600
       -110.000000         53.415298
       -110.000000         53.332001
       -110.000000         53.248699
       -110.000000         53.165401
       -110.000000         53.082100
       -110.000000         52.998798
       -110.000000         52.915501
       -110.000000         52.832199
       -110.000000         52.748901
       -110.000000         52.665600
       -110.000000         52.582298
       -110.000000         52.499001
       -110.000000         52.415699
       -110.000000         52.332401
       -110.000000         52.249100
       -110.000000         52.165798
       -110.000000         52.082500
       -110.000000         51.999199
       -110.000000         51.915901
       -110.000000         51.832600
       -110.000000         51.749298
       -110.000000         51.666000
       -110.000000         51.582699
       -110.000000         51.499401
       -110.000000         51.416100
       -110.000000         51.332802
       -110.000000         51.249500
       -110.000000         51.166199
       -110.000000         51.082901
       -110.000000         50.999599
       -110.000000         50.916302
       -110.000000         50.833000
       -110.000000         50.749699
       -110.000000         50.666401
       -110.000000         50.583099
       -110.000000         50.499802
       -110.000000         50.416500
       -110.000000         50.333199
       -110.000000         50.249901
       -110.000000         50.166599
       -110.000000         50.083302
       -110.000000         50.000000
       -110.000000         49.998001
       -110.000000         49.914700
       -110.000000         49.831402
       -110.000000         49.748100
       -110.000000         49.664799
       -110.000000         49.581501
       -110.000000         49.498199
       -110.000000         49.414902
       -110.000000         49.331600
       -110.000000         49.248299
       -110.000000         49.165001
       -110.000000         49.081699
       -110.000000         48.998402
       -110.000000         48.996567
END
END
