american_samoa
1
    -0.1710791E+03    -0.1105704E+02
    -0.1710884E+03    -0.1105183E+02
    -0.1710729E+03    -0.1104970E+02
    -0.1710651E+03    -0.1105051E+02
    -0.1710609E+03    -0.1105321E+02
    -0.1710594E+03    -0.1105687E+02
    -0.1710617E+03    -0.1106036E+02
    -0.1710675E+03    -0.1106251E+02
    -0.1710749E+03    -0.1106860E+02
    -0.1710789E+03    -0.1107049E+02
    -0.1710840E+03    -0.1106987E+02
    -0.1710918E+03    -0.1105986E+02
    -0.1710919E+03    -0.1105641E+02
    -0.1710884E+03    -0.1105183E+02
END
2
    -0.1705561E+03    -0.1428792E+02
    -0.1705632E+03    -0.1429090E+02
    -0.1705635E+03    -0.1428814E+02
    -0.1705588E+03    -0.1428309E+02
    -0.1705536E+03    -0.1428309E+02
    -0.1705493E+03    -0.1428654E+02
    -0.1705484E+03    -0.1428930E+02
    -0.1705524E+03    -0.1429367E+02
    -0.1705547E+03    -0.1429413E+02
    -0.1705573E+03    -0.1429137E+02
    -0.1705632E+03    -0.1429090E+02
END
3
    -0.1707170E+03    -0.1430102E+02
    -0.1705670E+03    -0.1425181E+02
    -0.1705635E+03    -0.1425227E+02
    -0.1705656E+03    -0.1425733E+02
    -0.1705635E+03    -0.1426515E+02
    -0.1705642E+03    -0.1427089E+02
    -0.1705687E+03    -0.1427687E+02
    -0.1705736E+03    -0.1427710E+02
    -0.1705786E+03    -0.1428330E+02
    -0.1705812E+03    -0.1428307E+02
    -0.1705831E+03    -0.1428031E+02
    -0.1705885E+03    -0.1427962E+02
    -0.1705944E+03    -0.1429042E+02
    -0.1706025E+03    -0.1428812E+02
    -0.1706055E+03    -0.1429042E+02
    -0.1706067E+03    -0.1428168E+02
    -0.1706119E+03    -0.1427707E+02
    -0.1706223E+03    -0.1427684E+02
    -0.1706322E+03    -0.1429017E+02
    -0.1706369E+03    -0.1428763E+02
    -0.1706373E+03    -0.1428822E+02
    -0.1706412E+03    -0.1429384E+02
    -0.1706464E+03    -0.1429268E+02
    -0.1706549E+03    -0.1429843E+02
    -0.1706594E+03    -0.1429888E+02
    -0.1706674E+03    -0.1429175E+02
    -0.1706646E+03    -0.1428531E+02
    -0.1706688E+03    -0.1427542E+02
    -0.1706783E+03    -0.1427403E+02
    -0.1706863E+03    -0.1427816E+02
    -0.1706941E+03    -0.1427792E+02
    -0.1706953E+03    -0.1428183E+02
    -0.1706877E+03    -0.1428414E+02
    -0.1706797E+03    -0.1429196E+02
    -0.1706785E+03    -0.1429657E+02
    -0.1706809E+03    -0.1430139E+02
    -0.1706886E+03    -0.1431210E+02
    -0.1706892E+03    -0.1431288E+02
    -0.1707045E+03    -0.1432597E+02
    -0.1707097E+03    -0.1432551E+02
    -0.1707161E+03    -0.1432941E+02
    -0.1707239E+03    -0.1434251E+02
    -0.1707270E+03    -0.1435286E+02
    -0.1707407E+03    -0.1437009E+02
    -0.1707459E+03    -0.1437123E+02
    -0.1707490E+03    -0.1436778E+02
    -0.1707533E+03    -0.1436708E+02
    -0.1707563E+03    -0.1436961E+02
    -0.1707570E+03    -0.1437582E+02
    -0.1707618E+03    -0.1438248E+02
    -0.1707646E+03    -0.1437971E+02
    -0.1707628E+03    -0.1437050E+02
    -0.1707622E+03    -0.1436799E+02
    -0.1707719E+03    -0.1437166E+02
    -0.1707852E+03    -0.1436589E+02
    -0.1707892E+03    -0.1436175E+02
    -0.1707941E+03    -0.1433943E+02
    -0.1708040E+03    -0.1433896E+02
    -0.1708087E+03    -0.1433366E+02
    -0.1708120E+03    -0.1433435E+02
    -0.1708151E+03    -0.1433941E+02
    -0.1708182E+03    -0.1434009E+02
    -0.1708361E+03    -0.1433408E+02
    -0.1708409E+03    -0.1433132E+02
    -0.1708413E+03    -0.1432902E+02
    -0.1708406E+03    -0.1432511E+02
    -0.1708347E+03    -0.1431638E+02
    -0.1708236E+03    -0.1430812E+02
    -0.1708181E+03    -0.1430997E+02
    -0.1708134E+03    -0.1430652E+02
    -0.1708117E+03    -0.1429871E+02
    -0.1707985E+03    -0.1429321E+02
    -0.1707935E+03    -0.1429390E+02
    -0.1707919E+03    -0.1429643E+02
    -0.1707824E+03    -0.1429369E+02
    -0.1707801E+03    -0.1429668E+02
    -0.1707758E+03    -0.1429761E+02
    -0.1707628E+03    -0.1429256E+02
    -0.1707536E+03    -0.1430108E+02
    -0.1707435E+03    -0.1429742E+02
    -0.1707381E+03    -0.1429273E+02
    -0.1707343E+03    -0.1428938E+02
    -0.1707302E+03    -0.1428800E+02
    -0.1707265E+03    -0.1428916E+02
    -0.1707255E+03    -0.1429100E+02
    -0.1707234E+03    -0.1429008E+02
    -0.1707248E+03    -0.1428203E+02
    -0.1707194E+03    -0.1427859E+02
    -0.1707087E+03    -0.1426710E+02
    -0.1706985E+03    -0.1425975E+02
    -0.1706877E+03    -0.1425539E+02
    -0.1706773E+03    -0.1424850E+02
    -0.1706709E+03    -0.1423747E+02
    -0.1706678E+03    -0.1423747E+02
    -0.1706690E+03    -0.1424552E+02
    -0.1706716E+03    -0.1424966E+02
    -0.1706726E+03    -0.1425518E+02
    -0.1706643E+03    -0.1425196E+02
    -0.1706603E+03    -0.1425496E+02
    -0.1706537E+03    -0.1425404E+02
    -0.1706558E+03    -0.1425910E+02
    -0.1706523E+03    -0.1426002E+02
    -0.1706478E+03    -0.1425382E+02
    -0.1706452E+03    -0.1425474E+02
    -0.1706416E+03    -0.1425198E+02
    -0.1706230E+03    -0.1425430E+02
    -0.1706237E+03    -0.1426005E+02
    -0.1706293E+03    -0.1426073E+02
    -0.1706298E+03    -0.1426395E+02
    -0.1706251E+03    -0.1426511E+02
    -0.1706133E+03    -0.1425683E+02
    -0.1706098E+03    -0.1426075E+02
    -0.1705975E+03    -0.1426145E+02
    -0.1705869E+03    -0.1426628E+02
    -0.1705847E+03    -0.1426237E+02
    -0.1705861E+03    -0.1425869E+02
    -0.1705845E+03    -0.1425662E+02
    -0.1705807E+03    -0.1425617E+02
    -0.1705793E+03    -0.1425180E+02
    -0.1705724E+03    -0.1425571E+02
    -0.1705670E+03    -0.1425181E+02
END
4
    -0.1696187E+03    -0.1417591E+02
    -0.1696278E+03    -0.1417533E+02
    -0.1696285E+03    -0.1417258E+02
    -0.1696207E+03    -0.1416956E+02
    -0.1696141E+03    -0.1416150E+02
    -0.1696101E+03    -0.1416424E+02
    -0.1696101E+03    -0.1417689E+02
    -0.1696051E+03    -0.1418355E+02
    -0.1696070E+03    -0.1419321E+02
    -0.1696098E+03    -0.1419437E+02
    -0.1696141E+03    -0.1418610E+02
    -0.1696219E+03    -0.1418222E+02
    -0.1696278E+03    -0.1417533E+02
END
5
    -0.1696597E+03    -0.1417552E+02
    -0.1696734E+03    -0.1416212E+02
    -0.1696594E+03    -0.1416852E+02
    -0.1696325E+03    -0.1417144E+02
    -0.1696320E+03    -0.1417443E+02
    -0.1696420E+03    -0.1417537E+02
    -0.1696700E+03    -0.1419270E+02
    -0.1696740E+03    -0.1418949E+02
    -0.1696767E+03    -0.1417661E+02
    -0.1696816E+03    -0.1416490E+02
    -0.1696734E+03    -0.1416212E+02
END
6
    -0.1694687E+03    -0.1424255E+02
    -0.1694467E+03    -0.1425734E+02
    -0.1694542E+03    -0.1425575E+02
    -0.1694622E+03    -0.1425716E+02
    -0.1694705E+03    -0.1426110E+02
    -0.1694771E+03    -0.1426802E+02
    -0.1694794E+03    -0.1427276E+02
    -0.1694809E+03    -0.1427562E+02
    -0.1694846E+03    -0.1427747E+02
    -0.1694905E+03    -0.1427519E+02
    -0.1694965E+03    -0.1427061E+02
    -0.1694969E+03    -0.1426394E+02
    -0.1695005E+03    -0.1425936E+02
    -0.1695036E+03    -0.1424879E+02
    -0.1695140E+03    -0.1424284E+02
    -0.1695185E+03    -0.1423711E+02
    -0.1695207E+03    -0.1423067E+02
    -0.1695098E+03    -0.1422581E+02
    -0.1695072E+03    -0.1421982E+02
    -0.1695030E+03    -0.1421820E+02
    -0.1694926E+03    -0.1422529E+02
    -0.1694763E+03    -0.1421995E+02
    -0.1694716E+03    -0.1422138E+02
    -0.1694680E+03    -0.1422245E+02
    -0.1694596E+03    -0.1421530E+02
    -0.1694529E+03    -0.1421849E+02
    -0.1694447E+03    -0.1421961E+02
    -0.1694371E+03    -0.1421890E+02
    -0.1694300E+03    -0.1421634E+02
    -0.1694241E+03    -0.1421747E+02
    -0.1694161E+03    -0.1422503E+02
    -0.1694233E+03    -0.1424185E+02
    -0.1694214E+03    -0.1424920E+02
    -0.1694212E+03    -0.1425909E+02
    -0.1694252E+03    -0.1426393E+02
    -0.1694285E+03    -0.1426532E+02
    -0.1694367E+03    -0.1426006E+02
    -0.1694467E+03    -0.1425734E+02
END
END
