antigua
1
    -0.6178605E+02     0.1764820E+02
    -0.6185922E+02     0.1769512E+02
    -0.6186323E+02     0.1771483E+02
    -0.6186048E+02     0.1771842E+02
    -0.6185363E+02     0.1772259E+02
    -0.6185199E+02     0.1772897E+02
    -0.6184287E+02     0.1772939E+02
    -0.6182736E+02     0.1771217E+02
    -0.6182374E+02     0.1770540E+02
    -0.6182461E+02     0.1770061E+02
    -0.6183255E+02     0.1769969E+02
    -0.6183160E+02     0.1770701E+02
    -0.6183475E+02     0.1771353E+02
    -0.6183731E+02     0.1770075E+02
    -0.6183365E+02     0.1769340E+02
    -0.6183325E+02     0.1769260E+02
    -0.6182927E+02     0.1768972E+02
    -0.6181947E+02     0.1768875E+02
    -0.6181368E+02     0.1768995E+02
    -0.6180921E+02     0.1769510E+02
    -0.6181033E+02     0.1769743E+02
    -0.6181466E+02     0.1769687E+02
    -0.6182100E+02     0.1769338E+02
    -0.6182507E+02     0.1769350E+02
    -0.6182450E+02     0.1769647E+02
    -0.6182014E+02     0.1769795E+02
    -0.6181788E+02     0.1770110E+02
    -0.6181771E+02     0.1770637E+02
    -0.6181627E+02     0.1770679E+02
    -0.6181234E+02     0.1770208E+02
    -0.6180900E+02     0.1770152E+02
    -0.6179953E+02     0.1770538E+02
    -0.6179692E+02     0.1770461E+02
    -0.6178693E+02     0.1769467E+02
    -0.6177711E+02     0.1767968E+02
    -0.6176867E+02     0.1767409E+02
    -0.6176514E+02     0.1767175E+02
    -0.6175625E+02     0.1765747E+02
    -0.6174466E+02     0.1764542E+02
    -0.6173932E+02     0.1763263E+02
    -0.6173376E+02     0.1760468E+02
    -0.6173766E+02     0.1758023E+02
    -0.6173597E+02     0.1757329E+02
    -0.6174057E+02     0.1756401E+02
    -0.6173919E+02     0.1755948E+02
    -0.6173733E+02     0.1755336E+02
    -0.6173408E+02     0.1755005E+02
    -0.6173370E+02     0.1754705E+02
    -0.6173569E+02     0.1754481E+02
    -0.6174095E+02     0.1754497E+02
    -0.6175140E+02     0.1755516E+02
    -0.6175666E+02     0.1755531E+02
    -0.6176128E+02     0.1755316E+02
    -0.6176699E+02     0.1754690E+02
    -0.6177009E+02     0.1754722E+02
    -0.6177153E+02     0.1755461E+02
    -0.6177798E+02     0.1756996E+02
    -0.6178313E+02     0.1757355E+02
    -0.6179623E+02     0.1757601E+02
    -0.6181873E+02     0.1759005E+02
    -0.6183216E+02     0.1759842E+02
    -0.6183645E+02     0.1759901E+02
    -0.6184032E+02     0.1759775E+02
    -0.6185505E+02     0.1758647E+02
    -0.6186011E+02     0.1758547E+02
    -0.6186314E+02     0.1758809E+02
    -0.6186506E+02     0.1759549E+02
    -0.6186417E+02     0.1760120E+02
    -0.6185545E+02     0.1761932E+02
    -0.6185762E+02     0.1764923E+02
    -0.6186144E+02     0.1766120E+02
    -0.6186220E+02     0.1766360E+02
    -0.6186750E+02     0.1767041E+02
    -0.6187196E+02     0.1768110E+02
    -0.6188173E+02     0.1769057E+02
    -0.6188491E+02     0.1769595E+02
    -0.6188549E+02     0.1770056E+02
    -0.6188019E+02     0.1770890E+02
    -0.6187202E+02     0.1771738E+02
    -0.6186842E+02     0.1771751E+02
    -0.6186702E+02     0.1771609E+02
    -0.6186693E+02     0.1771149E+02
    -0.6186305E+02     0.1770248E+02
    -0.6186564E+02     0.1769471E+02
    -0.6186218E+02     0.1768115E+02
    -0.6187089E+02     0.1769526E+02
    -0.6187181E+02     0.1769676E+02
    -0.6187166E+02     0.1770161E+02
    -0.6186917E+02     0.1770603E+02
    -0.6187184E+02     0.1770797E+02
    -0.6187589E+02     0.1770361E+02
    -0.6187688E+02     0.1769691E+02
    -0.6186623E+02     0.1768048E+02
    -0.6185970E+02     0.1766697E+02
    -0.6185339E+02     0.1766196E+02
    -0.6185147E+02     0.1765433E+02
    -0.6184969E+02     0.1762718E+02
    -0.6185153E+02     0.1761282E+02
    -0.6184849E+02     0.1761049E+02
    -0.6184532E+02     0.1761216E+02
    -0.6183588E+02     0.1761713E+02
    -0.6183375E+02     0.1762373E+02
    -0.6183701E+02     0.1763439E+02
    -0.6183264E+02     0.1764367E+02
    -0.6183208E+02     0.1765376E+02
    -0.6182675E+02     0.1764809E+02
    -0.6182398E+02     0.1765237E+02
    -0.6182792E+02     0.1765662E+02
    -0.6183264E+02     0.1766640E+02
    -0.6183070E+02     0.1767461E+02
    -0.6183093E+02     0.1768265E+02
    -0.6183719E+02     0.1768927E+02
    -0.6184330E+02     0.1769312E+02
    -0.6184514E+02     0.1768789E+02
    -0.6184945E+02     0.1768802E+02
    -0.6185288E+02     0.1769340E+02
    -0.6185909E+02     0.1769404E+02
    -0.6185922E+02     0.1769512E+02
END
2
    -0.6178423E+02     0.1705268E+02
    -0.6171394E+02     0.1707012E+02
    -0.6170850E+02     0.1706858E+02
    -0.6170118E+02     0.1707340E+02
    -0.6169308E+02     0.1706558E+02
    -0.6168706E+02     0.1706724E+02
    -0.6168476E+02     0.1707176E+02
    -0.6167959E+02     0.1706931E+02
    -0.6167736E+02     0.1706442E+02
    -0.6167331E+02     0.1706429E+02
    -0.6167242E+02     0.1706220E+02
    -0.6167319E+02     0.1706039E+02
    -0.6167656E+02     0.1705957E+02
    -0.6167781E+02     0.1705778E+02
    -0.6167439E+02     0.1704574E+02
    -0.6167738E+02     0.1704193E+02
    -0.6168089E+02     0.1704410E+02
    -0.6169016E+02     0.1703795E+02
    -0.6168764E+02     0.1703466E+02
    -0.6169326E+02     0.1703070E+02
    -0.6171111E+02     0.1703108E+02
    -0.6171782E+02     0.1703122E+02
    -0.6172490E+02     0.1703373E+02
    -0.6173113E+02     0.1704034E+02
    -0.6173398E+02     0.1704089E+02
    -0.6174097E+02     0.1703880E+02
    -0.6174178E+02     0.1703584E+02
    -0.6173136E+02     0.1701855E+02
    -0.6173149E+02     0.1701442E+02
    -0.6173779E+02     0.1701139E+02
    -0.6173240E+02     0.1700825E+02
    -0.6173039E+02     0.1700406E+02
    -0.6173342E+02     0.1699887E+02
    -0.6173698E+02     0.1699944E+02
    -0.6174016E+02     0.1700458E+02
    -0.6174300E+02     0.1700535E+02
    -0.6174414E+02     0.1699942E+02
    -0.6174685E+02     0.1699698E+02
    -0.6175567E+02     0.1699701E+02
    -0.6176081E+02     0.1700061E+02
    -0.6176414E+02     0.1700641E+02
    -0.6176510E+02     0.1700809E+02
    -0.6176653E+02     0.1700813E+02
    -0.6177027E+02     0.1700319E+02
    -0.6177478E+02     0.1700378E+02
    -0.6177819E+02     0.1700939E+02
    -0.6177536E+02     0.1701551E+02
    -0.6177852E+02     0.1702134E+02
    -0.6178551E+02     0.1701902E+02
    -0.6178880E+02     0.1701315E+02
    -0.6178633E+02     0.1700849E+02
    -0.6178686E+02     0.1700667E+02
    -0.6179094E+02     0.1700610E+02
    -0.6180145E+02     0.1701330E+02
    -0.6180547E+02     0.1701434E+02
    -0.6180884E+02     0.1701352E+02
    -0.6181474E+02     0.1700796E+02
    -0.6182048E+02     0.1700767E+02
    -0.6182846E+02     0.1700423E+02
    -0.6183316E+02     0.1700644E+02
    -0.6183722E+02     0.1701413E+02
    -0.6184415E+02     0.1701365E+02
    -0.6184933E+02     0.1701655E+02
    -0.6184978E+02     0.1701680E+02
    -0.6185931E+02     0.1701754E+02
    -0.6186943E+02     0.1702197E+02
    -0.6188750E+02     0.1702387E+02
    -0.6189148E+02     0.1702674E+02
    -0.6189661E+02     0.1703814E+02
    -0.6189819E+02     0.1704851E+02
    -0.6189708E+02     0.1705376E+02
    -0.6189222E+02     0.1705637E+02
    -0.6189061E+02     0.1706206E+02
    -0.6189178E+02     0.1707059E+02
    -0.6189626E+02     0.1707233E+02
    -0.6189417E+02     0.1707800E+02
    -0.6190087E+02     0.1707774E+02
    -0.6190440E+02     0.1707945E+02
    -0.6190643E+02     0.1708318E+02
    -0.6190489E+02     0.1708658E+02
    -0.6189826E+02     0.1708825E+02
    -0.6189430E+02     0.1708925E+02
    -0.6188527E+02     0.1708784E+02
    -0.6188308E+02     0.1708915E+02
    -0.6187962E+02     0.1709295E+02
    -0.6187525E+02     0.1710292E+02
    -0.6187704E+02     0.1710665E+02
    -0.6188304E+02     0.1710568E+02
    -0.6189524E+02     0.1710240E+02
    -0.6190022E+02     0.1709861E+02
    -0.6190354E+02     0.1709916E+02
    -0.6190501E+02     0.1710586E+02
    -0.6189909E+02     0.1711946E+02
    -0.6189251E+02     0.1712386E+02
    -0.6188656E+02     0.1713057E+02
    -0.6188248E+02     0.1713137E+02
    -0.6187494E+02     0.1712793E+02
    -0.6186800E+02     0.1712107E+02
    -0.6186402E+02     0.1712191E+02
    -0.6186319E+02     0.1712208E+02
    -0.6185564E+02     0.1711910E+02
    -0.6184827E+02     0.1711820E+02
    -0.6185001E+02     0.1712330E+02
    -0.6185638E+02     0.1712578E+02
    -0.6185189E+02     0.1713208E+02
    -0.6185450E+02     0.1713261E+02
    -0.6185648E+02     0.1713037E+02
    -0.6186031E+02     0.1713003E+02
    -0.6186316E+02     0.1713057E+02
    -0.6186404E+02     0.1713289E+02
    -0.6186290E+02     0.1713906E+02
    -0.6185593E+02     0.1715561E+02
    -0.6185018E+02     0.1716370E+02
    -0.6183601E+02     0.1717361E+02
    -0.6183071E+02     0.1717506E+02
    -0.6182010E+02     0.1717062E+02
    -0.6181064E+02     0.1717143E+02
    -0.6180429E+02     0.1717198E+02
    -0.6179132E+02     0.1715920E+02
    -0.6178643E+02     0.1714758E+02
    -0.6177751E+02     0.1714295E+02
    -0.6177451E+02     0.1713942E+02
    -0.6177634E+02     0.1713465E+02
    -0.6178012E+02     0.1713592E+02
    -0.6178450E+02     0.1713329E+02
    -0.6178608E+02     0.1712875E+02
    -0.6178555E+02     0.1712299E+02
    -0.6178389E+02     0.1712249E+02
    -0.6177952E+02     0.1712488E+02
    -0.6177630E+02     0.1712088E+02
    -0.6177816E+02     0.1711497E+02
    -0.6176174E+02     0.1711333E+02
    -0.6175998E+02     0.1711603E+02
    -0.6176196E+02     0.1712137E+02
    -0.6176136E+02     0.1712502E+02
    -0.6175697E+02     0.1712718E+02
    -0.6175651E+02     0.1712741E+02
    -0.6175363E+02     0.1713535E+02
    -0.6175069E+02     0.1713756E+02
    -0.6174905E+02     0.1713659E+02
    -0.6174821E+02     0.1713312E+02
    -0.6175235E+02     0.1712292E+02
    -0.6175222E+02     0.1711970E+02
    -0.6174994E+02     0.1711642E+02
    -0.6174850E+02     0.1711638E+02
    -0.6174525E+02     0.1712110E+02
    -0.6173972E+02     0.1712208E+02
    -0.6173627E+02     0.1712565E+02
    -0.6172957E+02     0.1712591E+02
    -0.6172460E+02     0.1713195E+02
    -0.6172130E+02     0.1713070E+02
    -0.6171926E+02     0.1712720E+02
    -0.6172760E+02     0.1712057E+02
    -0.6174201E+02     0.1711779E+02
    -0.6174450E+02     0.1711465E+02
    -0.6174436E+02     0.1711166E+02
    -0.6173918E+02     0.1710944E+02
    -0.6173319E+02     0.1710995E+02
    -0.6172974E+02     0.1710571E+02
    -0.6173079E+02     0.1710271E+02
    -0.6173290E+02     0.1709663E+02
    -0.6173136E+02     0.1709268E+02
    -0.6171820E+02     0.1710077E+02
    -0.6171562E+02     0.1709932E+02
    -0.6171602E+02     0.1709451E+02
    -0.6170521E+02     0.1709648E+02
    -0.6170314E+02     0.1710147E+02
    -0.6170046E+02     0.1710299E+02
    -0.6169720E+02     0.1710037E+02
    -0.6168306E+02     0.1710200E+02
    -0.6167963E+02     0.1709754E+02
    -0.6168481E+02     0.1709242E+02
    -0.6168297E+02     0.1709007E+02
    -0.6168425E+02     0.1708758E+02
    -0.6169472E+02     0.1708859E+02
    -0.6169587E+02     0.1708265E+02
    -0.6170974E+02     0.1707435E+02
    -0.6171394E+02     0.1707012E+02
END
3
    -0.6175429E+02     0.1715698E+02
    -0.6175837E+02     0.1715156E+02
    -0.6176194E+02     0.1715190E+02
    -0.6176099E+02     0.1715899E+02
    -0.6175805E+02     0.1716142E+02
    -0.6174807E+02     0.1715974E+02
    -0.6174695E+02     0.1715742E+02
    -0.6174846E+02     0.1715494E+02
    -0.6175214E+02     0.1715206E+02
    -0.6175610E+02     0.1715516E+02
    -0.6175837E+02     0.1715156E+02
END
4
    -0.6166588E+02     0.1707004E+02
    -0.6166439E+02     0.1706678E+02
    -0.6166671E+02     0.1706891E+02
    -0.6167009E+02     0.1706787E+02
    -0.6167327E+02     0.1707278E+02
    -0.6166137E+02     0.1707150E+02
    -0.6165908E+02     0.1706845E+02
    -0.6166439E+02     0.1706678E+02
END
5
    -0.6234838E+02     0.1693515E+02
    -0.6234582E+02     0.1692722E+02
    -0.6234985E+02     0.1692825E+02
    -0.6235168E+02     0.1693105E+02
    -0.6235063E+02     0.1693423E+02
    -0.6235241E+02     0.1693887E+02
    -0.6235115E+02     0.1694136E+02
    -0.6234830E+02     0.1694060E+02
    -0.6234670E+02     0.1693826E+02
    -0.6234474E+02     0.1693178E+02
    -0.6234582E+02     0.1692722E+02
END
END
