austria
1
     0.1499947E+02     0.4900840E+02
     0.1600000E+02     0.4877775E+02
     0.1600000E+02     0.4878252E+02
     0.1600000E+02     0.4878252E+02
     0.1600811E+02     0.4877529E+02
     0.1603872E+02     0.4875794E+02
     0.1608628E+02     0.4874385E+02
     0.1611000E+02     0.4873977E+02
     0.1613482E+02     0.4873950E+02
     0.1617901E+02     0.4874170E+02
     0.1618783E+02     0.4874074E+02
     0.1620307E+02     0.4873589E+02
     0.1622152E+02     0.4873553E+02
     0.1625277E+02     0.4873308E+02
     0.1628159E+02     0.4873711E+02
     0.1630183E+02     0.4873343E+02
     0.1632948E+02     0.4872642E+02
     0.1633353E+02     0.4872677E+02
     0.1634849E+02     0.4873825E+02
     0.1635505E+02     0.4873733E+02
     0.1636625E+02     0.4872813E+02
     0.1637403E+02     0.4872484E+02
     0.1638148E+02     0.4872698E+02
     0.1640222E+02     0.4873771E+02
     0.1641241E+02     0.4874876E+02
     0.1642365E+02     0.4875643E+02
     0.1643809E+02     0.4877256E+02
     0.1645119E+02     0.4879179E+02
     0.1646746E+02     0.4879493E+02
     0.1649486E+02     0.4879108E+02
     0.1651931E+02     0.4879467E+02
     0.1653641E+02     0.4880704E+02
     0.1654557E+02     0.4880435E+02
     0.1656948E+02     0.4878952E+02
     0.1658630E+02     0.4878599E+02
     0.1660111E+02     0.4877733E+02
     0.1661363E+02     0.4877467E+02
     0.1662485E+02     0.4877488E+02
     0.1663880E+02     0.4878226E+02
     0.1665654E+02     0.4877780E+02
     0.1666875E+02     0.4877090E+02
     0.1667969E+02     0.4875496E+02
     0.1667665E+02     0.4873958E+02
     0.1667335E+02     0.4873335E+02
     0.1668209E+02     0.4872491E+02
     0.1668768E+02     0.4872315E+02
     0.1670038E+02     0.4873116E+02
     0.1671061E+02     0.4873450E+02
     0.1672970E+02     0.4873263E+02
     0.1673441E+02     0.4872757E+02
     0.1674562E+02     0.4872380E+02
     0.1675212E+02     0.4872310E+02
     0.1675444E+02     0.4871883E+02
     0.1676101E+02     0.4871197E+02
     0.1676898E+02     0.4870974E+02
     0.1678481E+02     0.4871128E+02
     0.1679672E+02     0.4870338E+02
     0.1680263E+02     0.4870410E+02
     0.1681134E+02     0.4870771E+02
     0.1683473E+02     0.4871187E+02
     0.1685374E+02     0.4871078E+02
     0.1687036E+02     0.4871348E+02
     0.1689249E+02     0.4871398E+02
     0.1689350E+02     0.4871344E+02
     0.1690315E+02     0.4871388E+02
     0.1690701E+02     0.4871139E+02
     0.1691123E+02     0.4870456E+02
     0.1692182E+02     0.4869472E+02
     0.1692047E+02     0.4868359E+02
     0.1691579E+02     0.4867591E+02
     0.1692388E+02     0.4866866E+02
     0.1692728E+02     0.4865165E+02
     0.1692275E+02     0.4863432E+02
     0.1692252E+02     0.4862488E+02
     0.1692954E+02     0.4861778E+02
     0.1694758E+02     0.4861536E+02
     0.1694625E+02     0.4860630E+02
     0.1693650E+02     0.4860011E+02
     0.1693832E+02     0.4858207E+02
     0.1693671E+02     0.4857254E+02
     0.1693822E+02     0.4856735E+02
     0.1695036E+02     0.4855188E+02
     0.1695020E+02     0.4854635E+02
     0.1695263E+02     0.4854192E+02
     0.1694384E+02     0.4852072E+02
     0.1692478E+02     0.4851470E+02
     0.1692126E+02     0.4851077E+02
     0.1691763E+02     0.4849879E+02
     0.1691763E+02     0.4849879E+02
     0.1690261E+02     0.4849545E+02
     0.1689819E+02     0.4849284E+02
     0.1689612E+02     0.4847982E+02
     0.1688498E+02     0.4847605E+02
     0.1687519E+02     0.4846593E+02
     0.1686747E+02     0.4846240E+02
     0.1686410E+02     0.4845757E+02
     0.1686498E+02     0.4845418E+02
     0.1685632E+02     0.4844576E+02
     0.1685604E+02     0.4843884E+02
     0.1686734E+02     0.4841343E+02
     0.1686580E+02     0.4839930E+02
     0.1686327E+02     0.4839461E+02
     0.1686181E+02     0.4839190E+02
     0.1684943E+02     0.4838091E+02
     0.1684774E+02     0.4837205E+02
     0.1685538E+02     0.4835443E+02
     0.1686399E+02     0.4835228E+02
     0.1687847E+02     0.4835215E+02
     0.1688693E+02     0.4834011E+02
     0.1689382E+02     0.4833577E+02
     0.1690956E+02     0.4833205E+02
     0.1691623E+02     0.4832470E+02
     0.1691500E+02     0.4831726E+02
     0.1690491E+02     0.4830920E+02
     0.1691164E+02     0.4829496E+02
     0.1691995E+02     0.4829026E+02
     0.1693233E+02     0.4827504E+02
     0.1695459E+02     0.4827338E+02
     0.1696014E+02     0.4826871E+02
     0.1696091E+02     0.4826164E+02
     0.1695968E+02     0.4824317E+02
     0.1696365E+02     0.4823104E+02
     0.1696584E+02     0.4822807E+02
     0.1696584E+02     0.4822807E+02
     0.1697542E+02     0.4821509E+02
     0.1698621E+02     0.4819217E+02
     0.1698914E+02     0.4818663E+02
     0.1699273E+02     0.4817241E+02
     0.1701912E+02     0.4816161E+02
     0.1703576E+02     0.4814943E+02
     0.1705103E+02     0.4814383E+02
     0.1706125E+02     0.4813729E+02
     0.1707398E+02     0.4811621E+02
     0.1707743E+02     0.4810656E+02
     0.1708289E+02     0.4810445E+02
     0.1709966E+02     0.4810071E+02
     0.1710058E+02     0.4809795E+02
     0.1708873E+02     0.4808394E+02
     0.1708268E+02     0.4807295E+02
     0.1708593E+02     0.4806670E+02
     0.1708794E+02     0.4806260E+02
     0.1708234E+02     0.4805846E+02
     0.1708253E+02     0.4805507E+02
     0.1709016E+02     0.4805031E+02
     0.1709066E+02     0.4804524E+02
     0.1708226E+02     0.4803321E+02
     0.1708363E+02     0.4802567E+02
     0.1709034E+02     0.4802366E+02
     0.1710174E+02     0.4802374E+02
     0.1711676E+02     0.4802950E+02
     0.1712917E+02     0.4802398E+02
     0.1714300E+02     0.4802227E+02
     0.1715870E+02     0.4801021E+02
     0.1716273E+02     0.4800808E+02
     0.1715662E+02     0.4800000E+02
     0.1711118E+02     0.4797781E+02
     0.1710116E+02     0.4796708E+02
     0.1711996E+02     0.4796136E+02
     0.1712026E+02     0.4795471E+02
     0.1710560E+02     0.4794471E+02
     0.1710043E+02     0.4793507E+02
     0.1709674E+02     0.4792930E+02
     0.1711361E+02     0.4791841E+02
     0.1710333E+02     0.4790517E+02
     0.1710544E+02     0.4789317E+02
     0.1709384E+02     0.4788023E+02
     0.1707162E+02     0.4787284E+02
     0.1706357E+02     0.4787072E+02
     0.1705025E+02     0.4786702E+02
     0.1702777E+02     0.4786673E+02
     0.1702383E+02     0.4786486E+02
     0.1702296E+02     0.4785987E+02
     0.1705789E+02     0.4784307E+02
     0.1706291E+02     0.4783595E+02
     0.1705947E+02     0.4782605E+02
     0.1708072E+02     0.4780555E+02
     0.1707187E+02     0.4780039E+02
     0.1706007E+02     0.4779350E+02
     0.1706833E+02     0.4777868E+02
     0.1706976E+02     0.4775709E+02
     0.1707210E+02     0.4773133E+02
     0.1707616E+02     0.4772175E+02
     0.1709076E+02     0.4771126E+02
     0.1698687E+02     0.4769838E+02
     0.1694876E+02     0.4769379E+02
     0.1691255E+02     0.4768797E+02
     0.1689092E+02     0.4768855E+02
     0.1688068E+02     0.4768788E+02
     0.1687457E+02     0.4769435E+02
     0.1687209E+02     0.4771621E+02
     0.1686633E+02     0.4771626E+02
     0.1685859E+02     0.4770700E+02
     0.1685377E+02     0.4770632E+02
     0.1684208E+02     0.4769817E+02
     0.1683507E+02     0.4768591E+02
     0.1682981E+02     0.4768089E+02
     0.1681654E+02     0.4768037E+02
     0.1677055E+02     0.4768137E+02
     0.1675342E+02     0.4768285E+02
     0.1674338E+02     0.4769750E+02
     0.1672939E+02     0.4771349E+02
     0.1671866E+02     0.4772818E+02
     0.1670762E+02     0.4773646E+02
     0.1669667E+02     0.4773880E+02
     0.1666565E+02     0.4774067E+02
     0.1665360E+02     0.4774579E+02
     0.1664328E+02     0.4775450E+02
     0.1663630E+02     0.4775597E+02
     0.1662634E+02     0.4775481E+02
     0.1661828E+02     0.4775906E+02
     0.1661319E+02     0.4775906E+02
     0.1659916E+02     0.4775100E+02
     0.1658908E+02     0.4775535E+02
     0.1657856E+02     0.4775193E+02
     0.1656814E+02     0.4775285E+02
     0.1655816E+02     0.4775146E+02
     0.1654085E+02     0.4773735E+02
     0.1654661E+02     0.4773390E+02
     0.1655221E+02     0.4772175E+02
     0.1654334E+02     0.4771070E+02
     0.1654194E+02     0.4771030E+02
     0.1652601E+02     0.4771033E+02
     0.1651819E+02     0.4770655E+02
     0.1649825E+02     0.4770011E+02
     0.1649752E+02     0.4769967E+02
     0.1648062E+02     0.4768944E+02
     0.1647780E+02     0.4768133E+02
     0.1647291E+02     0.4767972E+02
     0.1646732E+02     0.4768156E+02
     0.1645713E+02     0.4769185E+02
     0.1644964E+02     0.4769149E+02
     0.1644659E+02     0.4768797E+02
     0.1644369E+02     0.4767527E+02
     0.1644537E+02     0.4767520E+02
     0.1643310E+02     0.4766727E+02
     0.1643175E+02     0.4766733E+02
     0.1642756E+02     0.4766248E+02
     0.1643019E+02     0.4765801E+02
     0.1643958E+02     0.4765715E+02
     0.1645595E+02     0.4765116E+02
     0.1647274E+02     0.4764974E+02
     0.1648830E+02     0.4764608E+02
     0.1649582E+02     0.4763979E+02
     0.1650414E+02     0.4763828E+02
     0.1651743E+02     0.4764273E+02
     0.1652319E+02     0.4764270E+02
     0.1653018E+02     0.4763804E+02
     0.1654522E+02     0.4763257E+02
     0.1656566E+02     0.4762341E+02
     0.1656757E+02     0.4762218E+02
     0.1657570E+02     0.4761884E+02
     0.1658891E+02     0.4761893E+02
     0.1659850E+02     0.4761666E+02
     0.1662809E+02     0.4762564E+02
     0.1664269E+02     0.4762543E+02
     0.1665327E+02     0.4761945E+02
     0.1665840E+02     0.4760983E+02
     0.1666669E+02     0.4760465E+02
     0.1666944E+02     0.4759148E+02
     0.1667672E+02     0.4757969E+02
     0.1667780E+02     0.4757346E+02
     0.1667027E+02     0.4756579E+02
     0.1667691E+02     0.4756114E+02
     0.1668785E+02     0.4755904E+02
     0.1670296E+02     0.4754438E+02
     0.1671040E+02     0.4754105E+02
     0.1671279E+02     0.4753454E+02
     0.1670637E+02     0.4752774E+02
     0.1670461E+02     0.4752026E+02
     0.1669136E+02     0.4750942E+02
     0.1668033E+02     0.4750374E+02
     0.1666555E+02     0.4750465E+02
     0.1665573E+02     0.4750098E+02
     0.1665441E+02     0.4749440E+02
     0.1666133E+02     0.4748584E+02
     0.1667066E+02     0.4747786E+02
     0.1667099E+02     0.4747098E+02
     0.1665976E+02     0.4745839E+02
     0.1662936E+02     0.4743899E+02
     0.1662175E+02     0.4743017E+02
     0.1660863E+02     0.4742710E+02
     0.1659697E+02     0.4742168E+02
     0.1658784E+02     0.4742141E+02
     0.1657639E+02     0.4741116E+02
     0.1656484E+02     0.4741031E+02
     0.1655891E+02     0.4740828E+02
     0.1652386E+02     0.4740942E+02
     0.1650349E+02     0.4739291E+02
     0.1649782E+02     0.4739705E+02
     0.1648797E+02     0.4739978E+02
     0.1648902E+02     0.4740362E+02
     0.1648316E+02     0.4740937E+02
     0.1645943E+02     0.4741157E+02
     0.1645384E+02     0.4740952E+02
     0.1644933E+02     0.4740102E+02
     0.1645430E+02     0.4739302E+02
     0.1645564E+02     0.4739296E+02
     0.1645606E+02     0.4737967E+02
     0.1645956E+02     0.4736692E+02
     0.1645315E+02     0.4735965E+02
     0.1644123E+02     0.4735833E+02
     0.1643661E+02     0.4735579E+02
     0.1643828E+02     0.4735205E+02
     0.1644798E+02     0.4734430E+02
     0.1646071E+02     0.4734008E+02
     0.1646898E+02     0.4733147E+02
     0.1647502E+02     0.4731357E+02
     0.1648020E+02     0.4730784E+02
     0.1649272E+02     0.4728394E+02
     0.1648489E+02     0.4727947E+02
     0.1648029E+02     0.4726801E+02
     0.1647739E+02     0.4726080E+02
     0.1647064E+02     0.4725698E+02
     0.1645674E+02     0.4725576E+02
     0.1643642E+02     0.4725092E+02
     0.1644390E+02     0.4724442E+02
     0.1644042E+02     0.4723610E+02
     0.1643678E+02     0.4721886E+02
     0.1643351E+02     0.4721626E+02
     0.1642204E+02     0.4721584E+02
     0.1641751E+02     0.4721054E+02
     0.1642214E+02     0.4720010E+02
     0.1642527E+02     0.4719303E+02
     0.1643132E+02     0.4718956E+02
     0.1644499E+02     0.4718850E+02
     0.1645991E+02     0.4717937E+02
     0.1646869E+02     0.4716935E+02
     0.1645444E+02     0.4716059E+02
     0.1645051E+02     0.4715459E+02
     0.1645350E+02     0.4714713E+02
     0.1649218E+02     0.4714816E+02
     0.1651352E+02     0.4715018E+02
     0.1652255E+02     0.4714290E+02
     0.1652767E+02     0.4713328E+02
     0.1652327E+02     0.4712936E+02
     0.1650525E+02     0.4712330E+02
     0.1649936E+02     0.4711440E+02
     0.1649202E+02     0.4711129E+02
     0.1648687E+02     0.4710648E+02
     0.1647024E+02     0.4710081E+02
     0.1646814E+02     0.4709632E+02
     0.1647452E+02     0.4708940E+02
     0.1647515E+02     0.4707837E+02
     0.1649261E+02     0.4707164E+02
     0.1650818E+02     0.4706980E+02
     0.1651753E+02     0.4706594E+02
     0.1651769E+02     0.4706067E+02
     0.1650423E+02     0.4705302E+02
     0.1647753E+02     0.4705055E+02
     0.1645505E+02     0.4704337E+02
     0.1644584E+02     0.4703065E+02
     0.1645034E+02     0.4702863E+02
     0.1646429E+02     0.4703099E+02
     0.1647556E+02     0.4702980E+02
     0.1650307E+02     0.4701620E+02
     0.1651494E+02     0.4701086E+02
     0.1651555E+02     0.4700671E+02
     0.1650998E+02     0.4700100E+02
     0.1649352E+02     0.4700036E+02
     0.1647820E+02     0.4699761E+02
     0.1646011E+02     0.4700094E+02
     0.1645312E+02     0.4700491E+02
     0.1643477E+02     0.4699839E+02
     0.1642567E+02     0.4700131E+02
     0.1641879E+02     0.4700643E+02
     0.1640877E+02     0.4700664E+02
     0.1639514E+02     0.4700404E+02
     0.1638089E+02     0.4700558E+02
     0.1637027E+02     0.4701016E+02
     0.1635708E+02     0.4700868E+02
     0.1633761E+02     0.4700449E+02
     0.1631936E+02     0.4700620E+02
     0.1630800E+02     0.4700279E+02
     0.1629971E+02     0.4700727E+02
     0.1629173E+02     0.4701517E+02
     0.1628425E+02     0.4701390E+02
     0.1627604E+02     0.4699729E+02
     0.1627013E+02     0.4698747E+02
     0.1627265E+02     0.4697477E+02
     0.1626683E+02     0.4696562E+02
     0.1624288E+02     0.4696367E+02
     0.1623549E+02     0.4695963E+02
     0.1623630E+02     0.4695396E+02
     0.1623019E+02     0.4695276E+02
     0.1622615E+02     0.4694881E+02
     0.1622027E+02     0.4694655E+02
     0.1620027E+02     0.4694350E+02
     0.1617474E+02     0.4691595E+02
     0.1617277E+02     0.4691260E+02
     0.1615885E+02     0.4690631E+02
     0.1614341E+02     0.4689047E+02
     0.1613437E+02     0.4688260E+02
     0.1611189E+02     0.4687151E+02
     0.1609842E+02     0.4686486E+02
     0.1609087E+02     0.4686632E+02
     0.1606594E+02     0.4685224E+02
     0.1606109E+02     0.4684259E+02
     0.1604235E+02     0.4684199E+02
     0.1603363E+02     0.4683754E+02
     0.1602990E+02     0.4684067E+02
     0.1601607E+02     0.4683894E+02
     0.1600197E+02     0.4683402E+02
     0.1599107E+02     0.4683538E+02
     0.1598742E+02     0.4683163E+02
     0.1598575E+02     0.4682392E+02
     0.1598827E+02     0.4681832E+02
     0.1599539E+02     0.4681184E+02
     0.1598862E+02     0.4680296E+02
     0.1598938E+02     0.4679239E+02
     0.1598442E+02     0.4678114E+02
     0.1598946E+02     0.4676995E+02
     0.1598692E+02     0.4675974E+02
     0.1598668E+02     0.4674143E+02
     0.1601072E+02     0.4671502E+02
     0.1603766E+02     0.4669170E+02
     0.1604009E+02     0.4668129E+02
     0.1603466E+02     0.4666090E+02
     0.1600821E+02     0.4667046E+02
     0.1599985E+02     0.4667638E+02
     0.1598872E+02     0.4668425E+02
     0.1598657E+02     0.4668578E+02
     0.1596617E+02     0.4668454E+02
     0.1595203E+02     0.4668649E+02
     0.1593420E+02     0.4669591E+02
     0.1590066E+02     0.4671260E+02
     0.1588011E+02     0.4671755E+02
     0.1585959E+02     0.4671906E+02
     0.1583495E+02     0.4671888E+02
     0.1581162E+02     0.4671453E+02
     0.1578797E+02     0.4670218E+02
     0.1576001E+02     0.4669387E+02
     0.1574273E+02     0.4669821E+02
     0.1573009E+02     0.4669824E+02
     0.1571824E+02     0.4669572E+02
     0.1570204E+02     0.4669703E+02
     0.1568562E+02     0.4670384E+02
     0.1567087E+02     0.4670670E+02
     0.1565937E+02     0.4670438E+02
     0.1565560E+02     0.4669468E+02
     0.1564495E+02     0.4669150E+02
     0.1563120E+02     0.4668484E+02
     0.1562236E+02     0.4668243E+02
     0.1561077E+02     0.4668309E+02
     0.1560690E+02     0.4668462E+02
     0.1560520E+02     0.4668834E+02
     0.1557137E+02     0.4668113E+02
     0.1556323E+02     0.4667480E+02
     0.1554926E+02     0.4667051E+02
     0.1554998E+02     0.4666269E+02
     0.1555740E+02     0.4665120E+02
     0.1554689E+02     0.4663579E+02
     0.1552023E+02     0.4662189E+02
     0.1551534E+02     0.4661887E+02
     0.1550614E+02     0.4661577E+02
     0.1549538E+02     0.4661845E+02
     0.1547371E+02     0.4661306E+02
     0.1546832E+02     0.4661646E+02
     0.1545824E+02     0.4663240E+02
     0.1545899E+02     0.4664222E+02
     0.1544890E+02     0.4664075E+02
     0.1543577E+02     0.4664283E+02
     0.1541655E+02     0.4665681E+02
     0.1537292E+02     0.4665127E+02
     0.1535099E+02     0.4665137E+02
     0.1534232E+02     0.4665099E+02
     0.1532870E+02     0.4665559E+02
     0.1532862E+02     0.4665445E+02
     0.1531065E+02     0.4665416E+02
     0.1529704E+02     0.4665441E+02
     0.1528686E+02     0.4665157E+02
     0.1527408E+02     0.4664491E+02
     0.1523828E+02     0.4664157E+02
     0.1522520E+02     0.4664454E+02
     0.1520594E+02     0.4664474E+02
     0.1518745E+02     0.4665568E+02
     0.1516983E+02     0.4665559E+02
     0.1514880E+02     0.4665905E+02
     0.1512743E+02     0.4665290E+02
     0.1511877E+02     0.4665731E+02
     0.1510411E+02     0.4665689E+02
     0.1508691E+02     0.4664853E+02
     0.1508290E+02     0.4664820E+02
     0.1506715E+02     0.4665583E+02
     0.1503901E+02     0.4665263E+02
     0.1503895E+02     0.4665172E+02
     0.1502209E+02     0.4664334E+02
     0.1501601E+02     0.4664194E+02
     0.1500825E+02     0.4663533E+02
     0.1500000E+02     0.4662538E+02
     0.1499635E+02     0.4662152E+02
     0.1499378E+02     0.4661794E+02
     0.1498490E+02     0.4660672E+02
     0.1498071E+02     0.4660143E+02
     0.1497644E+02     0.4660706E+02
     0.1496982E+02     0.4662633E+02
     0.1495576E+02     0.4663039E+02
     0.1494319E+02     0.4662621E+02
     0.1491937E+02     0.4661759E+02
     0.1492004E+02     0.4660772E+02
     0.1491299E+02     0.4660657E+02
     0.1489076E+02     0.4661185E+02
     0.1488215E+02     0.4661213E+02
     0.1486819E+02     0.4660685E+02
     0.1486531E+02     0.4659846E+02
     0.1485264E+02     0.4658238E+02
     0.1483978E+02     0.4657340E+02
     0.1483342E+02     0.4656636E+02
     0.1483544E+02     0.4655270E+02
     0.1482959E+02     0.4654945E+02
     0.1482922E+02     0.4653870E+02
     0.1482148E+02     0.4652658E+02
     0.1482137E+02     0.4651468E+02
     0.1481704E+02     0.4650932E+02
     0.1478762E+02     0.4650016E+02
     0.1477795E+02     0.4649931E+02
     0.1477150E+02     0.4650203E+02
     0.1475668E+02     0.4650340E+02
     0.1474790E+02     0.4650092E+02
     0.1474086E+02     0.4650480E+02
     0.1473358E+02     0.4649976E+02
     0.1472558E+02     0.4650434E+02
     0.1471780E+02     0.4650183E+02
     0.1471251E+02     0.4649673E+02
     0.1471383E+02     0.4649669E+02
     0.1471225E+02     0.4648735E+02
     0.1470323E+02     0.4648075E+02
     0.1469748E+02     0.4646834E+02
     0.1469370E+02     0.4646616E+02
     0.1468052E+02     0.4646724E+02
     0.1467802E+02     0.4646434E+02
     0.1467751E+02     0.4645612E+02
     0.1467333E+02     0.4645281E+02
     0.1465710E+02     0.4644734E+02
     0.1463195E+02     0.4644740E+02
     0.1461776E+02     0.4644278E+02
     0.1460953E+02     0.4644349E+02
     0.1460366E+02     0.4643954E+02
     0.1458712E+02     0.4643430E+02
     0.1458144E+02     0.4642783E+02
     0.1458201E+02     0.4642094E+02
     0.1459101E+02     0.4640557E+02
     0.1457923E+02     0.4639126E+02
     0.1458104E+02     0.4638297E+02
     0.1456157E+02     0.4637804E+02
     0.1455418E+02     0.4638169E+02
     0.1455026E+02     0.4639347E+02
     0.1452899E+02     0.4641950E+02
     0.1451603E+02     0.4642971E+02
     0.1450440E+02     0.4642340E+02
     0.1450435E+02     0.4642249E+02
     0.1449147E+02     0.4641736E+02
     0.1448313E+02     0.4641623E+02
     0.1446026E+02     0.4642672E+02
     0.1446020E+02     0.4642580E+02
     0.1444263E+02     0.4643087E+02
     0.1443307E+02     0.4643732E+02
     0.1443834E+02     0.4644244E+02
     0.1443207E+02     0.4644856E+02
     0.1442484E+02     0.4644945E+02
     0.1437472E+02     0.4644122E+02
     0.1435385E+02     0.4644087E+02
     0.1433628E+02     0.4643448E+02
     0.1431615E+02     0.4643548E+02
     0.1430972E+02     0.4643886E+02
     0.1428427E+02     0.4644549E+02
     0.1427569E+02     0.4644595E+02
     0.1424167E+02     0.4643518E+02
     0.1423538E+02     0.4643511E+02
     0.1422424E+02     0.4644318E+02
     0.1419152E+02     0.4644403E+02
     0.1415905E+02     0.4643709E+02
     0.1415153E+02     0.4644506E+02
     0.1413979E+02     0.4645475E+02
     0.1412014E+02     0.4647766E+02
     0.1409583E+02     0.4648789E+02
     0.1408197E+02     0.4648870E+02
     0.1405776E+02     0.4649456E+02
     0.1404457E+02     0.4649580E+02
     0.1401778E+02     0.4648341E+02
     0.1400950E+02     0.4648338E+02
     0.1399658E+02     0.4648987E+02
     0.1399301E+02     0.4649134E+02
     0.1397563E+02     0.4650159E+02
     0.1392976E+02     0.4651848E+02
     0.1390632E+02     0.4652040E+02
     0.1387356E+02     0.4652116E+02
     0.1383695E+02     0.4651789E+02
     0.1381344E+02     0.4651110E+02
     0.1379517E+02     0.4651014E+02
     0.1376879E+02     0.4651989E+02
     0.1375100E+02     0.4652211E+02
     0.1371563E+02     0.4652403E+02
     0.1368950E+02     0.4652505E+02
     0.1366716E+02     0.4652943E+02
     0.1365415E+02     0.4653496E+02
     0.1364270E+02     0.4653804E+02
     0.1361488E+02     0.4654632E+02
     0.1359176E+02     0.4654840E+02
     0.1358152E+02     0.4654152E+02
     0.1357225E+02     0.4654171E+02
     0.1356365E+02     0.4654990E+02
     0.1354860E+02     0.4655455E+02
     0.1352429E+02     0.4655207E+02
     0.1351055E+02     0.4655647E+02
     0.1350563E+02     0.4656549E+02
     0.1350142E+02     0.4656809E+02
     0.1347360E+02     0.4656086E+02
     0.1346833E+02     0.4656166E+02
     0.1345130E+02     0.4655856E+02
     0.1342099E+02     0.4656327E+02
     0.1341047E+02     0.4656553E+02
     0.1340312E+02     0.4657253E+02
     0.1338149E+02     0.4657912E+02
     0.1337188E+02     0.4657931E+02
     0.1336693E+02     0.4657139E+02
     0.1336623E+02     0.4657048E+02
     0.1334237E+02     0.4657071E+02
     0.1334233E+02     0.4656979E+02
     0.1332335E+02     0.4655916E+02
     0.1331531E+02     0.4655680E+02
     0.1329158E+02     0.4656067E+02
     0.1325716E+02     0.4656197E+02
     0.1324207E+02     0.4655744E+02
     0.1324207E+02     0.4655744E+02
     0.1323676E+02     0.4655731E+02
     0.1322114E+02     0.4656536E+02
     0.1319329E+02     0.4657454E+02
     0.1316142E+02     0.4659202E+02
     0.1310126E+02     0.4659807E+02
     0.1308418E+02     0.4660292E+02
     0.1307116E+02     0.4660063E+02
     0.1304486E+02     0.4659762E+02
     0.1303024E+02     0.4659717E+02
     0.1301544E+02     0.4660084E+02
     0.1298166E+02     0.4660274E+02
     0.1296852E+02     0.4660661E+02
     0.1295094E+02     0.4660666E+02
     0.1293349E+02     0.4661104E+02
     0.1290167E+02     0.4661198E+02
     0.1290171E+02     0.4661312E+02
     0.1288402E+02     0.4660972E+02
     0.1285539E+02     0.4660648E+02
     0.1283723E+02     0.4660949E+02
     0.1283478E+02     0.4661639E+02
     0.1283383E+02     0.4662898E+02
     0.1282861E+02     0.4663203E+02
     0.1280945E+02     0.4663482E+02
     0.1279517E+02     0.4664600E+02
     0.1276808E+02     0.4665072E+02
     0.1275679E+02     0.4665065E+02
     0.1273684E+02     0.4663766E+02
     0.1272953E+02     0.4663730E+02
     0.1271528E+02     0.4665007E+02
     0.1269426E+02     0.4665836E+02
     0.1267071E+02     0.4665958E+02
     0.1265736E+02     0.4665701E+02
     0.1264406E+02     0.4665604E+02
     0.1262798E+02     0.4666334E+02
     0.1261904E+02     0.4666436E+02
     0.1260367E+02     0.4666066E+02
     0.1257474E+02     0.4665896E+02
     0.1256572E+02     0.4665679E+02
     0.1255613E+02     0.4665850E+02
     0.1253939E+02     0.4666602E+02
     0.1253063E+02     0.4667459E+02
     0.1252503E+02     0.4667693E+02
     0.1251715E+02     0.4668024E+02
     0.1248524E+02     0.4667901E+02
     0.1247014E+02     0.4668695E+02
     0.1245460E+02     0.4669010E+02
     0.1244298E+02     0.4669023E+02
     0.1243604E+02     0.4669191E+02
     0.1242425E+02     0.4669936E+02
     0.1240383E+02     0.4670736E+02
     0.1238938E+02     0.4671505E+02
     0.1238256E+02     0.4672244E+02
     0.1237489E+02     0.4673552E+02
     0.1236124E+02     0.4676635E+02
     0.1234790E+02     0.4678043E+02
     0.1231775E+02     0.4678669E+02
     0.1228813E+02     0.4678629E+02
     0.1228131E+02     0.4679459E+02
     0.1228776E+02     0.4680070E+02
     0.1228783E+02     0.4680413E+02
     0.1228448E+02     0.4681949E+02
     0.1230792E+02     0.4684189E+02
     0.1229671E+02     0.4684771E+02
     0.1228818E+02     0.4687066E+02
     0.1228129E+02     0.4687599E+02
     0.1227325E+02     0.4689024E+02
     0.1226861E+02     0.4689188E+02
     0.1225499E+02     0.4689407E+02
     0.1224465E+02     0.4689394E+02
     0.1221603E+02     0.4687912E+02
     0.1220848E+02     0.4688536E+02
     0.1220265E+02     0.4689456E+02
     0.1220399E+02     0.4689455E+02
     0.1219120E+02     0.4690587E+02
     0.1218325E+02     0.4690891E+02
     0.1216361E+02     0.4691091E+02
     0.1216359E+02     0.4691000E+02
     0.1214902E+02     0.4691584E+02
     0.1215524E+02     0.4692744E+02
     0.1216167E+02     0.4693242E+02
     0.1216300E+02     0.4693241E+02
     0.1216419E+02     0.4694268E+02
     0.1215470E+02     0.4695328E+02
     0.1213886E+02     0.4696325E+02
     0.1213623E+02     0.4696556E+02
     0.1213356E+02     0.4698410E+02
     0.1212162E+02     0.4700797E+02
     0.1212811E+02     0.4701637E+02
     0.1214700E+02     0.4702650E+02
     0.1216306E+02     0.4702750E+02
     0.1217949E+02     0.4703056E+02
     0.1220095E+02     0.4703403E+02
     0.1221087E+02     0.4704605E+02
     0.1221710E+02     0.4705720E+02
     0.1223304E+02     0.4706871E+02
     0.1223347E+02     0.4707350E+02
     0.1222630E+02     0.4708339E+02
     0.1221502E+02     0.4708830E+02
     0.1220766E+02     0.4708836E+02
     0.1218404E+02     0.4709521E+02
     0.1217363E+02     0.4709324E+02
     0.1215946E+02     0.4708674E+02
     0.1214537E+02     0.4708457E+02
     0.1211816E+02     0.4707772E+02
     0.1209812E+02     0.4707971E+02
     0.1208939E+02     0.4707772E+02
     0.1207344E+02     0.4706369E+02
     0.1205702E+02     0.4706176E+02
     0.1204469E+02     0.4706414E+02
     0.1203530E+02     0.4706261E+02
     0.1201775E+02     0.4705246E+02
     0.1199304E+02     0.4705424E+02
     0.1197331E+02     0.4705393E+02
     0.1197333E+02     0.4705507E+02
     0.1196286E+02     0.4704783E+02
     0.1194905E+02     0.4704107E+02
     0.1194405E+02     0.4704156E+02
     0.1192328E+02     0.4703850E+02
     0.1188861E+02     0.4702068E+02
     0.1187825E+02     0.4702051E+02
     0.1186078E+02     0.4701262E+02
     0.1184932E+02     0.4700492E+02
     0.1184295E+02     0.4700313E+02
     0.1182616E+02     0.4699569E+02
     0.1181013E+02     0.4699532E+02
     0.1178474E+02     0.4699479E+02
     0.1177167E+02     0.4699097E+02
     0.1175015E+02     0.4697715E+02
     0.1173946E+02     0.4697697E+02
     0.1173014E+02     0.4697953E+02
     0.1170163E+02     0.4699934E+02
     0.1169362E+02     0.4700006E+02
     0.1168391E+02     0.4699759E+02
     0.1166687E+02     0.4699676E+02
     0.1165685E+02     0.4699749E+02
     0.1163093E+02     0.4701223E+02
     0.1162027E+02     0.4701548E+02
     0.1159517E+02     0.4701033E+02
     0.1157006E+02     0.4700334E+02
     0.1154760E+02     0.4699176E+02
     0.1153724E+02     0.4699043E+02
     0.1150382E+02     0.4700776E+02
     0.1149197E+02     0.4701390E+02
     0.1147361E+02     0.4701670E+02
     0.1146623E+02     0.4701077E+02
     0.1146116E+02     0.4700050E+02
     0.1144208E+02     0.4699279E+02
     0.1143201E+02     0.4698276E+02
     0.1142263E+02     0.4697730E+02
     0.1140992E+02     0.4697253E+02
     0.1139590E+02     0.4697256E+02
     0.1138556E+02     0.4697578E+02
     0.1136059E+02     0.4699161E+02
     0.1135059E+02     0.4699598E+02
     0.1134558E+02     0.4699576E+02
     0.1133989E+02     0.4699211E+02
     0.1133488E+02     0.4699212E+02
     0.1132487E+02     0.4699580E+02
     0.1131051E+02     0.4699445E+02
     0.1130181E+02     0.4698898E+02
     0.1128144E+02     0.4698855E+02
     0.1125938E+02     0.4698081E+02
     0.1125437E+02     0.4697967E+02
     0.1125303E+02     0.4697921E+02
     0.1124502E+02     0.4697694E+02
     0.1123299E+02     0.4697421E+02
     0.1121997E+02     0.4697331E+02
     0.1120762E+02     0.4696943E+02
     0.1119093E+02     0.4697242E+02
     0.1116155E+02     0.4696649E+02
     0.1115687E+02     0.4696260E+02
     0.1115687E+02     0.4695895E+02
     0.1115787E+02     0.4694432E+02
     0.1114886E+02     0.4693838E+02
     0.1113651E+02     0.4693564E+02
     0.1110582E+02     0.4693221E+02
     0.1110283E+02     0.4692352E+02
     0.1109349E+02     0.4691461E+02
     0.1109484E+02     0.4689404E+02
     0.1109251E+02     0.4688900E+02
     0.1107221E+02     0.4686637E+02
     0.1106855E+02     0.4685379E+02
     0.1107157E+02     0.4683802E+02
     0.1107258E+02     0.4682842E+02
     0.1106859E+02     0.4682293E+02
     0.1104431E+02     0.4680943E+02
     0.1103401E+02     0.4679822E+02
     0.1102140E+02     0.4677787E+02
     0.1101477E+02     0.4677032E+02
     0.1100478E+02     0.4677488E+02
     0.1098716E+02     0.4676846E+02
     0.1097020E+02     0.4676868E+02
     0.1096254E+02     0.4677278E+02
     0.1093325E+02     0.4677571E+02
     0.1091430E+02     0.4677408E+02
     0.1089004E+02     0.4676741E+02
     0.1087674E+02     0.4676738E+02
     0.1085008E+02     0.4677625E+02
     0.1083110E+02     0.4677986E+02
     0.1081781E+02     0.4677708E+02
     0.1080848E+02     0.4677843E+02
     0.1080247E+02     0.4678208E+02
     0.1079509E+02     0.4679258E+02
     0.1079008E+02     0.4679576E+02
     0.1077278E+02     0.4679457E+02
     0.1076249E+02     0.4679112E+02
     0.1074618E+02     0.4679129E+02
     0.1073286E+02     0.4679377E+02
     0.1072850E+02     0.4679741E+02
     0.1073345E+02     0.4680406E+02
     0.1075762E+02     0.4682334E+02
     0.1075723E+02     0.4683111E+02
     0.1075188E+02     0.4683430E+02
     0.1073520E+02     0.4683813E+02
     0.1071748E+02     0.4684768E+02
     0.1069748E+02     0.4684989E+02
     0.1068842E+02     0.4685855E+02
     0.1068470E+02     0.4686470E+02
     0.1066564E+02     0.4687355E+02
     0.1065897E+02     0.4687421E+02
     0.1064136E+02     0.4686752E+02
     0.1061538E+02     0.4686628E+02
     0.1060209E+02     0.4686233E+02
     0.1058286E+02     0.4685311E+02
     0.1055699E+02     0.4684155E+02
     0.1054900E+02     0.4684106E+02
     0.1054698E+02     0.4684380E+02
     0.1054958E+02     0.4684952E+02
     0.1054756E+02     0.4685157E+02
     0.1053457E+02     0.4685174E+02
     0.1052129E+02     0.4684779E+02
     0.1050530E+02     0.4684748E+02
     0.1048959E+02     0.4685220E+02
     0.1047820E+02     0.4685809E+02
     0.1047005E+02     0.4686188E+02
     0.1046737E+02     0.4687220E+02
     0.1046553E+02     0.4688682E+02
     0.1047206E+02     0.4689828E+02
     0.1047784E+02     0.4691729E+02
     0.1048840E+02     0.4691919E+02
     0.1048857E+02     0.4692891E+02
     0.1049147E+02     0.4693966E+02
     0.1047170E+02     0.4695123E+02
     0.1046267E+02     0.4695508E+02
     0.1045499E+02     0.4695620E+02
     0.1044365E+02     0.4695775E+02
     0.1043092E+02     0.4696409E+02
     0.1042357E+02     0.4696611E+02
     0.1042516E+02     0.4696889E+02
     0.1042136E+02     0.4697939E+02
     0.1039336E+02     0.4700094E+02
     0.1038800E+02     0.4700205E+02
     0.1037270E+02     0.4699784E+02
     0.1034806E+02     0.4699221E+02
     0.1034046E+02     0.4698644E+02
     0.1033112E+02     0.4696261E+02
     0.1032223E+02     0.4695409E+02
     0.1030828E+02     0.4694943E+02
     0.1030435E+02     0.4694437E+02
     0.1031054E+02     0.4693185E+02
     0.1029300E+02     0.4692235E+02
     0.1029099E+02     0.4692257E+02
     0.1027796E+02     0.4692431E+02
     0.1025549E+02     0.4693215E+02
     0.1024984E+02     0.4693074E+02
     0.1023965E+02     0.4692106E+02
     0.1024098E+02     0.4692107E+02
     0.1023717E+02     0.4690893E+02
     0.1023584E+02     0.4690892E+02
     0.1022927E+02     0.4690247E+02
     0.1023061E+02     0.4690248E+02
     0.1023232E+02     0.4687872E+02
     0.1022776E+02     0.4687251E+02
     0.1020610E+02     0.4687235E+02
     0.1018983E+02     0.4686880E+02
     0.1015478E+02     0.4685275E+02
     0.1013453E+02     0.4684893E+02
     0.1011620E+02     0.4684901E+02
     0.1010458E+02     0.4684731E+02
     0.1007995E+02     0.4686379E+02
     0.1006162E+02     0.4686409E+02
     0.1005355E+02     0.4686790E+02
     0.1004226E+02     0.4688266E+02
     0.1002230E+02     0.4689780E+02
     0.1000588E+02     0.4690178E+02
     0.1000000E+02     0.4690194E+02
     0.9993874E+01     0.4690212E+02
     0.9982394E+01     0.4690910E+02
     0.9975945E+01     0.4691452E+02
     0.9960936E+01     0.4691461E+02
     0.9949894E+01     0.4691633E+02
     0.9941943E+01     0.4691374E+02
     0.9922466E+01     0.4691996E+02
     0.9906967E+01     0.4692711E+02
     0.9899251E+01     0.4692909E+02
     0.9899225E+01     0.4693024E+02
     0.9887456E+01     0.4693446E+02
     0.9883453E+01     0.4693442E+02
     0.9874638E+01     0.4694073E+02
     0.9875187E+01     0.4694599E+02
     0.9877571E+01     0.4695882E+02
     0.9871360E+01     0.4696790E+02
     0.9880652E+01     0.4698537E+02
     0.9889698E+01     0.4699918E+02
     0.9873407E+01     0.4701068E+02
     0.9877247E+01     0.4701826E+02
     0.9874422E+01     0.4702509E+02
     0.9865041E+01     0.4702613E+02
     0.9832865E+01     0.4701574E+02
     0.9812279E+01     0.4702443E+02
     0.9797772E+01     0.4703022E+02
     0.9797750E+01     0.4703114E+02
     0.9783492E+01     0.4704035E+02
     0.9768393E+01     0.4704270E+02
     0.9756373E+01     0.4704210E+02
     0.9740910E+01     0.4704559E+02
     0.9717796E+01     0.4704738E+02
     0.9717769E+01     0.4704852E+02
     0.9699955E+01     0.4705291E+02
     0.9667295E+01     0.4706096E+02
     0.9641846E+01     0.4706225E+02
     0.9626930E+01     0.4705727E+02
     0.9606428E+01     0.4706113E+02
     0.9603659E+01     0.4706155E+02
     0.9606823E+01     0.4707119E+02
     0.9613574E+01     0.4708134E+02
     0.9629679E+01     0.4709205E+02
     0.9632190E+01     0.4709825E+02
     0.9623919E+01     0.4711964E+02
     0.9626661E+01     0.4712973E+02
     0.9618316E+01     0.4715363E+02
     0.9605896E+01     0.4715462E+02
     0.9594129E+01     0.4716841E+02
     0.9578569E+01     0.4717370E+02
     0.9572211E+01     0.4717340E+02
     0.9569437E+01     0.4717678E+02
     0.9573601E+01     0.4718370E+02
     0.9572297E+01     0.4719442E+02
     0.9580693E+01     0.4720596E+02
     0.9579890E+01     0.4721074E+02
     0.9567093E+01     0.4722001E+02
     0.9560040E+01     0.4722512E+02
     0.9555198E+01     0.4723032E+02
     0.9563209E+01     0.4724368E+02
     0.9560372E+01     0.4724912E+02
     0.9535914E+01     0.4727354E+02
     0.9535914E+01     0.4727354E+02
     0.9550367E+01     0.4728468E+02
     0.9561266E+01     0.4730378E+02
     0.9567487E+01     0.4730956E+02
     0.9572808E+01     0.4731121E+02
     0.9584054E+01     0.4731729E+02
     0.9592014E+01     0.4732563E+02
     0.9592874E+01     0.4732653E+02
     0.9594028E+01     0.4733385E+02
     0.9602730E+01     0.4734789E+02
     0.9621661E+01     0.4736913E+02
     0.9624260E+01     0.4737258E+02
     0.9624693E+01     0.4737497E+02
     0.9624693E+01     0.4737497E+02
     0.9649063E+01     0.4737674E+02
     0.9663962E+01     0.4737803E+02
     0.9668863E+01     0.4738145E+02
     0.9670473E+01     0.4738372E+02
     0.9672874E+01     0.4738769E+02
     0.9669458E+01     0.4739215E+02
     0.9657673E+01     0.4739991E+02
     0.9652608E+01     0.4740381E+02
     0.9652608E+01     0.4740381E+02
     0.9656106E+01     0.4741565E+02
     0.9650882E+01     0.4743684E+02
     0.9653026E+01     0.4744531E+02
     0.9658896E+01     0.4745269E+02
     0.9648599E+01     0.4746126E+02
     0.9640520E+01     0.4746163E+02
     0.9629375E+01     0.4746356E+02
     0.9615351E+01     0.4747300E+02
     0.9611981E+01     0.4747319E+02
     0.9606359E+01     0.4746947E+02
     0.9600991E+01     0.4746896E+02
     0.9592771E+01     0.4747480E+02
     0.9586129E+01     0.4748455E+02
     0.9575832E+01     0.4749243E+02
     0.9569606E+01     0.4749899E+02
     0.9569606E+01     0.4749899E+02
     0.9557027E+01     0.4751119E+02
     0.9543752E+01     0.4753935E+02
     0.9544334E+01     0.4754256E+02
     0.9544334E+01     0.4754256E+02
     0.9567047E+01     0.4753850E+02
     0.9589559E+01     0.4752942E+02
     0.9627769E+01     0.4752555E+02
     0.9627769E+01     0.4752555E+02
     0.9668862E+01     0.4752718E+02
     0.9691413E+01     0.4752882E+02
     0.9721642E+01     0.4753350E+02
     0.9732983E+01     0.4753456E+02
     0.9732983E+01     0.4753456E+02
     0.9742934E+01     0.4755568E+02
     0.9754371E+01     0.4757109E+02
     0.9760543E+01     0.4758121E+02
     0.9760543E+01     0.4758121E+02
     0.9768498E+01     0.4758932E+02
     0.9786966E+01     0.4759341E+02
     0.9804914E+01     0.4759109E+02
     0.9819255E+01     0.4758416E+02
     0.9824591E+01     0.4757256E+02
     0.9823847E+01     0.4756113E+02
     0.9815581E+01     0.4755396E+02
     0.9819410E+01     0.4754898E+02
     0.9852143E+01     0.4754841E+02
     0.9871012E+01     0.4753444E+02
     0.9889642E+01     0.4754581E+02
     0.9902100E+01     0.4754686E+02
     0.9910263E+01     0.4754374E+02
     0.9924307E+01     0.4753383E+02
     0.9929002E+01     0.4753502E+02
     0.9940680E+01     0.4754084E+02
     0.9950815E+01     0.4754002E+02
     0.9957617E+01     0.4753734E+02
     0.9964516E+01     0.4754609E+02
     0.9970167E+01     0.4755003E+02
     0.9975971E+01     0.4754665E+02
     0.9976883E+01     0.4751902E+02
     0.9990646E+01     0.4750544E+02
     0.9992850E+01     0.4749656E+02
     0.1000000E+02     0.4749136E+02
     0.1000311E+02     0.4748911E+02
     0.1003139E+02     0.4749027E+02
     0.1004796E+02     0.4748745E+02
     0.1004831E+02     0.4748653E+02
     0.1005231E+02     0.4747126E+02
     0.1005366E+02     0.4747128E+02
     0.1007248E+02     0.4745590E+02
     0.1009233E+02     0.4745653E+02
     0.1009506E+02     0.4745495E+02
     0.1009733E+02     0.4744149E+02
     0.1010049E+02     0.4743443E+02
     0.1009488E+02     0.4742822E+02
     0.1007891E+02     0.4741849E+02
     0.1006854E+02     0.4741543E+02
     0.1008746E+02     0.4739342E+02
     0.1009197E+02     0.4738570E+02
     0.1009707E+02     0.4736449E+02
     0.1010381E+02     0.4736409E+02
     0.1011013E+02     0.4736734E+02
     0.1011970E+02     0.4737724E+02
     0.1012473E+02     0.4737820E+02
     0.1014303E+02     0.4737035E+02
     0.1016183E+02     0.4737187E+02
     0.1016744E+02     0.4737808E+02
     0.1016652E+02     0.4739247E+02
     0.1017995E+02     0.4739395E+02
     0.1018597E+02     0.4739605E+02
     0.1019752E+02     0.4738905E+02
     0.1020861E+02     0.4738936E+02
     0.1022137E+02     0.4739082E+02
     0.1022747E+02     0.4738813E+02
     0.1023327E+02     0.4738291E+02
     0.1023239E+02     0.4737514E+02
     0.1022021E+02     0.4735906E+02
     0.1021060E+02     0.4735053E+02
     0.1020114E+02     0.4733310E+02
     0.1020159E+02     0.4732670E+02
     0.1021246E+02     0.4731901E+02
     0.1021290E+02     0.4731285E+02
     0.1020128E+02     0.4730499E+02
     0.1017892E+02     0.4729636E+02
     0.1017099E+02     0.4728899E+02
     0.1017143E+02     0.4728305E+02
     0.1017760E+02     0.4727579E+02
     0.1020004E+02     0.4727824E+02
     0.1021442E+02     0.4728201E+02
     0.1023055E+02     0.4728053E+02
     0.1025957E+02     0.4729284E+02
     0.1028327E+02     0.4730146E+02
     0.1029466E+02     0.4730337E+02
     0.1031604E+02     0.4731128E+02
     0.1033380E+02     0.4731414E+02
     0.1034279E+02     0.4731968E+02
     0.1035325E+02     0.4734008E+02
     0.1036119E+02     0.4734927E+02
     0.1037953E+02     0.4735966E+02
     0.1038510E+02     0.4737066E+02
     0.1039474E+02     0.4737895E+02
     0.1041786E+02     0.4738548E+02
     0.1042991E+02     0.4738988E+02
     0.1043221E+02     0.4739470E+02
     0.1042903E+02     0.4740656E+02
     0.1043467E+02     0.4741299E+02
     0.1045768E+02     0.4743002E+02
     0.1046639E+02     0.4743304E+02
     0.1047406E+02     0.4743901E+02
     0.1047368E+02     0.4744267E+02
     0.1046245E+02     0.4745290E+02
     0.1046420E+02     0.4747506E+02
     0.1045974E+02     0.4748190E+02
     0.1044011E+02     0.4748933E+02
     0.1042946E+02     0.4750571E+02
     0.1042974E+02     0.4751006E+02
     0.1044188E+02     0.4753686E+02
     0.1044902E+02     0.4755973E+02
     0.1044387E+02     0.4756656E+02
     0.1044252E+02     0.4756655E+02
     0.1043266E+02     0.4757312E+02
     0.1043187E+02     0.4758180E+02
     0.1043452E+02     0.4758615E+02
     0.1044461E+02     0.4758849E+02
     0.1047398E+02     0.4758865E+02
     0.1047706E+02     0.4758455E+02
     0.1046738E+02     0.4757537E+02
     0.1046710E+02     0.4757057E+02
     0.1045676E+02     0.4756114E+02
     0.1045949E+02     0.4755842E+02
     0.1049137E+02     0.4754419E+02
     0.1051167E+02     0.4753836E+02
     0.1052719E+02     0.4753729E+02
     0.1055550E+02     0.4753879E+02
     0.1056799E+02     0.4753771E+02
     0.1057437E+02     0.4754002E+02
     0.1058831E+02     0.4756292E+02
     0.1060109E+02     0.4756755E+02
     0.1060748E+02     0.4756894E+02
     0.1062652E+02     0.4756557E+02
     0.1063519E+02     0.4756403E+02
     0.1065543E+02     0.4756456E+02
     0.1068345E+02     0.4756261E+02
     0.1070076E+02     0.4754874E+02
     0.1073187E+02     0.4753856E+02
     0.1075042E+02     0.4753770E+02
     0.1075752E+02     0.4753452E+02
     0.1076805E+02     0.4752381E+02
     0.1077143E+02     0.4752222E+02
     0.1078088E+02     0.4751974E+02
     0.1079773E+02     0.4752069E+02
     0.1082161E+02     0.4753012E+02
     0.1082161E+02     0.4753103E+02
     0.1084048E+02     0.4753268E+02
     0.1084049E+02     0.4753176E+02
     0.1086169E+02     0.4753843E+02
     0.1088632E+02     0.4753757E+02
     0.1090117E+02     0.4753371E+02
     0.1091301E+02     0.4752414E+02
     0.1091539E+02     0.4751980E+02
     0.1091068E+02     0.4751568E+02
     0.1087667E+02     0.4750968E+02
     0.1087263E+02     0.4750671E+02
     0.1086629E+02     0.4749458E+02
     0.1087272E+02     0.4748797E+02
     0.1088351E+02     0.4748730E+02
     0.1089832E+02     0.4748985E+02
     0.1092494E+02     0.4748829E+02
     0.1093271E+02     0.4748418E+02
     0.1093510E+02     0.4747483E+02
     0.1094558E+02     0.4746273E+02
     0.1098067E+02     0.4743810E+02
     0.1098237E+02     0.4743308E+02
     0.1097903E+02     0.4742370E+02
     0.1098105E+02     0.4742371E+02
     0.1097669E+02     0.4741822E+02
     0.1097534E+02     0.4741822E+02
     0.1097166E+02     0.4741090E+02
     0.1097841E+02     0.4740497E+02
     0.1098716E+02     0.4740155E+02
     0.1099457E+02     0.4740157E+02
     0.1100600E+02     0.4740454E+02
     0.1102585E+02     0.4740113E+02
     0.1103930E+02     0.4740228E+02
     0.1106554E+02     0.4740275E+02
     0.1109683E+02     0.4740162E+02
     0.1111331E+02     0.4740253E+02
     0.1112071E+02     0.4740688E+02
     0.1112138E+02     0.4741669E+02
     0.1113450E+02     0.4742172E+02
     0.1116849E+02     0.4742994E+02
     0.1119576E+02     0.4743403E+02
     0.1120216E+02     0.4743928E+02
     0.1122269E+02     0.4743880E+02
     0.1123986E+02     0.4743901E+02
     0.1124490E+02     0.4743581E+02
     0.1124759E+02     0.4743329E+02
     0.1123343E+02     0.4742166E+02
     0.1122467E+02     0.4740910E+02
     0.1122634E+02     0.4740408E+02
     0.1125123E+02     0.4740450E+02
     0.1126402E+02     0.4740426E+02
     0.1127049E+02     0.4740645E+02
     0.1128422E+02     0.4741109E+02
     0.1128896E+02     0.4742113E+02
     0.1128865E+02     0.4743050E+02
     0.1129506E+02     0.4743666E+02
     0.1131425E+02     0.4743823E+02
     0.1132470E+02     0.4744369E+02
     0.1133147E+02     0.4745374E+02
     0.1134023E+02     0.4745646E+02
     0.1135875E+02     0.4745528E+02
     0.1136580E+02     0.4745070E+02
     0.1137558E+02     0.4745501E+02
     0.1138871E+02     0.4745384E+02
     0.1139478E+02     0.4745612E+02
     0.1141160E+02     0.4745173E+02
     0.1142572E+02     0.4744941E+02
     0.1141333E+02     0.4746201E+02
     0.1141104E+02     0.4747481E+02
     0.1139317E+02     0.4747188E+02
     0.1138510E+02     0.4747533E+02
     0.1138378E+02     0.4748081E+02
     0.1138853E+02     0.4748811E+02
     0.1140203E+02     0.4749334E+02
     0.1141932E+02     0.4751431E+02
     0.1143891E+02     0.4752248E+02
     0.1145540E+02     0.4751649E+02
     0.1148774E+02     0.4751320E+02
     0.1148773E+02     0.4751229E+02
     0.1150425E+02     0.4751269E+02
     0.1151372E+02     0.4751815E+02
     0.1153259E+02     0.4751694E+02
     0.1155317E+02     0.4751823E+02
     0.1157039E+02     0.4752205E+02
     0.1158833E+02     0.4753135E+02
     0.1158406E+02     0.4754599E+02
     0.1158788E+02     0.4755922E+02
     0.1160700E+02     0.4758610E+02
     0.1161549E+02     0.4759224E+02
     0.1163439E+02     0.4759215E+02
     0.1163915E+02     0.4759578E+02
     0.1165562E+02     0.4758794E+02
     0.1166474E+02     0.4758859E+02
     0.1168432E+02     0.4758918E+02
     0.1169818E+02     0.4759118E+02
     0.1174712E+02     0.4759116E+02
     0.1177449E+02     0.4759375E+02
     0.1178259E+02     0.4759371E+02
     0.1178462E+02     0.4759370E+02
     0.1180920E+02     0.4758876E+02
     0.1183853E+02     0.4758630E+02
     0.1184428E+02     0.4758741E+02
     0.1184774E+02     0.4759356E+02
     0.1184955E+02     0.4760360E+02
     0.1185296E+02     0.4760586E+02
     0.1187255E+02     0.4760620E+02
     0.1188850E+02     0.4761227E+02
     0.1191357E+02     0.4761850E+02
     0.1195206E+02     0.4761778E+02
     0.1196964E+02     0.4761880E+02
     0.1197704E+02     0.4761715E+02
     0.1198591E+02     0.4762280E+02
     0.1199879E+02     0.4762567E+02
     0.1200992E+02     0.4762514E+02
     0.1202227E+02     0.4761568E+02
     0.1204294E+02     0.4762032E+02
     0.1205034E+02     0.4761843E+02
     0.1206355E+02     0.4762062E+02
     0.1209110E+02     0.4761217E+02
     0.1211680E+02     0.4761424E+02
     0.1213563E+02     0.4760975E+02
     0.1216063E+02     0.4761697E+02
     0.1220596E+02     0.4762544E+02
     0.1219865E+02     0.4764653E+02
     0.1219281E+02     0.4765778E+02
     0.1217809E+02     0.4767985E+02
     0.1217083E+02     0.4768815E+02
     0.1216529E+02     0.4770189E+02
     0.1217485E+02     0.4770306E+02
     0.1218164E+02     0.4770696E+02
     0.1218819E+02     0.4771071E+02
     0.1220616E+02     0.4771307E+02
     0.1222119E+02     0.4772047E+02
     0.1224220E+02     0.4773923E+02
     0.1225381E+02     0.4774414E+02
     0.1226024E+02     0.4774409E+02
     0.1226517E+02     0.4773673E+02
     0.1224698E+02     0.4770721E+02
     0.1224536E+02     0.4769375E+02
     0.1224928E+02     0.4768686E+02
     0.1225528E+02     0.4768269E+02
     0.1226370E+02     0.4768124E+02
     0.1229002E+02     0.4769470E+02
     0.1233003E+02     0.4769955E+02
     0.1235631E+02     0.4769495E+02
     0.1236599E+02     0.4768937E+02
     0.1237442E+02     0.4768814E+02
     0.1238767E+02     0.4769097E+02
     0.1241693E+02     0.4769889E+02
     0.1242981E+02     0.4769966E+02
     0.1244122E+02     0.4769611E+02
     0.1244358E+02     0.4768124E+02
     0.1247325E+02     0.4764961E+02
     0.1247494E+02     0.4764960E+02
     0.1248789E+02     0.4764032E+02
     0.1249442E+02     0.4763088E+02
     0.1250040E+02     0.4762693E+02
     0.1251121E+02     0.4762680E+02
     0.1251123E+02     0.4762771E+02
     0.1253515E+02     0.4763840E+02
     0.1255272E+02     0.4763865E+02
     0.1257360E+02     0.4763612E+02
     0.1257843E+02     0.4763972E+02
     0.1259156E+02     0.4766377E+02
     0.1260089E+02     0.4767166E+02
     0.1261797E+02     0.4767807E+02
     0.1262881E+02     0.4767907E+02
     0.1264221E+02     0.4767434E+02
     0.1265031E+02     0.4767401E+02
     0.1266924E+02     0.4768610E+02
     0.1268849E+02     0.4768517E+02
     0.1270532E+02     0.4768221E+02
     0.1270529E+02     0.4768130E+02
     0.1271839E+02     0.4767815E+02
     0.1274307E+02     0.4767805E+02
     0.1275008E+02     0.4767500E+02
     0.1275629E+02     0.4766760E+02
     0.1277089E+02     0.4766969E+02
     0.1277879E+02     0.4767392E+02
     0.1277956E+02     0.4766591E+02
     0.1276743E+02     0.4765557E+02
     0.1276855E+02     0.4764779E+02
     0.1277632E+02     0.4763603E+02
     0.1277730E+02     0.4763511E+02
     0.1278871E+02     0.4763221E+02
     0.1279675E+02     0.4763004E+02
     0.1282026E+02     0.4761441E+02
     0.1282185E+02     0.4761118E+02
     0.1280420E+02     0.4760800E+02
     0.1278119E+02     0.4758365E+02
     0.1278035E+02     0.4757795E+02
     0.1278252E+02     0.4757152E+02
     0.1280859E+02     0.4755173E+02
     0.1282807E+02     0.4754895E+02
     0.1284735E+02     0.4755074E+02
     0.1285231E+02     0.4754724E+02
     0.1285062E+02     0.4754726E+02
     0.1285602E+02     0.4753622E+02
     0.1286431E+02     0.4753175E+02
     0.1288301E+02     0.4752577E+02
     0.1289334E+02     0.4751123E+02
     0.1291694E+02     0.4750083E+02
     0.1293862E+02     0.4749365E+02
     0.1296719E+02     0.4748087E+02
     0.1297762E+02     0.4748049E+02
     0.1298219E+02     0.4748636E+02
     0.1300501E+02     0.4747344E+02
     0.1301005E+02     0.4747290E+02
     0.1302244E+02     0.4748070E+02
     0.1302815E+02     0.4749021E+02
     0.1304141E+02     0.4749343E+02
     0.1304695E+02     0.4749768E+02
     0.1304864E+02     0.4750794E+02
     0.1304414E+02     0.4752401E+02
     0.1303650E+02     0.4753738E+02
     0.1304019E+02     0.4754669E+02
     0.1305867E+02     0.4756422E+02
     0.1305739E+02     0.4756630E+02
     0.1304366E+02     0.4756926E+02
     0.1304193E+02     0.4757797E+02
     0.1304584E+02     0.4758362E+02
     0.1306406E+02     0.4758332E+02
     0.1307028E+02     0.4758757E+02
     0.1307262E+02     0.4759666E+02
     0.1307248E+02     0.4761198E+02
     0.1307677E+02     0.4761876E+02
     0.1309054E+02     0.4762608E+02
     0.1309936E+02     0.4763668E+02
     0.1309669E+02     0.4764745E+02
     0.1308360E+02     0.4766914E+02
     0.1307553E+02     0.4768983E+02
     0.1304087E+02     0.4771483E+02
     0.1302484E+02     0.4772102E+02
     0.1301668E+02     0.4772000E+02
     0.1299272E+02     0.4771170E+02
     0.1298174E+02     0.4770707E+02
     0.1293285E+02     0.4771237E+02
     0.1293082E+02     0.4771241E+02
     0.1291567E+02     0.4772520E+02
     0.1290809E+02     0.4772993E+02
     0.1290959E+02     0.4773625E+02
     0.1293920E+02     0.4775180E+02
     0.1294411E+02     0.4775675E+02
     0.1294512E+02     0.4776724E+02
     0.1294194E+02     0.4777346E+02
     0.1294547E+02     0.4777797E+02
     0.1296354E+02     0.4779163E+02
     0.1298799E+02     0.4782370E+02
     0.1299528E+02     0.4782991E+02
     0.1300195E+02     0.4783558E+02
     0.1301197E+02     0.4785009E+02
     0.1301197E+02     0.4785009E+02
     0.1300632E+02     0.4785452E+02
     0.1299583E+02     0.4786452E+02
     0.1296773E+02     0.4790357E+02
     0.1295731E+02     0.4791584E+02
     0.1294183E+02     0.4792911E+02
     0.1293959E+02     0.4793303E+02
     0.1293909E+02     0.4793806E+02
     0.1294204E+02     0.4794509E+02
     0.1294043E+02     0.4794740E+02
     0.1293702E+02     0.4794699E+02
     0.1293044E+02     0.4794299E+02
     0.1292435E+02     0.4794355E+02
     0.1292040E+02     0.4795685E+02
     0.1291032E+02     0.4795998E+02
     0.1289546E+02     0.4796181E+02
     0.1288359E+02     0.4796223E+02
     0.1287696E+02     0.4796667E+02
     0.1286987E+02     0.4797797E+02
     0.1286178E+02     0.4800005E+02
     0.1286178E+02     0.4800005E+02
     0.1286019E+02     0.4800979E+02
     0.1285573E+02     0.4801783E+02
     0.1285246E+02     0.4801892E+02
     0.1282581E+02     0.4803231E+02
     0.1281535E+02     0.4804159E+02
     0.1277757E+02     0.4806176E+02
     0.1276803E+02     0.4806755E+02
     0.1276017E+02     0.4807302E+02
     0.1275458E+02     0.4808318E+02
     0.1274682E+02     0.4810650E+02
     0.1274938E+02     0.4811071E+02
     0.1275728E+02     0.4811670E+02
     0.1275725E+02     0.4812494E+02
     0.1276182E+02     0.4812882E+02
     0.1277237E+02     0.4812847E+02
     0.1278186E+02     0.4812222E+02
     0.1278590E+02     0.4812177E+02
     0.1279790E+02     0.4814448E+02
     0.1280606E+02     0.4814976E+02
     0.1281630E+02     0.4815137E+02
     0.1281896E+02     0.4815179E+02
     0.1282696E+02     0.4815296E+02
     0.1282821E+02     0.4815472E+02
     0.1283111E+02     0.4815891E+02
     0.1283577E+02     0.4816621E+02
     0.1284440E+02     0.4816688E+02
     0.1284762E+02     0.4817083E+02
     0.1284867E+02     0.4817649E+02
     0.1285630E+02     0.4818295E+02
     0.1286077E+02     0.4818591E+02
     0.1286488E+02     0.4819572E+02
     0.1286611E+02     0.4819867E+02
     0.1287778E+02     0.4820443E+02
     0.1289350E+02     0.4820424E+02
     0.1292655E+02     0.4820858E+02
     0.1294524E+02     0.4820753E+02
     0.1295739E+02     0.4821166E+02
     0.1299060E+02     0.4823063E+02
     0.1300360E+02     0.4824135E+02
     0.1300909E+02     0.4825227E+02
     0.1301284E+02     0.4825481E+02
     0.1301917E+02     0.4825880E+02
     0.1302702E+02     0.4825858E+02
     0.1303185E+02     0.4826151E+02
     0.1305674E+02     0.4826857E+02
     0.1308670E+02     0.4828037E+02
     0.1312258E+02     0.4827945E+02
     0.1313577E+02     0.4828075E+02
     0.1316576E+02     0.4829253E+02
     0.1317708E+02     0.4829448E+02
     0.1318962E+02     0.4829664E+02
     0.1324955E+02     0.4829335E+02
     0.1325730E+02     0.4829496E+02
     0.1330572E+02     0.4831341E+02
     0.1332995E+02     0.4832526E+02
     0.1334455E+02     0.4833544E+02
     0.1335116E+02     0.4834004E+02
     0.1336052E+02     0.4835094E+02
     0.1339583E+02     0.4836831E+02
     0.1341339E+02     0.4837872E+02
     0.1342057E+02     0.4840625E+02
     0.1343911E+02     0.4843379E+02
     0.1343821E+02     0.4843729E+02
     0.1343470E+02     0.4844438E+02
     0.1343184E+02     0.4844868E+02
     0.1342502E+02     0.4845666E+02
     0.1342976E+02     0.4846623E+02
     0.1344578E+02     0.4849025E+02
     0.1344864E+02     0.4849352E+02
     0.1345010E+02     0.4850169E+02
     0.1345336E+02     0.4851295E+02
     0.1345271E+02     0.4851827E+02
     0.1344488E+02     0.4852906E+02
     0.1344902E+02     0.4853661E+02
     0.1344610E+02     0.4854298E+02
     0.1343926E+02     0.4854844E+02
     0.1343640E+02     0.4855526E+02
     0.1343826E+02     0.4856134E+02
     0.1344775E+02     0.4856512E+02
     0.1345976E+02     0.4856967E+02
     0.1347572E+02     0.4857535E+02
     0.1349050E+02     0.4857743E+02
     0.1350121E+02     0.4858252E+02
     0.1350247E+02     0.4859414E+02
     0.1351750E+02     0.4859551E+02
     0.1353006E+02     0.4858901E+02
     0.1353727E+02     0.4858375E+02
     0.1355796E+02     0.4856872E+02
     0.1357355E+02     0.4856180E+02
     0.1357950E+02     0.4856235E+02
     0.1358696E+02     0.4857129E+02
     0.1359436E+02     0.4857244E+02
     0.1360444E+02     0.4857044E+02
     0.1361824E+02     0.4856064E+02
     0.1362874E+02     0.4855678E+02
     0.1365081E+02     0.4855426E+02
     0.1365567E+02     0.4854959E+02
     0.1366203E+02     0.4853842E+02
     0.1366639E+02     0.4853516E+02
     0.1368015E+02     0.4853247E+02
     0.1371375E+02     0.4851659E+02
     0.1372410E+02     0.4851663E+02
     0.1372981E+02     0.4852040E+02
     0.1373191E+02     0.4852784E+02
     0.1374702E+02     0.4853468E+02
     0.1374805E+02     0.4853943E+02
     0.1374477E+02     0.4854790E+02
     0.1375122E+02     0.4855437E+02
     0.1374994E+02     0.4856226E+02
     0.1375152E+02     0.4856606E+02
     0.1375448E+02     0.4856747E+02
     0.1375839E+02     0.4856585E+02
     0.1376213E+02     0.4855827E+02
     0.1376781E+02     0.4855699E+02
     0.1378225E+02     0.4857099E+02
     0.1379734E+02     0.4857508E+02
     0.1380571E+02     0.4858051E+02
     0.1380677E+02     0.4859260E+02
     0.1380510E+02     0.4859448E+02
     0.1380202E+02     0.4859795E+02
     0.1380185E+02     0.4860393E+02
     0.1380620E+02     0.4860778E+02
     0.1381617E+02     0.4861219E+02
     0.1382133E+02     0.4861920E+02
     0.1382234E+02     0.4863337E+02
     0.1382718E+02     0.4863810E+02
     0.1382429E+02     0.4864678E+02
     0.1381617E+02     0.4865280E+02
     0.1381929E+02     0.4866476E+02
     0.1381845E+02     0.4867331E+02
     0.1381376E+02     0.4868393E+02
     0.1381498E+02     0.4869234E+02
     0.1381939E+02     0.4870124E+02
     0.1381400E+02     0.4870709E+02
     0.1381336E+02     0.4871218E+02
     0.1379817E+02     0.4871727E+02
     0.1380777E+02     0.4872860E+02
     0.1382105E+02     0.4873418E+02
     0.1381916E+02     0.4874026E+02
     0.1382213E+02     0.4874879E+02
     0.1382185E+02     0.4875638E+02
     0.1383645E+02     0.4876624E+02
     0.1384239E+02     0.4877366E+02
     0.1385757E+02     0.4877315E+02
     0.1386826E+02     0.4877040E+02
     0.1389109E+02     0.4876067E+02
     0.1393269E+02     0.4873022E+02
     0.1393645E+02     0.4872516E+02
     0.1395162E+02     0.4872234E+02
     0.1395520E+02     0.4871614E+02
     0.1397850E+02     0.4871210E+02
     0.1398316E+02     0.4871317E+02
     0.1399361E+02     0.4871203E+02
     0.1399883E+02     0.4871146E+02
     0.1400569E+02     0.4870872E+02
     0.1400838E+02     0.4870120E+02
     0.1402263E+02     0.4868993E+02
     0.1402541E+02     0.4868539E+02
     0.1403398E+02     0.4868024E+02
     0.1404934E+02     0.4867877E+02
     0.1405246E+02     0.4867650E+02
     0.1405681E+02     0.4866864E+02
     0.1405566E+02     0.4866091E+02
     0.1404836E+02     0.4865611E+02
     0.1403442E+02     0.4865772E+02
     0.1402545E+02     0.4865555E+02
     0.1401153E+02     0.4864338E+02
     0.1401284E+02     0.4864054E+02
     0.1402530E+02     0.4863252E+02
     0.1402672E+02     0.4863160E+02
     0.1403316E+02     0.4863072E+02
     0.1404038E+02     0.4863277E+02
     0.1404480E+02     0.4862995E+02
     0.1404576E+02     0.4862714E+02
     0.1403920E+02     0.4861793E+02
     0.1405060E+02     0.4860868E+02
     0.1405638E+02     0.4860807E+02
     0.1406298E+02     0.4861062E+02
     0.1406477E+02     0.4860178E+02
     0.1409351E+02     0.4860217E+02
     0.1409371E+02     0.4859436E+02
     0.1410859E+02     0.4859222E+02
     0.1412590E+02     0.4859933E+02
     0.1413945E+02     0.4859751E+02
     0.1415094E+02     0.4859812E+02
     0.1415152E+02     0.4859797E+02
     0.1416360E+02     0.4859497E+02
     0.1417393E+02     0.4859474E+02
     0.1417865E+02     0.4859626E+02
     0.1419332E+02     0.4859504E+02
     0.1421492E+02     0.4858945E+02
     0.1422546E+02     0.4858829E+02
     0.1423758E+02     0.4858173E+02
     0.1424267E+02     0.4858115E+02
     0.1425359E+02     0.4858477E+02
     0.1426566E+02     0.4858464E+02
     0.1427456E+02     0.4857738E+02
     0.1428228E+02     0.4857364E+02
     0.1429444E+02     0.4856294E+02
     0.1429826E+02     0.4856084E+02
     0.1431243E+02     0.4855872E+02
     0.1431334E+02     0.4855639E+02
     0.1431861E+02     0.4854292E+02
     0.1432805E+02     0.4854365E+02
     0.1434132E+02     0.4855353E+02
     0.1435574E+02     0.4857067E+02
     0.1436533E+02     0.4857461E+02
     0.1436970E+02     0.4857384E+02
     0.1437414E+02     0.4856688E+02
     0.1438491E+02     0.4857165E+02
     0.1439020E+02     0.4857679E+02
     0.1438124E+02     0.4858797E+02
     0.1438113E+02     0.4859166E+02
     0.1438628E+02     0.4859589E+02
     0.1441207E+02     0.4859503E+02
     0.1441289E+02     0.4859468E+02
     0.1441790E+02     0.4859256E+02
     0.1442746E+02     0.4859741E+02
     0.1443772E+02     0.4860427E+02
     0.1445146E+02     0.4862559E+02
     0.1445240E+02     0.4863149E+02
     0.1444101E+02     0.4864262E+02
     0.1444322E+02     0.4864568E+02
     0.1444587E+02     0.4864710E+02
     0.1446770E+02     0.4864949E+02
     0.1448096E+02     0.4863708E+02
     0.1448899E+02     0.4863537E+02
     0.1449331E+02     0.4863208E+02
     0.1449347E+02     0.4862656E+02
     0.1450176E+02     0.4862001E+02
     0.1451188E+02     0.4862274E+02
     0.1451763E+02     0.4862188E+02
     0.1452040E+02     0.4862003E+02
     0.1452419E+02     0.4861751E+02
     0.1453980E+02     0.4861779E+02
     0.1455262E+02     0.4860931E+02
     0.1455917E+02     0.4860701E+02
     0.1456442E+02     0.4861169E+02
     0.1459135E+02     0.4862218E+02
     0.1460383E+02     0.4863095E+02
     0.1461392E+02     0.4862701E+02
     0.1462304E+02     0.4860638E+02
     0.1463113E+02     0.4860718E+02
     0.1464045E+02     0.4861134E+02
     0.1464561E+02     0.4861120E+02
     0.1465103E+02     0.4860622E+02
     0.1465317E+02     0.4860205E+02
     0.1466180E+02     0.4858524E+02
     0.1469151E+02     0.4858724E+02
     0.1470036E+02     0.4858637E+02
     0.1470581E+02     0.4859011E+02
     0.1470538E+02     0.4859382E+02
     0.1471755E+02     0.4860902E+02
     0.1471375E+02     0.4861964E+02
     0.1471750E+02     0.4863200E+02
     0.1471659E+02     0.4864126E+02
     0.1471836E+02     0.4864573E+02
     0.1471633E+02     0.4865023E+02
     0.1471153E+02     0.4865265E+02
     0.1471465E+02     0.4866220E+02
     0.1471849E+02     0.4867397E+02
     0.1472534E+02     0.4868198E+02
     0.1472426E+02     0.4868803E+02
     0.1473551E+02     0.4870169E+02
     0.1474318E+02     0.4870620E+02
     0.1475481E+02     0.4870949E+02
     0.1475728E+02     0.4871184E+02
     0.1476991E+02     0.4871276E+02
     0.1478158E+02     0.4871835E+02
     0.1478743E+02     0.4872643E+02
     0.1479644E+02     0.4873267E+02
     0.1480705E+02     0.4873603E+02
     0.1480086E+02     0.4874889E+02
     0.1480241E+02     0.4875406E+02
     0.1480434E+02     0.4875625E+02
     0.1481096E+02     0.4876378E+02
     0.1481092E+02     0.4876769E+02
     0.1480588E+02     0.4877288E+02
     0.1480885E+02     0.4877611E+02
     0.1480831E+02     0.4877914E+02
     0.1482286E+02     0.4878520E+02
     0.1483350E+02     0.4878236E+02
     0.1484180E+02     0.4878428E+02
     0.1485130E+02     0.4877876E+02
     0.1485716E+02     0.4877856E+02
     0.1486981E+02     0.4878154E+02
     0.1487881E+02     0.4878135E+02
     0.1488376E+02     0.4877983E+02
     0.1488521E+02     0.4877398E+02
     0.1489493E+02     0.4877396E+02
     0.1491764E+02     0.4877068E+02
     0.1493036E+02     0.4876790E+02
     0.1493947E+02     0.4876275E+02
     0.1494018E+02     0.4876234E+02
     0.1495733E+02     0.4876108E+02
     0.1497039E+02     0.4876034E+02
     0.1498922E+02     0.4876698E+02
     0.1498816E+02     0.4876890E+02
     0.1499087E+02     0.4877261E+02
     0.1498890E+02     0.4877942E+02
     0.1498034E+02     0.4878419E+02
     0.1496849E+02     0.4878599E+02
     0.1495759E+02     0.4878933E+02
     0.1495451E+02     0.4879163E+02
     0.1495460E+02     0.4880035E+02
     0.1495838E+02     0.4880628E+02
     0.1495602E+02     0.4881289E+02
     0.1496940E+02     0.4883442E+02
     0.1497190E+02     0.4884090E+02
     0.1498198E+02     0.4884705E+02
     0.1497322E+02     0.4885483E+02
     0.1497248E+02     0.4887097E+02
     0.1497443E+02     0.4887428E+02
     0.1497992E+02     0.4887439E+02
     0.1498176E+02     0.4887442E+02
     0.1498297E+02     0.4888766E+02
     0.1498860E+02     0.4889207E+02
     0.1498807E+02     0.4889510E+02
     0.1499194E+02     0.4890148E+02
     0.1498925E+02     0.4891432E+02
     0.1497453E+02     0.4893427E+02
     0.1498143E+02     0.4893996E+02
     0.1497610E+02     0.4895369E+02
     0.1497875E+02     0.4896315E+02
     0.1497756E+02     0.4897864E+02
     0.1497979E+02     0.4898353E+02
     0.1498542E+02     0.4898794E+02
     0.1498949E+02     0.4898875E+02
     0.1499048E+02     0.4898895E+02
     0.1499634E+02     0.4899265E+02
     0.1500000E+02     0.4899822E+02
     0.1500233E+02     0.4900117E+02
     0.1500000E+02     0.4900613E+02
     0.1499875E+02     0.4900879E+02
     0.1500000E+02     0.4901017E+02
     0.1500090E+02     0.4901116E+02
     0.1501143E+02     0.4901153E+02
     0.1502669E+02     0.4901706E+02
     0.1503739E+02     0.4901236E+02
     0.1504559E+02     0.4901129E+02
     0.1506229E+02     0.4901303E+02
     0.1506764E+02     0.4900964E+02
     0.1506673E+02     0.4900235E+02
     0.1506920E+02     0.4899642E+02
     0.1507739E+02     0.4899742E+02
     0.1509381E+02     0.4899550E+02
     0.1510478E+02     0.4900042E+02
     0.1511178E+02     0.4900059E+02
     0.1511755E+02     0.4899762E+02
     0.1512206E+02     0.4899762E+02
     0.1513953E+02     0.4899758E+02
     0.1515489E+02     0.4899366E+02
     0.1515716E+02     0.4898866E+02
     0.1515595E+02     0.4898369E+02
     0.1514762E+02     0.4897995E+02
     0.1516066E+02     0.4897667E+02
     0.1516283E+02     0.4896914E+02
     0.1516755E+02     0.4896419E+02
     0.1516733E+02     0.4895294E+02
     0.1518090E+02     0.4894478E+02
     0.1518869E+02     0.4894350E+02
     0.1519398E+02     0.4894585E+02
     0.1519949E+02     0.4895142E+02
     0.1520973E+02     0.4895615E+02
     0.1522378E+02     0.4895876E+02
     0.1523315E+02     0.4895747E+02
     0.1525749E+02     0.4895412E+02
     0.1526723E+02     0.4895797E+02
     0.1526597E+02     0.4896267E+02
     0.1526752E+02     0.4896554E+02
     0.1527227E+02     0.4896679E+02
     0.1528063E+02     0.4897857E+02
     0.1527509E+02     0.4898865E+02
     0.1527828E+02     0.4899484E+02
     0.1528944E+02     0.4898893E+02
     0.1529594E+02     0.4897831E+02
     0.1530098E+02     0.4897723E+02
     0.1531106E+02     0.4897898E+02
     0.1532171E+02     0.4897609E+02
     0.1532804E+02     0.4898228E+02
     0.1534928E+02     0.4898201E+02
     0.1536783E+02     0.4898035E+02
     0.1538944E+02     0.4896464E+02
     0.1540067E+02     0.4896307E+02
     0.1541218E+02     0.4895528E+02
     0.1542459E+02     0.4895063E+02
     0.1544547E+02     0.4895037E+02
     0.1545204E+02     0.4894618E+02
     0.1545617E+02     0.4894585E+02
     0.1546617E+02     0.4895105E+02
     0.1546984E+02     0.4894432E+02
     0.1549493E+02     0.4893844E+02
     0.1549918E+02     0.4893304E+02
     0.1549999E+02     0.4893057E+02
     0.1550345E+02     0.4892005E+02
     0.1550911E+02     0.4891477E+02
     0.1555727E+02     0.4890360E+02
     0.1557496E+02     0.4889552E+02
     0.1559687E+02     0.4889722E+02
     0.1561485E+02     0.4889648E+02
     0.1562628E+02     0.4888659E+02
     0.1564542E+02     0.4888459E+02
     0.1565488E+02     0.4887923E+02
     0.1565549E+02     0.4887875E+02
     0.1567159E+02     0.4886592E+02
     0.1567803E+02     0.4886310E+02
     0.1568359E+02     0.4885736E+02
     0.1570467E+02     0.4886026E+02
     0.1571630E+02     0.4885725E+02
     0.1575202E+02     0.4885274E+02
     0.1576632E+02     0.4886217E+02
     0.1577662E+02     0.4887445E+02
     0.1580969E+02     0.4887244E+02
     0.1581158E+02     0.4887263E+02
     0.1581715E+02     0.4887321E+02
     0.1582651E+02     0.4887106E+02
     0.1583903E+02     0.4887280E+02
     0.1584731E+02     0.4886866E+02
     0.1584872E+02     0.4886510E+02
     0.1584011E+02     0.4886005E+02
     0.1584144E+02     0.4885787E+02
     0.1584646E+02     0.4885492E+02
     0.1586177E+02     0.4885113E+02
     0.1586903E+02     0.4885132E+02
     0.1587879E+02     0.4884352E+02
     0.1589452E+02     0.4884015E+02
     0.1589777E+02     0.4883343E+02
     0.1590976E+02     0.4883601E+02
     0.1591556E+02     0.4883725E+02
     0.1591975E+02     0.4883368E+02
     0.1592481E+02     0.4883281E+02
     0.1592215E+02     0.4882243E+02
     0.1593508E+02     0.4881722E+02
     0.1593972E+02     0.4882696E+02
     0.1595089E+02     0.4882350E+02
     0.1595671E+02     0.4881933E+02
     0.1594865E+02     0.4881172E+02
     0.1594860E+02     0.4880597E+02
     0.1598188E+02     0.4878892E+02
     0.1599466E+02     0.4877933E+02
     0.1600000E+02     0.4877775E+02
END
END
