bahrain
1
     0.5063705E+02     0.2626320E+02
     0.5066187E+02     0.2623834E+02
     0.5065885E+02     0.2623865E+02
     0.5065728E+02     0.2624335E+02
     0.5064874E+02     0.2624590E+02
     0.5064874E+02     0.2624590E+02
     0.5063848E+02     0.2624189E+02
     0.5063595E+02     0.2624350E+02
     0.5063395E+02     0.2624861E+02
     0.5063971E+02     0.2625370E+02
     0.5063936E+02     0.2625624E+02
     0.5063725E+02     0.2625765E+02
     0.5063297E+02     0.2625854E+02
     0.5062773E+02     0.2625634E+02
     0.5062395E+02     0.2624595E+02
     0.5061956E+02     0.2624000E+02
     0.5061956E+02     0.2624000E+02
     0.5061605E+02     0.2623980E+02
     0.5060982E+02     0.2624284E+02
     0.5060545E+02     0.2625053E+02
     0.5060778E+02     0.2626128E+02
     0.5061804E+02     0.2627130E+02
     0.5061804E+02     0.2627130E+02
     0.5062663E+02     0.2627969E+02
     0.5064021E+02     0.2628260E+02
     0.5064672E+02     0.2627854E+02
     0.5064762E+02     0.2627392E+02
     0.5065136E+02     0.2627107E+02
     0.5065923E+02     0.2627020E+02
     0.5066447E+02     0.2626617E+02
     0.5066373E+02     0.2624871E+02
     0.5066187E+02     0.2623834E+02
END
2
     0.5056152E+02     0.2604413E+02
     0.5053492E+02     0.2622878E+02
     0.5054701E+02     0.2622558E+02
     0.5055614E+02     0.2622478E+02
     0.5055848E+02     0.2622012E+02
     0.5055848E+02     0.2622012E+02
     0.5056893E+02     0.2622124E+02
     0.5056893E+02     0.2622124E+02
     0.5057116E+02     0.2623021E+02
     0.5057907E+02     0.2623635E+02
     0.5058471E+02     0.2623707E+02
     0.5058751E+02     0.2623478E+02
     0.5059118E+02     0.2623361E+02
     0.5059351E+02     0.2622893E+02
     0.5059854E+02     0.2622736E+02
     0.5060244E+02     0.2622354E+02
     0.5060274E+02     0.2621893E+02
     0.5060060E+02     0.2621671E+02
     0.5059753E+02     0.2621637E+02
     0.5059643E+02     0.2621457E+02
     0.5059734E+02     0.2621224E+02
     0.5060173E+02     0.2620794E+02
     0.5061143E+02     0.2620516E+02
     0.5061421E+02     0.2620242E+02
     0.5061441E+02     0.2619552E+02
     0.5061170E+02     0.2619194E+02
     0.5059810E+02     0.2619520E+02
     0.5058722E+02     0.2620250E+02
     0.5058072E+02     0.2620504E+02
     0.5057633E+02     0.2620498E+02
     0.5057633E+02     0.2620498E+02
     0.5057275E+02     0.2620158E+02
     0.5056764E+02     0.2618684E+02
     0.5057203E+02     0.2618302E+02
     0.5057390E+02     0.2617677E+02
     0.5058627E+02     0.2616339E+02
     0.5060006E+02     0.2615572E+02
     0.5060127E+02     0.2615362E+02
     0.5059838E+02     0.2615024E+02
     0.5059902E+02     0.2614585E+02
     0.5060248E+02     0.2614210E+02
     0.5060641E+02     0.2614637E+02
     0.5061861E+02     0.2614540E+02
     0.5062180E+02     0.2614119E+02
     0.5062359E+02     0.2613242E+02
     0.5062864E+02     0.2612150E+02
     0.5063333E+02     0.2611656E+02
     0.5063870E+02     0.2611735E+02
     0.5063928E+02     0.2611090E+02
     0.5062862E+02     0.2610265E+02
     0.5062674E+02     0.2609878E+02
     0.5062816E+02     0.2608588E+02
     0.5062445E+02     0.2608045E+02
     0.5062663E+02     0.2607649E+02
     0.5063086E+02     0.2607317E+02
     0.5063152E+02     0.2606925E+02
     0.5062786E+02     0.2606566E+02
     0.5062672E+02     0.2606109E+02
     0.5062970E+02     0.2604930E+02
     0.5062909E+02     0.2604540E+02
     0.5063078E+02     0.2604237E+02
     0.5064310E+02     0.2603726E+02
     0.5063504E+02     0.2603101E+02
     0.5063219E+02     0.2601200E+02
     0.5063099E+02     0.2600398E+02
     0.5062475E+02     0.2598965E+02
     0.5062554E+02     0.2598136E+02
     0.5061876E+02     0.2596565E+02
     0.5062025E+02     0.2595505E+02
     0.5061735E+02     0.2594201E+02
     0.5062078E+02     0.2592837E+02
     0.5061872E+02     0.2592704E+02
     0.5061639E+02     0.2591629E+02
     0.5061052E+02     0.2590608E+02
     0.5061046E+02     0.2589132E+02
     0.5061043E+02     0.2588402E+02
     0.5061093E+02     0.2585574E+02
     0.5061406E+02     0.2584969E+02
     0.5060309E+02     0.2583845E+02
     0.5059898E+02     0.2583648E+02
     0.5059316E+02     0.2582788E+02
     0.5059308E+02     0.2582489E+02
     0.5057694E+02     0.2580964E+02
     0.5057322E+02     0.2580329E+02
     0.5057304E+02     0.2579686E+02
     0.5056862E+02     0.2580224E+02
     0.5056954E+02     0.2580820E+02
     0.5056406E+02     0.2581200E+02
     0.5055854E+02     0.2582362E+02
     0.5055752E+02     0.2584248E+02
     0.5055201E+02     0.2585479E+02
     0.5053687E+02     0.2587720E+02
     0.5052901E+02     0.2589308E+02
     0.5052737E+02     0.2589398E+02
     0.5052399E+02     0.2590288E+02
     0.5052240E+02     0.2590019E+02
     0.5052632E+02     0.2589343E+02
     0.5052542E+02     0.2589238E+02
     0.5051118E+02     0.2590914E+02
     0.5049497E+02     0.2592479E+02
     0.5048689E+02     0.2592658E+02
     0.5047616E+02     0.2593394E+02
     0.5046640E+02     0.2594772E+02
     0.5046303E+02     0.2595706E+02
     0.5046111E+02     0.2597207E+02
     0.5046196E+02     0.2597697E+02
     0.5046265E+02     0.2598090E+02
     0.5046737E+02     0.2598677E+02
     0.5046977E+02     0.2599108E+02
     0.5047770E+02     0.2600286E+02
     0.5047704E+02     0.2600655E+02
     0.5047989E+02     0.2601844E+02
     0.5049374E+02     0.2604250E+02
     0.5049142E+02     0.2605017E+02
     0.5048766E+02     0.2606263E+02
     0.5048913E+02     0.2607018E+02
     0.5048527E+02     0.2609762E+02
     0.5047837E+02     0.2610605E+02
     0.5046384E+02     0.2613418E+02
     0.5045413E+02     0.2616198E+02
     0.5045779E+02     0.2616580E+02
     0.5045696E+02     0.2616789E+02
     0.5045660E+02     0.2616882E+02
     0.5046221E+02     0.2617904E+02
     0.5046261E+02     0.2619443E+02
     0.5046169E+02     0.2619836E+02
     0.5045462E+02     0.2620427E+02
     0.5045488E+02     0.2621046E+02
     0.5047159E+02     0.2622641E+02
     0.5047982E+02     0.2622945E+02
     0.5049873E+02     0.2623179E+02
     0.5051350E+02     0.2623169E+02
     0.5053052E+02     0.2623016E+02
     0.5053358E+02     0.2622789E+02
     0.5053492E+02     0.2622878E+02
END
3
     0.5059251E+02     0.2617732E+02
     0.5058932E+02     0.2617297E+02
     0.5058787E+02     0.2617553E+02
     0.5058905E+02     0.2618148E+02
     0.5059276E+02     0.2618691E+02
     0.5059706E+02     0.2617670E+02
     0.5058932E+02     0.2617297E+02
END
4
     0.5040635E+02     0.2615222E+02
     0.5041222E+02     0.2617777E+02
     0.5042035E+02     0.2617378E+02
     0.5042321E+02     0.2616779E+02
     0.5042751E+02     0.2616510E+02
     0.5042904E+02     0.2616005E+02
     0.5042497E+02     0.2614754E+02
     0.5042619E+02     0.2614044E+02
     0.5042698E+02     0.2613580E+02
     0.5043137E+02     0.2613068E+02
     0.5043036E+02     0.2612463E+02
     0.5043192E+02     0.2612049E+02
     0.5043020E+02     0.2611946E+02
     0.5041700E+02     0.2612282E+02
     0.5040160E+02     0.2612000E+02
     0.5039295E+02     0.2612339E+02
     0.5039245E+02     0.2612948E+02
     0.5038585E+02     0.2614543E+02
     0.5038623E+02     0.2615272E+02
     0.5038984E+02     0.2615552E+02
     0.5039168E+02     0.2616064E+02
     0.5039939E+02     0.2616547E+02
     0.5040236E+02     0.2617466E+02
     0.5041222E+02     0.2617777E+02
END
5
     0.5062525E+02     0.2615283E+02
     0.5063564E+02     0.2612616E+02
     0.5062494E+02     0.2614434E+02
     0.5062000E+02     0.2614997E+02
     0.5061100E+02     0.2615569E+02
     0.5060920E+02     0.2616447E+02
     0.5061270E+02     0.2617129E+02
     0.5062014E+02     0.2617364E+02
     0.5062872E+02     0.2617091E+02
     0.5063230E+02     0.2617129E+02
     0.5063544E+02     0.2616524E+02
     0.5063735E+02     0.2616060E+02
     0.5063343E+02     0.2614759E+02
     0.5063687E+02     0.2614337E+02
     0.5063875E+02     0.2612839E+02
     0.5063564E+02     0.2612616E+02
END
END
