belarus
1
     0.2908667E+02     0.5264610E+02
     0.2815134E+02     0.5616581E+02
     0.2815748E+02     0.5615967E+02
     0.2817155E+02     0.5614761E+02
     0.2821378E+02     0.5614157E+02
     0.2823991E+02     0.5612951E+02
     0.2825197E+02     0.5609533E+02
     0.2826203E+02     0.5608528E+02
     0.2827811E+02     0.5608528E+02
     0.2828213E+02     0.5607523E+02
     0.2832435E+02     0.5605713E+02
     0.2836054E+02     0.5605110E+02
     0.2841683E+02     0.5607724E+02
     0.2844498E+02     0.5608930E+02
     0.2845101E+02     0.5609734E+02
     0.2846308E+02     0.5610337E+02
     0.2851937E+02     0.5610740E+02
     0.2855757E+02     0.5610941E+02
     0.2859577E+02     0.5610337E+02
     0.2864000E+02     0.5609533E+02
     0.2866412E+02     0.5609734E+02
     0.2867619E+02     0.5609131E+02
     0.2867418E+02     0.5608126E+02
     0.2866814E+02     0.5607322E+02
     0.2867216E+02     0.5605512E+02
     0.2869428E+02     0.5603301E+02
     0.2871238E+02     0.5602095E+02
     0.2871866E+02     0.5600000E+02
     0.2871592E+02     0.5598188E+02
     0.2872453E+02     0.5597399E+02
     0.2873775E+02     0.5596685E+02
     0.2877881E+02     0.5596508E+02
     0.2880160E+02     0.5596371E+02
     0.2882571E+02     0.5595974E+02
     0.2884228E+02     0.5595680E+02
     0.2885471E+02     0.5595993E+02
     0.2885540E+02     0.5596933E+02
     0.2885101E+02     0.5597200E+02
     0.2886224E+02     0.5597944E+02
     0.2887798E+02     0.5598592E+02
     0.2889975E+02     0.5599141E+02
     0.2891883E+02     0.5600000E+02
     0.2892229E+02     0.5600226E+02
     0.2894541E+02     0.5601346E+02
     0.2897610E+02     0.5602863E+02
     0.2900536E+02     0.5604126E+02
     0.2902414E+02     0.5604668E+02
     0.2904544E+02     0.5605318E+02
     0.2905917E+02     0.5605318E+02
     0.2906856E+02     0.5604993E+02
     0.2907470E+02     0.5604849E+02
     0.2907939E+02     0.5604668E+02
     0.2908481E+02     0.5604632E+02
     0.2908878E+02     0.5604921E+02
     0.2909167E+02     0.5605318E+02
     0.2909564E+02     0.5605571E+02
     0.2910395E+02     0.5605535E+02
     0.2911551E+02     0.5604921E+02
     0.2913067E+02     0.5603910E+02
     0.2915270E+02     0.5602718E+02
     0.2917257E+02     0.5601418E+02
     0.2918701E+02     0.5600696E+02
     0.2919682E+02     0.5600000E+02
     0.2920406E+02     0.5599763E+02
     0.2921568E+02     0.5599049E+02
     0.2922919E+02     0.5598758E+02
     0.2924311E+02     0.5598978E+02
     0.2927067E+02     0.5599077E+02
     0.2930259E+02     0.5598908E+02
     0.2933821E+02     0.5597701E+02
     0.2938649E+02     0.5597057E+02
     0.2942563E+02     0.5596437E+02
     0.2943744E+02     0.5595976E+02
     0.2943851E+02     0.5595460E+02
     0.2943479E+02     0.5594699E+02
     0.2943854E+02     0.5593748E+02
     0.2944592E+02     0.5593471E+02
     0.2946539E+02     0.5593074E+02
     0.2947703E+02     0.5592443E+02
     0.2947643E+02     0.5591759E+02
     0.2947119E+02     0.5591004E+02
     0.2945242E+02     0.5590457E+02
     0.2943062E+02     0.5589918E+02
     0.2941360E+02     0.5589622E+02
     0.2941105E+02     0.5588430E+02
     0.2940834E+02     0.5587068E+02
     0.2939675E+02     0.5585987E+02
     0.2939229E+02     0.5582575E+02
     0.2938708E+02     0.5581819E+02
     0.2937695E+02     0.5580648E+02
     0.2936993E+02     0.5579554E+02
     0.2937064E+02     0.5578610E+02
     0.2936984E+02     0.5577671E+02
     0.2936608E+02     0.5576825E+02
     0.2936620E+02     0.5576731E+02
     0.2936635E+02     0.5576637E+02
     0.2936653E+02     0.5576543E+02
     0.2936674E+02     0.5576449E+02
     0.2936699E+02     0.5576356E+02
     0.2936727E+02     0.5576263E+02
     0.2936757E+02     0.5576170E+02
     0.2936791E+02     0.5576078E+02
     0.2936828E+02     0.5575986E+02
     0.2936868E+02     0.5575895E+02
     0.2936911E+02     0.5575803E+02
     0.2936958E+02     0.5575713E+02
     0.2937007E+02     0.5575623E+02
     0.2937059E+02     0.5575533E+02
     0.2937114E+02     0.5575444E+02
     0.2937172E+02     0.5575355E+02
     0.2937234E+02     0.5575267E+02
     0.2939003E+02     0.5574773E+02
     0.2940936E+02     0.5574122E+02
     0.2942259E+02     0.5574086E+02
     0.2944523E+02     0.5572676E+02
     0.2946793E+02     0.5571341E+02
     0.2948433E+02     0.5570397E+02
     0.2950131E+02     0.5570125E+02
     0.2952180E+02     0.5570815E+02
     0.2954270E+02     0.5571953E+02
     0.2956704E+02     0.5572482E+02
     0.2958074E+02     0.5572966E+02
     0.2958711E+02     0.5574146E+02
     0.2959396E+02     0.5575847E+02
     0.2960286E+02     0.5576869E+02
     0.2962360E+02     0.5577781E+02
     0.2965851E+02     0.5578203E+02
     0.2966841E+02     0.5578848E+02
     0.2968458E+02     0.5579099E+02
     0.2970591E+02     0.5579185E+02
     0.2971797E+02     0.5579299E+02
     0.2972906E+02     0.5579790E+02
     0.2973457E+02     0.5579998E+02
     0.2975075E+02     0.5580249E+02
     0.2975981E+02     0.5579997E+02
     0.2976794E+02     0.5578775E+02
     0.2976688E+02     0.5577656E+02
     0.2978144E+02     0.5577612E+02
     0.2980269E+02     0.5577622E+02
     0.2981246E+02     0.5578116E+02
     0.2981179E+02     0.5578792E+02
     0.2981222E+02     0.5579239E+02
     0.2981920E+02     0.5579592E+02
     0.2983023E+02     0.5580008E+02
     0.2983647E+02     0.5580961E+02
     0.2983970E+02     0.5581550E+02
     0.2984808E+02     0.5581973E+02
     0.2986641E+02     0.5583039E+02
     0.2987133E+02     0.5583997E+02
     0.2988009E+02     0.5584793E+02
     0.2990323E+02     0.5585320E+02
     0.2992327E+02     0.5585406E+02
     0.2994161E+02     0.5585124E+02
     0.2996446E+02     0.5585352E+02
     0.2999916E+02     0.5585466E+02
     0.3000000E+02     0.5585450E+02
     0.3002921E+02     0.5584920E+02
     0.3004599E+02     0.5584417E+02
     0.3006330E+02     0.5584436E+02
     0.3008592E+02     0.5584437E+02
     0.3010223E+02     0.5583485E+02
     0.3011650E+02     0.5583139E+02
     0.3013817E+02     0.5583517E+02
     0.3016071E+02     0.5584715E+02
     0.3020121E+02     0.5586526E+02
     0.3022283E+02     0.5586827E+02
     0.3025466E+02     0.5586720E+02
     0.3026768E+02     0.5586451E+02
     0.3028585E+02     0.5586015E+02
     0.3028870E+02     0.5584957E+02
     0.3028516E+02     0.5584146E+02
     0.3028608E+02     0.5583768E+02
     0.3029363E+02     0.5583368E+02
     0.3030383E+02     0.5582959E+02
     0.3032230E+02     0.5582820E+02
     0.3034358E+02     0.5582822E+02
     0.3035493E+02     0.5582258E+02
     0.3036934E+02     0.5582058E+02
     0.3038979E+02     0.5581313E+02
     0.3040651E+02     0.5580805E+02
     0.3043300E+02     0.5580712E+02
     0.3045311E+02     0.5580865E+02
     0.3046909E+02     0.5580883E+02
     0.3048886E+02     0.5580738E+02
     0.3050382E+02     0.5579860E+02
     0.3050811E+02     0.5578946E+02
     0.3051171E+02     0.5577436E+02
     0.3051671E+02     0.5575995E+02
     0.3053156E+02     0.5575043E+02
     0.3055733E+02     0.5574350E+02
     0.3059046E+02     0.5574304E+02
     0.3061532E+02     0.5573988E+02
     0.3063014E+02     0.5573034E+02
     0.3063809E+02     0.5571881E+02
     0.3065123E+02     0.5570634E+02
     0.3065564E+02     0.5569869E+02
     0.3064720E+02     0.5569451E+02
     0.3064018E+02     0.5567979E+02
     0.3064565E+02     0.5566985E+02
     0.3065560E+02     0.5566424E+02
     0.3067381E+02     0.5566131E+02
     0.3067540E+02     0.5565226E+02
     0.3068138E+02     0.5564680E+02
     0.3068929E+02     0.5564650E+02
     0.3070415E+02     0.5564894E+02
     0.3071576E+02     0.5565749E+02
     0.3072666E+02     0.5566008E+02
     0.3073581E+02     0.5565898E+02
     0.3074547E+02     0.5565112E+02
     0.3075917E+02     0.5563262E+02
     0.3076012E+02     0.5561835E+02
     0.3076097E+02     0.5560334E+02
     0.3076667E+02     0.5559563E+02
     0.3077422E+02     0.5559234E+02
     0.3078730E+02     0.5559109E+02
     0.3080768E+02     0.5559555E+02
     0.3082728E+02     0.5560454E+02
     0.3084835E+02     0.5562545E+02
     0.3085830E+02     0.5563106E+02
     0.3088684E+02     0.5562620E+02
     0.3091800E+02     0.5562123E+02
     0.3093994E+02     0.5561662E+02
     0.3095219E+02     0.5560864E+02
     0.3095626E+02     0.5559874E+02
     0.3095516E+02     0.5558979E+02
     0.3095613E+02     0.5557627E+02
     0.3096472E+02     0.5556019E+02
     0.3096211E+02     0.5554980E+02
     0.3094926E+02     0.5554207E+02
     0.3093492E+02     0.5553289E+02
     0.3093513E+02     0.5552390E+02
     0.3094870E+02     0.5550537E+02
     0.3095651E+02     0.5549382E+02
     0.3095165E+02     0.5548652E+02
     0.3093797E+02     0.5548257E+02
     0.3091097E+02     0.5547764E+02
     0.3090322E+02     0.5546820E+02
     0.3090195E+02     0.5545776E+02
     0.3091334E+02     0.5544307E+02
     0.3093339E+02     0.5541305E+02
     0.3093567E+02     0.5539947E+02
     0.3092860E+02     0.5538476E+02
     0.3090609E+02     0.5537291E+02
     0.3089069E+02     0.5536527E+02
     0.3089128E+02     0.5535925E+02
     0.3087868E+02     0.5535300E+02
     0.3084005E+02     0.5533803E+02
     0.3082892E+02     0.5532197E+02
     0.3082998E+02     0.5529795E+02
     0.3083031E+02     0.5528969E+02
     0.3084852E+02     0.5528823E+02
     0.3087714E+02     0.5527511E+02
     0.3090583E+02     0.5526274E+02
     0.3091100E+02     0.5525129E+02
     0.3091620E+02     0.5522934E+02
     0.3093005E+02     0.5521380E+02
     0.3094676E+02     0.5520039E+02
     0.3098442E+02     0.5518688E+02
     0.3099114E+02     0.5517762E+02
     0.3099170E+02     0.5517160E+02
     0.3098493E+02     0.5515912E+02
     0.3098634E+02     0.5514932E+02
     0.3099891E+02     0.5514507E+02
     0.3102374E+02     0.5514481E+02
     0.3103128E+02     0.5514225E+02
     0.3103036E+02     0.5513479E+02
     0.3100618E+02     0.5512977E+02
     0.3099736E+02     0.5512188E+02
     0.3099598E+02     0.5511069E+02
     0.3099767E+02     0.5509263E+02
     0.3100809E+02     0.5508171E+02
     0.3102054E+02     0.5507671E+02
     0.3102603E+02     0.5506823E+02
     0.3102678E+02     0.5505321E+02
     0.3102096E+02     0.5503698E+02
     0.3100444E+02     0.5502793E+02
     0.3097074E+02     0.5502929E+02
     0.3094655E+02     0.5503292E+02
     0.3093376E+02     0.5502901E+02
     0.3093105E+02     0.5501939E+02
     0.3093785E+02     0.5501204E+02
     0.3095548E+02     0.5500514E+02
     0.3096325E+02     0.5500000E+02
     0.3096325E+02     0.5500000E+02
     0.3096402E+02     0.5499949E+02
     0.3095639E+02     0.5498742E+02
     0.3094625E+02     0.5497987E+02
     0.3094813E+02     0.5497006E+02
     0.3095054E+02     0.5496466E+02
     0.3094378E+02     0.5495962E+02
     0.3089837E+02     0.5495259E+02
     0.3086156E+02     0.5495317E+02
     0.3083767E+02     0.5494615E+02
     0.3083326E+02     0.5493483E+02
     0.3083943E+02     0.5492221E+02
     0.3084081E+02     0.5490800E+02
     0.3082505E+02     0.5487855E+02
     0.3081089E+02     0.5487557E+02
     0.3079979E+02     0.5487247E+02
     0.3079050E+02     0.5485868E+02
     0.3077326E+02     0.5482928E+02
     0.3076541E+02     0.5481455E+02
     0.3076002E+02     0.5480769E+02
     0.3076824E+02     0.5479940E+02
     0.3078337E+02     0.5479793E+02
     0.3080917E+02     0.5479604E+02
     0.3083445E+02     0.5478973E+02
     0.3085421E+02     0.5477568E+02
     0.3087427E+02     0.5476427E+02
     0.3090944E+02     0.5475136E+02
     0.3093425E+02     0.5474152E+02
     0.3095416E+02     0.5472921E+02
     0.3096732E+02     0.5472425E+02
     0.3099101E+02     0.5471798E+02
     0.3100469E+02     0.5471742E+02
     0.3101719E+02     0.5470718E+02
     0.3100689E+02     0.5469787E+02
     0.3099237E+02     0.5467900E+02
     0.3099357E+02     0.5467630E+02
     0.3099769E+02     0.5467259E+02
     0.3101310E+02     0.5467373E+02
     0.3103002E+02     0.5467480E+02
     0.3104641E+02     0.5467147E+02
     0.3106756E+02     0.5466971E+02
     0.3107256E+02     0.5467304E+02
     0.3108015E+02     0.5467273E+02
     0.3109175E+02     0.5466782E+02
     0.3110054E+02     0.5466480E+02
     0.3111042E+02     0.5467058E+02
     0.3112149E+02     0.5467365E+02
     0.3115305E+02     0.5466967E+02
     0.3116498E+02     0.5466740E+02
     0.3117768E+02     0.5467129E+02
     0.3118831E+02     0.5467084E+02
     0.3120823E+02     0.5465937E+02
     0.3121245E+02     0.5465654E+02
     0.3120830E+02     0.5464786E+02
     0.3121629E+02     0.5463867E+02
     0.3120865E+02     0.5462661E+02
     0.3119951E+02     0.5461461E+02
     0.3117820E+02     0.5459073E+02
     0.3116638E+02     0.5458150E+02
     0.3116028E+02     0.5456937E+02
     0.3115171E+02     0.5456176E+02
     0.3114174E+02     0.5455511E+02
     0.3113274E+02     0.5454398E+02
     0.3111368E+02     0.5452531E+02
     0.3109594E+02     0.5451720E+02
     0.3108880E+02     0.5450866E+02
     0.3108793E+02     0.5450161E+02
     0.3110229E+02     0.5449482E+02
     0.3112476E+02     0.5449210E+02
     0.3113782E+02     0.5448713E+02
     0.3115811E+02     0.5447918E+02
     0.3119277E+02     0.5447683E+02
     0.3121035E+02     0.5447165E+02
     0.3123689E+02     0.5446520E+02
     0.3124450E+02     0.5445336E+02
     0.3124131E+02     0.5444022E+02
     0.3124355E+02     0.5443393E+02
     0.3125775E+02     0.5442624E+02
     0.3127603E+02     0.5441482E+02
     0.3128061E+02     0.5440311E+02
     0.3127959E+02     0.5439519E+02
     0.3127405E+02     0.5438580E+02
     0.3127711E+02     0.5437873E+02
     0.3128550E+02     0.5437222E+02
     0.3130418E+02     0.5436370E+02
     0.3131057E+02     0.5435188E+02
     0.3131384E+02     0.5433635E+02
     0.3130278E+02     0.5433221E+02
     0.3130199E+02     0.5432609E+02
     0.3130906E+02     0.5431963E+02
     0.3132248E+02     0.5431134E+02
     0.3132643E+02     0.5430116E+02
     0.3132375E+02     0.5429051E+02
     0.3132168E+02     0.5427444E+02
     0.3132152E+02     0.5426290E+02
     0.3132335E+02     0.5425666E+02
     0.3133543E+02     0.5424844E+02
     0.3135705E+02     0.5424286E+02
     0.3137726E+02     0.5423658E+02
     0.3140249E+02     0.5422853E+02
     0.3144469E+02     0.5420970E+02
     0.3148574E+02     0.5419245E+02
     0.3150080E+02     0.5418715E+02
     0.3150249E+02     0.5418014E+02
     0.3149435E+02     0.5416820E+02
     0.3150548E+02     0.5416307E+02
     0.3152504E+02     0.5416218E+02
     0.3154800E+02     0.5415728E+02
     0.3155932E+02     0.5415368E+02
     0.3157343E+02     0.5414148E+02
     0.3158625E+02     0.5413935E+02
     0.3160762E+02     0.5414221E+02
     0.3162867E+02     0.5414277E+02
     0.3164921E+02     0.5413950E+02
     0.3167022E+02     0.5413005E+02
     0.3168308E+02     0.5411866E+02
     0.3169136E+02     0.5411211E+02
     0.3169996E+02     0.5410786E+02
     0.3171610E+02     0.5411094E+02
     0.3176164E+02     0.5411802E+02
     0.3177987E+02     0.5411715E+02
     0.3178585E+02     0.5411301E+02
     0.3178739E+02     0.5410524E+02
     0.3177116E+02     0.5409216E+02
     0.3176782E+02     0.5408692E+02
     0.3177521E+02     0.5408349E+02
     0.3181087E+02     0.5408563E+02
     0.3181445E+02     0.5408315E+02
     0.3181598E+02     0.5407537E+02
     0.3181513E+02     0.5406925E+02
     0.3181786E+02     0.5406065E+02
     0.3182935E+02     0.5405855E+02
     0.3184387E+02     0.5405939E+02
     0.3186207E+02     0.5405851E+02
     0.3186522E+02     0.5405296E+02
     0.3187497E+02     0.5404787E+02
     0.3188765E+02     0.5404494E+02
     0.3189318E+02     0.5403774E+02
     0.3188971E+02     0.5403175E+02
     0.3188474E+02     0.5402428E+02
     0.3186775E+02     0.5401510E+02
     0.3186365E+02     0.5400452E+02
     0.3186420E+02     0.5399910E+02
     0.3185956E+02     0.5398469E+02
     0.3186357E+02     0.5397602E+02
     0.3187061E+02     0.5397029E+02
     0.3186954E+02     0.5396264E+02
     0.3185409E+02     0.5395492E+02
     0.3185204E+02     0.5394962E+02
     0.3185291E+02     0.5394650E+02
     0.3185206E+02     0.5394038E+02
     0.3184710E+02     0.5393292E+02
     0.3183965E+02     0.5392635E+02
     0.3183212E+02     0.5390977E+02
     0.3183042E+02     0.5389753E+02
     0.3182893E+02     0.5388681E+02
     0.3182171E+02     0.5388177E+02
     0.3182076E+02     0.5387489E+02
     0.3181647E+02     0.5386277E+02
     0.3180191E+02     0.5386116E+02
     0.3179222E+02     0.5385701E+02
     0.3178728E+02     0.5384954E+02
     0.3179084E+02     0.5384706E+02
     0.3179507E+02     0.5383992E+02
     0.3178877E+02     0.5383806E+02
     0.3177568E+02     0.5383799E+02
     0.3176585E+02     0.5383564E+02
     0.3176980E+02     0.5382983E+02
     0.3176846E+02     0.5382005E+02
     0.3177624E+02     0.5381616E+02
     0.3177576E+02     0.5381267E+02
     0.3176957E+02     0.5381086E+02
     0.3176979E+02     0.5380381E+02
     0.3176695E+02     0.5380044E+02
     0.3177020E+02     0.5379817E+02
     0.3177846E+02     0.5379777E+02
     0.3178386E+02     0.5380243E+02
     0.3178414E+02     0.5380453E+02
     0.3179113E+02     0.5380349E+02
     0.3179534E+02     0.5380821E+02
     0.3180558E+02     0.5380490E+02
     0.3180940E+02     0.5380682E+02
     0.3181355E+02     0.5380241E+02
     0.3181935E+02     0.5380142E+02
     0.3182908E+02     0.5380306E+02
     0.3185160E+02     0.5379423E+02
     0.3186370E+02     0.5378731E+02
     0.3187402E+02     0.5378469E+02
     0.3188483E+02     0.5378557E+02
     0.3189604E+02     0.5378080E+02
     0.3190262E+02     0.5377696E+02
     0.3190449E+02     0.5378179E+02
     0.3192090E+02     0.5378872E+02
     0.3193505E+02     0.5378801E+02
     0.3194773E+02     0.5378528E+02
     0.3195254E+02     0.5378574E+02
     0.3196532E+02     0.5379214E+02
     0.3197476E+02     0.5379167E+02
     0.3198645E+02     0.5379038E+02
     0.3199227E+02     0.5379783E+02
     0.3200122E+02     0.5380231E+02
     0.3201636E+02     0.5380014E+02
     0.3203543E+02     0.5380059E+02
     0.3205275E+02     0.5380534E+02
     0.3207310E+02     0.5380643E+02
     0.3209946E+02     0.5380790E+02
     0.3211207E+02     0.5381289E+02
     0.3211827E+02     0.5381468E+02
     0.3213145E+02     0.5381542E+02
     0.3214459E+02     0.5380771E+02
     0.3216546E+02     0.5379609E+02
     0.3219248E+02     0.5379399E+02
     0.3220822E+02     0.5379600E+02
     0.3221155E+02     0.5379442E+02
     0.3221908E+02     0.5378910E+02
     0.3222235E+02     0.5377908E+02
     0.3222711E+02     0.5377110E+02
     0.3224222E+02     0.5376891E+02
     0.3226062E+02     0.5377287E+02
     0.3227539E+02     0.5377632E+02
     0.3227990E+02     0.5377468E+02
     0.3228752E+02     0.5377006E+02
     0.3229407E+02     0.5376620E+02
     0.3230682E+02     0.5376412E+02
     0.3231530E+02     0.5375734E+02
     0.3231703E+02     0.5375303E+02
     0.3232860E+02     0.5375101E+02
     0.3234176E+02     0.5375172E+02
     0.3235440E+02     0.5374895E+02
     0.3235858E+02     0.5374520E+02
     0.3236150E+02     0.5373309E+02
     0.3236751E+02     0.5372573E+02
     0.3237329E+02     0.5372472E+02
     0.3240773E+02     0.5373274E+02
     0.3242078E+02     0.5373274E+02
     0.3243598E+02     0.5373122E+02
     0.3244689E+02     0.5373275E+02
     0.3245909E+02     0.5373491E+02
     0.3246583E+02     0.5373243E+02
     0.3247289E+02     0.5372431E+02
     0.3249128E+02     0.5371276E+02
     0.3250550E+02     0.5370495E+02
     0.3250667E+02     0.5369715E+02
     0.3250409E+02     0.5368814E+02
     0.3248720E+02     0.5367850E+02
     0.3247416E+02     0.5367850E+02
     0.3246358E+02     0.5367133E+02
     0.3243975E+02     0.5366276E+02
     0.3242214E+02     0.5364822E+02
     0.3242150E+02     0.5364404E+02
     0.3243037E+02     0.5364004E+02
     0.3244158E+02     0.5364366E+02
     0.3244841E+02     0.5364189E+02
     0.3244692E+02     0.5363211E+02
     0.3243914E+02     0.5360438E+02
     0.3244512E+02     0.5358928E+02
     0.3245195E+02     0.5357976E+02
     0.3247476E+02     0.5356657E+02
     0.3247977E+02     0.5356066E+02
     0.3247966E+02     0.5355222E+02
     0.3251162E+02     0.5354485E+02
     0.3253780E+02     0.5353075E+02
     0.3256355E+02     0.5352160E+02
     0.3260027E+02     0.5351464E+02
     0.3260376E+02     0.5350671E+02
     0.3260278E+02     0.5350043E+02
     0.3260351E+02     0.5349757E+02
     0.3260338E+02     0.5348913E+02
     0.3260858E+02     0.5348462E+02
     0.3262496E+02     0.5348371E+02
     0.3263296E+02     0.5348960E+02
     0.3263884E+02     0.5349702E+02
     0.3265278E+02     0.5349554E+02
     0.3265976E+02     0.5348740E+02
     0.3265388E+02     0.5347998E+02
     0.3265385E+02     0.5347224E+02
     0.3266328E+02     0.5346468E+02
     0.3267987E+02     0.5346516E+02
     0.3273388E+02     0.5346352E+02
     0.3276100E+02     0.5346340E+02
     0.3276946E+02     0.5345729E+02
     0.3277080E+02     0.5345087E+02
     0.3275978E+02     0.5344094E+02
     0.3275299E+02     0.5342794E+02
     0.3275100E+02     0.5341538E+02
     0.3275918E+02     0.5340013E+02
     0.3275829E+02     0.5339455E+02
     0.3275051E+02     0.5339006E+02
     0.3273668E+02     0.5338451E+02
     0.3272979E+02     0.5337082E+02
     0.3272953E+02     0.5336168E+02
     0.3274037E+02     0.5334838E+02
     0.3274498E+02     0.5334038E+02
     0.3273888E+02     0.5333157E+02
     0.3272878E+02     0.5332721E+02
     0.3269709E+02     0.5332759E+02
     0.3267611E+02     0.5332878E+02
     0.3266722E+02     0.5333209E+02
     0.3266372E+02     0.5333229E+02
     0.3265246E+02     0.5332799E+02
     0.3264109E+02     0.5332299E+02
     0.3263676E+02     0.5332535E+02
     0.3263370E+02     0.5332833E+02
     0.3262564E+02     0.5332949E+02
     0.3261789E+02     0.5332499E+02
     0.3261564E+02     0.5331808E+02
     0.3261838E+02     0.5331300E+02
     0.3261594E+02     0.5331243E+02
     0.3259493E+02     0.5330585E+02
     0.3258613E+02     0.5330212E+02
     0.3257096E+02     0.5329521E+02
     0.3256164E+02     0.5329573E+02
     0.3254787E+02     0.5329790E+02
     0.3253642E+02     0.5329219E+02
     0.3252689E+02     0.5329131E+02
     0.3251767E+02     0.5329252E+02
     0.3251206E+02     0.5329424E+02
     0.3250708E+02     0.5329240E+02
     0.3250771E+02     0.5328110E+02
     0.3250771E+02     0.5328110E+02
     0.3251260E+02     0.5326905E+02
     0.3250568E+02     0.5325645E+02
     0.3247736E+02     0.5322905E+02
     0.3245486E+02     0.5321230E+02
     0.3243717E+02     0.5319978E+02
     0.3241214E+02     0.5318816E+02
     0.3238509E+02     0.5318512E+02
     0.3236524E+02     0.5318020E+02
     0.3235440E+02     0.5316880E+02
     0.3234232E+02     0.5314898E+02
     0.3233133E+02     0.5314208E+02
     0.3230787E+02     0.5312936E+02
     0.3228595E+02     0.5312703E+02
     0.3226245E+02     0.5312529E+02
     0.3225163E+02     0.5311937E+02
     0.3224553E+02     0.5311171E+02
     0.3223467E+02     0.5309980E+02
     0.3221935E+02     0.5309711E+02
     0.3220550E+02     0.5309884E+02
     0.3219022E+02     0.5310213E+02
     0.3218088E+02     0.5310063E+02
     0.3217075E+02     0.5309367E+02
     0.3216296E+02     0.5308559E+02
     0.3215538E+02     0.5307900E+02
     0.3214117E+02     0.5307824E+02
     0.3209221E+02     0.5307779E+02
     0.3206438E+02     0.5308022E+02
     0.3203875E+02     0.5308652E+02
     0.3202058E+02     0.5309294E+02
     0.3200673E+02     0.5309465E+02
     0.3199026E+02     0.5308950E+02
     0.3197057E+02     0.5308500E+02
     0.3195561E+02     0.5308476E+02
     0.3194341E+02     0.5308638E+02
     0.3193044E+02     0.5308852E+02
     0.3192407E+02     0.5309633E+02
     0.3191927E+02     0.5310356E+02
     0.3191405E+02     0.5310781E+02
     0.3190266E+02     0.5310938E+02
     0.3189278E+02     0.5310987E+02
     0.3187370E+02     0.5310983E+02
     0.3184755E+02     0.5311262E+02
     0.3182763E+02     0.5311860E+02
     0.3180338E+02     0.5315372E+02
     0.3178863E+02     0.5317340E+02
     0.3178043E+02     0.5318029E+02
     0.3175537E+02     0.5319149E+02
     0.3172171E+02     0.5320061E+02
     0.3168129E+02     0.5320904E+02
     0.3163783E+02     0.5321960E+02
     0.3162511E+02     0.5321772E+02
     0.3161098E+02     0.5321140E+02
     0.3160259E+02     0.5320398E+02
     0.3160112E+02     0.5319908E+02
     0.3158504E+02     0.5318992E+02
     0.3153672E+02     0.5319318E+02
     0.3149541E+02     0.5319958E+02
     0.3146704E+02     0.5320387E+02
     0.3143949E+02     0.5320812E+02
     0.3142686E+02     0.5320622E+02
     0.3141801E+02     0.5320167E+02
     0.3141871E+02     0.5319419E+02
     0.3142320E+02     0.5318406E+02
     0.3142220E+02     0.5317617E+02
     0.3141943E+02     0.5316737E+02
     0.3141482E+02     0.5316361E+02
     0.3138883E+02     0.5314743E+02
     0.3137875E+02     0.5313946E+02
     0.3137700E+02     0.5313210E+02
     0.3139215E+02     0.5312148E+02
     0.3140351E+02     0.5311352E+02
     0.3140573E+02     0.5310498E+02
     0.3139823E+02     0.5309789E+02
     0.3137548E+02     0.5309396E+02
     0.3135217E+02     0.5309205E+02
     0.3134386E+02     0.5308498E+02
     0.3134144E+02     0.5307220E+02
     0.3133795E+02     0.5305747E+02
     0.3132817E+02     0.5303856E+02
     0.3131717E+02     0.5303608E+02
     0.3129255E+02     0.5303670E+02
     0.3127033E+02     0.5303671E+02
     0.3125681E+02     0.5303384E+02
     0.3125456E+02     0.5302898E+02
     0.3126250E+02     0.5302664E+02
     0.3129125E+02     0.5301294E+02
     0.3131469E+02     0.5300296E+02
     0.3132376E+02     0.5299659E+02
     0.3133881E+02     0.5299194E+02
     0.3135385E+02     0.5298729E+02
     0.3136808E+02     0.5297622E+02
     0.3137445E+02     0.5296153E+02
     0.3137974E+02     0.5295782E+02
     0.3138955E+02     0.5295092E+02
     0.3138780E+02     0.5294355E+02
     0.3138927E+02     0.5292910E+02
     0.3140184E+02     0.5291810E+02
     0.3146642E+02     0.5287094E+02
     0.3148466E+02     0.5285967E+02
     0.3150397E+02     0.5285678E+02
     0.3152704E+02     0.5285768E+02
     0.3154377E+02     0.5285435E+02
     0.3154621E+02     0.5284559E+02
     0.3154501E+02     0.5283628E+02
     0.3154107E+02     0.5282423E+02
     0.3155604E+02     0.5281127E+02
     0.3158145E+02     0.5279638E+02
     0.3159568E+02     0.5278706E+02
     0.3160046E+02     0.5277818E+02
     0.3159997E+02     0.5276524E+02
     0.3160320E+02     0.5275356E+02
     0.3161067E+02     0.5273808E+02
     0.3160158E+02     0.5273203E+02
     0.3158067E+02     0.5271718E+02
     0.3156721E+02     0.5270486E+02
     0.3155850E+02     0.5270167E+02
     0.3152948E+02     0.5269728E+02
     0.3151442E+02     0.5269079E+02
     0.3151604E+02     0.5268496E+02
     0.3153504E+02     0.5266677E+02
     0.3154689E+02     0.5265756E+02
     0.3156794E+02     0.5263711E+02
     0.3157479E+02     0.5262598E+02
     0.3157464E+02     0.5260653E+02
     0.3157588E+02     0.5259783E+02
     0.3158959E+02     0.5258493E+02
     0.3161458E+02     0.5256787E+02
     0.3164230E+02     0.5256293E+02
     0.3166787E+02     0.5255953E+02
     0.3167562E+02     0.5255555E+02
     0.3167703E+02     0.5254828E+02
     0.3166777E+02     0.5254081E+02
     0.3165702E+02     0.5253989E+02
     0.3162865E+02     0.5253982E+02
     0.3161654E+02     0.5253753E+02
     0.3160983E+02     0.5253136E+02
     0.3160600E+02     0.5252002E+02
     0.3160461E+02     0.5250928E+02
     0.3161134E+02     0.5249743E+02
     0.3162861E+02     0.5248507E+02
     0.3162966E+02     0.5247493E+02
     0.3161654E+02     0.5246476E+02
     0.3161055E+02     0.5245497E+02
     0.3161215E+02     0.5244913E+02
     0.3161699E+02     0.5244097E+02
     0.3161236E+02     0.5243254E+02
     0.3160980E+02     0.5242186E+02
     0.3161248E+02     0.5241525E+02
     0.3161689E+02     0.5241288E+02
     0.3162949E+02     0.5241010E+02
     0.3163595E+02     0.5240547E+02
     0.3163606E+02     0.5238817E+02
     0.3163486E+02     0.5236085E+02
     0.3163371E+02     0.5234290E+02
     0.3162690E+02     0.5233566E+02
     0.3161327E+02     0.5232896E+02
     0.3160911E+02     0.5231996E+02
     0.3161581E+02     0.5230215E+02
     0.3162897E+02     0.5229370E+02
     0.3164922E+02     0.5229363E+02
     0.3165638E+02     0.5229098E+02
     0.3165891E+02     0.5228165E+02
     0.3166827E+02     0.5227292E+02
     0.3168547E+02     0.5227253E+02
     0.3170601E+02     0.5227474E+02
     0.3171203E+02     0.5227491E+02
     0.3171765E+02     0.5226635E+02
     0.3171606E+02     0.5224849E+02
     0.3171824E+02     0.5223090E+02
     0.3171704E+02     0.5222175E+02
     0.3170491E+02     0.5220349E+02
     0.3170253E+02     0.5219671E+02
     0.3171011E+02     0.5219173E+02
     0.3172269E+02     0.5219065E+02
     0.3173923E+02     0.5219121E+02
     0.3175988E+02     0.5218880E+02
     0.3177965E+02     0.5218551E+02
     0.3178730E+02     0.5217547E+02
     0.3178759E+02     0.5216073E+02
     0.3178932E+02     0.5213994E+02
     0.3179888E+02     0.5212750E+02
     0.3180497E+02     0.5211707E+02
     0.3179680E+02     0.5210737E+02
     0.3174739E+02     0.5209539E+02
     0.3171693E+02     0.5209985E+02
     0.3170468E+02     0.5210373E+02
     0.3165924E+02     0.5210888E+02
     0.3160900E+02     0.5211352E+02
     0.3154700E+02     0.5211871E+02
     0.3150224E+02     0.5212012E+02
     0.3149058E+02     0.5212141E+02
     0.3146627E+02     0.5213494E+02
     0.3144682E+02     0.5214022E+02
     0.3142212E+02     0.5214139E+02
     0.3139536E+02     0.5213537E+02
     0.3138281E+02     0.5211994E+02
     0.3137677E+02     0.5210931E+02
     0.3135626E+02     0.5210590E+02
     0.3133304E+02     0.5209970E+02
     0.3132123E+02     0.5209006E+02
     0.3131650E+02     0.5207063E+02
     0.3131157E+02     0.5205921E+02
     0.3130573E+02     0.5205002E+02
     0.3129816E+02     0.5204600E+02
     0.3128003E+02     0.5204247E+02
     0.3126269E+02     0.5204545E+02
     0.3123456E+02     0.5205692E+02
     0.3120155E+02     0.5206715E+02
     0.3116861E+02     0.5207810E+02
     0.3115772E+02     0.5208586E+02
     0.3113743E+02     0.5209405E+02
     0.3111946E+02     0.5209194E+02
     0.3108915E+02     0.5208528E+02
     0.3104719E+02     0.5207985E+02
     0.3099710E+02     0.5207550E+02
     0.3097377E+02     0.5207796E+02
     0.3094139E+02     0.5207354E+02
     0.3094418E+02     0.5206687E+02
     0.3095283E+02     0.5205995E+02
     0.3095201E+02     0.5205272E+02
     0.3094682E+02     0.5204857E+02
     0.3093855E+02     0.5203802E+02
     0.3094376E+02     0.5203197E+02
     0.3094755E+02     0.5202381E+02
     0.3094010E+02     0.5202049E+02
     0.3090946E+02     0.5201017E+02
     0.3090201E+02     0.5200685E+02
     0.3089449E+02     0.5200280E+02
     0.3090573E+02     0.5199796E+02
     0.3091312E+02     0.5199037E+02
     0.3090552E+02     0.5198560E+02
     0.3089472E+02     0.5198388E+02
     0.3089876E+02     0.5197789E+02
     0.3090203E+02     0.5197557E+02
     0.3089904E+02     0.5196988E+02
     0.3088263E+02     0.5197057E+02
     0.3088081E+02     0.5196483E+02
     0.3087536E+02     0.5196870E+02
     0.3086509E+02     0.5196114E+02
     0.3084432E+02     0.5196493E+02
     0.3084485E+02     0.5195909E+02
     0.3083657E+02     0.5195871E+02
     0.3082865E+02     0.5195104E+02
     0.3081811E+02     0.5195148E+02
     0.3081731E+02     0.5194424E+02
     0.3081731E+02     0.5194424E+02
     0.3082361E+02     0.5193873E+02
     0.3083103E+02     0.5192339E+02
     0.3082274E+02     0.5191435E+02
     0.3080768E+02     0.5190447E+02
     0.3079579E+02     0.5190121E+02
     0.3077113E+02     0.5190337E+02
     0.3076093E+02     0.5190455E+02
     0.3075468E+02     0.5190293E+02
     0.3073327E+02     0.5187903E+02
     0.3072558E+02     0.5187521E+02
     0.3071934E+02     0.5187360E+02
     0.3071402E+02     0.5186931E+02
     0.3070633E+02     0.5184859E+02
     0.3070291E+02     0.5183934E+02
     0.3069595E+02     0.5183662E+02
     0.3067712E+02     0.5183627E+02
     0.3066698E+02     0.5183218E+02
     0.3066449E+02     0.5182589E+02
     0.3067396E+02     0.5181236E+02
     0.3067951E+02     0.5180199E+02
     0.3066851E+02     0.5178404E+02
     0.3066249E+02     0.5177865E+02
     0.3065936E+02     0.5177765E+02
     0.3064874E+02     0.5178034E+02
     0.3063207E+02     0.5177726E+02
     0.3062898E+02     0.5177100E+02
     0.3063028E+02     0.5176607E+02
     0.3063502E+02     0.5176513E+02
     0.3064286E+02     0.5176480E+02
     0.3064916E+02     0.5176718E+02
     0.3065619E+02     0.5176501E+02
     0.3065958E+02     0.5175699E+02
     0.3064959E+02     0.5174838E+02
     0.3064414E+02     0.5174244E+02
     0.3064414E+02     0.5174244E+02
     0.3063696E+02     0.5174224E+02
     0.3063371E+02     0.5173364E+02
     0.3063031E+02     0.5172360E+02
     0.3063421E+02     0.5171617E+02
     0.3062815E+02     0.5171423E+02
     0.3062179E+02     0.5170940E+02
     0.3060788E+02     0.5171069E+02
     0.3058464E+02     0.5171236E+02
     0.3057749E+02     0.5171119E+02
     0.3056835E+02     0.5170210E+02
     0.3056790E+02     0.5169776E+02
     0.3057778E+02     0.5169154E+02
     0.3058364E+02     0.5168040E+02
     0.3058164E+02     0.5167248E+02
     0.3058367E+02     0.5166949E+02
     0.3059099E+02     0.5166119E+02
     0.3058580E+02     0.5165631E+02
     0.3057829E+02     0.5165152E+02
     0.3056394E+02     0.5164846E+02
     0.3056326E+02     0.5164194E+02
     0.3057438E+02     0.5163641E+02
     0.3057370E+02     0.5162989E+02
     0.3056714E+02     0.5162634E+02
     0.3055766E+02     0.5162836E+02
     0.3054889E+02     0.5162872E+02
     0.3054422E+02     0.5162616E+02
     0.3054388E+02     0.5162289E+02
     0.3054810E+02     0.5162107E+02
     0.3054776E+02     0.5161779E+02
     0.3054111E+02     0.5161313E+02
     0.3053201E+02     0.5161020E+02
     0.3052268E+02     0.5160509E+02
     0.3051948E+02     0.5159974E+02
     0.3052495E+02     0.5159294E+02
     0.3053846E+02     0.5158747E+02
     0.3055150E+02     0.5158585E+02
     0.3055839E+02     0.5158448E+02
     0.3055839E+02     0.5158448E+02
     0.3055976E+02     0.5158252E+02
     0.3056117E+02     0.5158111E+02
     0.3055822E+02     0.5157968E+02
     0.3054626E+02     0.5157531E+02
     0.3053979E+02     0.5157286E+02
     0.3053836E+02     0.5156807E+02
     0.3054012E+02     0.5156102E+02
     0.3054751E+02     0.5155433E+02
     0.3055406E+02     0.5154554E+02
     0.3055617E+02     0.5154488E+02
     0.3057767E+02     0.5155138E+02
     0.3058641E+02     0.5155180E+02
     0.3059261E+02     0.5154864E+02
     0.3059466E+02     0.5154449E+02
     0.3059608E+02     0.5154016E+02
     0.3059148E+02     0.5153783E+02
     0.3058742E+02     0.5152869E+02
     0.3058465E+02     0.5152590E+02
     0.3057215E+02     0.5151924E+02
     0.3057129E+02     0.5151694E+02
     0.3058352E+02     0.5150909E+02
     0.3059324E+02     0.5150404E+02
     0.3059449E+02     0.5149818E+02
     0.3059389E+02     0.5148347E+02
     0.3059425E+02     0.5148094E+02
     0.3059748E+02     0.5147926E+02
     0.3061512E+02     0.5147583E+02
     0.3062549E+02     0.5147114E+02
     0.3062716E+02     0.5146332E+02
     0.3062393E+02     0.5145919E+02
     0.3060194E+02     0.5145951E+02
     0.3059731E+02     0.5145638E+02
     0.3059511E+02     0.5145580E+02
     0.3059180E+02     0.5144935E+02
     0.3059428E+02     0.5143938E+02
     0.3059314E+02     0.5142847E+02
     0.3060077E+02     0.5142596E+02
     0.3061869E+02     0.5142962E+02
     0.3063384E+02     0.5142352E+02
     0.3064166E+02     0.5140620E+02
     0.3064930E+02     0.5139547E+02
     0.3065233E+02     0.5139095E+02
     0.3066327E+02     0.5138667E+02
     0.3066345E+02     0.5138008E+02
     0.3065939E+02     0.5137476E+02
     0.3065102E+02     0.5137017E+02
     0.3064847E+02     0.5136260E+02
     0.3065104E+02     0.5135373E+02
     0.3066395E+02     0.5135155E+02
     0.3067150E+02     0.5134849E+02
     0.3067116E+02     0.5134522E+02
     0.3065542E+02     0.5133709E+02
     0.3065542E+02     0.5133709E+02
     0.3065170E+02     0.5133506E+02
     0.3063585E+02     0.5133406E+02
     0.3062465E+02     0.5132740E+02
     0.3060178E+02     0.5131791E+02
     0.3058972E+02     0.5131128E+02
     0.3057584E+02     0.5131239E+02
     0.3056724E+02     0.5131384E+02
     0.3056581E+02     0.5130841E+02
     0.3057471E+02     0.5130147E+02
     0.3058420E+02     0.5129177E+02
     0.3058296E+02     0.5127975E+02
     0.3057419E+02     0.5126257E+02
     0.3056394E+02     0.5125640E+02
     0.3055036E+02     0.5126024E+02
     0.3054320E+02     0.5126711E+02
     0.3053009E+02     0.5126709E+02
     0.3051972E+02     0.5127683E+02
     0.3050669E+02     0.5128612E+02
     0.3049433E+02     0.5128497E+02
     0.3048398E+02     0.5127771E+02
     0.3047250E+02     0.5127652E+02
     0.3045819E+02     0.5128202E+02
     0.3045913E+02     0.5129130E+02
     0.3046507E+02     0.5129819E+02
     0.3046393E+02     0.5130427E+02
     0.3045839E+02     0.5130997E+02
     0.3044614E+02     0.5130991E+02
     0.3042648E+02     0.5130575E+02
     0.3041695E+02     0.5130667E+02
     0.3041009E+02     0.5130804E+02
     0.3037698E+02     0.5132687E+02
     0.3035026E+02     0.5134873E+02
     0.3034633E+02     0.5135327E+02
     0.3034322E+02     0.5135723E+02
     0.3034545E+02     0.5136207E+02
     0.3035427E+02     0.5137160E+02
     0.3036211E+02     0.5138007E+02
     0.3036390E+02     0.5138932E+02
     0.3035876E+02     0.5139938E+02
     0.3035570E+02     0.5140388E+02
     0.3035045E+02     0.5141286E+02
     0.3032717E+02     0.5143458E+02
     0.3030338E+02     0.5145139E+02
     0.3028111E+02     0.5146593E+02
     0.3025636E+02     0.5148222E+02
     0.3024705E+02     0.5148586E+02
     0.3023590E+02     0.5148847E+02
     0.3021579E+02     0.5149854E+02
     0.3018507E+02     0.5150790E+02
     0.3016160E+02     0.5151041E+02
     0.3015274E+02     0.5150964E+02
     0.3013488E+02     0.5150646E+02
     0.3011974E+02     0.5150428E+02
     0.3008701E+02     0.5150163E+02
     0.3007301E+02     0.5150213E+02
     0.3006441E+02     0.5150409E+02
     0.3004850E+02     0.5150302E+02
     0.3002617E+02     0.5149888E+02
     0.3000000E+02     0.5148946E+02
     0.2995313E+02     0.5148722E+02
     0.2992945E+02     0.5148698E+02
     0.2990418E+02     0.5148409E+02
     0.2988862E+02     0.5147386E+02
     0.2988042E+02     0.5145907E+02
     0.2987689E+02     0.5144843E+02
     0.2987074E+02     0.5144702E+02
     0.2985451E+02     0.5144865E+02
     0.2982000E+02     0.5145791E+02
     0.2980860E+02     0.5145560E+02
     0.2980560E+02     0.5145086E+02
     0.2979998E+02     0.5144567E+02
     0.2978471E+02     0.5144833E+02
     0.2976682E+02     0.5146078E+02
     0.2974739E+02     0.5147542E+02
     0.2973886E+02     0.5149670E+02
     0.2973417E+02     0.5151246E+02
     0.2972861E+02     0.5151803E+02
     0.2971580E+02     0.5151953E+02
     0.2968700E+02     0.5151563E+02
     0.2965875E+02     0.5150794E+02
     0.2963526E+02     0.5150547E+02
     0.2962061E+02     0.5149518E+02
     0.2960113E+02     0.5147858E+02
     0.2959252E+02     0.5146809E+02
     0.2958267E+02     0.5146357E+02
     0.2956918E+02     0.5146722E+02
     0.2955591E+02     0.5147356E+02
     0.2954826E+02     0.5147488E+02
     0.2954220E+02     0.5147454E+02
     0.2953252E+02     0.5146139E+02
     0.2952946E+02     0.5144480E+02
     0.2952618E+02     0.5141476E+02
     0.2951871E+02     0.5140746E+02
     0.2950527E+02     0.5140089E+02
     0.2949493E+02     0.5140067E+02
     0.2948034E+02     0.5140113E+02
     0.2945875E+02     0.5141094E+02
     0.2944282E+02     0.5141628E+02
     0.2942761E+02     0.5141997E+02
     0.2940590E+02     0.5141740E+02
     0.2938969E+02     0.5140821E+02
     0.2937909E+02     0.5139346E+02
     0.2936225E+02     0.5138697E+02
     0.2934259E+02     0.5138864E+02
     0.2932265E+02     0.5139784E+02
     0.2931893E+02     0.5141679E+02
     0.2930718E+02     0.5144350E+02
     0.2928928E+02     0.5146878E+02
     0.2926342E+02     0.5149160E+02
     0.2926000E+02     0.5150354E+02
     0.2926555E+02     0.5152006E+02
     0.2927687E+02     0.5154448E+02
     0.2927424E+02     0.5155532E+02
     0.2926401E+02     0.5156853E+02
     0.2924655E+02     0.5157765E+02
     0.2922056E+02     0.5158809E+02
     0.2921323E+02     0.5159421E+02
     0.2921465E+02     0.5160171E+02
     0.2922670E+02     0.5161266E+02
     0.2922988E+02     0.5162064E+02
     0.2922864E+02     0.5162713E+02
     0.2920492E+02     0.5163373E+02
     0.2917531E+02     0.5164264E+02
     0.2916256E+02     0.5164569E+02
     0.2913157E+02     0.5164764E+02
     0.2911175E+02     0.5164873E+02
     0.2909470E+02     0.5164005E+02
     0.2908605E+02     0.5162791E+02
     0.2907377E+02     0.5161319E+02
     0.2901757E+02     0.5157544E+02
     0.2900810E+02     0.5156544E+02
     0.2899952E+02     0.5156567E+02
     0.2899209E+02     0.5158254E+02
     0.2896793E+02     0.5159272E+02
     0.2893246E+02     0.5159127E+02
     0.2891139E+02     0.5159063E+02
     0.2889155E+02     0.5157983E+02
     0.2886401E+02     0.5156804E+02
     0.2883370E+02     0.5155750E+02
     0.2882065E+02     0.5154770E+02
     0.2878670E+02     0.5149497E+02
     0.2878578E+02     0.5148070E+02
     0.2879879E+02     0.5146072E+02
     0.2880065E+02     0.5144520E+02
     0.2879973E+02     0.5143093E+02
     0.2878462E+02     0.5141821E+02
     0.2877314E+02     0.5141730E+02
     0.2875496E+02     0.5143086E+02
     0.2875221E+02     0.5144760E+02
     0.2874938E+02     0.5146315E+02
     0.2873925E+02     0.5146876E+02
     0.2872833E+02     0.5146188E+02
     0.2870830E+02     0.5144629E+02
     0.2868502E+02     0.5143972E+02
     0.2867763E+02     0.5144347E+02
     0.2867530E+02     0.5146734E+02
     0.2866970E+02     0.5148474E+02
     0.2865332E+02     0.5151311E+02
     0.2864537E+02     0.5152342E+02
     0.2864602E+02     0.5153413E+02
     0.2866219E+02     0.5154862E+02
     0.2867686E+02     0.5155423E+02
     0.2868486E+02     0.5155999E+02
     0.2868222E+02     0.5156362E+02
     0.2867859E+02     0.5156669E+02
     0.2865866E+02     0.5156895E+02
     0.2862862E+02     0.5156192E+02
     0.2861417E+02     0.5155988E+02
     0.2860078E+02     0.5155960E+02
     0.2854659E+02     0.5157991E+02
     0.2852403E+02     0.5158638E+02
     0.2850300E+02     0.5158625E+02
     0.2846824E+02     0.5157989E+02
     0.2843962E+02     0.5156385E+02
     0.2840425E+02     0.5154617E+02
     0.2839481E+02     0.5154816E+02
     0.2838827E+02     0.5155069E+02
     0.2837866E+02     0.5156697E+02
     0.2836419E+02     0.5158156E+02
     0.2834664E+02     0.5159265E+02
     0.2830990E+02     0.5162021E+02
     0.2829391E+02     0.5162531E+02
     0.2827137E+02     0.5163291E+02
     0.2826598E+02     0.5163957E+02
     0.2826821E+02     0.5164548E+02
     0.2828305E+02     0.5167256E+02
     0.2828639E+02     0.5168142E+02
     0.2828005E+02     0.5168810E+02
     0.2826350E+02     0.5168307E+02
     0.2824658E+02     0.5167092E+02
     0.2822024E+02     0.5166133E+02
     0.2819008E+02     0.5165181E+02
     0.2817800E+02     0.5164015E+02
     0.2816061E+02     0.5161787E+02
     0.2815270E+02     0.5161267E+02
     0.2814031E+02     0.5161351E+02
     0.2812679E+02     0.5161079E+02
     0.2811862E+02     0.5160023E+02
     0.2810950E+02     0.5158969E+02
     0.2810255E+02     0.5158447E+02
     0.2808829E+02     0.5158593E+02
     0.2807782E+02     0.5158673E+02
     0.2806805E+02     0.5158215E+02
     0.2805512E+02     0.5157168E+02
     0.2804246E+02     0.5156656E+02
     0.2802604E+02     0.5156269E+02
     0.2799919E+02     0.5156021E+02
     0.2795728E+02     0.5155849E+02
     0.2793943E+02     0.5156446E+02
     0.2792450E+02     0.5157489E+02
     0.2792516E+02     0.5158957E+02
     0.2792082E+02     0.5161394E+02
     0.2789055E+02     0.5162689E+02
     0.2786679E+02     0.5162334E+02
     0.2784507E+02     0.5160394E+02
     0.2783522E+02     0.5158603E+02
     0.2783251E+02     0.5156517E+02
     0.2784107E+02     0.5155373E+02
     0.2784068E+02     0.5154470E+02
     0.2782314E+02     0.5153708E+02
     0.2780182E+02     0.5152557E+02
     0.2778122E+02     0.5150953E+02
     0.2776996E+02     0.5150011E+02
     0.2776287E+02     0.5148215E+02
     0.2774991E+02     0.5147501E+02
     0.2773753E+02     0.5148199E+02
     0.2772000E+02     0.5149583E+02
     0.2768229E+02     0.5150320E+02
     0.2767528E+02     0.5150896E+02
     0.2767299E+02     0.5151973E+02
     0.2768145E+02     0.5152750E+02
     0.2767633E+02     0.5153549E+02
     0.2768668E+02     0.5154493E+02
     0.2772551E+02     0.5156409E+02
     0.2773436E+02     0.5158090E+02
     0.2773654E+02     0.5158990E+02
     0.2773634E+02     0.5160686E+02
     0.2773222E+02     0.5161709E+02
     0.2772064E+02     0.5162236E+02
     0.2770418E+02     0.5161923E+02
     0.2768241E+02     0.5161957E+02
     0.2766545E+02     0.5162661E+02
     0.2765014E+02     0.5162967E+02
     0.2763992E+02     0.5162361E+02
     0.2763169E+02     0.5162204E+02
     0.2762541E+02     0.5162383E+02
     0.2759688E+02     0.5163724E+02
     0.2757184E+02     0.5164721E+02
     0.2756173E+02     0.5164397E+02
     0.2756504E+02     0.5163545E+02
     0.2755146E+02     0.5163621E+02
     0.2753812E+02     0.5164374E+02
     0.2752923E+02     0.5164895E+02
     0.2753505E+02     0.5165904E+02
     0.2753167E+02     0.5166586E+02
     0.2752356E+02     0.5166767E+02
     0.2751326E+02     0.5165934E+02
     0.2751617E+02     0.5163953E+02
     0.2751026E+02     0.5162663E+02
     0.2749186E+02     0.5161954E+02
     0.2746733E+02     0.5161874E+02
     0.2745747E+02     0.5162227E+02
     0.2743690E+02     0.5163102E+02
     0.2742322E+02     0.5162894E+02
     0.2739772E+02     0.5162645E+02
     0.2737331E+02     0.5162902E+02
     0.2733508E+02     0.5162556E+02
     0.2728402E+02     0.5161771E+02
     0.2726192E+02     0.5160724E+02
     0.2725171E+02     0.5159946E+02
     0.2724259E+02     0.5159787E+02
     0.2723355E+02     0.5159911E+02
     0.2722645E+02     0.5160427E+02
     0.2723032E+02     0.5161213E+02
     0.2724317E+02     0.5161707E+02
     0.2724344E+02     0.5162610E+02
     0.2724552E+02     0.5163455E+02
     0.2725471E+02     0.5163839E+02
     0.2726692E+02     0.5165181E+02
     0.2727560E+02     0.5166808E+02
     0.2727398E+02     0.5167432E+02
     0.2726043E+02     0.5167673E+02
     0.2725042E+02     0.5167629E+02
     0.2723298E+02     0.5167028E+02
     0.2722205E+02     0.5166928E+02
     0.2720219E+02     0.5167346E+02
     0.2719877E+02     0.5168084E+02
     0.2719894E+02     0.5171755E+02
     0.2720017E+02     0.5175933E+02
     0.2719796E+02     0.5177687E+02
     0.2719182E+02     0.5178484E+02
     0.2717365E+02     0.5178617E+02
     0.2714355E+02     0.5178481E+02
     0.2712163E+02     0.5178222E+02
     0.2711626E+02     0.5178567E+02
     0.2710268E+02     0.5178864E+02
     0.2708906E+02     0.5178991E+02
     0.2706358E+02     0.5179073E+02
     0.2704261E+02     0.5178981E+02
     0.2703162E+02     0.5178766E+02
     0.2701704E+02     0.5178724E+02
     0.2700250E+02     0.5178851E+02
     0.2698392E+02     0.5177451E+02
     0.2697275E+02     0.5175900E+02
     0.2694666E+02     0.5175812E+02
     0.2692233E+02     0.5175555E+02
     0.2689370E+02     0.5176138E+02
     0.2684752E+02     0.5178744E+02
     0.2682968E+02     0.5179428E+02
     0.2681521E+02     0.5179105E+02
     0.2679438E+02     0.5178396E+02
     0.2677462E+02     0.5178523E+02
     0.2676673E+02     0.5179533E+02
     0.2674529E+02     0.5180330E+02
     0.2671053E+02     0.5182085E+02
     0.2670155E+02     0.5182203E+02
     0.2667367E+02     0.5182333E+02
     0.2666381E+02     0.5182619E+02
     0.2663061E+02     0.5183199E+02
     0.2661433E+02     0.5182763E+02
     0.2655197E+02     0.5181183E+02
     0.2651949E+02     0.5180532E+02
     0.2651140E+02     0.5180592E+02
     0.2648986E+02     0.5181050E+02
     0.2644794E+02     0.5183971E+02
     0.2641937E+02     0.5185938E+02
     0.2641228E+02     0.5186889E+02
     0.2640599E+02     0.5187059E+02
     0.2639695E+02     0.5186784E+02
     0.2637704E+02     0.5186012E+02
     0.2635092E+02     0.5186079E+02
     0.2633294E+02     0.5186365E+02
     0.2630686E+02     0.5186932E+02
     0.2630509E+02     0.5187212E+02
     0.2629972E+02     0.5187605E+02
     0.2629161E+02     0.5187607E+02
     0.2627713E+02     0.5186887E+02
     0.2625822E+02     0.5187061E+02
     0.2622312E+02     0.5187518E+02
     0.2619521E+02     0.5187972E+02
     0.2617905E+02     0.5188813E+02
     0.2617461E+02     0.5189819E+02
     0.2614848E+02     0.5190048E+02
     0.2613766E+02     0.5190162E+02
     0.2612599E+02     0.5190945E+02
     0.2610982E+02     0.5192120E+02
     0.2610262E+02     0.5192512E+02
     0.2609091E+02     0.5192793E+02
     0.2607014E+02     0.5192462E+02
     0.2604397E+02     0.5192131E+02
     0.2603387E+02     0.5192349E+02
     0.2601892E+02     0.5193046E+02
     0.2600170E+02     0.5193233E+02
     0.2598744E+02     0.5192216E+02
     0.2597545E+02     0.5191846E+02
     0.2596347E+02     0.5191709E+02
     0.2594625E+02     0.5192080E+02
     0.2592829E+02     0.5192590E+02
     0.2591256E+02     0.5192684E+02
     0.2589384E+02     0.5192406E+02
     0.2587886E+02     0.5192731E+02
     0.2586014E+02     0.5193008E+02
     0.2583167E+02     0.5193378E+02
     0.2582268E+02     0.5194118E+02
     0.2581593E+02     0.5194813E+02
     0.2580169E+02     0.5195182E+02
     0.2578446E+02     0.5194533E+02
     0.2577925E+02     0.5193282E+02
     0.2577177E+02     0.5192633E+02
     0.2574856E+02     0.5192261E+02
     0.2571114E+02     0.5191886E+02
     0.2568046E+02     0.5191418E+02
     0.2564375E+02     0.5191782E+02
     0.2559804E+02     0.5192327E+02
     0.2557405E+02     0.5192785E+02
     0.2554034E+02     0.5192868E+02
     0.2552760E+02     0.5193003E+02
     0.2550509E+02     0.5193506E+02
     0.2548713E+02     0.5193315E+02
     0.2546396E+02     0.5192751E+02
     0.2545499E+02     0.5192563E+02
     0.2544153E+02     0.5192373E+02
     0.2542204E+02     0.5192551E+02
     0.2539955E+02     0.5192773E+02
     0.2536948E+02     0.5193826E+02
     0.2535435E+02     0.5195116E+02
     0.2533926E+02     0.5195942E+02
     0.2531292E+02     0.5196856E+02
     0.2529784E+02     0.5197497E+02
     0.2528057E+02     0.5197720E+02
     0.2526116E+02     0.5197108E+02
     0.2522418E+02     0.5196928E+02
     0.2520361E+02     0.5197306E+02
     0.2517990E+02     0.5197488E+02
     0.2514209E+02     0.5196977E+02
     0.2509506E+02     0.5195094E+02
     0.2505125E+02     0.5193114E+02
     0.2502783E+02     0.5191830E+02
     0.2500264E+02     0.5191617E+02
     0.2500000E+02     0.5191624E+02
     0.2494585E+02     0.5191768E+02
     0.2490001E+02     0.5192316E+02
     0.2484161E+02     0.5192559E+02
     0.2479278E+02     0.5192320E+02
     0.2476930E+02     0.5191615E+02
     0.2475387E+02     0.5190236E+02
     0.2471453E+02     0.5190002E+02
     0.2468761E+02     0.5190463E+02
     0.2466999E+02     0.5191518E+02
     0.2464621E+02     0.5191981E+02
     0.2459408E+02     0.5192315E+02
     0.2453718E+02     0.5192739E+02
     0.2446769E+02     0.5193048E+02
     0.2441893E+02     0.5192599E+02
     0.2438467E+02     0.5191288E+02
     0.2436956E+02     0.5189318E+02
     0.2437519E+02     0.5186595E+02
     0.2437607E+02     0.5183963E+02
     0.2436767E+02     0.5180832E+02
     0.2436530E+02     0.5178488E+02
     0.2435058E+02     0.5175544E+02
     0.2427862E+02     0.5170182E+02
     0.2409884E+02     0.5160365E+02
     0.2405740E+02     0.5158252E+02
     0.2403406E+02     0.5157923E+02
     0.2397433E+02     0.5158510E+02
     0.2394440E+02     0.5158949E+02
     0.2392842E+02     0.5159702E+02
     0.2392318E+02     0.5160962E+02
     0.2393038E+02     0.5162437E+02
     0.2392835E+02     0.5163506E+02
     0.2390287E+02     0.5164439E+02
     0.2387754E+02     0.5164981E+02
     0.2386179E+02     0.5165149E+02
     0.2382964E+02     0.5163435E+02
     0.2381859E+02     0.5163610E+02
     0.2380257E+02     0.5164363E+02
     0.2379263E+02     0.5165516E+02
     0.2376720E+02     0.5166250E+02
     0.2373909E+02     0.5166004E+02
     0.2368818E+02     0.5164252E+02
     0.2364965E+02     0.5162911E+02
     0.2364533E+02     0.5162122E+02
     0.2365041E+02     0.5161351E+02
     0.2366208E+02     0.5159911E+02
     0.2365934E+02     0.5159125E+02
     0.2364143E+02     0.5157335E+02
     0.2364816E+02     0.5156372E+02
     0.2367067E+02     0.5155147E+02
     0.2368866E+02     0.5153522E+02
     0.2368335E+02     0.5151562E+02
     0.2366825E+02     0.5150460E+02
     0.2363085E+02     0.5149686E+02
     0.2363085E+02     0.5149686E+02
     0.2362751E+02     0.5149885E+02
     0.2362261E+02     0.5150545E+02
     0.2362643E+02     0.5151578E+02
     0.2361819E+02     0.5152441E+02
     0.2361923E+02     0.5152740E+02
     0.2361586E+02     0.5153080E+02
     0.2360559E+02     0.5153118E+02
     0.2359887E+02     0.5153685E+02
     0.2358871E+02     0.5153219E+02
     0.2357949E+02     0.5153440E+02
     0.2357280E+02     0.5153870E+02
     0.2357072E+02     0.5155013E+02
     0.2357933E+02     0.5155912E+02
     0.2357033E+02     0.5156821E+02
     0.2356639E+02     0.5158076E+02
     0.2355673E+02     0.5158572E+02
     0.2355358E+02     0.5159577E+02
     0.2354758E+02     0.5160121E+02
     0.2354564E+02     0.5160600E+02
     0.2355011E+02     0.5161977E+02
     0.2354918E+02     0.5162846E+02
     0.2354573E+02     0.5163485E+02
     0.2355071E+02     0.5164221E+02
     0.2354026E+02     0.5164945E+02
     0.2354676E+02     0.5165477E+02
     0.2354445E+02     0.5165956E+02
     0.2354913E+02     0.5166394E+02
     0.2355719E+02     0.5166539E+02
     0.2355970E+02     0.5166816E+02
     0.2355697E+02     0.5167546E+02
     0.2355830E+02     0.5168188E+02
     0.2356050E+02     0.5168254E+02
     0.2356050E+02     0.5168254E+02
     0.2356378E+02     0.5168353E+02
     0.2356227E+02     0.5168534E+02
     0.2355379E+02     0.5168619E+02
     0.2355189E+02     0.5168892E+02
     0.2356120E+02     0.5170067E+02
     0.2356113E+02     0.5170342E+02
     0.2355560E+02     0.5170597E+02
     0.2355333E+02     0.5170702E+02
     0.2355768E+02     0.5170980E+02
     0.2355428E+02     0.5171389E+02
     0.2355718E+02     0.5171598E+02
     0.2355677E+02     0.5171780E+02
     0.2354920E+02     0.5172736E+02
     0.2354451E+02     0.5172274E+02
     0.2353970E+02     0.5172407E+02
     0.2354000E+02     0.5172705E+02
     0.2353364E+02     0.5173134E+02
     0.2353582E+02     0.5173273E+02
     0.2353738E+02     0.5174511E+02
     0.2354135E+02     0.5174881E+02
     0.2355051E+02     0.5175117E+02
     0.2356500E+02     0.5176251E+02
     0.2358016E+02     0.5175989E+02
     0.2359735E+02     0.5176575E+02
     0.2360781E+02     0.5177705E+02
     0.2361556E+02     0.5177620E+02
     0.2362106E+02     0.5177807E+02
     0.2362753E+02     0.5178613E+02
     0.2363380E+02     0.5178595E+02
     0.2363451E+02     0.5178733E+02
     0.2363583E+02     0.5179467E+02
     0.2364338E+02     0.5180411E+02
     0.2363871E+02     0.5181621E+02
     0.2363074E+02     0.5182713E+02
     0.2363029E+02     0.5183125E+02
     0.2362543E+02     0.5183419E+02
     0.2360843E+02     0.5183543E+02
     0.2360987E+02     0.5183689E+02
     0.2361457E+02     0.5184166E+02
     0.2360718E+02     0.5184229E+02
     0.2360530E+02     0.5184364E+02
     0.2360820E+02     0.5184641E+02
     0.2361810E+02     0.5184970E+02
     0.2362088E+02     0.5185819E+02
     0.2362045E+02     0.5186093E+02
     0.2361595E+02     0.5186410E+02
     0.2361243E+02     0.5187369E+02
     0.2361343E+02     0.5187896E+02
     0.2361745E+02     0.5188083E+02
     0.2362189E+02     0.5188086E+02
     0.2363304E+02     0.5187751E+02
     0.2363746E+02     0.5187800E+02
     0.2363019E+02     0.5189031E+02
     0.2364187E+02     0.5189749E+02
     0.2364182E+02     0.5190024E+02
     0.2363658E+02     0.5190318E+02
     0.2362656E+02     0.5190493E+02
     0.2362279E+02     0.5190879E+02
     0.2362601E+02     0.5191408E+02
     0.2361661E+02     0.5192156E+02
     0.2362205E+02     0.5192664E+02
     0.2362833E+02     0.5192692E+02
     0.2363539E+02     0.5192514E+02
     0.2364036E+02     0.5193571E+02
     0.2364848E+02     0.5193669E+02
     0.2364987E+02     0.5194105E+02
     0.2364638E+02     0.5194880E+02
     0.2364374E+02     0.5195153E+02
     0.2363444E+02     0.5195375E+02
     0.2363180E+02     0.5195602E+02
     0.2363511E+02     0.5195742E+02
     0.2364585E+02     0.5195704E+02
     0.2365600E+02     0.5196741E+02
     0.2366488E+02     0.5196794E+02
     0.2366898E+02     0.5196614E+02
     0.2367300E+02     0.5196869E+02
     0.2367440E+02     0.5197282E+02
     0.2366981E+02     0.5198056E+02
     0.2367380E+02     0.5198494E+02
     0.2368007E+02     0.5198590E+02
     0.2368998E+02     0.5199078E+02
     0.2369612E+02     0.5199907E+02
     0.2369197E+02     0.5200293E+02
     0.2368156E+02     0.5200492E+02
     0.2367662E+02     0.5201083E+02
     0.2366576E+02     0.5201693E+02
     0.2366310E+02     0.5202034E+02
     0.2366637E+02     0.5202335E+02
     0.2366304E+02     0.5204186E+02
     0.2365811E+02     0.5204755E+02
     0.2365913E+02     0.5205190E+02
     0.2365719E+02     0.5205624E+02
     0.2365413E+02     0.5207933E+02
     0.2364815E+02     0.5208434E+02
     0.2364734E+02     0.5208501E+02
     0.2363546E+02     0.5208514E+02
     0.2363120E+02     0.5208762E+02
     0.2363120E+02     0.5208762E+02
     0.2361405E+02     0.5209757E+02
     0.2361544E+02     0.5210170E+02
     0.2362425E+02     0.5210680E+02
     0.2361973E+02     0.5210997E+02
     0.2361191E+02     0.5211083E+02
     0.2360246E+02     0.5211877E+02
     0.2359098E+02     0.5211730E+02
     0.2358384E+02     0.5212091E+02
     0.2357501E+02     0.5211694E+02
     0.2356637E+02     0.5212145E+02
     0.2356156E+02     0.5212072E+02
     0.2355842E+02     0.5211177E+02
     0.2355433E+02     0.5211197E+02
     0.2355207E+02     0.5211332E+02
     0.2354841E+02     0.5212725E+02
     0.2354460E+02     0.5213180E+02
     0.2353420E+02     0.5213126E+02
     0.2352827E+02     0.5213074E+02
     0.2352442E+02     0.5213689E+02
     0.2351960E+02     0.5213617E+02
     0.2351660E+02     0.5213728E+02
     0.2351981E+02     0.5214326E+02
     0.2351861E+02     0.5214714E+02
     0.2351560E+02     0.5214849E+02
     0.2351044E+02     0.5214662E+02
     0.2350375E+02     0.5214679E+02
     0.2349813E+02     0.5214880E+02
     0.2349282E+02     0.5215333E+02
     0.2349032E+02     0.5216430E+02
     0.2349731E+02     0.5216779E+02
     0.2349721E+02     0.5217191E+02
     0.2350949E+02     0.5217133E+02
     0.2350902E+02     0.5217567E+02
     0.2349964E+02     0.5217926E+02
     0.2348995E+02     0.5217986E+02
     0.2348043E+02     0.5217382E+02
     0.2347188E+02     0.5217352E+02
     0.2346583E+02     0.5217758E+02
     0.2346642E+02     0.5218039E+02
     0.2346683E+02     0.5218240E+02
     0.2345340E+02     0.5218410E+02
     0.2343513E+02     0.5217112E+02
     0.2342729E+02     0.5217219E+02
     0.2342224E+02     0.5218061E+02
     0.2341964E+02     0.5218059E+02
     0.2341194E+02     0.5217617E+02
     0.2340410E+02     0.5217723E+02
     0.2340103E+02     0.5218110E+02
     0.2340641E+02     0.5218893E+02
     0.2340560E+02     0.5219144E+02
     0.2339772E+02     0.5219388E+02
     0.2339912E+02     0.5219733E+02
     0.2339723E+02     0.5219868E+02
     0.2338952E+02     0.5219449E+02
     0.2338061E+02     0.5219372E+02
     0.2337422E+02     0.5219640E+02
     0.2337400E+02     0.5220464E+02
     0.2336916E+02     0.5220482E+02
     0.2336513E+02     0.5220226E+02
     0.2335877E+02     0.5220335E+02
     0.2336020E+02     0.5220565E+02
     0.2335335E+02     0.5221153E+02
     0.2335002E+02     0.5221058E+02
     0.2334534E+02     0.5220481E+02
     0.2332891E+02     0.5220671E+02
     0.2330584E+02     0.5220647E+02
     0.2330501E+02     0.5220967E+02
     0.2331415E+02     0.5221548E+02
     0.2331034E+02     0.5221865E+02
     0.2329919E+02     0.5221807E+02
     0.2329829E+02     0.5221782E+02
     0.2328590E+02     0.5221427E+02
     0.2327325E+02     0.5221391E+02
     0.2325421E+02     0.5221599E+02
     0.2322948E+02     0.5222122E+02
     0.2321384E+02     0.5222150E+02
     0.2320587E+02     0.5222645E+02
     0.2319957E+02     0.5223759E+02
     0.2320342E+02     0.5224588E+02
     0.2321249E+02     0.5225399E+02
     0.2321275E+02     0.5225788E+02
     0.2320592E+02     0.5226193E+02
     0.2320581E+02     0.5226536E+02
     0.2321083E+02     0.5227206E+02
     0.2320851E+02     0.5227478E+02
     0.2319123E+02     0.5227864E+02
     0.2319123E+02     0.5227864E+02
     0.2318836E+02     0.5228024E+02
     0.2317688E+02     0.5228258E+02
     0.2320432E+02     0.5232146E+02
     0.2324315E+02     0.5236058E+02
     0.2325996E+02     0.5238877E+02
     0.2327394E+02     0.5241690E+02
     0.2329069E+02     0.5244682E+02
     0.2330836E+02     0.5246111E+02
     0.2333397E+02     0.5248600E+02
     0.2335574E+02     0.5250385E+02
     0.2340740E+02     0.5254839E+02
     0.2345450E+02     0.5257370E+02
     0.2349660E+02     0.5258672E+02
     0.2352313E+02     0.5259767E+02
     0.2354424E+02     0.5260330E+02
     0.2356265E+02     0.5260627E+02
     0.2364467E+02     0.5262173E+02
     0.2371126E+02     0.5263252E+02
     0.2378372E+02     0.5264076E+02
     0.2388143E+02     0.5265981E+02
     0.2391540E+02     0.5266733E+02
     0.2391802E+02     0.5267258E+02
     0.2392461E+02     0.5271788E+02
     0.2392841E+02     0.5282657E+02
     0.2393271E+02     0.5289181E+02
     0.2394085E+02     0.5293539E+02
     0.2395613E+02     0.5294780E+02
     0.2394954E+02     0.5296681E+02
     0.2393862E+02     0.5301877E+02
     0.2392645E+02     0.5303334E+02
     0.2391883E+02     0.5304428E+02
     0.2390967E+02     0.5304767E+02
     0.2391261E+02     0.5305455E+02
     0.2390837E+02     0.5305865E+02
     0.2389658E+02     0.5306065E+02
     0.2389009E+02     0.5306359E+02
     0.2388845E+02     0.5307136E+02
     0.2387650E+02     0.5308388E+02
     0.2387910E+02     0.5308732E+02
     0.2388702E+02     0.5309103E+02
     0.2388918E+02     0.5309859E+02
     0.2389443E+02     0.5310273E+02
     0.2389050E+02     0.5311164E+02
     0.2389121E+02     0.5311485E+02
     0.2389658E+02     0.5312156E+02
     0.2390277E+02     0.5312932E+02
     0.2391634E+02     0.5313740E+02
     0.2391895E+02     0.5314085E+02
     0.2391657E+02     0.5314747E+02
     0.2392144E+02     0.5315276E+02
     0.2392022E+02     0.5315824E+02
     0.2390937E+02     0.5317168E+02
     0.2387795E+02     0.5318708E+02
     0.2387138E+02     0.5319368E+02
     0.2386468E+02     0.5320805E+02
     0.2386606E+02     0.5321721E+02
     0.2387053E+02     0.5322319E+02
     0.2386816E+02     0.5322889E+02
     0.2386333E+02     0.5323128E+02
     0.2383173E+02     0.5324118E+02
     0.2381979E+02     0.5324879E+02
     0.2380280E+02     0.5327109E+02
     0.2377864E+02     0.5330630E+02
     0.2374753E+02     0.5336440E+02
     0.2372126E+02     0.5341085E+02
     0.2370098E+02     0.5345306E+02
     0.2369156E+02     0.5346680E+02
     0.2368826E+02     0.5347456E+02
     0.2368063E+02     0.5348137E+02
     0.2366180E+02     0.5350796E+02
     0.2365383E+02     0.5353561E+02
     0.2364352E+02     0.5356583E+02
     0.2363823E+02     0.5358355E+02
     0.2363261E+02     0.5359343E+02
     0.2362074E+02     0.5359712E+02
     0.2361397E+02     0.5360091E+02
     0.2361399E+02     0.5361437E+02
     0.2360757E+02     0.5365334E+02
     0.2360739E+02     0.5368462E+02
     0.2360788E+02     0.5370330E+02
     0.2360866E+02     0.5371634E+02
     0.2361101E+02     0.5372725E+02
     0.2361095E+02     0.5374245E+02
     0.2359860E+02     0.5375438E+02
     0.2357750E+02     0.5376528E+02
     0.2356593E+02     0.5377592E+02
     0.2356410E+02     0.5378283E+02
     0.2356292E+02     0.5381842E+02
     0.2355925E+02     0.5384571E+02
     0.2355417E+02     0.5385822E+02
     0.2354523E+02     0.5387411E+02
     0.2353964E+02     0.5388226E+02
     0.2352728E+02     0.5393370E+02
     0.2351278E+02     0.5395644E+02
     0.2350595E+02     0.5396659E+02
     0.2355507E+02     0.5394775E+02
     0.2357787E+02     0.5394105E+02
     0.2360083E+02     0.5393129E+02
     0.2361365E+02     0.5391727E+02
     0.2363610E+02     0.5391666E+02
     0.2366671E+02     0.5392536E+02
     0.2368698E+02     0.5393387E+02
     0.2374226E+02     0.5393280E+02
     0.2376508E+02     0.5392505E+02
     0.2378675E+02     0.5390505E+02
     0.2380590E+02     0.5390130E+02
     0.2382294E+02     0.5390566E+02
     0.2382595E+02     0.5391488E+02
     0.2381517E+02     0.5392386E+02
     0.2380094E+02     0.5393279E+02
     0.2380769E+02     0.5393596E+02
     0.2382133E+02     0.5393924E+02
     0.2383475E+02     0.5394761E+02
     0.2384639E+02     0.5395697E+02
     0.2385161E+02     0.5395604E+02
     0.2387428E+02     0.5395131E+02
     0.2390542E+02     0.5394978E+02
     0.2392067E+02     0.5395613E+02
     0.2391848E+02     0.5396628E+02
     0.2393574E+02     0.5396655E+02
     0.2396221E+02     0.5395373E+02
     0.2399911E+02     0.5393902E+02
     0.2403710E+02     0.5393858E+02
     0.2409048E+02     0.5394140E+02
     0.2412111E+02     0.5395202E+02
     0.2413627E+02     0.5396140E+02
     0.2415525E+02     0.5396167E+02
     0.2418679E+02     0.5394988E+02
     0.2421173E+02     0.5392986E+02
     0.2424664E+02     0.5391912E+02
     0.2431598E+02     0.5390984E+02
     0.2438510E+02     0.5390561E+02
     0.2443326E+02     0.5390923E+02
     0.2446382E+02     0.5392384E+02
     0.2451790E+02     0.5395907E+02
     0.2456218E+02     0.5397889E+02
     0.2463221E+02     0.5400609E+02
     0.2468200E+02     0.5401778E+02
     0.2470622E+02     0.5401699E+02
     0.2471862E+02     0.5400591E+02
     0.2471722E+02     0.5399368E+02
     0.2470051E+02     0.5397316E+02
     0.2469046E+02     0.5396186E+02
     0.2469925E+02     0.5395584E+02
     0.2471312E+02     0.5395393E+02
     0.2472503E+02     0.5396016E+02
     0.2473353E+02     0.5396532E+02
     0.2474925E+02     0.5395834E+02
     0.2476473E+02     0.5396052E+02
     0.2481435E+02     0.5397826E+02
     0.2483473E+02     0.5399269E+02
     0.2484285E+02     0.5401414E+02
     0.2484083E+02     0.5402634E+02
     0.2483522E+02     0.5404359E+02
     0.2481407E+02     0.5405970E+02
     0.2480323E+02     0.5407793E+02
     0.2480784E+02     0.5410139E+02
     0.2481944E+02     0.5412286E+02
     0.2482969E+02     0.5412906E+02
     0.2484860E+02     0.5413532E+02
     0.2488495E+02     0.5413766E+02
     0.2492107E+02     0.5415015E+02
     0.2493825E+02     0.5415741E+02
     0.2495201E+02     0.5416261E+02
     0.2496935E+02     0.5416273E+02
     0.2499215E+02     0.5415068E+02
     0.2500000E+02     0.5414703E+02
     0.2502015E+02     0.5413765E+02
     0.2505314E+02     0.5413482E+02
     0.2507556E+02     0.5414107E+02
     0.2511846E+02     0.5416577E+02
     0.2515797E+02     0.5418840E+02
     0.2521618E+02     0.5424063E+02
     0.2523329E+02     0.5425802E+02
     0.2524015E+02     0.5426416E+02
     0.2525865E+02     0.5426722E+02
     0.2527607E+02     0.5427300E+02
     0.2528773E+02     0.5427419E+02
     0.2529747E+02     0.5427367E+02
     0.2531404E+02     0.5427147E+02
     0.2533057E+02     0.5427154E+02
     0.2537235E+02     0.5427570E+02
     0.2540146E+02     0.5428322E+02
     0.2542954E+02     0.5429585E+02
     0.2544799E+02     0.5430047E+02
     0.2546064E+02     0.5430108E+02
     0.2547622E+02     0.5430056E+02
     0.2549082E+02     0.5430118E+02
     0.2549564E+02     0.5430688E+02
     0.2550237E+02     0.5431659E+02
     0.2551306E+02     0.5431833E+02
     0.2551990E+02     0.5431550E+02
     0.2552095E+02     0.5430639E+02
     0.2552689E+02     0.5429502E+02
     0.2554351E+02     0.5428482E+02
     0.2555427E+02     0.5427744E+02
     0.2558462E+02     0.5424962E+02
     0.2558565E+02     0.5424108E+02
     0.2558082E+02     0.5423594E+02
     0.2557405E+02     0.5423080E+02
     0.2557700E+02     0.5422626E+02
     0.2557804E+02     0.5421601E+02
     0.2557520E+02     0.5420518E+02
     0.2555487E+02     0.5419659E+02
     0.2552870E+02     0.5419083E+02
     0.2552197E+02     0.5418283E+02
     0.2552591E+02     0.5417544E+02
     0.2554060E+02     0.5415840E+02
     0.2556778E+02     0.5415676E+02
     0.2559983E+02     0.5415057E+02
     0.2561535E+02     0.5415118E+02
     0.2563379E+02     0.5414894E+02
     0.2564157E+02     0.5414610E+02
     0.2565324E+02     0.5413986E+02
     0.2566293E+02     0.5414045E+02
     0.2567746E+02     0.5414503E+02
     0.2569586E+02     0.5415189E+02
     0.2571426E+02     0.5416103E+02
     0.2574140E+02     0.5417017E+02
     0.2575983E+02     0.5417247E+02
     0.2577925E+02     0.5416793E+02
     0.2579186E+02     0.5416851E+02
     0.2579379E+02     0.5417648E+02
     0.2578989E+02     0.5418729E+02
     0.2579278E+02     0.5419698E+02
     0.2579471E+02     0.5420438E+02
     0.2578205E+02     0.5422031E+02
     0.2577621E+02     0.5422828E+02
     0.2578397E+02     0.5423398E+02
     0.2580437E+02     0.5423684E+02
     0.2580825E+02     0.5424140E+02
     0.2580630E+02     0.5424709E+02
     0.2579268E+02     0.5425050E+02
     0.2577420E+02     0.5425390E+02
     0.2576641E+02     0.5426187E+02
     0.2576249E+02     0.5427040E+02
     0.2574594E+02     0.5427551E+02
     0.2572745E+02     0.5427891E+02
     0.2571849E+02     0.5428943E+02
     0.2570473E+02     0.5431340E+02
     0.2569103E+02     0.5432048E+02
     0.2566063E+02     0.5432132E+02
     0.2563331E+02     0.5431594E+02
     0.2559381E+02     0.5431586E+02
     0.2557554E+02     0.5432204E+02
     0.2556183E+02     0.5432644E+02
     0.2555723E+02     0.5433265E+02
     0.2555713E+02     0.5434686E+02
     0.2556767E+02     0.5436021E+02
     0.2559040E+02     0.5437270E+02
     0.2560398E+02     0.5439050E+02
     0.2560542E+02     0.5440293E+02
     0.2560842E+02     0.5441182E+02
     0.2562972E+02     0.5441453E+02
     0.2563577E+02     0.5442165E+02
     0.2563721E+02     0.5443675E+02
     0.2562192E+02     0.5444649E+02
     0.2562187E+02     0.5445359E+02
     0.2562486E+02     0.5446515E+02
     0.2564307E+02     0.5448028E+02
     0.2566886E+02     0.5450963E+02
     0.2568554E+02     0.5453275E+02
     0.2571909E+02     0.5454612E+02
     0.2574958E+02     0.5456835E+02
     0.2576327E+02     0.5459323E+02
     0.2575559E+02     0.5460388E+02
     0.2574939E+02     0.5463407E+02
     0.2574015E+02     0.5465093E+02
     0.2573701E+02     0.5467579E+02
     0.2574001E+02     0.5469799E+02
     0.2575070E+02     0.5471043E+02
     0.2575834E+02     0.5472021E+02
     0.2575831E+02     0.5473086E+02
     0.2575827E+02     0.5474685E+02
     0.2575363E+02     0.5476193E+02
     0.2574130E+02     0.5477435E+02
     0.2574430E+02     0.5480010E+02
     0.2575194E+02     0.5481520E+02
     0.2577648E+02     0.5483831E+02
     0.2580106E+02     0.5485786E+02
     0.2585183E+02     0.5489161E+02
     0.2585490E+02     0.5491203E+02
     0.2586569E+02     0.5492269E+02
     0.2590787E+02     0.5493750E+02
     0.2594315E+02     0.5494358E+02
     0.2596786E+02     0.5494965E+02
     0.2598199E+02     0.5495878E+02
     0.2599434E+02     0.5495775E+02
     0.2601900E+02     0.5494757E+02
     0.2603660E+02     0.5493842E+02
     0.2607187E+02     0.5493938E+02
     0.2608072E+02     0.5494546E+02
     0.2609315E+02     0.5496067E+02
     0.2610555E+02     0.5496978E+02
     0.2613382E+02     0.5497582E+02
     0.2618331E+02     0.5498484E+02
     0.2621693E+02     0.5499491E+02
     0.2622030E+02     0.5500000E+02
     0.2622766E+02     0.5501112E+02
     0.2624557E+02     0.5503747E+02
     0.2625467E+02     0.5506586E+02
     0.2627248E+02     0.5507901E+02
     0.2627614E+02     0.5509118E+02
     0.2626207E+02     0.5510036E+02
     0.2626215E+02     0.5510949E+02
     0.2630129E+02     0.5512764E+02
     0.2632625E+02     0.5514177E+02
     0.2637245E+02     0.5515276E+02
     0.2639721E+02     0.5514860E+02
     0.2643611E+02     0.5514133E+02
     0.2644664E+02     0.5513417E+02
     0.2646778E+02     0.5512596E+02
     0.2648218E+02     0.5514111E+02
     0.2649832E+02     0.5515423E+02
     0.2652500E+02     0.5516019E+02
     0.2655492E+02     0.5514684E+02
     0.2660281E+02     0.5514860E+02
     0.2661510E+02     0.5514244E+02
     0.2663644E+02     0.5514637E+02
     0.2665784E+02     0.5515335E+02
     0.2667736E+02     0.5515424E+02
     0.2669351E+02     0.5516429E+02
     0.2669196E+02     0.5517546E+02
     0.2667625E+02     0.5518876E+02
     0.2667465E+02     0.5519791E+02
     0.2668542E+02     0.5520393E+02
     0.2671206E+02     0.5520477E+02
     0.2672642E+02     0.5521280E+02
     0.2673045E+02     0.5523611E+02
     0.2674331E+02     0.5525633E+02
     0.2676836E+02     0.5526427E+02
     0.2682020E+02     0.5527710E+02
     0.2685239E+02     0.5528497E+02
     0.2687194E+02     0.5528482E+02
     0.2686330E+02     0.5529504E+02
     0.2685272E+02     0.5529918E+02
     0.2684585E+02     0.5530938E+02
     0.2682454E+02     0.5531157E+02
     0.2681057E+02     0.5532284E+02
     0.2679804E+02     0.5531989E+02
     0.2678752E+02     0.5532706E+02
     0.2677862E+02     0.5532713E+02
     0.2674841E+02     0.5532937E+02
     0.2672875E+02     0.5532544E+02
     0.2671813E+02     0.5532856E+02
     0.2670393E+02     0.5533068E+02
     0.2668091E+02     0.5533692E+02
     0.2666505E+02     0.5534513E+02
     0.2665959E+02     0.5533908E+02
     0.2664711E+02     0.5533814E+02
     0.2662914E+02     0.5532911E+02
     0.2662035E+02     0.5533525E+02
     0.2660240E+02     0.5532724E+02
     0.2659343E+02     0.5532323E+02
     0.2658638E+02     0.5532733E+02
     0.2658288E+02     0.5533039E+02
     0.2657218E+02     0.5532944E+02
     0.2656503E+02     0.5532745E+02
     0.2655264E+02     0.5533157E+02
     0.2654026E+02     0.5533671E+02
     0.2652956E+02     0.5533575E+02
     0.2650287E+02     0.5533690E+02
     0.2647623E+02     0.5534109E+02
     0.2645492E+02     0.5534525E+02
     0.2644965E+02     0.5535035E+02
     0.2645506E+02     0.5535540E+02
     0.2646579E+02     0.5535839E+02
     0.2647654E+02     0.5536240E+02
     0.2649446E+02     0.5536942E+02
     0.2650871E+02     0.5536935E+02
     0.2652308E+02     0.5537638E+02
     0.2654639E+02     0.5538539E+02
     0.2655895E+02     0.5539040E+02
     0.2655737E+02     0.5540259E+02
     0.2655463E+02     0.5545232E+02
     0.2654989E+02     0.5548989E+02
     0.2653238E+02     0.5551231E+02
     0.2651635E+02     0.5551645E+02
     0.2651646E+02     0.5552355E+02
     0.2653802E+02     0.5552953E+02
     0.2657388E+02     0.5553441E+02
     0.2659379E+02     0.5554749E+02
     0.2659937E+02     0.5555963E+02
     0.2661745E+02     0.5556967E+02
     0.2662840E+02     0.5558077E+02
     0.2662513E+02     0.5559804E+02
     0.2662551E+02     0.5561832E+02
     0.2662762E+02     0.5563556E+02
     0.2663162E+02     0.5565785E+02
     0.2661967E+02     0.5567435E+02
     0.2664601E+02     0.5569660E+02
     0.2666769E+02     0.5570557E+02
     0.2670164E+02     0.5570131E+02
     0.2674796E+02     0.5568887E+02
     0.2678013E+02     0.5568561E+02
     0.2680348E+02     0.5568848E+02
     0.2681441E+02     0.5569649E+02
     0.2683607E+02     0.5570341E+02
     0.2686123E+02     0.5570626E+02
     0.2687942E+02     0.5571725E+02
     0.2688699E+02     0.5573338E+02
     0.2690563E+02     0.5576157E+02
     0.2692230E+02     0.5578167E+02
     0.2693692E+02     0.5579166E+02
     0.2698418E+02     0.5581251E+02
     0.2699529E+02     0.5582456E+02
     0.2700806E+02     0.5583153E+02
     0.2702250E+02     0.5583342E+02
     0.2704409E+02     0.5583424E+02
     0.2706560E+02     0.5583202E+02
     0.2708348E+02     0.5582882E+02
     0.2709801E+02     0.5583374E+02
     0.2711811E+02     0.5584468E+02
     0.2713271E+02     0.5585162E+02
     0.2717593E+02     0.5585322E+02
     0.2719361E+02     0.5584393E+02
     0.2720403E+02     0.5583270E+02
     0.2722540E+02     0.5582640E+02
     0.2725705E+02     0.5580583E+02
     0.2728540E+02     0.5579440E+02
     0.2729966E+02     0.5579120E+02
     0.2732307E+02     0.5579296E+02
     0.2736121E+02     0.5580468E+02
     0.2737228E+02     0.5581264E+02
     0.2738848E+02     0.5581347E+02
     0.2740786E+02     0.5580312E+02
     0.2743452E+02     0.5579572E+02
     0.2746668E+02     0.5579128E+02
     0.2752221E+02     0.5578754E+02
     0.2758669E+02     0.5578366E+02
     0.2760297E+02     0.5578648E+02
     0.2761489E+02     0.5580049E+02
     0.2763382E+02     0.5583565E+02
     0.2762824E+02     0.5587317E+02
     0.2762539E+02     0.5589041E+02
     0.2765335E+02     0.5591228E+02
     0.2766517E+02     0.5593539E+02
     0.2769647E+02     0.5595013E+02
     0.2775711E+02     0.5597456E+02
     0.2780461E+02     0.5598701E+02
     0.2781996E+02     0.5600000E+02
     0.2781086E+02     0.5600654E+02
     0.2781900E+02     0.5601453E+02
     0.2782440E+02     0.5602005E+02
     0.2781269E+02     0.5602823E+02
     0.2780774E+02     0.5603325E+02
     0.2780729E+02     0.5603614E+02
     0.2782246E+02     0.5603922E+02
     0.2786285E+02     0.5604120E+02
     0.2787731E+02     0.5604891E+02
     0.2790484E+02     0.5605316E+02
     0.2792278E+02     0.5605870E+02
     0.2793649E+02     0.5606461E+02
     0.2794500E+02     0.5607728E+02
     0.2795387E+02     0.5608763E+02
     0.2795504E+02     0.5610053E+02
     0.2796366E+02     0.5611262E+02
     0.2796918E+02     0.5611755E+02
     0.2797826E+02     0.5611974E+02
     0.2799019E+02     0.5612381E+02
     0.2800645E+02     0.5612691E+02
     0.2801510E+02     0.5612499E+02
     0.2802930E+02     0.5612099E+02
     0.2804089E+02     0.5612037E+02
     0.2805023E+02     0.5612782E+02
     0.2808710E+02     0.5613305E+02
     0.2810710E+02     0.5614623E+02
     0.2811682E+02     0.5615836E+02
     0.2812895E+02     0.5616126E+02
     0.2815134E+02     0.5616581E+02
END
END
