belize
1
    -0.8870937E+02     0.1735387E+02
    -0.8832845E+02     0.1848999E+02
    -0.8831796E+02     0.1848917E+02
    -0.8830550E+02     0.1848507E+02
    -0.8830550E+02     0.1848507E+02
    -0.8830129E+02     0.1847765E+02
    -0.8829065E+02     0.1846645E+02
    -0.8828883E+02     0.1845976E+02
    -0.8828991E+02     0.1845289E+02
    -0.8830573E+02     0.1844234E+02
    -0.8831342E+02     0.1842913E+02
    -0.8832146E+02     0.1842283E+02
    -0.8835548E+02     0.1840291E+02
    -0.8836238E+02     0.1839968E+02
    -0.8837682E+02     0.1839290E+02
    -0.8838607E+02     0.1838661E+02
    -0.8838931E+02     0.1838023E+02
    -0.8839017E+02     0.1837106E+02
    -0.8838907E+02     0.1836460E+02
    -0.8838446E+02     0.1835236E+02
    -0.8837901E+02     0.1834699E+02
    -0.8837807E+02     0.1834560E+02
    -0.8837277E+02     0.1834620E+02
    -0.8835724E+02     0.1835446E+02
    -0.8832358E+02     0.1836749E+02
    -0.8831707E+02     0.1836831E+02
    -0.8831470E+02     0.1836643E+02
    -0.8831426E+02     0.1836367E+02
    -0.8833892E+02     0.1834177E+02
    -0.8835114E+02     0.1832111E+02
    -0.8836168E+02     0.1830330E+02
    -0.8836373E+02     0.1829552E+02
    -0.8835986E+02     0.1829684E+02
    -0.8834959E+02     0.1830725E+02
    -0.8833266E+02     0.1832789E+02
    -0.8830623E+02     0.1834011E+02
    -0.8828809E+02     0.1834603E+02
    -0.8825173E+02     0.1835346E+02
    -0.8823183E+02     0.1835752E+02
    -0.8822679E+02     0.1835698E+02
    -0.8822516E+02     0.1835397E+02
    -0.8822958E+02     0.1834876E+02
    -0.8822891E+02     0.1834553E+02
    -0.8822654E+02     0.1834365E+02
    -0.8822221E+02     0.1834404E+02
    -0.8821053E+02     0.1835166E+02
    -0.8820330E+02     0.1835201E+02
    -0.8819932E+02     0.1834597E+02
    -0.8819866E+02     0.1834228E+02
    -0.8820232E+02     0.1833889E+02
    -0.8821227E+02     0.1833423E+02
    -0.8821451E+02     0.1832990E+02
    -0.8821187E+02     0.1832940E+02
    -0.8819998E+02     0.1833541E+02
    -0.8818526E+02     0.1833917E+02
    -0.8817291E+02     0.1834231E+02
    -0.8814786E+02     0.1835821E+02
    -0.8814107E+02     0.1836108E+02
    -0.8812413E+02     0.1836631E+02
    -0.8810361E+02     0.1837056E+02
    -0.8809845E+02     0.1837644E+02
    -0.8809531E+02     0.1837731E+02
    -0.8809393E+02     0.1837315E+02
    -0.8809508E+02     0.1836329E+02
    -0.8808995E+02     0.1835378E+02
    -0.8808932E+02     0.1834849E+02
    -0.8809253E+02     0.1834418E+02
    -0.8809253E+02     0.1834418E+02
    -0.8809523E+02     0.1834101E+02
    -0.8809460E+02     0.1833571E+02
    -0.8809460E+02     0.1833571E+02
    -0.8809443E+02     0.1833453E+02
    -0.8808967E+02     0.1830277E+02
    -0.8809116E+02     0.1829981E+02
    -0.8809407E+02     0.1829848E+02
    -0.8809587E+02     0.1829185E+02
    -0.8809475E+02     0.1828747E+02
    -0.8808799E+02     0.1828896E+02
    -0.8808585E+02     0.1828755E+02
    -0.8808839E+02     0.1827978E+02
    -0.8808669E+02     0.1826757E+02
    -0.8808916E+02     0.1823683E+02
    -0.8808442E+02     0.1822138E+02
    -0.8808121E+02     0.1821096E+02
    -0.8808086E+02     0.1820452E+02
    -0.8808670E+02     0.1818671E+02
    -0.8808785E+02     0.1817639E+02
    -0.8808699E+02     0.1815730E+02
    -0.8808996E+02     0.1813921E+02
    -0.8809104E+02     0.1811901E+02
    -0.8809688E+02     0.1810165E+02
    -0.8809958E+02     0.1809848E+02
    -0.8810743E+02     0.1808920E+02
    -0.8811145E+02     0.1807915E+02
    -0.8811378E+02     0.1805622E+02
    -0.8811691E+02     0.1804272E+02
    -0.8812291E+02     0.1802904E+02
    -0.8813281E+02     0.1801198E+02
    -0.8814211E+02     0.1800249E+02
    -0.8814684E+02     0.1799246E+02
    -0.8814875E+02     0.1798428E+02
    -0.8814892E+02     0.1798354E+02
    -0.8814655E+02     0.1796834E+02
    -0.8815004E+02     0.1796058E+02
    -0.8815299E+02     0.1795673E+02
    -0.8816467E+02     0.1794797E+02
    -0.8817548E+02     0.1793321E+02
    -0.8817737E+02     0.1793485E+02
    -0.8817721E+02     0.1794427E+02
    -0.8817862E+02     0.1794567E+02
    -0.8818449E+02     0.1793980E+02
    -0.8818536E+02     0.1793108E+02
    -0.8819040E+02     0.1793093E+02
    -0.8820046E+02     0.1791755E+02
    -0.8819934E+02     0.1791317E+02
    -0.8819621E+02     0.1791357E+02
    -0.8819385E+02     0.1791823E+02
    -0.8819274E+02     0.1792041E+02
    -0.8819032E+02     0.1792129E+02
    -0.8818942E+02     0.1791806E+02
    -0.8820179E+02     0.1788266E+02
    -0.8820365E+02     0.1787166E+02
    -0.8820396E+02     0.1785421E+02
    -0.8820550E+02     0.1784826E+02
    -0.8820862E+02     0.1783407E+02
    -0.8821571E+02     0.1777370E+02
    -0.8822125E+02     0.1772656E+02
    -0.8822359E+02     0.1771557E+02
    -0.8824082E+02     0.1768898E+02
    -0.8824754E+02     0.1767370E+02
    -0.8825291E+02     0.1766828E+02
    -0.8825905E+02     0.1765751E+02
    -0.8826303E+02     0.1765053E+02
    -0.8826986E+02     0.1764306E+02
    -0.8827492E+02     0.1764130E+02
    -0.8827656E+02     0.1764363E+02
    -0.8827457E+02     0.1764750E+02
    -0.8827523E+02     0.1765141E+02
    -0.8827909E+02     0.1764964E+02
    -0.8828183E+02     0.1764348E+02
    -0.8828558E+02     0.1760519E+02
    -0.8828445E+02     0.1758726E+02
    -0.8828276E+02     0.1757368E+02
    -0.8827957E+02     0.1756376E+02
    -0.8827879E+02     0.1756331E+02
    -0.8825586E+02     0.1755028E+02
    -0.8824178E+02     0.1754753E+02
    -0.8823251E+02     0.1754347E+02
    -0.8823038E+02     0.1754183E+02
    -0.8822066E+02     0.1752261E+02
    -0.8821261E+02     0.1751766E+02
    -0.8820663E+02     0.1751687E+02
    -0.8819653E+02     0.1751992E+02
    -0.8818721E+02     0.1751930E+02
    -0.8817780E+02     0.1750973E+02
    -0.8817647E+02     0.1750397E+02
    -0.8817559E+02     0.1749936E+02
    -0.8817882E+02     0.1749253E+02
    -0.8818492E+02     0.1748551E+02
    -0.8819096E+02     0.1748216E+02
    -0.8819722E+02     0.1748020E+02
    -0.8820628E+02     0.1748219E+02
    -0.8821863E+02     0.1748744E+02
    -0.8822557E+02     0.1748733E+02
    -0.8823407E+02     0.1747989E+02
    -0.8824214E+02     0.1746968E+02
    -0.8824784E+02     0.1745807E+02
    -0.8825288E+02     0.1743183E+02
    -0.8825414E+02     0.1742533E+02
    -0.8825755E+02     0.1740724E+02
    -0.8828323E+02     0.1731581E+02
    -0.8828598E+02     0.1730290E+02
    -0.8829516E+02     0.1725975E+02
    -0.8829542E+02     0.1717754E+02
    -0.8829544E+02     0.1717044E+02
    -0.8829270E+02     0.1713412E+02
    -0.8828883E+02     0.1712327E+02
    -0.8828059E+02     0.1710155E+02
    -0.8826860E+02     0.1707611E+02
    -0.8826394E+02     0.1706960E+02
    -0.8825969E+02     0.1706678E+02
    -0.8824795E+02     0.1706935E+02
    -0.8824295E+02     0.1706880E+02
    -0.8823894E+02     0.1706598E+02
    -0.8823595E+02     0.1705882E+02
    -0.8823071E+02     0.1703027E+02
    -0.8822605E+02     0.1699576E+02
    -0.8821507E+02     0.1698180E+02
    -0.8821056E+02     0.1696726E+02
    -0.8821352E+02     0.1694711E+02
    -0.8821748E+02     0.1693868E+02
    -0.8822160E+02     0.1693508E+02
    -0.8824192E+02     0.1693174E+02
    -0.8825368E+02     0.1692757E+02
    -0.8826695E+02     0.1691792E+02
    -0.8827036E+02     0.1691361E+02
    -0.8827164E+02     0.1690881E+02
    -0.8826987E+02     0.1690006E+02
    -0.8827515E+02     0.1688431E+02
    -0.8827472E+02     0.1687683E+02
    -0.8827459E+02     0.1687465E+02
    -0.8826940E+02     0.1685736E+02
    -0.8826225E+02     0.1684301E+02
    -0.8825504E+02     0.1683233E+02
    -0.8825380E+02     0.1682130E+02
    -0.8824360E+02     0.1680438E+02
    -0.8824293E+02     0.1680161E+02
    -0.8826533E+02     0.1680129E+02
    -0.8826942E+02     0.1679906E+02
    -0.8827480E+02     0.1679065E+02
    -0.8828488E+02     0.1678622E+02
    -0.8828635E+02     0.1678395E+02
    -0.8828851E+02     0.1676884E+02
    -0.8829113E+02     0.1676842E+02
    -0.8829539E+02     0.1677056E+02
    -0.8829539E+02     0.1677056E+02
    -0.8829565E+02     0.1676872E+02
    -0.8829565E+02     0.1676872E+02
    -0.8830080E+02     0.1675963E+02
    -0.8829994E+02     0.1675410E+02
    -0.8830149E+02     0.1674724E+02
    -0.8829095E+02     0.1672183E+02
    -0.8828892E+02     0.1671514E+02
    -0.8830041E+02     0.1669720E+02
    -0.8830198E+02     0.1668873E+02
    -0.8830028E+02     0.1666185E+02
    -0.8830527E+02     0.1664770E+02
    -0.8832408E+02     0.1663285E+02
    -0.8833582E+02     0.1662799E+02
    -0.8833968E+02     0.1662484E+02
    -0.8834291E+02     0.1661855E+02
    -0.8834435E+02     0.1661573E+02
    -0.8834489E+02     0.1659739E+02
    -0.8835400E+02     0.1657871E+02
    -0.8835581E+02     0.1656933E+02
    -0.8834763E+02     0.1654580E+02
    -0.8834921E+02     0.1653618E+02
    -0.8835849E+02     0.1652142E+02
    -0.8835643E+02     0.1651656E+02
    -0.8835960E+02     0.1651134E+02
    -0.8836459E+02     0.1651164E+02
    -0.8837003E+02     0.1651357E+02
    -0.8837044E+02     0.1651444E+02
    -0.8837348E+02     0.1652096E+02
    -0.8837348E+02     0.1652096E+02
    -0.8838153E+02     0.1652361E+02
    -0.8838153E+02     0.1652361E+02
    -0.8838398E+02     0.1651883E+02
    -0.8839256E+02     0.1651805E+02
    -0.8840073E+02     0.1651244E+02
    -0.8839149E+02     0.1651023E+02
    -0.8838584E+02     0.1650670E+02
    -0.8838660E+02     0.1650418E+02
    -0.8839422E+02     0.1650339E+02
    -0.8840208E+02     0.1648722E+02
    -0.8840839E+02     0.1647997E+02
    -0.8840924E+02     0.1645589E+02
    -0.8841074E+02     0.1645110E+02
    -0.8841338E+02     0.1644930E+02
    -0.8842361E+02     0.1644923E+02
    -0.8842819E+02     0.1644517E+02
    -0.8842947E+02     0.1643899E+02
    -0.8843259E+02     0.1643789E+02
    -0.8843893E+02     0.1644258E+02
    -0.8843967E+02     0.1644053E+02
    -0.8843723E+02     0.1642948E+02
    -0.8844015E+02     0.1642539E+02
    -0.8844469E+02     0.1642362E+02
    -0.8845270E+02     0.1642879E+02
    -0.8845349E+02     0.1642376E+02
    -0.8845140E+02     0.1642075E+02
    -0.8844359E+02     0.1641810E+02
    -0.8844328E+02     0.1640777E+02
    -0.8843176E+02     0.1641425E+02
    -0.8842892E+02     0.1641352E+02
    -0.8842944E+02     0.1641146E+02
    -0.8843839E+02     0.1640081E+02
    -0.8844676E+02     0.1639773E+02
    -0.8844864E+02     0.1639913E+02
    -0.8844947E+02     0.1640695E+02
    -0.8845110E+02     0.1640881E+02
    -0.8845492E+02     0.1640841E+02
    -0.8846117E+02     0.1640368E+02
    -0.8846433E+02     0.1639868E+02
    -0.8847535E+02     0.1636237E+02
    -0.8847932E+02     0.1635119E+02
    -0.8848566E+02     0.1634073E+02
    -0.8850389E+02     0.1632953E+02
    -0.8850945E+02     0.1632365E+02
    -0.8851293E+02     0.1631315E+02
    -0.8853120E+02     0.1629828E+02
    -0.8853300E+02     0.1628936E+02
    -0.8853222E+02     0.1627833E+02
    -0.8853491E+02     0.1627310E+02
    -0.8854137E+02     0.1627021E+02
    -0.8854795E+02     0.1626942E+02
    -0.8855849E+02     0.1626817E+02
    -0.8856304E+02     0.1626594E+02
    -0.8857475E+02     0.1624477E+02
    -0.8857882E+02     0.1624254E+02
    -0.8858044E+02     0.1624508E+02
    -0.8857507E+02     0.1625579E+02
    -0.8857550E+02     0.1625855E+02
    -0.8857809E+02     0.1625950E+02
    -0.8858240E+02     0.1625773E+02
    -0.8858240E+02     0.1625773E+02
    -0.8858765E+02     0.1625574E+02
    -0.8858765E+02     0.1625574E+02
    -0.8859315E+02     0.1625353E+02
    -0.8859904E+02     0.1625636E+02
    -0.8861338E+02     0.1626643E+02
    -0.8862135E+02     0.1627389E+02
    -0.8864279E+02     0.1628520E+02
    -0.8864279E+02     0.1628520E+02
    -0.8864404E+02     0.1628155E+02
    -0.8864404E+02     0.1628155E+02
    -0.8864626E+02     0.1626864E+02
    -0.8864636E+02     0.1626805E+02
    -0.8864342E+02     0.1625814E+02
    -0.8864687E+02     0.1624993E+02
    -0.8864975E+02     0.1624745E+02
    -0.8865401E+02     0.1624774E+02
    -0.8866294E+02     0.1625497E+02
    -0.8867443E+02     0.1624802E+02
    -0.8869375E+02     0.1624232E+02
    -0.8870431E+02     0.1623421E+02
    -0.8871973E+02     0.1623511E+02
    -0.8872522E+02     0.1623289E+02
    -0.8874085E+02     0.1621842E+02
    -0.8874355E+02     0.1621272E+02
    -0.8874364E+02     0.1620561E+02
    -0.8873836E+02     0.1617572E+02
    -0.8873395E+02     0.1616809E+02
    -0.8873667E+02     0.1615988E+02
    -0.8874247E+02     0.1615284E+02
    -0.8874649E+02     0.1613638E+02
    -0.8875035E+02     0.1613139E+02
    -0.8875325E+02     0.1612982E+02
    -0.8875490E+02     0.1612893E+02
    -0.8876607E+02     0.1612724E+02
    -0.8878255E+02     0.1611943E+02
    -0.8879431E+02     0.1610927E+02
    -0.8880035E+02     0.1610109E+02
    -0.8880650E+02     0.1608512E+02
    -0.8881179E+02     0.1607945E+02
    -0.8882949E+02     0.1606776E+02
    -0.8883952E+02     0.1606330E+02
    -0.8884647E+02     0.1605766E+02
    -0.8884796E+02     0.1605240E+02
    -0.8884901E+02     0.1604416E+02
    -0.8884822E+02     0.1603245E+02
    -0.8884969E+02     0.1602834E+02
    -0.8885831E+02     0.1602203E+02
    -0.8889714E+02     0.1600000E+02
    -0.8892484E+02     0.1599228E+02
    -0.8893169E+02     0.1598722E+02
    -0.8893546E+02     0.1597849E+02
    -0.8893900E+02     0.1597945E+02
    -0.8894471E+02     0.1598099E+02
    -0.8894447E+02     0.1597823E+02
    -0.8894209E+02     0.1597572E+02
    -0.8893781E+02     0.1597183E+02
    -0.8893655E+02     0.1595280E+02
    -0.8891718E+02     0.1590745E+02
    -0.8891597E+02     0.1590080E+02
    -0.8891692E+02     0.1589804E+02
    -0.8892301E+02     0.1589485E+02
    -0.8893882E+02     0.1589004E+02
    -0.8893882E+02     0.1589004E+02
    -0.8894872E+02     0.1588930E+02
    -0.8896756E+02     0.1589354E+02
    -0.8898412E+02     0.1589516E+02
    -0.8899668E+02     0.1590163E+02
    -0.8900039E+02     0.1590134E+02
    -0.8901151E+02     0.1589524E+02
    -0.8901579E+02     0.1589551E+02
    -0.8901923E+02     0.1590461E+02
    -0.8902324E+02     0.1590792E+02
    -0.8903326E+02     0.1591174E+02
    -0.8903587E+02     0.1591143E+02
    -0.8903587E+02     0.1591143E+02
    -0.8904188E+02     0.1591073E+02
    -0.8905013E+02     0.1589992E+02
    -0.8905251E+02     0.1590152E+02
    -0.8905563E+02     0.1591228E+02
    -0.8905824E+02     0.1591388E+02
    -0.8906085E+02     0.1591318E+02
    -0.8906250E+02     0.1591020E+02
    -0.8906129E+02     0.1590561E+02
    -0.8906293E+02     0.1590148E+02
    -0.8906245E+02     0.1589712E+02
    -0.8906553E+02     0.1589803E+02
    -0.8907339E+02     0.1590672E+02
    -0.8907576E+02     0.1590717E+02
    -0.8907764E+02     0.1590487E+02
    -0.8907832E+02     0.1589432E+02
    -0.8908115E+02     0.1589408E+02
    -0.8908618E+02     0.1590322E+02
    -0.8908808E+02     0.1590667E+02
    -0.8909260E+02     0.1590895E+02
    -0.8910184E+02     0.1590868E+02
    -0.8910941E+02     0.1590659E+02
    -0.8911485E+02     0.1590313E+02
    -0.8911222E+02     0.1589718E+02
    -0.8911292E+02     0.1589534E+02
    -0.8911696E+02     0.1589624E+02
    -0.8911958E+02     0.1589853E+02
    -0.8912691E+02     0.1589735E+02
    -0.8913429E+02     0.1590375E+02
    -0.8914445E+02     0.1589568E+02
    -0.8915037E+02     0.1589406E+02
    -0.8916081E+02     0.1589791E+02
    -0.8917342E+02     0.1590865E+02
    -0.8917793E+02     0.1590978E+02
    -0.8918125E+02     0.1590953E+02
    -0.8918408E+02     0.1590631E+02
    -0.8918510E+02     0.1590234E+02
    -0.8918510E+02     0.1590234E+02
    -0.8918612E+02     0.1589773E+02
    -0.8919376E+02     0.1589771E+02
    -0.8920600E+02     0.1589328E+02
    -0.8921664E+02     0.1588943E+02
    -0.8922174E+02     0.1589188E+02
    -0.8922346E+02     0.1589967E+02
    -0.8922482E+02     0.1592554E+02
    -0.8921986E+02     0.1596866E+02
    -0.8921686E+02     0.1600000E+02
    -0.8921568E+02     0.1601715E+02
    -0.8914571E+02     0.1704897E+02
    -0.8914696E+02     0.1780950E+02
    -0.8914537E+02     0.1794483E+02
    -0.8913826E+02     0.1795299E+02
    -0.8912709E+02     0.1796581E+02
    -0.8910489E+02     0.1796950E+02
    -0.8909360E+02     0.1798527E+02
    -0.8906854E+02     0.1799183E+02
    -0.8906854E+02     0.1799183E+02
    -0.8903870E+02     0.1800308E+02
    -0.8902814E+02     0.1800364E+02
    -0.8902193E+02     0.1800035E+02
    -0.8899795E+02     0.1797940E+02
    -0.8898360E+02     0.1795557E+02
    -0.8898049E+02     0.1795461E+02
    -0.8897492E+02     0.1795868E+02
    -0.8897157E+02     0.1795795E+02
    -0.8896730E+02     0.1795422E+02
    -0.8896227E+02     0.1795324E+02
    -0.8895543E+02     0.1795544E+02
    -0.8894781E+02     0.1795789E+02
    -0.8894159E+02     0.1795713E+02
    -0.8891661E+02     0.1792099E+02
    -0.8889706E+02     0.1791179E+02
    -0.8888033E+02     0.1790606E+02
    -0.8887487E+02     0.1790209E+02
    -0.8887066E+02     0.1789400E+02
    -0.8886376E+02     0.1788909E+02
    -0.8886024E+02     0.1788307E+02
    -0.8885248E+02     0.1787365E+02
    -0.8884317E+02     0.1786650E+02
    -0.8884433E+02     0.1788953E+02
    -0.8884373E+02     0.1789779E+02
    -0.8884884E+02     0.1791118E+02
    -0.8884917E+02     0.1792221E+02
    -0.8884743E+02     0.1792747E+02
    -0.8883457E+02     0.1793764E+02
    -0.8882393E+02     0.1794393E+02
    -0.8881043E+02     0.1794835E+02
    -0.8880458E+02     0.1795517E+02
    -0.8879745E+02     0.1796840E+02
    -0.8877953E+02     0.1797942E+02
    -0.8877886E+02     0.1799319E+02
    -0.8877395E+02     0.1800162E+02
    -0.8876471E+02     0.1801000E+02
    -0.8876151E+02     0.1801570E+02
    -0.8875575E+02     0.1803367E+02
    -0.8875575E+02     0.1803367E+02
    -0.8874091E+02     0.1804673E+02
    -0.8872698E+02     0.1805182E+02
    -0.8871441E+02     0.1805827E+02
    -0.8869909E+02     0.1806334E+02
    -0.8869197E+02     0.1807516E+02
    -0.8868596E+02     0.1810423E+02
    -0.8868022E+02     0.1811608E+02
    -0.8866461E+02     0.1813838E+02
    -0.8865294E+02     0.1817399E+02
    -0.8862810E+02     0.1821324E+02
    -0.8862810E+02     0.1821324E+02
    -0.8861665E+02     0.1821909E+02
    -0.8860886E+02     0.1822633E+02
    -0.8860465E+02     0.1823385E+02
    -0.8859937E+02     0.1824962E+02
    -0.8859995E+02     0.1825905E+02
    -0.8859677E+02     0.1827922E+02
    -0.8859322E+02     0.1829158E+02
    -0.8859384E+02     0.1829848E+02
    -0.8859104E+02     0.1830406E+02
    -0.8857382E+02     0.1831864E+02
    -0.8855936E+02     0.1833612E+02
    -0.8854813E+02     0.1834699E+02
    -0.8854542E+02     0.1835154E+02
    -0.8854364E+02     0.1835795E+02
    -0.8854658E+02     0.1837017E+02
    -0.8854526E+02     0.1837819E+02
    -0.8853784E+02     0.1839095E+02
    -0.8853478E+02     0.1840239E+02
    -0.8853146E+02     0.1840734E+02
    -0.8853146E+02     0.1840734E+02
    -0.8853035E+02     0.1840899E+02
    -0.8852512E+02     0.1842017E+02
    -0.8851878E+02     0.1844168E+02
    -0.8851847E+02     0.1844848E+02
    -0.8851847E+02     0.1844848E+02
    -0.8851842E+02     0.1844971E+02
    -0.8851293E+02     0.1846227E+02
    -0.8850487E+02     0.1846996E+02
    -0.8849490E+02     0.1847565E+02
    -0.8849490E+02     0.1847565E+02
    -0.8847560E+02     0.1849388E+02
    -0.8847289E+02     0.1849458E+02
    -0.8847289E+02     0.1849458E+02
    -0.8847221E+02     0.1849475E+02
    -0.8847055E+02     0.1849335E+02
    -0.8845279E+02     0.1849010E+02
    -0.8844738E+02     0.1848151E+02
    -0.8844212E+02     0.1847960E+02
    -0.8843343E+02     0.1848084E+02
    -0.8842582E+02     0.1848358E+02
    -0.8842301E+02     0.1848459E+02
    -0.8839538E+02     0.1849635E+02
    -0.8839328E+02     0.1849653E+02
    -0.8839072E+02     0.1849656E+02
    -0.8838856E+02     0.1849409E+02
    -0.8838856E+02     0.1849409E+02
    -0.8838239E+02     0.1848651E+02
    -0.8837630E+02     0.1848478E+02
    -0.8836778E+02     0.1848497E+02
    -0.8835467E+02     0.1848572E+02
    -0.8834117E+02     0.1848826E+02
    -0.8832845E+02     0.1848999E+02
END
2
    -0.8792116E+02     0.1804740E+02
    -0.8791033E+02     0.1802073E+02
    -0.8790826E+02     0.1801632E+02
    -0.8791132E+02     0.1800673E+02
    -0.8791196E+02     0.1800543E+02
    -0.8792031E+02     0.1798851E+02
    -0.8792670E+02     0.1796750E+02
    -0.8796145E+02     0.1790679E+02
    -0.8797072E+02     0.1789845E+02
    -0.8797494E+02     0.1789697E+02
    -0.8797820E+02     0.1789583E+02
    -0.8801088E+02     0.1789319E+02
    -0.8801276E+02     0.1789506E+02
    -0.8801129E+02     0.1789710E+02
    -0.8800356E+02     0.1789995E+02
    -0.8799330E+02     0.1790988E+02
    -0.8798705E+02     0.1791046E+02
    -0.8797630E+02     0.1790797E+02
    -0.8797657E+02     0.1791923E+02
    -0.8796936E+02     0.1791979E+02
    -0.8796279E+02     0.1792450E+02
    -0.8795129E+02     0.1794347E+02
    -0.8793481E+02     0.1797063E+02
    -0.8793760E+02     0.1797527E+02
    -0.8794097E+02     0.1797487E+02
    -0.8795466E+02     0.1796157E+02
    -0.8795995E+02     0.1796120E+02
    -0.8796176E+02     0.1796675E+02
    -0.8796507E+02     0.1797002E+02
    -0.8796426E+02     0.1797437E+02
    -0.8795939E+02     0.1797842E+02
    -0.8795786E+02     0.1798276E+02
    -0.8796128E+02     0.1799247E+02
    -0.8796318E+02     0.1800628E+02
    -0.8796010E+02     0.1801702E+02
    -0.8795941E+02     0.1801857E+02
    -0.8794481E+02     0.1805144E+02
    -0.8792832E+02     0.1807251E+02
    -0.8792574E+02     0.1808165E+02
    -0.8791853E+02     0.1809507E+02
    -0.8791989E+02     0.1809900E+02
    -0.8792414E+02     0.1810276E+02
    -0.8792361E+02     0.1810573E+02
    -0.8792091E+02     0.1810821E+02
    -0.8791538E+02     0.1810880E+02
    -0.8791317E+02     0.1811129E+02
    -0.8791312E+02     0.1811381E+02
    -0.8791887E+02     0.1811461E+02
    -0.8792027E+02     0.1811670E+02
    -0.8791950E+02     0.1811944E+02
    -0.8791830E+02     0.1812032E+02
    -0.8791122E+02     0.1812550E+02
    -0.8790887E+02     0.1813487E+02
    -0.8791080E+02     0.1814708E+02
    -0.8790903E+02     0.1815211E+02
    -0.8789541E+02     0.1816036E+02
    -0.8789036E+02     0.1816072E+02
    -0.8787822E+02     0.1815476E+02
    -0.8787120E+02     0.1815716E+02
    -0.8786067E+02     0.1816730E+02
    -0.8785826E+02     0.1816772E+02
    -0.8785590E+02     0.1816538E+02
    -0.8785029E+02     0.1814506E+02
    -0.8784994E+02     0.1813862E+02
    -0.8785100E+02     0.1813611E+02
    -0.8785397E+02     0.1812904E+02
    -0.8787054E+02     0.1811717E+02
    -0.8787399E+02     0.1811264E+02
    -0.8788094E+02     0.1807578E+02
    -0.8789160E+02     0.1805852E+02
    -0.8790224E+02     0.1802977E+02
    -0.8790776E+02     0.1802964E+02
    -0.8790776E+02     0.1802964E+02
    -0.8791033E+02     0.1802073E+02
END
3
    -0.8796101E+02     0.1811252E+02
    -0.8796523E+02     0.1810234E+02
    -0.8796785E+02     0.1810354E+02
    -0.8796875E+02     0.1810654E+02
    -0.8796789E+02     0.1811434E+02
    -0.8795696E+02     0.1812012E+02
    -0.8795071E+02     0.1812046E+02
    -0.8794955E+02     0.1811814E+02
    -0.8795129E+02     0.1811542E+02
    -0.8796037E+02     0.1810547E+02
    -0.8796523E+02     0.1810234E+02
END
4
    -0.8794103E+02     0.1808463E+02
    -0.8793850E+02     0.1806741E+02
    -0.8794138E+02     0.1806746E+02
    -0.8794350E+02     0.1807002E+02
    -0.8794699E+02     0.1808869E+02
    -0.8794618E+02     0.1809327E+02
    -0.8793841E+02     0.1809796E+02
    -0.8793120E+02     0.1809806E+02
    -0.8792980E+02     0.1809574E+02
    -0.8793577E+02     0.1808505E+02
    -0.8793850E+02     0.1806741E+02
END
5
    -0.8802821E+02     0.1787001E+02
    -0.8802242E+02     0.1786606E+02
    -0.8803777E+02     0.1786633E+02
    -0.8804086E+02     0.1786776E+02
    -0.8804057E+02     0.1787005E+02
    -0.8803502E+02     0.1787202E+02
    -0.8801773E+02     0.1787310E+02
    -0.8801562E+02     0.1787030E+02
    -0.8801857E+02     0.1786645E+02
    -0.8802242E+02     0.1786606E+02
END
6
    -0.8800517E+02     0.1777400E+02
    -0.8800724E+02     0.1773923E+02
    -0.8801251E+02     0.1773956E+02
    -0.8801508E+02     0.1774327E+02
    -0.8801503E+02     0.1774596E+02
    -0.8801499E+02     0.1774810E+02
    -0.8800785E+02     0.1775831E+02
    -0.8801034E+02     0.1777948E+02
    -0.8800500E+02     0.1779593E+02
    -0.8800011E+02     0.1780112E+02
    -0.8799821E+02     0.1780017E+02
    -0.8799664E+02     0.1779440E+02
    -0.8800105E+02     0.1777587E+02
    -0.8799863E+02     0.1776480E+02
    -0.8799935E+02     0.1775127E+02
    -0.8800285E+02     0.1774352E+02
    -0.8800724E+02     0.1773923E+02
END
7
    -0.8812428E+02     0.1768030E+02
    -0.8815945E+02     0.1765595E+02
    -0.8816591E+02     0.1765651E+02
    -0.8816623E+02     0.1765727E+02
    -0.8816706E+02     0.1765929E+02
    -0.8816577E+02     0.1766455E+02
    -0.8816309E+02     0.1766749E+02
    -0.8814185E+02     0.1767609E+02
    -0.8813301E+02     0.1768857E+02
    -0.8812433E+02     0.1769164E+02
    -0.8811456E+02     0.1770204E+02
    -0.8810325E+02     0.1770461E+02
    -0.8809453E+02     0.1770997E+02
    -0.8808842E+02     0.1771630E+02
    -0.8807972E+02     0.1773406E+02
    -0.8807517E+02     0.1773352E+02
    -0.8807455E+02     0.1773268E+02
    -0.8807190E+02     0.1772910E+02
    -0.8807013E+02     0.1772104E+02
    -0.8807120E+02     0.1771485E+02
    -0.8807365E+02     0.1771168E+02
    -0.8807892E+02     0.1771200E+02
    -0.8808279E+02     0.1771000E+02
    -0.8809456E+02     0.1769504E+02
    -0.8811797E+02     0.1767224E+02
    -0.8813901E+02     0.1766066E+02
    -0.8815945E+02     0.1765595E+02
END
8
    -0.8802073E+02     0.1769591E+02
    -0.8802335E+02     0.1767107E+02
    -0.8802500E+02     0.1767248E+02
    -0.8802699E+02     0.1768193E+02
    -0.8802707E+02     0.1769066E+02
    -0.8801972E+02     0.1771235E+02
    -0.8801703E+02     0.1771529E+02
    -0.8801538E+02     0.1771365E+02
    -0.8801407E+02     0.1770720E+02
    -0.8801991E+02     0.1767583E+02
    -0.8802335E+02     0.1767107E+02
END
9
    -0.8810839E+02     0.1764982E+02
    -0.8809840E+02     0.1764090E+02
    -0.8811053E+02     0.1764548E+02
    -0.8811663E+02     0.1765293E+02
    -0.8811345E+02     0.1765678E+02
    -0.8810986E+02     0.1765649E+02
    -0.8810232E+02     0.1764947E+02
    -0.8809740E+02     0.1764318E+02
    -0.8809840E+02     0.1764090E+02
END
10
    -0.8804237E+02     0.1764000E+02
    -0.8804272E+02     0.1762042E+02
    -0.8804553E+02     0.1762392E+02
    -0.8804702E+02     0.1763451E+02
    -0.8804507E+02     0.1764894E+02
    -0.8804235E+02     0.1765395E+02
    -0.8803945E+02     0.1765528E+02
    -0.8803772E+02     0.1764537E+02
    -0.8804075E+02     0.1762360E+02
    -0.8804272E+02     0.1762042E+02
END
11
    -0.8806016E+02     0.1759678E+02
    -0.8804816E+02     0.1754519E+02
    -0.8805054E+02     0.1754569E+02
    -0.8806264E+02     0.1756542E+02
    -0.8806461E+02     0.1757510E+02
    -0.8806276E+02     0.1758517E+02
    -0.8806308E+02     0.1759368E+02
    -0.8807203E+02     0.1761909E+02
    -0.8807675E+02     0.1763249E+02
    -0.8807549E+02     0.1763638E+02
    -0.8807332E+02     0.1763703E+02
    -0.8806760E+02     0.1763555E+02
    -0.8806548E+02     0.1763322E+02
    -0.8805932E+02     0.1761635E+02
    -0.8805326E+02     0.1760706E+02
    -0.8805966E+02     0.1758420E+02
    -0.8805856E+02     0.1757936E+02
    -0.8804823E+02     0.1756816E+02
    -0.8804429E+02     0.1756074E+02
    -0.8804391E+02     0.1755499E+02
    -0.8804816E+02     0.1754519E+02
END
12
    -0.8777740E+02     0.1758944E+02
    -0.8778141E+02     0.1758513E+02
    -0.8778304E+02     0.1758723E+02
    -0.8778227E+02     0.1758997E+02
    -0.8777984E+02     0.1759176E+02
    -0.8777360E+02     0.1759279E+02
    -0.8777197E+02     0.1759024E+02
    -0.8777446E+02     0.1758546E+02
    -0.8778141E+02     0.1758513E+02
END
13
    -0.8781177E+02     0.1757722E+02
    -0.8782000E+02     0.1757093E+02
    -0.8782117E+02     0.1757256E+02
    -0.8781916E+02     0.1757689E+02
    -0.8782028E+02     0.1758104E+02
    -0.8781715E+02     0.1758213E+02
    -0.8781552E+02     0.1757934E+02
    -0.8780808E+02     0.1758012E+02
    -0.8780408E+02     0.1757706E+02
    -0.8782000E+02     0.1757093E+02
END
14
    -0.8816636E+02     0.1755873E+02
    -0.8817400E+02     0.1754940E+02
    -0.8817491E+02     0.1755240E+02
    -0.8817362E+02     0.1755766E+02
    -0.8817041E+02     0.1756335E+02
    -0.8816534E+02     0.1756602E+02
    -0.8815984E+02     0.1756547E+02
    -0.8815897E+02     0.1756017E+02
    -0.8816269E+02     0.1755288E+02
    -0.8816824E+02     0.1754999E+02
    -0.8817400E+02     0.1754940E+02
END
15
    -0.8786432E+02     0.1742442E+02
    -0.8792361E+02     0.1727040E+02
    -0.8793256E+02     0.1727745E+02
    -0.8793578E+02     0.1728417E+02
    -0.8793636E+02     0.1729130E+02
    -0.8792957E+02     0.1732217E+02
    -0.8791643E+02     0.1735959E+02
    -0.8791637E+02     0.1736281E+02
    -0.8792029E+02     0.1737046E+02
    -0.8792133E+02     0.1739137E+02
    -0.8791884E+02     0.1740924E+02
    -0.8791557E+02     0.1741745E+02
    -0.8790798E+02     0.1742672E+02
    -0.8789996E+02     0.1743347E+02
    -0.8789444E+02     0.1743428E+02
    -0.8788490E+02     0.1743250E+02
    -0.8788243E+02     0.1743682E+02
    -0.8786356E+02     0.1745351E+02
    -0.8785979E+02     0.1745684E+02
    -0.8784824E+02     0.1747270E+02
    -0.8784512E+02     0.1747310E+02
    -0.8784325E+02     0.1747123E+02
    -0.8784133E+02     0.1745880E+02
    -0.8783828E+02     0.1745576E+02
    -0.8783229E+02     0.1745633E+02
    -0.8782396E+02     0.1745411E+02
    -0.8781821E+02     0.1745423E+02
    -0.8781455E+02     0.1745784E+02
    -0.8781351E+02     0.1746241E+02
    -0.8781511E+02     0.1747852E+02
    -0.8781257E+02     0.1748582E+02
    -0.8779919E+02     0.1749728E+02
    -0.8779466E+02     0.1750536E+02
    -0.8779422E+02     0.1750614E+02
    -0.8779340E+02     0.1751118E+02
    -0.8779693E+02     0.1751469E+02
    -0.8781390E+02     0.1751593E+02
    -0.8782476E+02     0.1751108E+02
    -0.8783356E+02     0.1750183E+02
    -0.8783620E+02     0.1750096E+02
    -0.8783998E+02     0.1750378E+02
    -0.8784154E+02     0.1751001E+02
    -0.8784070E+02     0.1751620E+02
    -0.8783725E+02     0.1752118E+02
    -0.8783019E+02     0.1753943E+02
    -0.8782652E+02     0.1754372E+02
    -0.8782339E+02     0.1754458E+02
    -0.8781557E+02     0.1754030E+02
    -0.8780333E+02     0.1753643E+02
    -0.8779321E+02     0.1753322E+02
    -0.8778848E+02     0.1752992E+02
    -0.8778274E+02     0.1751810E+02
    -0.8777847E+02     0.1751595E+02
    -0.8777699E+02     0.1750651E+02
    -0.8779320E+02     0.1748522E+02
    -0.8779701E+02     0.1747381E+02
    -0.8781319E+02     0.1744174E+02
    -0.8781520E+02     0.1743271E+02
    -0.8781660E+02     0.1742641E+02
    -0.8783829E+02     0.1740638E+02
    -0.8784383E+02     0.1740419E+02
    -0.8784741E+02     0.1740425E+02
    -0.8786266E+02     0.1741992E+02
    -0.8786987E+02     0.1741822E+02
    -0.8787379E+02     0.1741301E+02
    -0.8787318E+02     0.1740749E+02
    -0.8787521E+02     0.1740178E+02
    -0.8789097E+02     0.1740322E+02
    -0.8789703E+02     0.1739874E+02
    -0.8790275E+02     0.1738740E+02
    -0.8790449E+02     0.1738395E+02
    -0.8790657E+02     0.1737503E+02
    -0.8790647E+02     0.1736745E+02
    -0.8790250E+02     0.1735039E+02
    -0.8790285E+02     0.1734442E+02
    -0.8791221E+02     0.1731750E+02
    -0.8792416E+02     0.1730508E+02
    -0.8792592E+02     0.1730029E+02
    -0.8792673E+02     0.1728286E+02
    -0.8792139E+02     0.1727403E+02
    -0.8792361E+02     0.1727040E+02
END
16
    -0.8777568E+02     0.1753759E+02
    -0.8777147E+02     0.1753097E+02
    -0.8777765E+02     0.1753339E+02
    -0.8778065E+02     0.1753873E+02
    -0.8777963E+02     0.1754192E+02
    -0.8777531E+02     0.1754276E+02
    -0.8777296E+02     0.1754065E+02
    -0.8776904E+02     0.1753322E+02
    -0.8777147E+02     0.1753097E+02
END
17
    -0.8817374E+02     0.1753644E+02
    -0.8817313E+02     0.1753101E+02
    -0.8817790E+02     0.1753155E+02
    -0.8817908E+02     0.1753295E+02
    -0.8817902E+02     0.1753593E+02
    -0.8817416E+02     0.1754067E+02
    -0.8817058E+02     0.1753992E+02
    -0.8816896E+02     0.1753645E+02
    -0.8817046E+02     0.1753257E+02
    -0.8817313E+02     0.1753101E+02
END
18
    -0.8814344E+02     0.1751218E+02
    -0.8813820E+02     0.1750241E+02
    -0.8814202E+02     0.1750316E+02
    -0.8814697E+02     0.1750784E+02
    -0.8815137E+02     0.1751595E+02
    -0.8815012E+02     0.1751868E+02
    -0.8814819E+02     0.1751980E+02
    -0.8814054E+02     0.1751921E+02
    -0.8813525E+02     0.1750672E+02
    -0.8813676E+02     0.1750284E+02
    -0.8813820E+02     0.1750241E+02
END
19
    -0.8808214E+02     0.1751040E+02
    -0.8808507E+02     0.1750288E+02
    -0.8808961E+02     0.1750319E+02
    -0.8809122E+02     0.1750689E+02
    -0.8808898E+02     0.1751145E+02
    -0.8807501E+02     0.1751626E+02
    -0.8807316E+02     0.1751301E+02
    -0.8807513E+02     0.1750983E+02
    -0.8808507E+02     0.1750288E+02
END
20
    -0.8807211E+02     0.1748437E+02
    -0.8808237E+02     0.1749319E+02
    -0.8808326E+02     0.1749665E+02
    -0.8808152E+02     0.1750029E+02
    -0.8807765E+02     0.1750252E+02
    -0.8807140E+02     0.1750448E+02
    -0.8806741E+02     0.1750028E+02
    -0.8806247E+02     0.1749514E+02
    -0.8806133E+02     0.1749168E+02
    -0.8806046E+02     0.1748730E+02
    -0.8806463E+02     0.1748140E+02
    -0.8806641E+02     0.1747569E+02
    -0.8806633E+02     0.1746673E+02
    -0.8807054E+02     0.1745877E+02
    -0.8807365E+02     0.1745859E+02
    -0.8807647E+02     0.1746186E+02
    -0.8807906E+02     0.1746443E+02
    -0.8808082E+02     0.1747272E+02
    -0.8808159E+02     0.1748307E+02
    -0.8808237E+02     0.1749319E+02
END
21
    -0.8803918E+02     0.1748188E+02
    -0.8803813E+02     0.1746510E+02
    -0.8803977E+02     0.1746673E+02
    -0.8804465E+02     0.1748840E+02
    -0.8804310E+02     0.1749435E+02
    -0.8803926E+02     0.1749497E+02
    -0.8803603E+02     0.1748848E+02
    -0.8803372E+02     0.1747053E+02
    -0.8803573E+02     0.1746528E+02
    -0.8803813E+02     0.1746510E+02
END
22
    -0.8748471E+02     0.1745455E+02
    -0.8747251E+02     0.1744214E+02
    -0.8748102E+02     0.1744691E+02
    -0.8748961E+02     0.1744777E+02
    -0.8749618E+02     0.1745411E+02
    -0.8749490E+02     0.1745776E+02
    -0.8748591E+02     0.1746423E+02
    -0.8748209E+02     0.1746393E+02
    -0.8747597E+02     0.1745898E+02
    -0.8746812E+02     0.1744549E+02
    -0.8747011E+02     0.1744232E+02
    -0.8747251E+02     0.1744214E+02
END
23
    -0.8806470E+02     0.1740550E+02
    -0.8807092E+02     0.1739838E+02
    -0.8807447E+02     0.1740005E+02
    -0.8806519E+02     0.1741068E+02
    -0.8806040E+02     0.1741106E+02
    -0.8805830E+02     0.1740804E+02
    -0.8806053E+02     0.1740394E+02
    -0.8806611E+02     0.1739968E+02
    -0.8807092E+02     0.1739838E+02
END
24
    -0.8781146E+02     0.1731986E+02
    -0.8782796E+02     0.1728586E+02
    -0.8782932E+02     0.1728956E+02
    -0.8782698E+02     0.1729916E+02
    -0.8782742E+02     0.1730865E+02
    -0.8782765E+02     0.1731387E+02
    -0.8782623E+02     0.1732533E+02
    -0.8782943E+02     0.1733296E+02
    -0.8782716E+02     0.1733935E+02
    -0.8782133E+02     0.1734406E+02
    -0.8781979E+02     0.1734932E+02
    -0.8782661E+02     0.1737930E+02
    -0.8783545E+02     0.1737992E+02
    -0.8783706E+02     0.1738339E+02
    -0.8783576E+02     0.1738842E+02
    -0.8783134E+02     0.1739454E+02
    -0.8782751E+02     0.1739493E+02
    -0.8782230E+02     0.1739185E+02
    -0.8781564E+02     0.1737794E+02
    -0.8781542E+02     0.1737672E+02
    -0.8781091E+02     0.1735099E+02
    -0.8779726E+02     0.1732754E+02
    -0.8779577E+02     0.1731833E+02
    -0.8780668E+02     0.1728615E+02
    -0.8781023E+02     0.1728783E+02
    -0.8781224E+02     0.1729521E+02
    -0.8781657E+02     0.1729392E+02
    -0.8782341E+02     0.1728647E+02
    -0.8782796E+02     0.1728586E+02
END
25
    -0.8805910E+02     0.1737311E+02
    -0.8805383E+02     0.1736456E+02
    -0.8805951E+02     0.1736764E+02
    -0.8806487E+02     0.1737508E+02
    -0.8806409E+02     0.1737874E+02
    -0.8805810E+02     0.1737979E+02
    -0.8805645E+02     0.1737815E+02
    -0.8805328E+02     0.1736868E+02
    -0.8805383E+02     0.1736456E+02
END
26
    -0.8787158E+02     0.1731201E+02
    -0.8787177E+02     0.1730711E+02
    -0.8787511E+02     0.1730740E+02
    -0.8787746E+02     0.1730974E+02
    -0.8787595E+02     0.1731339E+02
    -0.8787112E+02     0.1731582E+02
    -0.8786779E+02     0.1731507E+02
    -0.8786640E+02     0.1731252E+02
    -0.8786765E+02     0.1730979E+02
    -0.8787177E+02     0.1730711E+02
END
27
    -0.8790655E+02     0.1728279E+02
    -0.8790917E+02     0.1727588E+02
    -0.8791048E+02     0.1728256E+02
    -0.8790704E+02     0.1728755E+02
    -0.8790416E+02     0.1728819E+02
    -0.8790232E+02     0.1728425E+02
    -0.8790385E+02     0.1727946E+02
    -0.8790606E+02     0.1727605E+02
    -0.8790917E+02     0.1727588E+02
END
28
    -0.8808414E+02     0.1726953E+02
    -0.8808758E+02     0.1725538E+02
    -0.8809145E+02     0.1726647E+02
    -0.8809105E+02     0.1727542E+02
    -0.8808787E+02     0.1727927E+02
    -0.8808259E+02     0.1728056E+02
    -0.8807929E+02     0.1727774E+02
    -0.8807656E+02     0.1727035E+02
    -0.8808275E+02     0.1725829E+02
    -0.8808758E+02     0.1725538E+02
END
29
    -0.8784565E+02     0.1726323E+02
    -0.8783839E+02     0.1726539E+02
    -0.8784075E+02     0.1725487E+02
    -0.8784515E+02     0.1724944E+02
    -0.8785407E+02     0.1724571E+02
    -0.8785693E+02     0.1724622E+02
    -0.8786120E+02     0.1726007E+02
    -0.8785997E+02     0.1726212E+02
    -0.8785733E+02     0.1726253E+02
    -0.8785429E+02     0.1725880E+02
    -0.8785258E+02     0.1726083E+02
    -0.8785226E+02     0.1726542E+02
    -0.8785264E+02     0.1727025E+02
    -0.8785043E+02     0.1727319E+02
    -0.8784008E+02     0.1727690E+02
    -0.8783723E+02     0.1727616E+02
    -0.8783659E+02     0.1727225E+02
    -0.8783839E+02     0.1726539E+02
END
30
    -0.8793182E+02     0.1722910E+02
    -0.8792448E+02     0.1718661E+02
    -0.8792729E+02     0.1718942E+02
    -0.8793347E+02     0.1720399E+02
    -0.8793621E+02     0.1722310E+02
    -0.8793611E+02     0.1722435E+02
    -0.8793529E+02     0.1723433E+02
    -0.8793758E+02     0.1725205E+02
    -0.8793627E+02     0.1725823E+02
    -0.8793333E+02     0.1726208E+02
    -0.8792998E+02     0.1726225E+02
    -0.8792764E+02     0.1725968E+02
    -0.8792318E+02     0.1724261E+02
    -0.8792352E+02     0.1723711E+02
    -0.8792818E+02     0.1723076E+02
    -0.8792625E+02     0.1721902E+02
    -0.8792650E+02     0.1720616E+02
    -0.8792021E+02     0.1719755E+02
    -0.8791891E+02     0.1719041E+02
    -0.8792113E+02     0.1718701E+02
    -0.8792448E+02     0.1718661E+02
END
31
    -0.8784552E+02     0.1723701E+02
    -0.8785159E+02     0.1722568E+02
    -0.8785493E+02     0.1722598E+02
    -0.8786435E+02     0.1723304E+02
    -0.8786407E+02     0.1723533E+02
    -0.8783157E+02     0.1724759E+02
    -0.8782818E+02     0.1725028E+02
    -0.8782222E+02     0.1726142E+02
    -0.8781839E+02     0.1726203E+02
    -0.8781825E+02     0.1725652E+02
    -0.8782789E+02     0.1724040E+02
    -0.8783592E+02     0.1723274E+02
    -0.8785159E+02     0.1722568E+02
END
32
    -0.8786684E+02     0.1720419E+02
    -0.8786569E+02     0.1718829E+02
    -0.8786806E+02     0.1718925E+02
    -0.8787126E+02     0.1719666E+02
    -0.8787344E+02     0.1720795E+02
    -0.8787237E+02     0.1721367E+02
    -0.8786945E+02     0.1721660E+02
    -0.8786467E+02     0.1721651E+02
    -0.8786140E+02     0.1721255E+02
    -0.8786082E+02     0.1720519E+02
    -0.8786302E+02     0.1719054E+02
    -0.8786569E+02     0.1718829E+02
END
33
    -0.8757209E+02     0.1720132E+02
    -0.8757954E+02     0.1718805E+02
    -0.8758087E+02     0.1719290E+02
    -0.8757711E+02     0.1720132E+02
    -0.8757071E+02     0.1721038E+02
    -0.8756662E+02     0.1721167E+02
    -0.8756709E+02     0.1720089E+02
    -0.8757079E+02     0.1719499E+02
    -0.8757954E+02     0.1718805E+02
END
34
    -0.8788463E+02     0.1718741E+02
    -0.8787786E+02     0.1716395E+02
    -0.8788049E+02     0.1716400E+02
    -0.8788377E+02     0.1716681E+02
    -0.8789239E+02     0.1719131E+02
    -0.8789299E+02     0.1719729E+02
    -0.8788948E+02     0.1720572E+02
    -0.8788547E+02     0.1720335E+02
    -0.8787286E+02     0.1717556E+02
    -0.8787786E+02     0.1716395E+02
END
35
    -0.8804375E+02     0.1707410E+02
    -0.8805142E+02     0.1706167E+02
    -0.8805248E+02     0.1706904E+02
    -0.8804267E+02     0.1708379E+02
    -0.8803863E+02     0.1708280E+02
    -0.8803725E+02     0.1707979E+02
    -0.8803935E+02     0.1706927E+02
    -0.8804640E+02     0.1706204E+02
    -0.8805142E+02     0.1706167E+02
END
36
    -0.8801258E+02     0.1699835E+02
    -0.8801358E+02     0.1699076E+02
    -0.8801667E+02     0.1699150E+02
    -0.8801804E+02     0.1699497E+02
    -0.8801675E+02     0.1700000E+02
    -0.8801190E+02     0.1700428E+02
    -0.8800930E+02     0.1700308E+02
    -0.8800795E+02     0.1699847E+02
    -0.8801021E+02     0.1699254E+02
    -0.8801358E+02     0.1699076E+02
END
37
    -0.8811623E+02     0.1687847E+02
    -0.8811661E+02     0.1687112E+02
    -0.8811895E+02     0.1687345E+02
    -0.8811932E+02     0.1687943E+02
    -0.8811662E+02     0.1688420E+02
    -0.8811377E+02     0.1688323E+02
    -0.8811312E+02     0.1687932E+02
    -0.8811372E+02     0.1687267E+02
    -0.8811661E+02     0.1687112E+02
END
38
    -0.8810163E+02     0.1682707E+02
    -0.8810320E+02     0.1682039E+02
    -0.8810550E+02     0.1682525E+02
    -0.8810349E+02     0.1683095E+02
    -0.8810061E+02     0.1683228E+02
    -0.8809718E+02     0.1682419E+02
    -0.8809889E+02     0.1682169E+02
    -0.8810320E+02     0.1682039E+02
END
39
    -0.8808047E+02     0.1677231E+02
    -0.8808272E+02     0.1676656E+02
    -0.8808530E+02     0.1676867E+02
    -0.8808501E+02     0.1677119E+02
    -0.8808064E+02     0.1677593E+02
    -0.8807753E+02     0.1677680E+02
    -0.8807590E+02     0.1677424E+02
    -0.8807837E+02     0.1676970E+02
    -0.8808272E+02     0.1676656E+02
END
40
    -0.8815832E+02     0.1676641E+02
    -0.8816238E+02     0.1676080E+02
    -0.8816306E+02     0.1676288E+02
    -0.8816158E+02     0.1676629E+02
    -0.8815530E+02     0.1677078E+02
    -0.8815465E+02     0.1676710E+02
    -0.8815928E+02     0.1676144E+02
    -0.8816238E+02     0.1676080E+02
END
41
    -0.8769862E+02     0.1671662E+02
    -0.8770144E+02     0.1671274E+02
    -0.8770379E+02     0.1671439E+02
    -0.8770325E+02     0.1671713E+02
    -0.8769333E+02     0.1672520E+02
    -0.8769246E+02     0.1672106E+02
    -0.8769398E+02     0.1671626E+02
    -0.8769762E+02     0.1671335E+02
    -0.8770144E+02     0.1671274E+02
END
42
    -0.8827205E+02     0.1651019E+02
    -0.8826666E+02     0.1650802E+02
    -0.8827760E+02     0.1650820E+02
    -0.8827802E+02     0.1651118E+02
    -0.8827488E+02     0.1651435E+02
    -0.8827106E+02     0.1651497E+02
    -0.8826707E+02     0.1651170E+02
    -0.8826523E+02     0.1650845E+02
    -0.8826666E+02     0.1650802E+02
END
43
    -0.8815130E+02     0.1633072E+02
    -0.8814947E+02     0.1632711E+02
    -0.8815491E+02     0.1632789E+02
    -0.8815771E+02     0.1633115E+02
    -0.8815482E+02     0.1633317E+02
    -0.8814935E+02     0.1633353E+02
    -0.8814487E+02     0.1633162E+02
    -0.8814586E+02     0.1632935E+02
    -0.8814947E+02     0.1632711E+02
END
44
    -0.8692901E+02     0.1610026E+02
    -0.8696003E+02     0.1606937E+02
    -0.8696593E+02     0.1607065E+02
    -0.8697312E+02     0.1607725E+02
    -0.8699101E+02     0.1608295E+02
    -0.8699285E+02     0.1608528E+02
    -0.8699294E+02     0.1608681E+02
    -0.8699302E+02     0.1608804E+02
    -0.8698978E+02     0.1609462E+02
    -0.8698254E+02     0.1609949E+02
    -0.8697088E+02     0.1610082E+02
    -0.8696077E+02     0.1610655E+02
    -0.8695107E+02     0.1610563E+02
    -0.8694746E+02     0.1610760E+02
    -0.8694224E+02     0.1611689E+02
    -0.8693568E+02     0.1612292E+02
    -0.8693142E+02     0.1612259E+02
    -0.8692586E+02     0.1611718E+02
    -0.8691805E+02     0.1611631E+02
    -0.8690543E+02     0.1611807E+02
    -0.8689056E+02     0.1612436E+02
    -0.8688411E+02     0.1612403E+02
    -0.8688226E+02     0.1612393E+02
    -0.8687669E+02     0.1611898E+02
    -0.8687445E+02     0.1611365E+02
    -0.8688327E+02     0.1610285E+02
    -0.8688058E+02     0.1609636E+02
    -0.8688212E+02     0.1609204E+02
    -0.8688602E+02     0.1608755E+02
    -0.8689054E+02     0.1608720E+02
    -0.8689680E+02     0.1609331E+02
    -0.8690082E+02     0.1609387E+02
    -0.8691145E+02     0.1608632E+02
    -0.8694159E+02     0.1607627E+02
    -0.8695290E+02     0.1606988E+02
    -0.8696003E+02     0.1606937E+02
END
END
