benin
1
     0.2211612E+01     0.1044155E+02
     0.2695822E+01     0.1229863E+02
     0.2705270E+01     0.1231810E+02
     0.2715879E+01     0.1234934E+02
     0.2723381E+01     0.1235507E+02
     0.2728783E+01     0.1236264E+02
     0.2732930E+01     0.1236217E+02
     0.2732930E+01     0.1236217E+02
     0.2755970E+01     0.1239009E+02
     0.2775167E+01     0.1241100E+02
     0.2792252E+01     0.1241651E+02
     0.2794593E+01     0.1241835E+02
     0.2805825E+01     0.1241742E+02
     0.2819161E+01     0.1241373E+02
     0.2832495E+01     0.1240751E+02
     0.2836003E+01     0.1240521E+02
     0.2857290E+01     0.1239553E+02
     0.2866644E+01     0.1238977E+02
     0.2890490E+01     0.1236722E+02
     0.2916432E+01     0.1233914E+02
     0.2941201E+01     0.1231427E+02
     0.2958489E+01     0.1229448E+02
     0.2971814E+01     0.1228894E+02
     0.2981400E+01     0.1228594E+02
     0.2995654E+01     0.1227534E+02
     0.3001497E+01     0.1227234E+02
     0.3015117E+01     0.1225111E+02
     0.3019818E+01     0.1223682E+02
     0.3033424E+01     0.1222463E+02
     0.3033424E+01     0.1222463E+02
     0.3048947E+01     0.1221072E+02
     0.3053335E+01     0.1219691E+02
     0.3056818E+01     0.1219069E+02
     0.3061244E+01     0.1218653E+02
     0.3082167E+01     0.1217525E+02
     0.3082167E+01     0.1217525E+02
     0.3085741E+01     0.1217333E+02
     0.3105814E+01     0.1216520E+02
     0.3105336E+01     0.1216267E+02
     0.3110925E+01     0.1215736E+02
     0.3121195E+01     0.1215341E+02
     0.3119998E+01     0.1214674E+02
     0.3120908E+01     0.1214053E+02
     0.3124865E+01     0.1213637E+02
     0.3143296E+01     0.1212802E+02
     0.3152385E+01     0.1212154E+02
     0.3168912E+01     0.1210560E+02
     0.3168912E+01     0.1210560E+02
     0.3178916E+01     0.1209475E+02
     0.3189834E+01     0.1207976E+02
     0.3209383E+01     0.1206104E+02
     0.3216843E+01     0.1205687E+02
     0.3224758E+01     0.1205017E+02
     0.3228655E+01     0.1204500E+02
     0.3229118E+01     0.1204439E+02
     0.3229118E+01     0.1204439E+02
     0.3235210E+01     0.1203632E+02
     0.3255231E+01     0.1201990E+02
     0.3261755E+01     0.1201619E+02
     0.3260566E+01     0.1201160E+02
     0.3248569E+01     0.1199418E+02
     0.3262532E+01     0.1198239E+02
     0.3268795E+01     0.1197293E+02
     0.3272485E+01     0.1196256E+02
     0.3275652E+01     0.1194070E+02
     0.3277509E+01     0.1193816E+02
     0.3283335E+01     0.1193515E+02
     0.3283335E+01     0.1193515E+02
     0.3291025E+01     0.1193143E+02
     0.3302058E+01     0.1189413E+02
     0.3307631E+01     0.1188766E+02
     0.3321868E+01     0.1188575E+02
     0.3325382E+01     0.1188780E+02
     0.3339382E+01     0.1188521E+02
     0.3352032E+01     0.1188754E+02
     0.3370941E+01     0.1189103E+02
     0.3383986E+01     0.1188452E+02
     0.3404769E+01     0.1188395E+02
     0.3412005E+01     0.1188076E+02
     0.3412005E+01     0.1188076E+02
     0.3427391E+01     0.1186647E+02
     0.3439984E+01     0.1186046E+02
     0.3455161E+01     0.1185972E+02
     0.3468482E+01     0.1186290E+02
     0.3476026E+01     0.1185978E+02
     0.3476026E+01     0.1185978E+02
     0.3476878E+01     0.1185942E+02
     0.3485037E+01     0.1185434E+02
     0.3495971E+01     0.1184166E+02
     0.3502963E+01     0.1183704E+02
     0.3514377E+01     0.1182462E+02
     0.3519669E+01     0.1180433E+02
     0.3522668E+01     0.1179219E+02
     0.3526306E+01     0.1178344E+02
     0.3541423E+01     0.1178000E+02
     0.3551412E+01     0.1178024E+02
     0.3558566E+01     0.1177660E+02
     0.3560646E+01     0.1177016E+02
     0.3559461E+01     0.1176510E+02
     0.3550311E+01     0.1175134E+02
     0.3548418E+01     0.1174376E+02
     0.3549799E+01     0.1173800E+02
     0.3555143E+01     0.1173040E+02
     0.3570249E+01     0.1171727E+02
     0.3599156E+01     0.1170127E+02
     0.3605074E+01     0.1169697E+02
     0.3600522E+01     0.1169231E+02
     0.3600522E+01     0.1169231E+02
     0.3600056E+01     0.1169184E+02
     0.3591594E+01     0.1167462E+02
     0.3586397E+01     0.1165670E+02
     0.3578183E+01     0.1164340E+02
     0.3565960E+01     0.1161700E+02
     0.3561241E+01     0.1160161E+02
     0.3549154E+01     0.1154531E+02
     0.3535631E+01     0.1147638E+02
     0.3513867E+01     0.1137987E+02
     0.3501097E+01     0.1132266E+02
     0.3495874E+01     0.1129233E+02
     0.3540029E+01     0.1125493E+02
     0.3553742E+01     0.1124477E+02
     0.3567446E+01     0.1123207E+02
     0.3580223E+01     0.1122145E+02
     0.3625980E+01     0.1118266E+02
     0.3667547E+01     0.1114801E+02
     0.3691927E+01     0.1112814E+02
     0.3708462E+01     0.1112807E+02
     0.3717545E+01     0.1112781E+02
     0.3725914E+01     0.1112409E+02
     0.3727519E+01     0.1111765E+02
     0.3723980E+01     0.1110617E+02
     0.3719476E+01     0.1108618E+02
     0.3720362E+01     0.1107491E+02
     0.3723125E+01     0.1106708E+02
     0.3724018E+01     0.1105742E+02
     0.3721167E+01     0.1104295E+02
     0.3717176E+01     0.1103469E+02
     0.3716902E+01     0.1102434E+02
     0.3718992E+01     0.1102318E+02
     0.3730162E+01     0.1102153E+02
     0.3736204E+01     0.1101898E+02
     0.3751768E+01     0.1101063E+02
     0.3758702E+01     0.1099842E+02
     0.3766239E+01     0.1096321E+02
     0.3767583E+01     0.1095079E+02
     0.3771224E+01     0.1093077E+02
     0.3771176E+01     0.1091904E+02
     0.3768997E+01     0.1089882E+02
     0.3764038E+01     0.1088137E+02
     0.3754860E+01     0.1085612E+02
     0.3749201E+01     0.1083752E+02
     0.3749384E+01     0.1082556E+02
     0.3752834E+01     0.1081566E+02
     0.3757460E+01     0.1080920E+02
     0.3760917E+01     0.1080137E+02
     0.3772478E+01     0.1078454E+02
     0.3778476E+01     0.1077256E+02
     0.3784448E+01     0.1075460E+02
     0.3797159E+01     0.1073546E+02
     0.3812688E+01     0.1072321E+02
     0.3833105E+01     0.1071231E+02
     0.3840979E+01     0.1070492E+02
     0.3843950E+01     0.1069295E+02
     0.3845480E+01     0.1067088E+02
     0.3848022E+01     0.1066765E+02
     0.3851037E+01     0.1061338E+02
     0.3851701E+01     0.1060579E+02
     0.3850976E+01     0.1059981E+02
     0.3848371E+01     0.1058879E+02
     0.3831779E+01     0.1056863E+02
     0.3820033E+01     0.1053972E+02
     0.3814868E+01     0.1052779E+02
     0.3806164E+01     0.1050300E+02
     0.3800977E+01     0.1048532E+02
     0.3801168E+01     0.1047566E+02
     0.3802017E+01     0.1045681E+02
     0.3799170E+01     0.1044280E+02
     0.3786002E+01     0.1040538E+02
     0.3775572E+01     0.1041072E+02
     0.3769321E+01     0.1041580E+02
     0.3760738E+01     0.1041859E+02
     0.3749843E+01     0.1042439E+02
     0.3730600E+01     0.1043389E+02
     0.3716464E+01     0.1044268E+02
     0.3695134E+01     0.1045380E+02
     0.3687709E+01     0.1045636E+02
     0.3665821E+01     0.1044311E+02
     0.3646044E+01     0.1043514E+02
     0.3637654E+01     0.1042759E+02
     0.3631809E+01     0.1041727E+02
     0.3632728E+01     0.1041450E+02
     0.3634522E+01     0.1039703E+02
     0.3633801E+01     0.1039036E+02
     0.3630058E+01     0.1038302E+02
     0.3626308E+01     0.1037361E+02
     0.3614399E+01     0.1035572E+02
     0.3603151E+01     0.1032749E+02
     0.3584172E+01     0.1027837E+02
     0.3584625E+01     0.1027515E+02
     0.3592211E+01     0.1025328E+02
     0.3597742E+01     0.1024177E+02
     0.3612528E+01     0.1022172E+02
     0.3623178E+01     0.1021409E+02
     0.3646300E+01     0.1018941E+02
     0.3655332E+01     0.1018409E+02
     0.3672506E+01     0.1018379E+02
     0.3678055E+01     0.1017826E+02
     0.3678951E+01     0.1016975E+02
     0.3675882E+01     0.1015597E+02
     0.3676088E+01     0.1014930E+02
     0.3673277E+01     0.1014219E+02
     0.3668097E+01     0.1012244E+02
     0.3662934E+01     0.1010706E+02
     0.3658279E+01     0.1010317E+02
     0.3646440E+01     0.1010161E+02
     0.3640858E+01     0.1009795E+02
     0.3636212E+01     0.1009659E+02
     0.3629240E+01     0.1009317E+02
     0.3623652E+01     0.1008790E+02
     0.3615721E+01     0.1007598E+02
     0.3611497E+01     0.1006244E+02
     0.3610972E+01     0.1004520E+02
     0.3612046E+01     0.1002106E+02
     0.3611087E+01     0.1001256E+02
     0.3611394E+01     0.1000000E+02
     0.3611492E+01     0.9996012E+01
     0.3608887E+01     0.9980852E+01
     0.3602311E+01     0.9957434E+01
     0.3595777E+01     0.9945736E+01
     0.3571126E+01     0.9925370E+01
     0.3564139E+01     0.9915972E+01
     0.3564315E+01     0.9899653E+01
     0.3562678E+01     0.9895522E+01
     0.3551040E+01     0.9882004E+01
     0.3548023E+01     0.9880865E+01
     0.3547553E+01     0.9879028E+01
     0.3538942E+01     0.9869175E+01
     0.3529646E+01     0.9862082E+01
     0.3517120E+01     0.9859826E+01
     0.3511317E+01     0.9857318E+01
     0.3499961E+01     0.9858045E+01
     0.3481194E+01     0.9861782E+01
     0.3474708E+01     0.9863182E+01
     0.3456388E+01     0.9861171E+01
     0.3423903E+01     0.9850698E+01
     0.3390024E+01     0.9838159E+01
     0.3370764E+01     0.9830859E+01
     0.3356844E+01     0.9825842E+01
     0.3346855E+01     0.9817595E+01
     0.3329656E+01     0.9798798E+01
     0.3323343E+01     0.9776753E+01
     0.3324232E+01     0.9761354E+01
     0.3328595E+01     0.9745946E+01
     0.3338740E+01     0.9725926E+01
     0.3340118E+01     0.9721097E+01
     0.3350272E+01     0.9705214E+01
     0.3352105E+01     0.9697396E+01
     0.3348598E+01     0.9685226E+01
     0.3336528E+01     0.9676067E+01
     0.3315170E+01     0.9657742E+01
     0.3309609E+01     0.9657526E+01
     0.3291783E+01     0.9661937E+01
     0.3279968E+01     0.9661737E+01
     0.3271623E+01     0.9659000E+01
     0.3263500E+01     0.9652356E+01
     0.3256058E+01     0.9639735E+01
     0.3253443E+01     0.9609871E+01
     0.3249722E+01     0.9602527E+01
     0.3239732E+01     0.9588533E+01
     0.3232293E+01     0.9575913E+01
     0.3226958E+01     0.9571330E+01
     0.3216037E+01     0.9553892E+01
     0.3207913E+01     0.9544490E+01
     0.3194886E+01     0.9515108E+01
     0.3186304E+01     0.9507085E+01
     0.3180974E+01     0.9504799E+01
     0.3162902E+01     0.9497714E+01
     0.3154558E+01     0.9492906E+01
     0.3149220E+01     0.9485105E+01
     0.3136215E+01     0.9462844E+01
     0.3130850E+01     0.9440339E+01
     0.3133371E+01     0.9426089E+01
     0.3151793E+01     0.9375739E+01
     0.3153623E+01     0.9364708E+01
     0.3151493E+01     0.9339211E+01
     0.3151922E+01     0.9321521E+01
     0.3153751E+01     0.9309571E+01
     0.3158344E+01     0.9291413E+01
     0.3157170E+01     0.9282456E+01
     0.3149981E+01     0.9272593E+01
     0.3131682E+01     0.9259075E+01
     0.3126350E+01     0.9252194E+01
     0.3122162E+01     0.9238419E+01
     0.3121896E+01     0.9218664E+01
     0.3123699E+01     0.9192244E+01
     0.3120917E+01     0.9188114E+01
     0.3101432E+01     0.9152777E+01
     0.3092145E+01     0.9129824E+01
     0.3088169E+01     0.9101578E+01
     0.3083539E+01     0.9097911E+01
     0.3056248E+01     0.9089689E+01
     0.3051390E+01     0.9086712E+01
     0.3042600E+01     0.9083510E+01
     0.3035433E+01     0.9082832E+01
     0.3018781E+01     0.9076657E+01
     0.3008144E+01     0.9073917E+01
     0.2994275E+01     0.9073937E+01
     0.2984102E+01     0.9072345E+01
     0.2964000E+01     0.9079493E+01
     0.2956387E+01     0.9092365E+01
     0.2953382E+01     0.9092599E+01
     0.2912922E+01     0.9087595E+01
     0.2896044E+01     0.9083710E+01
     0.2891463E+01     0.9080210E+01
     0.2881933E+01     0.9072929E+01
     0.2879152E+01     0.9064664E+01
     0.2867592E+01     0.9062149E+01
     0.2854419E+01     0.9064459E+01
     0.2837315E+01     0.9064244E+01
     0.2780915E+01     0.9065207E+01
     0.2778264E+01     0.9053801E+01
     0.2778264E+01     0.9053801E+01
     0.2779084E+01     0.9051574E+01
     0.2785999E+01     0.9044891E+01
     0.2782741E+01     0.9037322E+01
     0.2782494E+01     0.9031810E+01
     0.2774158E+01     0.9026093E+01
     0.2775538E+01     0.9023792E+01
     0.2776107E+01     0.9023653E+01
     0.2783159E+01     0.9021932E+01
     0.2784076E+01     0.9019403E+01
     0.2782680E+01     0.9016191E+01
     0.2772034E+01     0.9010711E+01
     0.2772256E+01     0.9007494E+01
     0.2780801E+01     0.9005631E+01
     0.2782411E+01     0.9003100E+01
     0.2777766E+01     0.8994845E+01
     0.2779836E+01     0.8991624E+01
     0.2786767E+01     0.8990685E+01
     0.2788606E+01     0.8987693E+01
     0.2787444E+01     0.8985400E+01
     0.2782121E+01     0.8982659E+01
     0.2783033E+01     0.8978293E+01
     0.2787411E+01     0.8974146E+01
     0.2788786E+01     0.8970237E+01
     0.2785765E+01     0.8964046E+01
     0.2774886E+01     0.8957188E+01
     0.2771177E+01     0.8952835E+01
     0.2778102E+01     0.8950747E+01
     0.2781783E+01     0.8945224E+01
     0.2770618E+01     0.8918846E+01
     0.2768534E+01     0.8917015E+01
     0.2763911E+01     0.8916110E+01
     0.2759742E+01     0.8912218E+01
     0.2758113E+01     0.8907859E+01
     0.2758282E+01     0.8904663E+01
     0.2758332E+01     0.8903725E+01
     0.2761564E+01     0.8903027E+01
     0.2770347E+01     0.8904838E+01
     0.2773553E+01     0.8894723E+01
     0.2768162E+01     0.8867181E+01
     0.2757993E+01     0.8864914E+01
     0.2757066E+01     0.8863539E+01
     0.2756824E+01     0.8859635E+01
     0.2759362E+01     0.8854955E+01
     0.2759362E+01     0.8854955E+01
     0.2761189E+01     0.8851585E+01
     0.2758127E+01     0.8830008E+01
     0.2758791E+01     0.8819672E+01
     0.2763381E+01     0.8809783E+01
     0.2761060E+01     0.8805427E+01
     0.2759789E+01     0.8804717E+01
     0.2755741E+01     0.8802457E+01
     0.2744881E+01     0.8799963E+01
     0.2739323E+01     0.8794237E+01
     0.2737688E+01     0.8787354E+01
     0.2730274E+01     0.8778189E+01
     0.2728413E+01     0.8772683E+01
     0.2733682E+01     0.8757742E+01
     0.2741197E+01     0.8747887E+01
     0.2741197E+01     0.8747887E+01
     0.2744035E+01     0.8744164E+01
     0.2746089E+01     0.8735203E+01
     0.2745116E+01     0.8717296E+01
     0.2746020E+01     0.8709945E+01
     0.2750379E+01     0.8700289E+01
     0.2744110E+01     0.8687219E+01
     0.2741315E+01     0.8677813E+01
     0.2746131E+01     0.8666548E+01
     0.2739422E+01     0.8660827E+01
     0.2737560E+01     0.8654862E+01
     0.2738934E+01     0.8650725E+01
     0.2746537E+01     0.8646111E+01
     0.2749060E+01     0.8640364E+01
     0.2750391E+01     0.8620844E+01
     0.2750136E+01     0.8613270E+01
     0.2750136E+01     0.8613270E+01
     0.2749194E+01     0.8585207E+01
     0.2749134E+01     0.8583424E+01
     0.2750041E+01     0.8577682E+01
     0.2758764E+01     0.8561584E+01
     0.2754340E+01     0.8546905E+01
     0.2749701E+01     0.8537964E+01
     0.2749457E+01     0.8533143E+01
     0.2761885E+01     0.8522547E+01
     0.2761237E+01     0.8513855E+01
     0.2761237E+01     0.8513855E+01
     0.2760926E+01     0.8509693E+01
     0.2761837E+01     0.8505328E+01
     0.2750731E+01     0.8493423E+01
     0.2750029E+01     0.8489752E+01
     0.2756929E+01     0.8482615E+01
     0.2749060E+01     0.8472767E+01
     0.2744187E+01     0.8461991E+01
     0.2742543E+01     0.8454029E+01
     0.2740681E+01     0.8445014E+01
     0.2734893E+01     0.8436307E+01
     0.2726117E+01     0.8431971E+01
     0.2714586E+01     0.8431543E+01
     0.2706947E+01     0.8420317E+01
     0.2711291E+01     0.8406073E+01
     0.2714009E+01     0.8387241E+01
     0.2708660E+01     0.8369582E+01
     0.2697101E+01     0.8357448E+01
     0.2696980E+01     0.8354720E+01
     0.2696444E+01     0.8342566E+01
     0.2696444E+01     0.8342566E+01
     0.2695632E+01     0.8324169E+01
     0.2698124E+01     0.8307178E+01
     0.2711182E+01     0.8276156E+01
     0.2714598E+01     0.8260539E+01
     0.2718498E+01     0.8253643E+01
     0.2726776E+01     0.8246506E+01
     0.2732069E+01     0.8237966E+01
     0.2737361E+01     0.8229428E+01
     0.2737361E+01     0.8229428E+01
     0.2740314E+01     0.8224664E+01
     0.2754102E+01     0.8211312E+01
     0.2751327E+01     0.8207648E+01
     0.2750156E+01     0.8200767E+01
     0.2751048E+01     0.8189978E+01
     0.2748214E+01     0.8164742E+01
     0.2744043E+01     0.8156034E+01
     0.2736648E+01     0.8147563E+01
     0.2732247E+01     0.8138855E+01
     0.2729916E+01     0.8128305E+01
     0.2732540E+01     0.8116840E+01
     0.2730544E+01     0.8104897E+01
     0.2724983E+01     0.8092292E+01
     0.2724042E+01     0.8084951E+01
     0.2729070E+01     0.8070480E+01
     0.2728830E+01     0.8066810E+01
     0.2723288E+01     0.8061089E+01
     0.2720733E+01     0.8053064E+01
     0.2707331E+01     0.8000000E+01
     0.2707384E+01     0.7998213E+01
     0.2704547E+01     0.7968105E+01
     0.2699546E+01     0.7952677E+01
     0.2697374E+01     0.7942066E+01
     0.2697374E+01     0.7942066E+01
     0.2695501E+01     0.7930818E+01
     0.2690880E+01     0.7926237E+01
     0.2687850E+01     0.7913383E+01
     0.2675815E+01     0.7893206E+01
     0.2668432E+01     0.7889781E+01
     0.2695761E+01     0.7854793E+01
     0.2704050E+01     0.7837430E+01
     0.2706301E+01     0.7832714E+01
     0.2709256E+01     0.7817086E+01
     0.2711319E+01     0.7813175E+01
     0.2720298E+01     0.7810853E+01
     0.2724668E+01     0.7807626E+01
     0.2729464E+01     0.7792222E+01
     0.2732406E+01     0.7772228E+01
     0.2727956E+01     0.7744905E+01
     0.2729117E+01     0.7722892E+01
     0.2730368E+01     0.7699183E+01
     0.2725394E+01     0.7647966E+01
     0.2729012E+01     0.7622912E+01
     0.2728056E+01     0.7610049E+01
     0.2729013E+01     0.7597198E+01
     0.2730281E+01     0.7580174E+01
     0.2736229E+01     0.7565223E+01
     0.2746108E+01     0.7555774E+01
     0.2747696E+01     0.7547038E+01
     0.2746066E+01     0.7540150E+01
     0.2749486E+01     0.7527503E+01
     0.2754768E+01     0.7521284E+01
     0.2762131E+01     0.7518965E+01
     0.2775237E+01     0.7510655E+01
     0.2786029E+01     0.7498676E+01
     0.2788596E+01     0.7497129E+01
     0.2792927E+01     0.7494520E+01
     0.2798191E+01     0.7482555E+01
     0.2799681E+01     0.7437971E+01
     0.2799188E+01     0.7426483E+01
     0.2795725E+01     0.7423275E+01
     0.2785810E+01     0.7418708E+01
     0.2762782E+01     0.7419233E+01
     0.2757019E+01     0.7417182E+01
     0.2749601E+01     0.7417384E+01
     0.2747578E+01     0.7417439E+01
     0.2747440E+01     0.7365962E+01
     0.2750054E+01     0.7311027E+01
     0.2748857E+01     0.7293792E+01
     0.2748868E+01     0.7293225E+01
     0.2749460E+01     0.7261153E+01
     0.2750601E+01     0.7257473E+01
     0.2756570E+01     0.7251020E+01
     0.2762088E+01     0.7248246E+01
     0.2774254E+01     0.7234420E+01
     0.2783552E+01     0.7182446E+01
     0.2783794E+01     0.7178181E+01
     0.2784869E+01     0.7159227E+01
     0.2775346E+01     0.7128221E+01
     0.2767258E+01     0.7116982E+01
     0.2750653E+01     0.7105764E+01
     0.2745110E+01     0.7099114E+01
     0.2745093E+01     0.7092677E+01
     0.2752878E+01     0.7077252E+01
     0.2758907E+01     0.7070923E+01
     0.2762978E+01     0.7066649E+01
     0.2767118E+01     0.7065258E+01
     0.2781819E+01     0.7053722E+01
     0.2792603E+01     0.7041276E+01
     0.2785454E+01     0.7036469E+01
     0.2775088E+01     0.7033510E+01
     0.2766551E+01     0.7026408E+01
     0.2752952E+01     0.7019320E+01
     0.2743266E+01     0.7012450E+01
     0.2729186E+01     0.6998007E+01
     0.2727286E+01     0.6995456E+01
     0.2720640E+01     0.6986536E+01
     0.2718215E+01     0.6940331E+01
     0.2720042E+01     0.6934807E+01
     0.2726935E+01     0.6930419E+01
     0.2747873E+01     0.6928291E+01
     0.2751513E+01     0.6912416E+01
     0.2750870E+01     0.6894717E+01
     0.2750519E+01     0.6885058E+01
     0.2743768E+01     0.6856566E+01
     0.2744663E+01     0.6847136E+01
     0.2749245E+01     0.6839306E+01
     0.2729832E+01     0.6808549E+01
     0.2727973E+01     0.6801656E+01
     0.2729322E+01     0.6790154E+01
     0.2732744E+01     0.6778647E+01
     0.2733536E+01     0.6776995E+01
     0.2739151E+01     0.6765293E+01
     0.2744669E+01     0.6763667E+01
     0.2751790E+01     0.6759048E+01
     0.2762371E+01     0.6757638E+01
     0.2778713E+01     0.6759200E+01
     0.2786294E+01     0.6754580E+01
     0.2789498E+01     0.6748132E+01
     0.2789703E+01     0.6738933E+01
     0.2785978E+01     0.6723307E+01
     0.2786590E+01     0.6694790E+01
     0.2784900E+01     0.6693273E+01
     0.2769984E+01     0.6679889E+01
     0.2760765E+01     0.6674167E+01
     0.2752459E+01     0.6665682E+01
     0.2731428E+01     0.6630785E+01
     0.2735971E+01     0.6608694E+01
     0.2742688E+01     0.6589445E+01
     0.2744646E+01     0.6583831E+01
     0.2753123E+01     0.6570467E+01
     0.2750557E+01     0.6557365E+01
     0.2742933E+01     0.6545428E+01
     0.2729331E+01     0.6534426E+01
     0.2724709E+01     0.6526390E+01
     0.2720289E+01     0.6507771E+01
     0.2719302E+01     0.6482934E+01
     0.2718330E+01     0.6476608E+01
     0.2717430E+01     0.6470750E+01
     0.2710712E+01     0.6452598E+01
     0.2706281E+01     0.6425605E+01
     0.2708297E+01     0.6409361E+01
     0.2709604E+01     0.6368820E+01
     0.2709604E+01     0.6368820E+01
     0.2690046E+01     0.6364953E+01
     0.2665206E+01     0.6363593E+01
     0.2603467E+01     0.6355901E+01
     0.2580795E+01     0.6353075E+01
     0.2546527E+01     0.6351947E+01
     0.2518007E+01     0.6348516E+01
     0.2477482E+01     0.6346312E+01
     0.2476149E+01     0.6346240E+01
     0.2445100E+01     0.6341197E+01
     0.2409221E+01     0.6339375E+01
     0.2351493E+01     0.6339237E+01
     0.2327578E+01     0.6339180E+01
     0.2289170E+01     0.6333214E+01
     0.2225724E+01     0.6327999E+01
     0.2222245E+01     0.6327713E+01
     0.2179010E+01     0.6317832E+01
     0.2124735E+01     0.6314391E+01
     0.2100984E+01     0.6309659E+01
     0.2060114E+01     0.6301516E+01
     0.1976386E+01     0.6288293E+01
     0.1955251E+01     0.6284954E+01
     0.1900980E+01     0.6279888E+01
     0.1870625E+01     0.6278503E+01
     0.1850951E+01     0.6274172E+01
     0.1838203E+01     0.6271366E+01
     0.1797273E+01     0.6265145E+01
     0.1748527E+01     0.6252940E+01
     0.1727053E+01     0.6249610E+01
     0.1703919E+01     0.6246023E+01
     0.1694030E+01     0.6246709E+01
     0.1688512E+01     0.6245557E+01
     0.1678627E+01     0.6240492E+01
     0.1665980E+01     0.6238647E+01
     0.1647818E+01     0.6232888E+01
     0.1635631E+01     0.6231502E+01
     0.1627816E+01     0.6225748E+01
     0.1627816E+01     0.6225748E+01
     0.1629565E+01     0.6242367E+01
     0.1645669E+01     0.6248093E+01
     0.1656019E+01     0.6248768E+01
     0.1668205E+01     0.6247599E+01
     0.1680403E+01     0.6254482E+01
     0.1689830E+01     0.6253317E+01
     0.1694204E+01     0.6256990E+01
     0.1709842E+01     0.6257196E+01
     0.1722266E+01     0.6261087E+01
     0.1736563E+01     0.6264667E+01
     0.1736563E+01     0.6264667E+01
     0.1748978E+01     0.6271112E+01
     0.1763925E+01     0.6271807E+01
     0.1768983E+01     0.6274798E+01
     0.1769899E+01     0.6282160E+01
     0.1778408E+01     0.6281472E+01
     0.1799336E+01     0.6280558E+01
     0.1806693E+01     0.6284240E+01
     0.1801861E+01     0.6290679E+01
     0.1795421E+01     0.6293208E+01
     0.1789208E+01     0.6302867E+01
     0.1797485E+01     0.6307240E+01
     0.1797943E+01     0.6312761E+01
     0.1791497E+01     0.6327021E+01
     0.1788047E+01     0.6328859E+01
     0.1782753E+01     0.6338979E+01
     0.1784592E+01     0.6339439E+01
     0.1787811E+01     0.6343811E+01
     0.1789188E+01     0.6350482E+01
     0.1783891E+01     0.6364971E+01
     0.1783891E+01     0.6364971E+01
     0.1780156E+01     0.6372329E+01
     0.1772343E+01     0.6377403E+01
     0.1770754E+01     0.6391667E+01
     0.1774209E+01     0.6394422E+01
     0.1769384E+01     0.6398340E+01
     0.1769404E+01     0.6411681E+01
     0.1774927E+01     0.6413052E+01
     0.1776081E+01     0.6416040E+01
     0.1773096E+01     0.6419725E+01
     0.1761379E+01     0.6428256E+01
     0.1755181E+01     0.6436776E+01
     0.1752902E+01     0.6450810E+01
     0.1747156E+01     0.6454040E+01
     0.1746701E+01     0.6457490E+01
     0.1750291E+01     0.6460016E+01
     0.1750620E+01     0.6463924E+01
     0.1743139E+01     0.6470109E+01
     0.1743139E+01     0.6470109E+01
     0.1741027E+01     0.6473063E+01
     0.1740371E+01     0.6473979E+01
     0.1736691E+01     0.6473058E+01
     0.1733929E+01     0.6475817E+01
     0.1737147E+01     0.6481108E+01
     0.1734845E+01     0.6485477E+01
     0.1730244E+01     0.6486395E+01
     0.1728402E+01     0.6490535E+01
     0.1729089E+01     0.6496055E+01
     0.1727938E+01     0.6498354E+01
     0.1724027E+01     0.6498123E+01
     0.1720809E+01     0.6493982E+01
     0.1717589E+01     0.6493290E+01
     0.1712755E+01     0.6499499E+01
     0.1706316E+01     0.6495816E+01
     0.1703094E+01     0.6498575E+01
     0.1695732E+01     0.6500412E+01
     0.1693890E+01     0.6504321E+01
     0.1694348E+01     0.6509611E+01
     0.1696646E+01     0.6513062E+01
     0.1701707E+01     0.6513063E+01
     0.1701935E+01     0.6515364E+01
     0.1700774E+01     0.6536752E+01
     0.1696448E+01     0.6542251E+01
     0.1695709E+01     0.6543189E+01
     0.1698008E+01     0.6548019E+01
     0.1696394E+01     0.6552619E+01
     0.1688574E+01     0.6551926E+01
     0.1683968E+01     0.6560433E+01
     0.1673389E+01     0.6555829E+01
     0.1670168E+01     0.6556058E+01
     0.1668556E+01     0.6557667E+01
     0.1666023E+01     0.6562955E+01
     0.1673609E+01     0.6572848E+01
     0.1675906E+01     0.6579978E+01
     0.1674293E+01     0.6583197E+01
     0.1671071E+01     0.6585035E+01
     0.1663020E+01     0.6583882E+01
     0.1655433E+01     0.6577669E+01
     0.1651291E+01     0.6578358E+01
     0.1650748E+01     0.6578900E+01
     0.1650748E+01     0.6578900E+01
     0.1640828E+01     0.6582545E+01
     0.1634405E+01     0.6596814E+01
     0.1630036E+01     0.6598200E+01
     0.1623823E+01     0.6596369E+01
     0.1617151E+01     0.6596839E+01
     0.1609801E+01     0.6605819E+01
     0.1609114E+01     0.6608810E+01
     0.1610732E+01     0.6613867E+01
     0.1609128E+01     0.6619619E+01
     0.1602467E+01     0.6627448E+01
     0.1602939E+01     0.6636876E+01
     0.1608464E+01     0.6638938E+01
     0.1611229E+01     0.6641924E+01
     0.1602837E+01     0.6666285E+01
     0.1594405E+01     0.6674686E+01
     0.1594405E+01     0.6674686E+01
     0.1589568E+01     0.6683881E+01
     0.1578754E+01     0.6685025E+01
     0.1575300E+01     0.6688473E+01
     0.1573920E+01     0.6688242E+01
     0.1576907E+01     0.6693533E+01
     0.1581278E+01     0.6693995E+01
     0.1585415E+01     0.6700896E+01
     0.1590014E+01     0.6703428E+01
     0.1592084E+01     0.6706418E+01
     0.1591156E+01     0.6717685E+01
     0.1591364E+01     0.6718866E+01
     0.1592531E+01     0.6725503E+01
     0.1600123E+01     0.6726198E+01
     0.1603341E+01     0.6731948E+01
     0.1608400E+01     0.6736549E+01
     0.1616911E+01     0.6740003E+01
     0.1620360E+01     0.6743683E+01
     0.1616905E+01     0.6749200E+01
     0.1618744E+01     0.6753340E+01
     0.1626102E+01     0.6760242E+01
     0.1622878E+01     0.6763919E+01
     0.1610910E+01     0.6768512E+01
     0.1608378E+01     0.6771270E+01
     0.1607911E+01     0.6781617E+01
     0.1612736E+01     0.6792427E+01
     0.1610661E+01     0.6798173E+01
     0.1607208E+01     0.6800241E+01
     0.1598924E+01     0.6799778E+01
     0.1598522E+01     0.6800940E+01
     0.1596619E+01     0.6806443E+01
     0.1598456E+01     0.6812193E+01
     0.1609266E+01     0.6819556E+01
     0.1614786E+01     0.6825077E+01
     0.1613172E+01     0.6828755E+01
     0.1603969E+01     0.6827141E+01
     0.1599595E+01     0.6830127E+01
     0.1601887E+01     0.6844844E+01
     0.1601420E+01     0.6852890E+01
     0.1595200E+01     0.6863694E+01
     0.1594506E+01     0.6868982E+01
     0.1597264E+01     0.6874731E+01
     0.1606694E+01     0.6883472E+01
     0.1604157E+01     0.6890599E+01
     0.1605533E+01     0.6897956E+01
     0.1606222E+01     0.6901865E+01
     0.1605068E+01     0.6905773E+01
     0.1586882E+01     0.6913350E+01
     0.1580665E+01     0.6918175E+01
     0.1577900E+01     0.6923002E+01
     0.1576975E+01     0.6929668E+01
     0.1576975E+01     0.6929668E+01
     0.1574111E+01     0.6947114E+01
     0.1559610E+01     0.6971475E+01
     0.1559181E+01     0.6972194E+01
     0.1557832E+01     0.6997486E+01
     0.1586374E+01     0.6997906E+01
     0.1588671E+01     0.6994683E+01
     0.1593504E+01     0.6993526E+01
     0.1606627E+01     0.6996497E+01
     0.1642032E+01     0.6994573E+01
     0.1641649E+01     0.7008507E+01
     0.1638176E+01     0.7134834E+01
     0.1638119E+01     0.7136911E+01
     0.1638013E+01     0.7229774E+01
     0.1636171E+01     0.7261137E+01
     0.1635663E+01     0.7269800E+01
     0.1636688E+01     0.7272527E+01
     0.1635219E+01     0.7379398E+01
     0.1635466E+01     0.7387263E+01
     0.1636422E+01     0.7417775E+01
     0.1643882E+01     0.7485553E+01
     0.1648267E+01     0.7492440E+01
     0.1653338E+01     0.7494500E+01
     0.1667364E+01     0.7494623E+01
     0.1675678E+01     0.7494696E+01
     0.1677525E+01     0.7497910E+01
     0.1675922E+01     0.7504807E+01
     0.1669715E+01     0.7513547E+01
     0.1668339E+01     0.7517685E+01
     0.1659822E+01     0.7520686E+01
     0.1652930E+01     0.7534023E+01
     0.1649725E+01     0.7548274E+01
     0.1648369E+01     0.7567576E+01
     0.1649941E+01     0.7601730E+01
     0.1650505E+01     0.7613985E+01
     0.1637411E+01     0.7640425E+01
     0.1631449E+01     0.7661111E+01
     0.1630796E+01     0.7689829E+01
     0.1632444E+01     0.7724076E+01
     0.1636246E+01     0.7803072E+01
     0.1635336E+01     0.7811802E+01
     0.1630518E+01     0.7826969E+01
     0.1630305E+01     0.7840062E+01
     0.1630646E+01     0.7849463E+01
     0.1632218E+01     0.7892657E+01
     0.1634073E+01     0.7901152E+01
     0.1632702E+01     0.7909882E+01
     0.1635670E+01     0.7975321E+01
     0.1636264E+01     0.7988420E+01
     0.1635499E+01     0.8000000E+01
     0.1635301E+01     0.8070688E+01
     0.1634900E+01     0.8117269E+01
     0.1634279E+01     0.8161097E+01
     0.1634455E+01     0.8176014E+01
     0.1633873E+01     0.8209289E+01
     0.1633470E+01     0.8318994E+01
     0.1631775E+01     0.8341251E+01
     0.1624279E+01     0.8353149E+01
     0.1619739E+01     0.8374103E+01
     0.1622264E+01     0.8381910E+01
     0.1622432E+01     0.8385126E+01
     0.1622939E+01     0.8394765E+01
     0.1627755E+01     0.8414283E+01
     0.1626582E+01     0.8428972E+01
     0.1631187E+01     0.8434028E+01
     0.1633025E+01     0.8439540E+01
     0.1630200E+01     0.8449511E+01
     0.1645833E+01     0.8469615E+01
     0.1650187E+01     0.8477665E+01
     0.1648986E+01     0.8490746E+01
     0.1640864E+01     0.8504033E+01
     0.1631122E+01     0.8518692E+01
     0.1631038E+01     0.8541419E+01
     0.1630161E+01     0.8591695E+01
     0.1630232E+01     0.8635088E+01
     0.1628570E+01     0.8647710E+01
     0.1630371E+01     0.8660114E+01
     0.1631198E+01     0.8686293E+01
     0.1631539E+01     0.8713155E+01
     0.1631735E+01     0.8728543E+01
     0.1631611E+01     0.8762068E+01
     0.1633111E+01     0.8793761E+01
     0.1631626E+01     0.8820853E+01
     0.1629285E+01     0.8829342E+01
     0.1631297E+01     0.8847260E+01
     0.1630862E+01     0.8872519E+01
     0.1630711E+01     0.8881247E+01
     0.1629663E+01     0.8908977E+01
     0.1629663E+01     0.8908977E+01
     0.1628241E+01     0.8913679E+01
     0.1627854E+01     0.8919436E+01
     0.1626355E+01     0.8941696E+01
     0.1622409E+01     0.8954553E+01
     0.1625195E+01     0.8971092E+01
     0.1625195E+01     0.8971092E+01
     0.1625389E+01     0.8972240E+01
     0.1624231E+01     0.8974766E+01
     0.1629744E+01     0.8999118E+01
     0.1627954E+01     0.9014851E+01
     0.1627954E+01     0.9014851E+01
     0.1624833E+01     0.9042293E+01
     0.1624276E+01     0.9043626E+01
     0.1616021E+01     0.9063413E+01
     0.1616891E+01     0.9067791E+01
     0.1616891E+01     0.9067791E+01
     0.1617600E+01     0.9070923E+01
     0.1605640E+01     0.9097279E+01
     0.1597726E+01     0.9111491E+01
     0.1582174E+01     0.9127744E+01
     0.1579153E+01     0.9131638E+01
     0.1559118E+01     0.9170154E+01
     0.1553780E+01     0.9175187E+01
     0.1525967E+01     0.9190701E+01
     0.1502512E+01     0.9214500E+01
     0.1483004E+01     0.9233489E+01
     0.1477670E+01     0.9236914E+01
     0.1475108E+01     0.9241038E+01
     0.1462096E+01     0.9254769E+01
     0.1459751E+01     0.9262341E+01
     0.1453221E+01     0.9274488E+01
     0.1447402E+01     0.9282735E+01
     0.1420920E+01     0.9307435E+01
     0.1410458E+01     0.9329467E+01
     0.1408074E+01     0.9334489E+01
     0.1403122E+01     0.9354915E+01
     0.1402584E+01     0.9371683E+01
     0.1402069E+01     0.9383168E+01
     0.1400165E+01     0.9394876E+01
     0.1401731E+01     0.9406831E+01
     0.1401142E+01     0.9434628E+01
     0.1394450E+01     0.9481009E+01
     0.1390208E+01     0.9497304E+01
     0.1374494E+01     0.9491032E+01
     0.1364798E+01     0.9485246E+01
     0.1361089E+01     0.9486378E+01
     0.1358519E+01     0.9491191E+01
     0.1358901E+01     0.9508655E+01
     0.1345348E+01     0.9534788E+01
     0.1341589E+01     0.9546260E+01
     0.1349370E+01     0.9565825E+01
     0.1355778E+01     0.9581938E+01
     0.1360350E+01     0.9594596E+01
     0.1366063E+01     0.9611395E+01
     0.1366584E+01     0.9648623E+01
     0.1369304E+01     0.9661502E+01
     0.1363108E+01     0.9698471E+01
     0.1362921E+01     0.9738455E+01
     0.1364542E+01     0.9788329E+01
     0.1362594E+01     0.9808544E+01
     0.1360680E+01     0.9870585E+01
     0.1359127E+01     0.9905281E+01
     0.1358611E+01     0.9916310E+01
     0.1358232E+01     0.9947795E+01
     0.1355205E+01     0.1000000E+02
     0.1337988E+01     0.1001091E+02
     0.1312401E+01     0.1002573E+02
     0.1295646E+01     0.1003668E+02
     0.1279134E+01     0.1004511E+02
     0.1260051E+01     0.1005697E+02
     0.1148107E+01     0.1012238E+02
     0.1138570E+01     0.1012647E+02
     0.1088032E+01     0.1015884E+02
     0.1063561E+01     0.1017663E+02
     0.1056815E+01     0.1017935E+02
     0.1052613E+01     0.1018347E+02
     0.1045628E+01     0.1018711E+02
     0.1037465E+01     0.1019396E+02
     0.1026746E+01     0.1020102E+02
     0.1016262E+01     0.1020763E+02
     0.1008098E+01     0.1021425E+02
     0.1001108E+01     0.1021858E+02
     0.9969094E+00     0.1022200E+02
     0.9325472E+00     0.1026898E+02
     0.9054890E+00     0.1028881E+02
     0.8838004E+00     0.1030362E+02
     0.8749307E+00     0.1031069E+02
     0.8298970E+00     0.1034351E+02
     0.7976932E+00     0.1036652E+02
     0.7895098E+00     0.1037452E+02
     0.7829836E+00     0.1037792E+02
     0.7745750E+00     0.1038476E+02
     0.7758555E+00     0.1040132E+02
     0.7748587E+00     0.1041120E+02
     0.7783636E+00     0.1044226E+02
     0.7827106E+00     0.1048620E+02
     0.7828771E+00     0.1049585E+02
     0.7819477E+00     0.1049585E+02
     0.7832307E+00     0.1051218E+02
     0.7871358E+00     0.1051887E+02
     0.7935021E+00     0.1053960E+02
     0.8008159E+00     0.1055781E+02
     0.8062578E+00     0.1057808E+02
     0.8075656E+00     0.1059096E+02
     0.8081145E+00     0.1061303E+02
     0.8058182E+00     0.1064336E+02
     0.8010446E+00     0.1066173E+02
     0.7969353E+00     0.1068492E+02
     0.8018255E+00     0.1071829E+02
     0.8082455E+00     0.1073189E+02
     0.8190930E+00     0.1074438E+02
     0.8516329E+00     0.1078298E+02
     0.8678355E+00     0.1079526E+02
     0.8738210E+00     0.1080496E+02
     0.8814462E+00     0.1084892E+02
     0.8850860E+00     0.1086182E+02
     0.9009815E+00     0.1088674E+02
     0.8986179E+00     0.1089248E+02
     0.8908015E+00     0.1091381E+02
     0.8905232E+00     0.1092094E+02
     0.8994449E+00     0.1094514E+02
     0.8998556E+00     0.1095364E+02
     0.9073931E+00     0.1097622E+02
     0.9121547E+00     0.1099649E+02
     0.9215646E+00     0.1101747E+02
     0.9445103E+00     0.1103393E+02
     0.9488760E+00     0.1103583E+02
     0.9488760E+00     0.1103583E+02
     0.9629668E+00     0.1104947E+02
     0.9627252E+00     0.1105177E+02
     0.9650527E+00     0.1105200E+02
     0.9699194E+00     0.1105800E+02
     0.9712922E+00     0.1106444E+02
     0.9700900E+00     0.1107455E+02
     0.9719242E+00     0.1108215E+02
     0.9772549E+00     0.1108884E+02
     0.9786460E+00     0.1109045E+02
     0.9816725E+00     0.1109069E+02
     0.9842405E+00     0.1108886E+02
     0.9891622E+00     0.1108037E+02
     0.9991555E+00     0.1108569E+02
     0.1009168E+01     0.1108573E+02
     0.1013135E+01     0.1108344E+02
     0.1014351E+01     0.1108191E+02
     0.1016410E+01     0.1107931E+02
     0.1022056E+01     0.1106324E+02
     0.1029777E+01     0.1105268E+02
     0.1035143E+01     0.1104948E+02
     0.1043061E+01     0.1104905E+02
     0.1064914E+01     0.1105878E+02
     0.1069570E+01     0.1105902E+02
     0.1074477E+01     0.1105375E+02
     0.1084729E+01     0.1105171E+02
     0.1091025E+01     0.1104874E+02
     0.1100129E+01     0.1104164E+02
     0.1110176E+01     0.1103040E+02
     0.1115971E+01     0.1103847E+02
     0.1115263E+01     0.1104123E+02
     0.1109892E+01     0.1104627E+02
     0.1099614E+01     0.1105658E+02
     0.1099827E+01     0.1106256E+02
     0.1097706E+01     0.1106472E+02
     0.1093519E+01     0.1106898E+02
     0.1096515E+01     0.1107842E+02
     0.1095786E+01     0.1107994E+02
     0.1095786E+01     0.1107994E+02
     0.1092998E+01     0.1108577E+02
     0.1086464E+01     0.1108988E+02
     0.1086455E+01     0.1109264E+02
     0.1090157E+01     0.1109978E+02
     0.1084550E+01     0.1110505E+02
     0.1086619E+01     0.1111334E+02
     0.1083111E+01     0.1111770E+02
     0.1078216E+01     0.1111883E+02
     0.1073767E+01     0.1112594E+02
     0.1067236E+01     0.1112891E+02
     0.1066543E+01     0.1112730E+02
     0.1068186E+01     0.1112340E+02
     0.1064709E+01     0.1111879E+02
     0.1060048E+01     0.1111969E+02
     0.1053277E+01     0.1112473E+02
     0.1050938E+01     0.1112771E+02
     0.1054649E+01     0.1113186E+02
     0.1052760E+01     0.1113944E+02
     0.1055542E+01     0.1114313E+02
     0.1060425E+01     0.1114568E+02
     0.1091403E+01     0.1114531E+02
     0.1094037E+01     0.1114630E+02
     0.1094037E+01     0.1114630E+02
     0.1096986E+01     0.1114740E+02
     0.1111831E+01     0.1116630E+02
     0.1118336E+01     0.1117161E+02
     0.1125319E+01     0.1117324E+02
     0.1141157E+01     0.1117374E+02
     0.1147011E+01     0.1116387E+02
     0.1150512E+01     0.1116136E+02
     0.1155870E+01     0.1116114E+02
     0.1159028E+01     0.1116358E+02
     0.1160053E+01     0.1116437E+02
     0.1155144E+01     0.1116988E+02
     0.1150468E+01     0.1117561E+02
     0.1152547E+01     0.1118137E+02
     0.1149728E+01     0.1118894E+02
     0.1152494E+01     0.1119838E+02
     0.1148519E+01     0.1120320E+02
     0.1151534E+01     0.1120757E+02
     0.1149427E+01     0.1121079E+02
     0.1155692E+01     0.1121908E+02
     0.1156376E+01     0.1122392E+02
     0.1153569E+01     0.1122759E+02
     0.1143306E+01     0.1123124E+02
     0.1136298E+01     0.1123696E+02
     0.1129029E+01     0.1125166E+02
     0.1129247E+01     0.1125649E+02
     0.1136440E+01     0.1126594E+02
     0.1142018E+01     0.1127032E+02
     0.1147842E+01     0.1127080E+02
     0.1152744E+01     0.1126805E+02
     0.1159523E+01     0.1126117E+02
     0.1168612E+01     0.1126074E+02
     0.1173696E+01     0.1126176E+02
     0.1173696E+01     0.1126176E+02
     0.1176762E+01     0.1126237E+02
     0.1181191E+01     0.1126169E+02
     0.1185161E+01     0.1125872E+02
     0.1190987E+01     0.1125850E+02
     0.1198437E+01     0.1126059E+02
     0.1206126E+01     0.1126084E+02
     0.1211958E+01     0.1125833E+02
     0.1222904E+01     0.1126020E+02
     0.1228033E+01     0.1125929E+02
     0.1242057E+01     0.1124980E+02
     0.1248342E+01     0.1124555E+02
     0.1252071E+01     0.1124532E+02
     0.1260435E+01     0.1125431E+02
     0.1273934E+01     0.1125986E+02
     0.1276010E+01     0.1126378E+02
     0.1276010E+01     0.1126378E+02
     0.1276253E+01     0.1126424E+02
     0.1273432E+01     0.1127366E+02
     0.1274105E+01     0.1128332E+02
     0.1270826E+01     0.1128952E+02
     0.1265931E+01     0.1128997E+02
     0.1263605E+01     0.1128835E+02
     0.1263845E+01     0.1128582E+02
     0.1269453E+01     0.1128009E+02
     0.1266667E+01     0.1127640E+02
     0.1261771E+01     0.1127708E+02
     0.1258265E+01     0.1128098E+02
     0.1254745E+01     0.1128994E+02
     0.1254956E+01     0.1129799E+02
     0.1253041E+01     0.1130438E+02
     0.1252134E+01     0.1130741E+02
     0.1252588E+01     0.1131201E+02
     0.1255601E+01     0.1131822E+02
     0.1259089E+01     0.1132099E+02
     0.1265847E+01     0.1132124E+02
     0.1274715E+01     0.1131712E+02
     0.1282890E+01     0.1131024E+02
     0.1290391E+01     0.1129324E+02
     0.1301581E+01     0.1129189E+02
     0.1303656E+01     0.1130040E+02
     0.1308082E+01     0.1130110E+02
     0.1311582E+01     0.1129927E+02
     0.1314629E+01     0.1129261E+02
     0.1325122E+01     0.1128988E+02
     0.1326750E+01     0.1129103E+02
     0.1331386E+01     0.1130116E+02
     0.1338368E+01     0.1130531E+02
     0.1340925E+01     0.1130808E+02
     0.1340917E+01     0.1131129E+02
     0.1334738E+01     0.1131954E+02
     0.1331798E+01     0.1132346E+02
     0.1332012E+01     0.1133151E+02
     0.1326410E+01     0.1133472E+02
     0.1320548E+01     0.1134896E+02
     0.1321703E+01     0.1135310E+02
     0.1317959E+01     0.1135907E+02
     0.1320047E+01     0.1136276E+02
     0.1323308E+01     0.1136368E+02
     0.1335200E+01     0.1136233E+02
     0.1340557E+01     0.1136395E+02
     0.1344279E+01     0.1136695E+02
     0.1343569E+01     0.1137178E+02
     0.1351938E+01     0.1138145E+02
     0.1350991E+01     0.1138720E+02
     0.1353781E+01     0.1139042E+02
     0.1356812E+01     0.1139020E+02
     0.1359388E+01     0.1138515E+02
     0.1361954E+01     0.1138469E+02
     0.1372664E+01     0.1139023E+02
     0.1375212E+01     0.1139737E+02
     0.1388263E+01     0.1139946E+02
     0.1390587E+01     0.1140269E+02
     0.1389879E+01     0.1140659E+02
     0.1385380E+01     0.1140872E+02
     0.1385380E+01     0.1140872E+02
     0.1383577E+01     0.1140957E+02
     0.1382864E+01     0.1141578E+02
     0.1379816E+01     0.1142336E+02
     0.1384437E+01     0.1144222E+02
     0.1403300E+01     0.1145284E+02
     0.1407727E+01     0.1145423E+02
     0.1414262E+01     0.1145148E+02
     0.1419156E+01     0.1145241E+02
     0.1422180E+01     0.1145586E+02
     0.1425657E+01     0.1146622E+02
     0.1431020E+01     0.1146623E+02
     0.1434505E+01     0.1147221E+02
     0.1440099E+01     0.1147383E+02
     0.1443134E+01     0.1147223E+02
     0.1446179E+01     0.1146488E+02
     0.1446179E+01     0.1146488E+02
     0.1451547E+01     0.1146259E+02
     0.1460173E+01     0.1146352E+02
     0.1467862E+01     0.1146653E+02
     0.1475815E+01     0.1145412E+02
     0.1480244E+01     0.1145459E+02
     0.1494680E+01     0.1146588E+02
     0.1501208E+01     0.1146635E+02
     0.1509387E+01     0.1145648E+02
     0.1518485E+01     0.1145442E+02
     0.1523856E+01     0.1144983E+02
     0.1531788E+01     0.1144731E+02
     0.1537151E+01     0.1144778E+02
     0.1541343E+01     0.1145055E+02
     0.1546923E+01     0.1146021E+02
     0.1550636E+01     0.1147056E+02
     0.1554366E+01     0.1147149E+02
     0.1556701E+01     0.1146988E+02
     0.1559977E+01     0.1146230E+02
     0.1567914E+01     0.1145725E+02
     0.1568396E+01     0.1144690E+02
     0.1572364E+01     0.1144438E+02
     0.1578894E+01     0.1144347E+02
     0.1580299E+01     0.1143933E+02
     0.1574485E+01     0.1142990E+02
     0.1583114E+01     0.1142784E+02
     0.1589289E+01     0.1142177E+02
     0.1589289E+01     0.1142177E+02
     0.1589886E+01     0.1142118E+02
     0.1590823E+01     0.1141796E+02
     0.1589679E+01     0.1140324E+02
     0.1592951E+01     0.1139819E+02
     0.1599717E+01     0.1139475E+02
     0.1613705E+01     0.1139408E+02
     0.1618645E+01     0.1139139E+02
     0.1620471E+01     0.1139040E+02
     0.1625132E+01     0.1139087E+02
     0.1628859E+01     0.1139294E+02
     0.1637474E+01     0.1140146E+02
     0.1640495E+01     0.1140198E+02
     0.1640495E+01     0.1140198E+02
     0.1642834E+01     0.1140239E+02
     0.1648903E+01     0.1139664E+02
     0.1658462E+01     0.1139573E+02
     0.1663124E+01     0.1139643E+02
     0.1670346E+01     0.1140058E+02
     0.1683385E+01     0.1141416E+02
     0.1687582E+01     0.1141439E+02
     0.1692950E+01     0.1140934E+02
     0.1699712E+01     0.1140796E+02
     0.1703207E+01     0.1141003E+02
     0.1707397E+01     0.1141533E+02
     0.1714145E+01     0.1142913E+02
     0.1717408E+01     0.1142982E+02
     0.1722077E+01     0.1142316E+02
     0.1729305E+01     0.1142385E+02
     0.1733737E+01     0.1142179E+02
     0.1736538E+01     0.1141742E+02
     0.1739804E+01     0.1141650E+02
     0.1747960E+01     0.1142019E+02
     0.1752393E+01     0.1141674E+02
     0.1755656E+01     0.1141720E+02
     0.1758450E+01     0.1142226E+02
     0.1763812E+01     0.1142250E+02
     0.1766508E+01     0.1142161E+02
     0.1773606E+01     0.1141928E+02
     0.1777335E+01     0.1142205E+02
     0.1783163E+01     0.1142182E+02
     0.1787358E+01     0.1142481E+02
     0.1795284E+01     0.1142643E+02
     0.1797844E+01     0.1143172E+02
     0.1802505E+01     0.1143586E+02
     0.1807167E+01     0.1143655E+02
     0.1821625E+01     0.1143288E+02
     0.1828153E+01     0.1143426E+02
     0.1835612E+01     0.1143817E+02
     0.1841670E+01     0.1144438E+02
     0.1845634E+01     0.1144461E+02
     0.1847736E+01     0.1143841E+02
     0.1851932E+01     0.1143887E+02
     0.1867318E+01     0.1144531E+02
     0.1872681E+01     0.1144577E+02
     0.1884153E+01     0.1143797E+02
     0.1884153E+01     0.1143797E+02
     0.1892378E+01     0.1143961E+02
     0.1912455E+01     0.1143069E+02
     0.1934619E+01     0.1142523E+02
     0.1953981E+01     0.1142136E+02
     0.1956315E+01     0.1142022E+02
     0.1958876E+01     0.1142160E+02
     0.1981962E+01     0.1142005E+02
     0.2010399E+01     0.1142333E+02
     0.2019249E+01     0.1142771E+02
     0.2034137E+01     0.1144292E+02
     0.2060428E+01     0.1146987E+02
     0.2073225E+01     0.1148369E+02
     0.2090685E+01     0.1149890E+02
     0.2103018E+01     0.1151295E+02
     0.2144690E+01     0.1155418E+02
     0.2157259E+01     0.1156961E+02
     0.2166345E+01     0.1157698E+02
     0.2185440E+01     0.1159724E+02
     0.2193133E+01     0.1160070E+02
     0.2202000E+01     0.1160002E+02
     0.2206198E+01     0.1160095E+02
     0.2218782E+01     0.1160970E+02
     0.2257459E+01     0.1164792E+02
     0.2288705E+01     0.1166567E+02
     0.2305729E+01     0.1167442E+02
     0.2309690E+01     0.1167971E+02
     0.2309593E+01     0.1168081E+02
     0.2309593E+01     0.1168081E+02
     0.2304777E+01     0.1168286E+02
     0.2303846E+01     0.1168585E+02
     0.2306660E+01     0.1169689E+02
     0.2300838E+01     0.1170839E+02
     0.2300036E+01     0.1171454E+02
     0.2299219E+01     0.1172081E+02
     0.2302491E+01     0.1172540E+02
     0.2303669E+01     0.1173529E+02
     0.2313952E+01     0.1174609E+02
     0.2319100E+01     0.1175620E+02
     0.2328910E+01     0.1176124E+02
     0.2335842E+01     0.1176788E+02
     0.2335842E+01     0.1176788E+02
     0.2338259E+01     0.1177020E+02
     0.2339664E+01     0.1177342E+02
     0.2340380E+01     0.1178537E+02
     0.2349957E+01     0.1178927E+02
     0.2370891E+01     0.1179289E+02
     0.2370891E+01     0.1179289E+02
     0.2372374E+01     0.1179314E+02
     0.2372147E+01     0.1179797E+02
     0.2370901E+01     0.1179928E+02
     0.2368184E+01     0.1180212E+02
     0.2370059E+01     0.1180694E+02
     0.2367733E+01     0.1181339E+02
     0.2370074E+01     0.1181821E+02
     0.2381056E+01     0.1182371E+02
     0.2383163E+01     0.1182762E+02
     0.2382466E+01     0.1182992E+02
     0.2378031E+01     0.1183085E+02
     0.2375465E+01     0.1183338E+02
     0.2374303E+01     0.1183706E+02
     0.2375481E+01     0.1184442E+02
     0.2379231E+01     0.1185407E+02
     0.2389052E+01     0.1186279E+02
     0.2400267E+01     0.1186714E+02
     0.2402608E+01     0.1187059E+02
     0.2402380E+01     0.1187450E+02
     0.2399731E+01     0.1187943E+02
     0.2399731E+01     0.1187943E+02
     0.2394462E+01     0.1188923E+02
     0.2397147E+01     0.1189547E+02
     0.2402413E+01     0.1189611E+02
     0.2404751E+01     0.1189795E+02
     0.2405395E+01     0.1190161E+02
     0.2406164E+01     0.1190599E+02
     0.2404769E+01     0.1190968E+02
     0.2399169E+01     0.1191382E+02
     0.2398478E+01     0.1192072E+02
     0.2390085E+01     0.1193085E+02
     0.2390557E+01     0.1193407E+02
     0.2395230E+01     0.1193522E+02
     0.2396739E+01     0.1194139E+02
     0.2396739E+01     0.1194139E+02
     0.2397815E+01     0.1194579E+02
     0.2401563E+01     0.1195291E+02
     0.2407866E+01     0.1194991E+02
     0.2412538E+01     0.1194944E+02
     0.2420022E+01     0.1195518E+02
     0.2431235E+01     0.1195539E+02
     0.2433577E+01     0.1195884E+02
     0.2431025E+01     0.1197011E+02
     0.2432669E+01     0.1197516E+02
     0.2437109E+01     0.1197654E+02
     0.2442726E+01     0.1198228E+02
     0.2446464E+01     0.1198204E+02
     0.2455098E+01     0.1197581E+02
     0.2458836E+01     0.1197627E+02
     0.2460944E+01     0.1197948E+02
     0.2460944E+01     0.1197948E+02
     0.2465710E+01     0.1198461E+02
     0.2466087E+01     0.1198817E+02
     0.2468418E+01     0.1199462E+02
     0.2466772E+01     0.1201095E+02
     0.2463726E+01     0.1202382E+02
     0.2459982E+01     0.1203210E+02
     0.2455539E+01     0.1203646E+02
     0.2449924E+01     0.1204566E+02
     0.2445012E+01     0.1205163E+02
     0.2437289E+01     0.1206681E+02
     0.2422781E+01     0.1208956E+02
     0.2412012E+01     0.1211117E+02
     0.2399829E+01     0.1214266E+02
     0.2392545E+01     0.1218267E+02
     0.2388070E+01     0.1221853E+02
     0.2385481E+01     0.1223555E+02
     0.2387346E+01     0.1224222E+02
     0.2403710E+01     0.1224936E+02
     0.2425458E+01     0.1225144E+02
     0.2430599E+01     0.1225535E+02
     0.2434553E+01     0.1226323E+02
     0.2434553E+01     0.1226323E+02
     0.2438279E+01     0.1226281E+02
     0.2446687E+01     0.1225636E+02
     0.2451946E+01     0.1225428E+02
     0.2452530E+01     0.1225405E+02
     0.2456039E+01     0.1225451E+02
     0.2458616E+01     0.1225726E+02
     0.2462147E+01     0.1227013E+02
     0.2464488E+01     0.1227220E+02
     0.2470101E+01     0.1227196E+02
     0.2475476E+01     0.1226988E+02
     0.2482729E+01     0.1227078E+02
     0.2494419E+01     0.1226869E+02
     0.2499577E+01     0.1227581E+02
     0.2505661E+01     0.1227740E+02
     0.2508021E+01     0.1228867E+02
     0.2511071E+01     0.1229372E+02
     0.2511071E+01     0.1229372E+02
     0.2514347E+01     0.1229440E+02
     0.2522516E+01     0.1228542E+02
     0.2530227E+01     0.1228172E+02
     0.2536060E+01     0.1227458E+02
     0.2542380E+01     0.1227756E+02
     0.2559175E+01     0.1228170E+02
     0.2559175E+01     0.1228170E+02
     0.2561803E+01     0.1228235E+02
     0.2569986E+01     0.1228049E+02
     0.2573497E+01     0.1228209E+02
     0.2577330E+01     0.1228860E+02
     0.2577957E+01     0.1228967E+02
     0.2587803E+01     0.1229976E+02
     0.2595984E+01     0.1229722E+02
     0.2601837E+01     0.1229996E+02
     0.2608623E+01     0.1230087E+02
     0.2616564E+01     0.1229579E+02
     0.2624982E+01     0.1229485E+02
     0.2652836E+01     0.1230329E+02
     0.2663131E+01     0.1230418E+02
     0.2669439E+01     0.1230164E+02
     0.2670984E+01     0.1230044E+02
     0.2670984E+01     0.1230044E+02
     0.2675976E+01     0.1229656E+02
     0.2679704E+01     0.1229103E+02
     0.2682014E+01     0.1227953E+02
     0.2686227E+01     0.1228067E+02
     0.2688104E+01     0.1228273E+02
     0.2695822E+01     0.1229863E+02
END
END
