bhutan
1
     0.9045955E+02     0.2722878E+02
     0.8900000E+02     0.2749981E+02
     0.8902216E+02     0.2756807E+02
     0.8903384E+02     0.2757638E+02
     0.8905527E+02     0.2760056E+02
     0.8906135E+02     0.2760742E+02
     0.8907278E+02     0.2761549E+02
     0.8908651E+02     0.2761951E+02
     0.8909804E+02     0.2762115E+02
     0.8911051E+02     0.2761960E+02
     0.8912312E+02     0.2761530E+02
     0.8913127E+02     0.2761747E+02
     0.8915917E+02     0.2765633E+02
     0.8916254E+02     0.2765945E+02
     0.8917296E+02     0.2766908E+02
     0.8917875E+02     0.2767691E+02
     0.8918552E+02     0.2769075E+02
     0.8920079E+02     0.2771482E+02
     0.8921178E+02     0.2773689E+02
     0.8921544E+02     0.2775106E+02
     0.8922605E+02     0.2776574E+02
     0.8922812E+02     0.2777000E+02
     0.8923539E+02     0.2778497E+02
     0.8925111E+02     0.2780584E+02
     0.8925529E+02     0.2781521E+02
     0.8927309E+02     0.2783593E+02
     0.8928737E+02     0.2784501E+02
     0.8929564E+02     0.2784511E+02
     0.8930824E+02     0.2784148E+02
     0.8932056E+02     0.2784312E+02
     0.8932330E+02     0.2784468E+02
     0.8935903E+02     0.2786489E+02
     0.8937428E+02     0.2787538E+02
     0.8937779E+02     0.2788770E+02
     0.8936485E+02     0.2790328E+02
     0.8935047E+02     0.2793673E+02
     0.8934985E+02     0.2794029E+02
     0.8934864E+02     0.2794723E+02
     0.8935085E+02     0.2795490E+02
     0.8935764E+02     0.2796391E+02
     0.8936954E+02     0.2797403E+02
     0.8938066E+02     0.2797953E+02
     0.8938913E+02     0.2798101E+02
     0.8939410E+02     0.2798006E+02
     0.8943694E+02     0.2798795E+02
     0.8944943E+02     0.2799189E+02
     0.8945597E+02     0.2799582E+02
     0.8945921E+02     0.2799962E+02
     0.8946186E+02     0.2800273E+02
     0.8945709E+02     0.2800966E+02
     0.8946828E+02     0.2801906E+02
     0.8946773E+02     0.2802501E+02
     0.8946091E+02     0.2803187E+02
     0.8946629E+02     0.2803829E+02
     0.8948666E+02     0.2805586E+02
     0.8949494E+02     0.2806652E+02
     0.8949920E+02     0.2807473E+02
     0.8951583E+02     0.2809491E+02
     0.8952147E+02     0.2809660E+02
     0.8952374E+02     0.2809728E+02
     0.8953510E+02     0.2809312E+02
     0.8955110E+02     0.2809971E+02
     0.8956359E+02     0.2811467E+02
     0.8957967E+02     0.2813046E+02
     0.8959156E+02     0.2814723E+02
     0.8960071E+02     0.2815631E+02
     0.8960873E+02     0.2815661E+02
     0.8961870E+02     0.2814894E+02
     0.8962389E+02     0.2814891E+02
     0.8962624E+02     0.2814993E+02
     0.8964421E+02     0.2815772E+02
     0.8965815E+02     0.2815365E+02
     0.8966667E+02     0.2815443E+02
     0.8967858E+02     0.2816016E+02
     0.8969714E+02     0.2817349E+02
     0.8970782E+02     0.2817251E+02
     0.8971673E+02     0.2817606E+02
     0.8972713E+02     0.2817552E+02
     0.8973930E+02     0.2817023E+02
     0.8975327E+02     0.2817120E+02
     0.8975632E+02     0.2817233E+02
     0.8976575E+02     0.2817580E+02
     0.8979288E+02     0.2818920E+02
     0.8980093E+02     0.2819455E+02
     0.8980853E+02     0.2820402E+02
     0.8980209E+02     0.2821964E+02
     0.8980596E+02     0.2822576E+02
     0.8981857E+02     0.2823357E+02
     0.8984243E+02     0.2824501E+02
     0.8984918E+02     0.2825012E+02
     0.8985773E+02     0.2825659E+02
     0.8986887E+02     0.2826825E+02
     0.8988394E+02     0.2829039E+02
     0.8989915E+02     0.2830404E+02
     0.8990746E+02     0.2830410E+02
     0.8991888E+02     0.2829853E+02
     0.8992424E+02     0.2829482E+02
     0.8993195E+02     0.2828521E+02
     0.8994315E+02     0.2828423E+02
     0.8995295E+02     0.2828771E+02
     0.8995465E+02     0.2828831E+02
     0.8997108E+02     0.2829808E+02
     0.8998949E+02     0.2831596E+02
     0.8999907E+02     0.2832250E+02
     0.9000000E+02     0.2832284E+02
     0.9000265E+02     0.2832378E+02
     0.9001545E+02     0.2832193E+02
     0.9005280E+02     0.2831127E+02
     0.9015500E+02     0.2829712E+02
     0.9016721E+02     0.2829542E+02
     0.9017146E+02     0.2829327E+02
     0.9022006E+02     0.2828593E+02
     0.9024355E+02     0.2828304E+02
     0.9035384E+02     0.2825863E+02
     0.9035862E+02     0.2825674E+02
     0.9038075E+02     0.2824800E+02
     0.9039110E+02     0.2823616E+02
     0.9039767E+02     0.2822144E+02
     0.9039904E+02     0.2821344E+02
     0.9039729E+02     0.2819913E+02
     0.9039414E+02     0.2818755E+02
     0.9037760E+02     0.2815077E+02
     0.9036185E+02     0.2811573E+02
     0.9036239E+02     0.2809645E+02
     0.9036478E+02     0.2808894E+02
     0.9037147E+02     0.2807744E+02
     0.9037652E+02     0.2807439E+02
     0.9039165E+02     0.2807166E+02
     0.9041669E+02     0.2807384E+02
     0.9042464E+02     0.2807323E+02
     0.9042943E+02     0.2807287E+02
     0.9045484E+02     0.2806586E+02
     0.9046627E+02     0.2806508E+02
     0.9048016E+02     0.2806735E+02
     0.9050293E+02     0.2806807E+02
     0.9053280E+02     0.2807268E+02
     0.9056496E+02     0.2807041E+02
     0.9057800E+02     0.2806949E+02
     0.9058704E+02     0.2807022E+02
     0.9060338E+02     0.2807624E+02
     0.9060993E+02     0.2807414E+02
     0.9061907E+02     0.2805903E+02
     0.9062666E+02     0.2805719E+02
     0.9063187E+02     0.2806287E+02
     0.9063693E+02     0.2807267E+02
     0.9064903E+02     0.2807465E+02
     0.9065997E+02     0.2807314E+02
     0.9067877E+02     0.2808267E+02
     0.9068146E+02     0.2808367E+02
     0.9069690E+02     0.2808941E+02
     0.9071420E+02     0.2809085E+02
     0.9071893E+02     0.2808938E+02
     0.9073149E+02     0.2807919E+02
     0.9074448E+02     0.2806464E+02
     0.9075632E+02     0.2805970E+02
     0.9077304E+02     0.2805583E+02
     0.9080398E+02     0.2805260E+02
     0.9080765E+02     0.2805187E+02
     0.9081702E+02     0.2805000E+02
     0.9084010E+02     0.2804239E+02
     0.9084998E+02     0.2804130E+02
     0.9087297E+02     0.2804265E+02
     0.9089562E+02     0.2804629E+02
     0.9092152E+02     0.2804634E+02
     0.9094373E+02     0.2804076E+02
     0.9094636E+02     0.2803928E+02
     0.9096778E+02     0.2802719E+02
     0.9098458E+02     0.2801342E+02
     0.9101484E+02     0.2797773E+02
     0.9103671E+02     0.2797420E+02
     0.9105805E+02     0.2797232E+02
     0.9106059E+02     0.2797209E+02
     0.9106958E+02     0.2797372E+02
     0.9110128E+02     0.2796998E+02
     0.9111705E+02     0.2797041E+02
     0.9112779E+02     0.2797414E+02
     0.9113861E+02     0.2798316E+02
     0.9116353E+02     0.2801241E+02
     0.9117377E+02     0.2802223E+02
     0.9118948E+02     0.2803230E+02
     0.9119899E+02     0.2804220E+02
     0.9120858E+02     0.2805716E+02
     0.9121408E+02     0.2806304E+02
     0.9122170E+02     0.2806797E+02
     0.9123151E+02     0.2806855E+02
     0.9128447E+02     0.2806464E+02
     0.9129212E+02     0.2806632E+02
     0.9129630E+02     0.2806724E+02
     0.9130051E+02     0.2807309E+02
     0.9130688E+02     0.2807601E+02
     0.9131554E+02     0.2808887E+02
     0.9132251E+02     0.2808927E+02
     0.9134031E+02     0.2805963E+02
     0.9135077E+02     0.2804864E+02
     0.9139076E+02     0.2803678E+02
     0.9139314E+02     0.2803529E+02
     0.9142430E+02     0.2801579E+02
     0.9143397E+02     0.2801304E+02
     0.9144267E+02     0.2800820E+02
     0.9146674E+02     0.2799133E+02
     0.9147952E+02     0.2797969E+02
     0.9149204E+02     0.2797655E+02
     0.9151174E+02     0.2798392E+02
     0.9152775E+02     0.2798499E+02
     0.9154942E+02     0.2797986E+02
     0.9156033E+02     0.2797727E+02
     0.9158752E+02     0.2796780E+02
     0.9160416E+02     0.2796521E+02
     0.9162616E+02     0.2796503E+02
     0.9163660E+02     0.2796183E+02
     0.9165707E+02     0.2795196E+02
     0.9166819E+02     0.2794326E+02
     0.9167912E+02     0.2793225E+02
     0.9168753E+02     0.2791866E+02
     0.9168725E+02     0.2791062E+02
     0.9168347E+02     0.2789835E+02
     0.9167734E+02     0.2788696E+02
     0.9165929E+02     0.2786299E+02
     0.9165445E+02     0.2785657E+02
     0.9165252E+02     0.2784320E+02
     0.9165699E+02     0.2782286E+02
     0.9165862E+02     0.2780291E+02
     0.9165720E+02     0.2776037E+02
     0.9165720E+02     0.2776037E+02
     0.9165984E+02     0.2773495E+02
     0.9165883E+02     0.2771632E+02
     0.9165155E+02     0.2770076E+02
     0.9164262E+02     0.2769239E+02
     0.9164226E+02     0.2769204E+02
     0.9163306E+02     0.2768861E+02
     0.9161213E+02     0.2767250E+02
     0.9160364E+02     0.2766312E+02
     0.9160185E+02     0.2765366E+02
     0.9161245E+02     0.2760107E+02
     0.9161827E+02     0.2758742E+02
     0.9161886E+02     0.2758488E+02
     0.9162833E+02     0.2754378E+02
     0.9163419E+02     0.2753725E+02
     0.9165710E+02     0.2752056E+02
     0.9166885E+02     0.2750658E+02
     0.9167669E+02     0.2749367E+02
     0.9168645E+02     0.2748562E+02
     0.9169186E+02     0.2748285E+02
     0.9169587E+02     0.2748079E+02
     0.9173196E+02     0.2747035E+02
     0.9174632E+02     0.2746355E+02
     0.9175867E+02     0.2745510E+02
     0.9177604E+02     0.2745089E+02
     0.9178136E+02     0.2744481E+02
     0.9178200E+02     0.2744046E+02
     0.9177965E+02     0.2743237E+02
     0.9176827E+02     0.2742499E+02
     0.9176508E+02     0.2741987E+02
     0.9176997E+02     0.2741747E+02
     0.9177134E+02     0.2741679E+02
     0.9179929E+02     0.2742040E+02
     0.9181036E+02     0.2742041E+02
     0.9187274E+02     0.2743624E+02
     0.9189742E+02     0.2744711E+02
     0.9190570E+02     0.2744709E+02
     0.9190720E+02     0.2744708E+02
     0.9192276E+02     0.2744282E+02
     0.9193309E+02     0.2744166E+02
     0.9194822E+02     0.2744405E+02
     0.9198833E+02     0.2746579E+02
     0.9200172E+02     0.2747525E+02
     0.9200967E+02     0.2747679E+02
     0.9201308E+02     0.2747433E+02
     0.9202177E+02     0.2745683E+02
     0.9206783E+02     0.2738747E+02
     0.9209558E+02     0.2734852E+02
     0.9210126E+02     0.2733761E+02
     0.9210302E+02     0.2731858E+02
     0.9210880E+02     0.2730353E+02
     0.9212455E+02     0.2728041E+02
     0.9212520E+02     0.2727491E+02
     0.9211838E+02     0.2727019E+02
     0.9210143E+02     0.2726962E+02
     0.9209276E+02     0.2726692E+02
     0.9207995E+02     0.2725518E+02
     0.9206887E+02     0.2723589E+02
     0.9205741E+02     0.2720601E+02
     0.9205538E+02     0.2720071E+02
     0.9205481E+02     0.2719288E+02
     0.9205050E+02     0.2718062E+02
     0.9204349E+02     0.2717382E+02
     0.9203233E+02     0.2716831E+02
     0.9202900E+02     0.2715791E+02
     0.9202723E+02     0.2713697E+02
     0.9202842E+02     0.2712091E+02
     0.9202453E+02     0.2710246E+02
     0.9202563E+02     0.2708939E+02
     0.9203038E+02     0.2707455E+02
     0.9203671E+02     0.2706802E+02
     0.9208039E+02     0.2703491E+02
     0.9208731E+02     0.2702495E+02
     0.9209500E+02     0.2699455E+02
     0.9210001E+02     0.2698914E+02
     0.9210026E+02     0.2698869E+02
     0.9211533E+02     0.2696096E+02
     0.9212028E+02     0.2694751E+02
     0.9212215E+02     0.2693399E+02
     0.9211964E+02     0.2692154E+02
     0.9210840E+02     0.2691006E+02
     0.9210191E+02     0.2689340E+02
     0.9209868E+02     0.2687886E+02
     0.9209458E+02     0.2687265E+02
     0.9209054E+02     0.2686653E+02
     0.9206960E+02     0.2685416E+02
     0.9204328E+02     0.2685179E+02
     0.9203568E+02     0.2684911E+02
     0.9200926E+02     0.2685040E+02
     0.9199995E+02     0.2685319E+02
     0.9198368E+02     0.2685929E+02
     0.9197140E+02     0.2686868E+02
     0.9196964E+02     0.2687099E+02
     0.9196211E+02     0.2688089E+02
     0.9194818E+02     0.2689438E+02
     0.9193958E+02     0.2689994E+02
     0.9193320E+02     0.2689888E+02
     0.9192845E+02     0.2689465E+02
     0.9192609E+02     0.2688679E+02
     0.9192889E+02     0.2687789E+02
     0.9193608E+02     0.2686771E+02
     0.9193397E+02     0.2686054E+02
     0.9193076E+02     0.2685611E+02
     0.9192390E+02     0.2685390E+02
     0.9191746E+02     0.2685560E+02
     0.9190928E+02     0.2685496E+02
     0.9190403E+02     0.2685026E+02
     0.9190814E+02     0.2684573E+02
     0.9191590E+02     0.2683719E+02
     0.9191628E+02     0.2683237E+02
     0.9191090E+02     0.2682330E+02
     0.9191512E+02     0.2680915E+02
     0.9191294E+02     0.2680428E+02
     0.9190678E+02     0.2680507E+02
     0.9190051E+02     0.2680999E+02
     0.9189198E+02     0.2681256E+02
     0.9188847E+02     0.2681937E+02
     0.9188989E+02     0.2683319E+02
     0.9188886E+02     0.2685223E+02
     0.9188334E+02     0.2685785E+02
     0.9187162E+02     0.2686163E+02
     0.9186732E+02     0.2686302E+02
     0.9185143E+02     0.2686359E+02
     0.9183892E+02     0.2686194E+02
     0.9180724E+02     0.2684080E+02
     0.9179235E+02     0.2683312E+02
     0.9177435E+02     0.2682697E+02
     0.9177448E+02     0.2682373E+02
     0.9175790E+02     0.2681994E+02
     0.9174806E+02     0.2681554E+02
     0.9174223E+02     0.2681293E+02
     0.9173624E+02     0.2680751E+02
     0.9171533E+02     0.2679555E+02
     0.9170817E+02     0.2679539E+02
     0.9170064E+02     0.2680808E+02
     0.9167624E+02     0.2680200E+02
     0.9166779E+02     0.2680227E+02
     0.9164629E+02     0.2681096E+02
     0.9163522E+02     0.2681322E+02
     0.9162636E+02     0.2681179E+02
     0.9161534E+02     0.2681000E+02
     0.9158314E+02     0.2679982E+02
     0.9157394E+02     0.2679937E+02
     0.9154976E+02     0.2680316E+02
     0.9154088E+02     0.2680914E+02
     0.9153344E+02     0.2681792E+02
     0.9152800E+02     0.2682859E+02
     0.9152190E+02     0.2685047E+02
     0.9151966E+02     0.2685848E+02
     0.9151117E+02     0.2686838E+02
     0.9150026E+02     0.2687340E+02
     0.9147286E+02     0.2687296E+02
     0.9145993E+02     0.2686873E+02
     0.9144517E+02     0.2687388E+02
     0.9143520E+02     0.2687340E+02
     0.9142837E+02     0.2687070E+02
     0.9141792E+02     0.2686080E+02
     0.9141145E+02     0.2684792E+02
     0.9140635E+02     0.2683776E+02
     0.9138108E+02     0.2680267E+02
     0.9135732E+02     0.2678553E+02
     0.9133454E+02     0.2677737E+02
     0.9132020E+02     0.2677769E+02
     0.9130835E+02     0.2678085E+02
     0.9130212E+02     0.2678251E+02
     0.9129095E+02     0.2678773E+02
     0.9128436E+02     0.2679353E+02
     0.9126267E+02     0.2680721E+02
     0.9121460E+02     0.2681329E+02
     0.9117730E+02     0.2681170E+02
     0.9114250E+02     0.2681021E+02
     0.9112831E+02     0.2681351E+02
     0.9108804E+02     0.2681585E+02
     0.9108172E+02     0.2681338E+02
     0.9105312E+02     0.2678893E+02
     0.9104882E+02     0.2678781E+02
     0.9104526E+02     0.2678687E+02
     0.9099377E+02     0.2678796E+02
     0.9098295E+02     0.2678996E+02
     0.9090853E+02     0.2678806E+02
     0.9083606E+02     0.2678494E+02
     0.9077767E+02     0.2678240E+02
     0.9074441E+02     0.2678210E+02
     0.9070892E+02     0.2677299E+02
     0.9069694E+02     0.2677171E+02
     0.9068764E+02     0.2677395E+02
     0.9067713E+02     0.2678098E+02
     0.9067011E+02     0.2678375E+02
     0.9065702E+02     0.2677807E+02
     0.9064955E+02     0.2677922E+02
     0.9063905E+02     0.2678404E+02
     0.9063783E+02     0.2678460E+02
     0.9062199E+02     0.2679698E+02
     0.9060508E+02     0.2680381E+02
     0.9057628E+02     0.2680705E+02
     0.9055373E+02     0.2681393E+02
     0.9053732E+02     0.2682100E+02
     0.9051526E+02     0.2683753E+02
     0.9048611E+02     0.2685935E+02
     0.9044897E+02     0.2687861E+02
     0.9044199E+02     0.2688620E+02
     0.9041669E+02     0.2690354E+02
     0.9041105E+02     0.2690381E+02
     0.9039960E+02     0.2690335E+02
     0.9038136E+02     0.2690262E+02
     0.9037170E+02     0.2690093E+02
     0.9036781E+02     0.2690195E+02
     0.9035814E+02     0.2690025E+02
     0.9034832E+02     0.2689602E+02
     0.9034039E+02     0.2688956E+02
     0.9032342E+02     0.2686602E+02
     0.9031220E+02     0.2685853E+02
     0.9030009E+02     0.2685422E+02
     0.9028266E+02     0.2685433E+02
     0.9028120E+02     0.2685458E+02
     0.9025247E+02     0.2685952E+02
     0.9023679E+02     0.2686083E+02
     0.9023243E+02     0.2686092E+02
     0.9022236E+02     0.2685667E+02
     0.9020599E+02     0.2684394E+02
     0.9019765E+02     0.2683538E+02
     0.9019040E+02     0.2682502E+02
     0.9018495E+02     0.2681473E+02
     0.9018562E+02     0.2680510E+02
     0.9018768E+02     0.2679738E+02
     0.9019140E+02     0.2678347E+02
     0.9018915E+02     0.2677627E+02
     0.9017999E+02     0.2676906E+02
     0.9017016E+02     0.2676528E+02
     0.9010912E+02     0.2675031E+02
     0.9007942E+02     0.2674519E+02
     0.9007406E+02     0.2674426E+02
     0.9006497E+02     0.2674142E+02
     0.9000000E+02     0.2673680E+02
     0.8999429E+02     0.2673640E+02
     0.8994390E+02     0.2673023E+02
     0.8994011E+02     0.2673000E+02
     0.8991710E+02     0.2672858E+02
     0.8991321E+02     0.2672982E+02
     0.8990298E+02     0.2672968E+02
     0.8988821E+02     0.2673351E+02
     0.8987364E+02     0.2674447E+02
     0.8986478E+02     0.2674805E+02
     0.8985587E+02     0.2674681E+02
     0.8985380E+02     0.2674191E+02
     0.8985461E+02     0.2673527E+02
     0.8986266E+02     0.2672132E+02
     0.8986374E+02     0.2671469E+02
     0.8986289E+02     0.2671075E+02
     0.8985919E+02     0.2670763E+02
     0.8985690E+02     0.2670777E+02
     0.8985201E+02     0.2670806E+02
     0.8983691E+02     0.2671371E+02
     0.8982840E+02     0.2671524E+02
     0.8981001E+02     0.2671456E+02
     0.8979228E+02     0.2671046E+02
     0.8978081E+02     0.2670957E+02
     0.8977097E+02     0.2671197E+02
     0.8975726E+02     0.2672616E+02
     0.8975019E+02     0.2672958E+02
     0.8972702E+02     0.2673183E+02
     0.8971265E+02     0.2673323E+02
     0.8969680E+02     0.2673837E+02
     0.8967850E+02     0.2673561E+02
     0.8966627E+02     0.2673998E+02
     0.8966068E+02     0.2672828E+02
     0.8965233E+02     0.2672083E+02
     0.8964748E+02     0.2672065E+02
     0.8964446E+02     0.2672490E+02
     0.8963928E+02     0.2672608E+02
     0.8962505E+02     0.2672416E+02
     0.8961687E+02     0.2672913E+02
     0.8962283E+02     0.2673832E+02
     0.8963499E+02     0.2674637E+02
     0.8964327E+02     0.2676071E+02
     0.8964362E+02     0.2677474E+02
     0.8964113E+02     0.2677878E+02
     0.8963635E+02     0.2678228E+02
     0.8959684E+02     0.2678927E+02
     0.8957894E+02     0.2679410E+02
     0.8956351E+02     0.2680737E+02
     0.8956104E+02     0.2680949E+02
     0.8953951E+02     0.2681509E+02
     0.8952936E+02     0.2681309E+02
     0.8951780E+02     0.2681379E+02
     0.8949829E+02     0.2680935E+02
     0.8948246E+02     0.2680827E+02
     0.8946578E+02     0.2681275E+02
     0.8945760E+02     0.2681901E+02
     0.8945151E+02     0.2683348E+02
     0.8944537E+02     0.2683853E+02
     0.8944218E+02     0.2683840E+02
     0.8943002E+02     0.2683792E+02
     0.8940903E+02     0.2684260E+02
     0.8939619E+02     0.2683818E+02
     0.8938228E+02     0.2685510E+02
     0.8937588E+02     0.2686013E+02
     0.8937098E+02     0.2686062E+02
     0.8933554E+02     0.2684678E+02
     0.8931790E+02     0.2684802E+02
     0.8931471E+02     0.2684824E+02
     0.8930563E+02     0.2684534E+02
     0.8929470E+02     0.2683869E+02
     0.8928860E+02     0.2683270E+02
     0.8926508E+02     0.2682163E+02
     0.8925813E+02     0.2682226E+02
     0.8921231E+02     0.2681647E+02
     0.8919183E+02     0.2681609E+02
     0.8918665E+02     0.2681730E+02
     0.8918095E+02     0.2681862E+02
     0.8917175E+02     0.2681801E+02
     0.8915034E+02     0.2681114E+02
     0.8913705E+02     0.2681036E+02
     0.8912230E+02     0.2682307E+02
     0.8911158E+02     0.2682722E+02
     0.8910613E+02     0.2683826E+02
     0.8909554E+02     0.2686907E+02
     0.8909480E+02     0.2687625E+02
     0.8909347E+02     0.2688899E+02
     0.8908856E+02     0.2689453E+02
     0.8908015E+02     0.2689854E+02
     0.8906598E+02     0.2689978E+02
     0.8905640E+02     0.2690627E+02
     0.8905095E+02     0.2691730E+02
     0.8903542E+02     0.2692492E+02
     0.8902164E+02     0.2693790E+02
     0.8901392E+02     0.2693849E+02
     0.8900175E+02     0.2693084E+02
     0.8900000E+02     0.2693207E+02
     0.8900000E+02     0.2693207E+02
     0.8899895E+02     0.2693128E+02
     0.8897858E+02     0.2692076E+02
     0.8894775E+02     0.2693508E+02
     0.8894774E+02     0.2693676E+02
     0.8894765E+02     0.2694822E+02
     0.8894966E+02     0.2696054E+02
     0.8894679E+02     0.2696849E+02
     0.8893036E+02     0.2698559E+02
     0.8892390E+02     0.2698912E+02
     0.8891650E+02     0.2698993E+02
     0.8890343E+02     0.2698135E+02
     0.8888459E+02     0.2695630E+02
     0.8887935E+02     0.2694716E+02
     0.8887685E+02     0.2694915E+02
     0.8887582E+02     0.2698129E+02
     0.8887496E+02     0.2698591E+02
     0.8887508E+02     0.2699235E+02
     0.8888908E+02     0.2702526E+02
     0.8888306E+02     0.2704071E+02
     0.8888172E+02     0.2705733E+02
     0.8887852E+02     0.2706829E+02
     0.8887244E+02     0.2707251E+02
     0.8887038E+02     0.2707396E+02
     0.8884886E+02     0.2707934E+02
     0.8883708E+02     0.2708426E+02
     0.8882570E+02     0.2709169E+02
     0.8880523E+02     0.2710184E+02
     0.8877473E+02     0.2710302E+02
     0.8876270E+02     0.2710818E+02
     0.8875972E+02     0.2711429E+02
     0.8876604E+02     0.2712159E+02
     0.8876755E+02     0.2712493E+02
     0.8877342E+02     0.2713803E+02
     0.8878130E+02     0.2714088E+02
     0.8879299E+02     0.2714770E+02
     0.8879984E+02     0.2715933E+02
     0.8880688E+02     0.2718338E+02
     0.8880918E+02     0.2720511E+02
     0.8881361E+02     0.2721066E+02
     0.8882292E+02     0.2721597E+02
     0.8883984E+02     0.2721972E+02
     0.8884090E+02     0.2721996E+02
     0.8885955E+02     0.2722667E+02
     0.8886754E+02     0.2722699E+02
     0.8888229E+02     0.2722423E+02
     0.8890930E+02     0.2723307E+02
     0.8891587E+02     0.2723989E+02
     0.8891917E+02     0.2726089E+02
     0.8892839E+02     0.2728183E+02
     0.8892893E+02     0.2728663E+02
     0.8892725E+02     0.2728978E+02
     0.8893651E+02     0.2729294E+02
     0.8894422E+02     0.2729281E+02
     0.8895676E+02     0.2728738E+02
     0.8896761E+02     0.2727816E+02
     0.8897195E+02     0.2727448E+02
     0.8898049E+02     0.2727545E+02
     0.8898792E+02     0.2727923E+02
     0.8899697E+02     0.2729282E+02
     0.8899812E+02     0.2730771E+02
     0.8898537E+02     0.2732695E+02
     0.8897907E+02     0.2734633E+02
     0.8896886E+02     0.2736062E+02
     0.8896242E+02     0.2737357E+02
     0.8896236E+02     0.2737476E+02
     0.8896174E+02     0.2738809E+02
     0.8896896E+02     0.2742269E+02
     0.8897634E+02     0.2743844E+02
     0.8898389E+02     0.2744820E+02
     0.8898479E+02     0.2745482E+02
     0.8898097E+02     0.2747271E+02
     0.8898566E+02     0.2748214E+02
     0.8899497E+02     0.2749294E+02
     0.8899780E+02     0.2749710E+02
     0.8900000E+02     0.2749981E+02
END
END
