burkina_faso
1
    -0.1094892E+01     0.1259982E+02
     0.1282974E+01     0.1335220E+02
     0.1279153E+01     0.1334991E+02
     0.1252470E+01     0.1333950E+02
     0.1236464E+01     0.1333325E+02
     0.1236464E+01     0.1333325E+02
     0.1231296E+01     0.1333370E+02
     0.1220917E+01     0.1335045E+02
     0.1220653E+01     0.1336079E+02
     0.1216867E+01     0.1337067E+02
     0.1210752E+01     0.1337387E+02
     0.1202298E+01     0.1337385E+02
     0.1198315E+01     0.1337085E+02
     0.1197389E+01     0.1336648E+02
     0.1201205E+01     0.1334649E+02
     0.1194651E+01     0.1333935E+02
     0.1194173E+01     0.1332975E+02
     0.1193986E+01     0.1332601E+02
     0.1186500E+01     0.1331703E+02
     0.1182509E+01     0.1331679E+02
     0.1178767E+01     0.1331897E+02
     0.1178767E+01     0.1331897E+02
     0.1176629E+01     0.1332022E+02
     0.1148683E+01     0.1332221E+02
     0.1144663E+01     0.1333139E+02
     0.1141155E+01     0.1332679E+02
     0.1137633E+01     0.1332701E+02
     0.1132923E+01     0.1333136E+02
     0.1122122E+01     0.1333156E+02
     0.1116256E+01     0.1333039E+02
     0.1112508E+01     0.1332762E+02
     0.1110174E+01     0.1332348E+02
     0.1104339E+01     0.1332540E+02
     0.1104339E+01     0.1332540E+02
     0.1093257E+01     0.1333263E+02
     0.1087124E+01     0.1333743E+02
     0.1069227E+01     0.1334630E+02
     0.1055356E+01     0.1334921E+02
     0.1042877E+01     0.1335489E+02
     0.1035095E+01     0.1336036E+02
     0.1028715E+01     0.1336699E+02
     0.1018820E+01     0.1337222E+02
     0.9988524E+00     0.1337326E+02
     0.9918215E+00     0.1337092E+02
     0.9907019E+00     0.1332356E+02
     0.9917016E+00     0.1331368E+02
     0.9915465E+00     0.1326219E+02
     0.9921462E+00     0.1320243E+02
     0.9920980E+00     0.1313347E+02
     0.9915498E+00     0.1310795E+02
     0.9925047E+00     0.1306680E+02
     0.9927856E+00     0.1305922E+02
     0.1037828E+01     0.1305832E+02
     0.1051905E+01     0.1305794E+02
     0.1065802E+01     0.1304790E+02
     0.1095042E+01     0.1302093E+02
     0.1100217E+01     0.1301820E+02
     0.1166413E+01     0.1296475E+02
     0.1174661E+01     0.1295720E+02
     0.1190683E+01     0.1294280E+02
     0.1190678E+01     0.1294372E+02
     0.1201973E+01     0.1293596E+02
     0.1210228E+01     0.1292680E+02
     0.1226476E+01     0.1291332E+02
     0.1274028E+01     0.1287469E+02
     0.1292625E+01     0.1285892E+02
     0.1302736E+01     0.1285253E+02
     0.1317807E+01     0.1283811E+02
     0.1327212E+01     0.1283195E+02
     0.1340164E+01     0.1281913E+02
     0.1372156E+01     0.1279375E+02
     0.1388158E+01     0.1277934E+02
     0.1405090E+01     0.1276607E+02
     0.1410491E+01     0.1276334E+02
     0.1433308E+01     0.1274343E+02
     0.1454000E+01     0.1272673E+02
     0.1509480E+01     0.1268120E+02
     0.1524288E+01     0.1266884E+02
     0.1531570E+01     0.1266381E+02
     0.1544265E+01     0.1265190E+02
     0.1563295E+01     0.1263749E+02
     0.1570111E+01     0.1263130E+02
     0.1664978E+01     0.1262635E+02
     0.1683251E+01     0.1262457E+02
     0.1689569E+01     0.1262597E+02
     0.1700112E+01     0.1262485E+02
     0.1710186E+01     0.1262373E+02
     0.1745548E+01     0.1262361E+02
     0.1776232E+01     0.1262209E+02
     0.1794500E+01     0.1262169E+02
     0.1805981E+01     0.1261988E+02
     0.1827997E+01     0.1261902E+02
     0.1846029E+01     0.1261907E+02
     0.1857979E+01     0.1261680E+02
     0.1863835E+01     0.1261636E+02
     0.1870152E+01     0.1261821E+02
     0.1873899E+01     0.1261822E+02
     0.1910964E+01     0.1268131E+02
     0.1922387E+01     0.1270180E+02
     0.1924723E+01     0.1270457E+02
     0.1931051E+01     0.1270366E+02
     0.1948870E+01     0.1269750E+02
     0.1960081E+01     0.1271086E+02
     0.1968030E+01     0.1271708E+02
     0.1977840E+01     0.1272906E+02
     0.1986293E+01     0.1273878E+02
     0.1986293E+01     0.1273878E+02
     0.1987598E+01     0.1273896E+02
     0.2005169E+01     0.1273045E+02
     0.2013135E+01     0.1272838E+02
     0.2033683E+01     0.1272789E+02
     0.2039424E+01     0.1272775E+02
     0.2039424E+01     0.1272775E+02
     0.2061394E+01     0.1272722E+02
     0.2062966E+01     0.1272673E+02
     0.2062966E+01     0.1272673E+02
     0.2070999E+01     0.1272422E+02
     0.2079899E+01     0.1271755E+02
     0.2084583E+01     0.1271640E+02
     0.2098688E+01     0.1272653E+02
     0.2098688E+01     0.1272653E+02
     0.2111449E+01     0.1269299E+02
     0.2119690E+01     0.1267139E+02
     0.2122747E+01     0.1266519E+02
     0.2140565E+01     0.1265557E+02
     0.2148304E+01     0.1265029E+02
     0.2148302E+01     0.1265121E+02
     0.2168694E+01     0.1264250E+02
     0.2195647E+01     0.1263013E+02
     0.2205261E+01     0.1262347E+02
     0.2214413E+01     0.1261107E+02
     0.2216765E+01     0.1260441E+02
     0.2216313E+01     0.1259383E+02
     0.2217051E+01     0.1257130E+02
     0.2216621E+01     0.1254716E+02
     0.2217357E+01     0.1252508E+02
     0.2216421E+01     0.1252508E+02
     0.2228148E+01     0.1251107E+02
     0.2254404E+01     0.1248420E+02
     0.2260971E+01     0.1247479E+02
     0.2261221E+01     0.1246329E+02
     0.2262411E+01     0.1244995E+02
     0.2266876E+01     0.1243616E+02
     0.2274273E+01     0.1242838E+02
     0.2274273E+01     0.1242838E+02
     0.2272632E+01     0.1242631E+02
     0.2261163E+01     0.1242448E+02
     0.2257178E+01     0.1241667E+02
     0.2253199E+01     0.1241530E+02
     0.2248290E+01     0.1242013E+02
     0.2227231E+01     0.1242291E+02
     0.2223955E+01     0.1242268E+02
     0.2215523E+01     0.1241418E+02
     0.2202192E+01     0.1242247E+02
     0.2189915E+01     0.1242176E+02
     0.2189915E+01     0.1242176E+02
     0.2186512E+01     0.1242157E+02
     0.2181601E+01     0.1242410E+02
     0.2174112E+01     0.1242434E+02
     0.2164515E+01     0.1241929E+02
     0.2155155E+01     0.1241998E+02
     0.2152112E+01     0.1241861E+02
     0.2143448E+01     0.1240896E+02
     0.2135021E+01     0.1240160E+02
     0.2126127E+01     0.1239862E+02
     0.2117467E+01     0.1239173E+02
     0.2113253E+01     0.1238598E+02
     0.2111379E+01     0.1238069E+02
     0.2110452E+01     0.1238032E+02
     0.2110452E+01     0.1238032E+02
     0.2107401E+01     0.1237909E+02
     0.2104125E+01     0.1237978E+02
     0.2091730E+01     0.1239381E+02
     0.2087987E+01     0.1239565E+02
     0.2073011E+01     0.1239198E+02
     0.2070670E+01     0.1238922E+02
     0.2069264E+01     0.1238163E+02
     0.2066924E+01     0.1238003E+02
     0.2066221E+01     0.1237658E+02
     0.2067623E+01     0.1236991E+02
     0.2063176E+01     0.1236370E+02
     0.2061913E+01     0.1235874E+02
     0.2060600E+01     0.1235359E+02
     0.2059467E+01     0.1235238E+02
     0.2059467E+01     0.1235238E+02
     0.2062524E+01     0.1234848E+02
     0.2064868E+01     0.1234642E+02
     0.2071905E+01     0.1233792E+02
     0.2089505E+01     0.1231105E+02
     0.2101463E+01     0.1229705E+02
     0.2112018E+01     0.1228166E+02
     0.2130539E+01     0.1225870E+02
     0.2135467E+01     0.1224997E+02
     0.2148356E+01     0.1223504E+02
     0.2155157E+01     0.1222471E+02
     0.2184215E+01     0.1218773E+02
     0.2248636E+01     0.1210274E+02
     0.2258939E+01     0.1208988E+02
     0.2320736E+01     0.1201061E+02
     0.2339457E+01     0.1198534E+02
     0.2346709E+01     0.1197684E+02
     0.2362384E+01     0.1195454E+02
     0.2371742E+01     0.1194144E+02
     0.2382029E+01     0.1193180E+02
     0.2395829E+01     0.1191203E+02
     0.2405395E+01     0.1190161E+02
     0.2404751E+01     0.1189795E+02
     0.2402413E+01     0.1189611E+02
     0.2397147E+01     0.1189547E+02
     0.2394462E+01     0.1188923E+02
     0.2399731E+01     0.1187943E+02
     0.2399731E+01     0.1187943E+02
     0.2402380E+01     0.1187450E+02
     0.2402608E+01     0.1187059E+02
     0.2400267E+01     0.1186714E+02
     0.2389052E+01     0.1186279E+02
     0.2379231E+01     0.1185407E+02
     0.2375481E+01     0.1184442E+02
     0.2374303E+01     0.1183706E+02
     0.2375465E+01     0.1183338E+02
     0.2378031E+01     0.1183085E+02
     0.2382466E+01     0.1182992E+02
     0.2383163E+01     0.1182762E+02
     0.2381056E+01     0.1182371E+02
     0.2370074E+01     0.1181821E+02
     0.2367733E+01     0.1181339E+02
     0.2370059E+01     0.1180694E+02
     0.2368184E+01     0.1180212E+02
     0.2370901E+01     0.1179928E+02
     0.2372147E+01     0.1179797E+02
     0.2372374E+01     0.1179314E+02
     0.2370891E+01     0.1179289E+02
     0.2370891E+01     0.1179289E+02
     0.2349957E+01     0.1178927E+02
     0.2340380E+01     0.1178537E+02
     0.2339664E+01     0.1177342E+02
     0.2338259E+01     0.1177020E+02
     0.2335842E+01     0.1176788E+02
     0.2335842E+01     0.1176788E+02
     0.2328910E+01     0.1176124E+02
     0.2319100E+01     0.1175620E+02
     0.2313952E+01     0.1174609E+02
     0.2303669E+01     0.1173529E+02
     0.2302491E+01     0.1172540E+02
     0.2299219E+01     0.1172081E+02
     0.2300036E+01     0.1171454E+02
     0.2300838E+01     0.1170839E+02
     0.2306660E+01     0.1169689E+02
     0.2303846E+01     0.1168585E+02
     0.2304777E+01     0.1168286E+02
     0.2309593E+01     0.1168081E+02
     0.2309593E+01     0.1168081E+02
     0.2309690E+01     0.1167971E+02
     0.2305729E+01     0.1167442E+02
     0.2288705E+01     0.1166567E+02
     0.2257459E+01     0.1164792E+02
     0.2218782E+01     0.1160970E+02
     0.2206198E+01     0.1160095E+02
     0.2202000E+01     0.1160002E+02
     0.2193133E+01     0.1160070E+02
     0.2185440E+01     0.1159724E+02
     0.2166345E+01     0.1157698E+02
     0.2157259E+01     0.1156961E+02
     0.2144690E+01     0.1155418E+02
     0.2103018E+01     0.1151295E+02
     0.2090685E+01     0.1149890E+02
     0.2073225E+01     0.1148369E+02
     0.2060428E+01     0.1146987E+02
     0.2034137E+01     0.1144292E+02
     0.2019249E+01     0.1142771E+02
     0.2010399E+01     0.1142333E+02
     0.1981962E+01     0.1142005E+02
     0.1958876E+01     0.1142160E+02
     0.1956315E+01     0.1142022E+02
     0.1953981E+01     0.1142136E+02
     0.1934619E+01     0.1142523E+02
     0.1912455E+01     0.1143069E+02
     0.1892378E+01     0.1143961E+02
     0.1884153E+01     0.1143797E+02
     0.1884153E+01     0.1143797E+02
     0.1872681E+01     0.1144577E+02
     0.1867318E+01     0.1144531E+02
     0.1851932E+01     0.1143887E+02
     0.1847736E+01     0.1143841E+02
     0.1845634E+01     0.1144461E+02
     0.1841670E+01     0.1144438E+02
     0.1835612E+01     0.1143817E+02
     0.1828153E+01     0.1143426E+02
     0.1821625E+01     0.1143288E+02
     0.1807167E+01     0.1143655E+02
     0.1802505E+01     0.1143586E+02
     0.1797844E+01     0.1143172E+02
     0.1795284E+01     0.1142643E+02
     0.1787358E+01     0.1142481E+02
     0.1783163E+01     0.1142182E+02
     0.1777335E+01     0.1142205E+02
     0.1773606E+01     0.1141928E+02
     0.1766508E+01     0.1142161E+02
     0.1763812E+01     0.1142250E+02
     0.1758450E+01     0.1142226E+02
     0.1755656E+01     0.1141720E+02
     0.1752393E+01     0.1141674E+02
     0.1747960E+01     0.1142019E+02
     0.1739804E+01     0.1141650E+02
     0.1736538E+01     0.1141742E+02
     0.1733737E+01     0.1142179E+02
     0.1729305E+01     0.1142385E+02
     0.1722077E+01     0.1142316E+02
     0.1717408E+01     0.1142982E+02
     0.1714145E+01     0.1142913E+02
     0.1707397E+01     0.1141533E+02
     0.1703207E+01     0.1141003E+02
     0.1699712E+01     0.1140796E+02
     0.1692950E+01     0.1140934E+02
     0.1687582E+01     0.1141439E+02
     0.1683385E+01     0.1141416E+02
     0.1670346E+01     0.1140058E+02
     0.1663124E+01     0.1139643E+02
     0.1658462E+01     0.1139573E+02
     0.1648903E+01     0.1139664E+02
     0.1642834E+01     0.1140239E+02
     0.1640495E+01     0.1140198E+02
     0.1640495E+01     0.1140198E+02
     0.1637474E+01     0.1140146E+02
     0.1628859E+01     0.1139294E+02
     0.1625132E+01     0.1139087E+02
     0.1620471E+01     0.1139040E+02
     0.1618645E+01     0.1139139E+02
     0.1613705E+01     0.1139408E+02
     0.1599717E+01     0.1139475E+02
     0.1592951E+01     0.1139819E+02
     0.1589679E+01     0.1140324E+02
     0.1590823E+01     0.1141796E+02
     0.1589886E+01     0.1142118E+02
     0.1589289E+01     0.1142177E+02
     0.1589289E+01     0.1142177E+02
     0.1583114E+01     0.1142784E+02
     0.1574485E+01     0.1142990E+02
     0.1580299E+01     0.1143933E+02
     0.1578894E+01     0.1144347E+02
     0.1572364E+01     0.1144438E+02
     0.1568396E+01     0.1144690E+02
     0.1567914E+01     0.1145725E+02
     0.1559977E+01     0.1146230E+02
     0.1556701E+01     0.1146988E+02
     0.1554366E+01     0.1147149E+02
     0.1550636E+01     0.1147056E+02
     0.1546923E+01     0.1146021E+02
     0.1541343E+01     0.1145055E+02
     0.1537151E+01     0.1144778E+02
     0.1531788E+01     0.1144731E+02
     0.1523856E+01     0.1144983E+02
     0.1518485E+01     0.1145442E+02
     0.1509387E+01     0.1145648E+02
     0.1501208E+01     0.1146635E+02
     0.1494680E+01     0.1146588E+02
     0.1480244E+01     0.1145459E+02
     0.1475815E+01     0.1145412E+02
     0.1467862E+01     0.1146653E+02
     0.1460173E+01     0.1146352E+02
     0.1451547E+01     0.1146259E+02
     0.1446179E+01     0.1146488E+02
     0.1446179E+01     0.1146488E+02
     0.1443134E+01     0.1147223E+02
     0.1440099E+01     0.1147383E+02
     0.1434505E+01     0.1147221E+02
     0.1431020E+01     0.1146623E+02
     0.1425657E+01     0.1146622E+02
     0.1422180E+01     0.1145586E+02
     0.1419156E+01     0.1145241E+02
     0.1414262E+01     0.1145148E+02
     0.1407727E+01     0.1145423E+02
     0.1403300E+01     0.1145284E+02
     0.1384437E+01     0.1144222E+02
     0.1379816E+01     0.1142336E+02
     0.1382864E+01     0.1141578E+02
     0.1383577E+01     0.1140957E+02
     0.1385380E+01     0.1140872E+02
     0.1385380E+01     0.1140872E+02
     0.1389879E+01     0.1140659E+02
     0.1390587E+01     0.1140269E+02
     0.1388263E+01     0.1139946E+02
     0.1375212E+01     0.1139737E+02
     0.1372664E+01     0.1139023E+02
     0.1361954E+01     0.1138469E+02
     0.1359388E+01     0.1138515E+02
     0.1356812E+01     0.1139020E+02
     0.1353781E+01     0.1139042E+02
     0.1350991E+01     0.1138720E+02
     0.1351938E+01     0.1138145E+02
     0.1343569E+01     0.1137178E+02
     0.1344279E+01     0.1136695E+02
     0.1340557E+01     0.1136395E+02
     0.1335200E+01     0.1136233E+02
     0.1323308E+01     0.1136368E+02
     0.1320047E+01     0.1136276E+02
     0.1317959E+01     0.1135907E+02
     0.1321703E+01     0.1135310E+02
     0.1320548E+01     0.1134896E+02
     0.1326410E+01     0.1133472E+02
     0.1332012E+01     0.1133151E+02
     0.1331798E+01     0.1132346E+02
     0.1334738E+01     0.1131954E+02
     0.1340917E+01     0.1131129E+02
     0.1340925E+01     0.1130808E+02
     0.1338368E+01     0.1130531E+02
     0.1331386E+01     0.1130116E+02
     0.1326750E+01     0.1129103E+02
     0.1325122E+01     0.1128988E+02
     0.1314629E+01     0.1129261E+02
     0.1311582E+01     0.1129927E+02
     0.1308082E+01     0.1130110E+02
     0.1303656E+01     0.1130040E+02
     0.1301581E+01     0.1129189E+02
     0.1290391E+01     0.1129324E+02
     0.1282890E+01     0.1131024E+02
     0.1274715E+01     0.1131712E+02
     0.1265847E+01     0.1132124E+02
     0.1259089E+01     0.1132099E+02
     0.1255601E+01     0.1131822E+02
     0.1252588E+01     0.1131201E+02
     0.1252134E+01     0.1130741E+02
     0.1253041E+01     0.1130438E+02
     0.1254956E+01     0.1129799E+02
     0.1254745E+01     0.1128994E+02
     0.1258265E+01     0.1128098E+02
     0.1261771E+01     0.1127708E+02
     0.1266667E+01     0.1127640E+02
     0.1269453E+01     0.1128009E+02
     0.1263845E+01     0.1128582E+02
     0.1263605E+01     0.1128835E+02
     0.1265931E+01     0.1128997E+02
     0.1270826E+01     0.1128952E+02
     0.1274105E+01     0.1128332E+02
     0.1273432E+01     0.1127366E+02
     0.1276253E+01     0.1126424E+02
     0.1276010E+01     0.1126378E+02
     0.1276010E+01     0.1126378E+02
     0.1273934E+01     0.1125986E+02
     0.1260435E+01     0.1125431E+02
     0.1252071E+01     0.1124532E+02
     0.1248342E+01     0.1124555E+02
     0.1242057E+01     0.1124980E+02
     0.1228033E+01     0.1125929E+02
     0.1222904E+01     0.1126020E+02
     0.1211958E+01     0.1125833E+02
     0.1206126E+01     0.1126084E+02
     0.1198437E+01     0.1126059E+02
     0.1190987E+01     0.1125850E+02
     0.1185161E+01     0.1125872E+02
     0.1181191E+01     0.1126169E+02
     0.1176762E+01     0.1126237E+02
     0.1173696E+01     0.1126176E+02
     0.1173696E+01     0.1126176E+02
     0.1168612E+01     0.1126074E+02
     0.1159523E+01     0.1126117E+02
     0.1152744E+01     0.1126805E+02
     0.1147842E+01     0.1127080E+02
     0.1142018E+01     0.1127032E+02
     0.1136440E+01     0.1126594E+02
     0.1129247E+01     0.1125649E+02
     0.1129029E+01     0.1125166E+02
     0.1136298E+01     0.1123696E+02
     0.1143306E+01     0.1123124E+02
     0.1153569E+01     0.1122759E+02
     0.1156376E+01     0.1122392E+02
     0.1155692E+01     0.1121908E+02
     0.1149427E+01     0.1121079E+02
     0.1151534E+01     0.1120757E+02
     0.1148519E+01     0.1120320E+02
     0.1152494E+01     0.1119838E+02
     0.1149728E+01     0.1118894E+02
     0.1152547E+01     0.1118137E+02
     0.1150468E+01     0.1117561E+02
     0.1155144E+01     0.1116988E+02
     0.1160053E+01     0.1116437E+02
     0.1159028E+01     0.1116358E+02
     0.1155870E+01     0.1116114E+02
     0.1150512E+01     0.1116136E+02
     0.1147011E+01     0.1116387E+02
     0.1141157E+01     0.1117374E+02
     0.1125319E+01     0.1117324E+02
     0.1118336E+01     0.1117161E+02
     0.1111831E+01     0.1116630E+02
     0.1096986E+01     0.1114740E+02
     0.1094037E+01     0.1114630E+02
     0.1094037E+01     0.1114630E+02
     0.1091403E+01     0.1114531E+02
     0.1060425E+01     0.1114568E+02
     0.1055542E+01     0.1114313E+02
     0.1052760E+01     0.1113944E+02
     0.1054649E+01     0.1113186E+02
     0.1050938E+01     0.1112771E+02
     0.1053277E+01     0.1112473E+02
     0.1060048E+01     0.1111969E+02
     0.1064709E+01     0.1111879E+02
     0.1068186E+01     0.1112340E+02
     0.1066543E+01     0.1112730E+02
     0.1067236E+01     0.1112891E+02
     0.1073767E+01     0.1112594E+02
     0.1078216E+01     0.1111883E+02
     0.1083111E+01     0.1111770E+02
     0.1086619E+01     0.1111334E+02
     0.1084550E+01     0.1110505E+02
     0.1090157E+01     0.1109978E+02
     0.1086455E+01     0.1109264E+02
     0.1086464E+01     0.1108988E+02
     0.1092998E+01     0.1108577E+02
     0.1095786E+01     0.1107994E+02
     0.1095786E+01     0.1107994E+02
     0.1096515E+01     0.1107842E+02
     0.1093519E+01     0.1106898E+02
     0.1097706E+01     0.1106472E+02
     0.1099827E+01     0.1106256E+02
     0.1099614E+01     0.1105658E+02
     0.1109892E+01     0.1104627E+02
     0.1115263E+01     0.1104123E+02
     0.1115971E+01     0.1103847E+02
     0.1110176E+01     0.1103040E+02
     0.1100129E+01     0.1104164E+02
     0.1091025E+01     0.1104874E+02
     0.1084729E+01     0.1105171E+02
     0.1074477E+01     0.1105375E+02
     0.1069570E+01     0.1105902E+02
     0.1064914E+01     0.1105878E+02
     0.1043061E+01     0.1104905E+02
     0.1035143E+01     0.1104948E+02
     0.1029777E+01     0.1105268E+02
     0.1022056E+01     0.1106324E+02
     0.1016410E+01     0.1107931E+02
     0.1014351E+01     0.1108191E+02
     0.1013135E+01     0.1108344E+02
     0.1009168E+01     0.1108573E+02
     0.9991555E+00     0.1108569E+02
     0.9891622E+00     0.1108037E+02
     0.9842405E+00     0.1108886E+02
     0.9816725E+00     0.1109069E+02
     0.9786460E+00     0.1109045E+02
     0.9772549E+00     0.1108884E+02
     0.9719242E+00     0.1108215E+02
     0.9700900E+00     0.1107455E+02
     0.9712922E+00     0.1106444E+02
     0.9699194E+00     0.1105800E+02
     0.9650527E+00     0.1105200E+02
     0.9627252E+00     0.1105177E+02
     0.9629668E+00     0.1104947E+02
     0.9488760E+00     0.1103583E+02
     0.9488760E+00     0.1103583E+02
     0.9445103E+00     0.1103393E+02
     0.9215646E+00     0.1101747E+02
     0.9121547E+00     0.1099649E+02
     0.9005119E+00     0.1099664E+02
     0.8979425E+00     0.1099801E+02
     0.8900382E+00     0.1099635E+02
     0.8546626E+00     0.1099498E+02
     0.8481311E+00     0.1099701E+02
     0.8157822E+00     0.1099566E+02
     0.8157757E+00     0.1099658E+02
     0.8020385E+00     0.1099695E+02
     0.7582709E+00     0.1099736E+02
     0.7398890E+00     0.1099608E+02
     0.7158975E+00     0.1099799E+02
     0.6784228E+00     0.1099728E+02
     0.6646854E+00     0.1099764E+02
     0.6563070E+00     0.1099736E+02
     0.6040977E+00     0.1097468E+02
     0.5950580E+00     0.1096956E+02
     0.5890046E+00     0.1096975E+02
     0.5521086E+00     0.1095477E+02
     0.5314709E+00     0.1094473E+02
     0.5249686E+00     0.1094284E+02
     0.4946824E+00     0.1093100E+02
     0.4946824E+00     0.1093100E+02
     0.5004243E+00     0.1094812E+02
     0.5006278E+00     0.1094898E+02
     0.5063387E+00     0.1097321E+02
     0.5058356E+00     0.1098011E+02
     0.5041935E+00     0.1098240E+02
     0.4937190E+00     0.1098234E+02
     0.4899730E+00     0.1098623E+02
     0.5012831E+00     0.1100377E+02
     0.5028469E+00     0.1100908E+02
     0.5028469E+00     0.1100908E+02
     0.5007076E+00     0.1100911E+02
     0.4207251E+00     0.1102505E+02
     0.4062611E+00     0.1102862E+02
     0.3834095E+00     0.1103281E+02
     0.3570558E+00     0.1103811E+02
     0.3041104E+00     0.1104958E+02
     0.2838244E+00     0.1105223E+02
     0.2618886E+00     0.1105780E+02
     0.2359955E+00     0.1106310E+02
     0.1907446E+00     0.1107168E+02
     0.1298603E+00     0.1108334E+02
     0.1142248E+00     0.1108688E+02
     0.9789074E-01     0.1109041E+02
     0.9160358E-01     0.1109035E+02
     0.8226100E-01     0.1109326E+02
     0.5868767E-01     0.1109879E+02
     0.3522634E-01     0.1110232E+02
     0.0000000E+00     0.1111002E+02
    -0.1901344E-01     0.1111417E+02
    -0.2856392E-01     0.1111431E+02
    -0.3651122E-01     0.1111723E+02
    -0.5703864E-01     0.1112048E+02
    -0.7198429E-01     0.1112448E+02
    -0.9461145E-01     0.1112794E+02
    -0.1018563E+00     0.1113040E+02
    -0.1305605E+00     0.1113587E+02
    -0.1420055E+00     0.1113898E+02
    -0.1602233E+00     0.1114386E+02
    -0.1896551E+00     0.1115184E+02
    -0.1985322E+00     0.1115428E+02
    -0.2130090E+00     0.1115759E+02
    -0.2300576E+00     0.1116178E+02
    -0.2644065E+00     0.1117178E+02
    -0.2732752E+00     0.1117330E+02
    -0.2795222E+00     0.1116933E+02
    -0.2823995E+00     0.1115527E+02
    -0.2835005E+00     0.1115304E+02
    -0.2850786E+00     0.1115046E+02
    -0.2897817E+00     0.1115064E+02
    -0.2897817E+00     0.1115064E+02
    -0.2902729E+00     0.1114914E+02
    -0.2913907E+00     0.1114361E+02
    -0.2887923E+00     0.1113927E+02
    -0.2803850E+00     0.1113657E+02
    -0.2761660E+00     0.1113339E+02
    -0.2739740E+00     0.1112191E+02
    -0.2883586E+00     0.1111536E+02
    -0.3052904E+00     0.1111221E+02
    -0.3052904E+00     0.1111221E+02
    -0.3116112E+00     0.1111103E+02
    -0.3169439E+00     0.1110823E+02
    -0.3285834E+00     0.1110767E+02
    -0.3374009E+00     0.1110392E+02
    -0.3401659E+00     0.1110045E+02
    -0.3414860E+00     0.1109590E+02
    -0.3414860E+00     0.1109590E+02
    -0.3449154E+00     0.1108408E+02
    -0.3488422E+00     0.1108037E+02
    -0.3548900E+00     0.1107963E+02
    -0.3574238E+00     0.1107639E+02
    -0.3582974E+00     0.1106972E+02
    -0.3610775E+00     0.1106809E+02
    -0.3617981E+00     0.1107061E+02
    -0.3733312E+00     0.1108477E+02
    -0.3743364E+00     0.1109327E+02
    -0.3790598E+00     0.1110082E+02
    -0.3791012E+00     0.1110150E+02
    -0.3796038E+00     0.1110978E+02
    -0.3766595E+00     0.1111602E+02
    -0.3766595E+00     0.1111602E+02
    -0.3823621E+00     0.1111628E+02
    -0.3924244E+00     0.1112054E+02
    -0.3996387E+00     0.1112001E+02
    -0.4326987E+00     0.1109827E+02
    -0.4341809E+00     0.1108514E+02
    -0.4402750E+00     0.1106806E+02
    -0.4429181E+00     0.1105470E+02
    -0.4392464E+00     0.1103887E+02
    -0.4375126E+00     0.1102969E+02
    -0.4497728E+00     0.1102266E+02
    -0.4562544E+00     0.1101937E+02
    -0.4756474E+00     0.1102536E+02
    -0.4826180E+00     0.1102414E+02
    -0.4908983E+00     0.1101531E+02
    -0.5015401E+00     0.1100944E+02
    -0.5074037E+00     0.1099305E+02
    -0.5143148E+00     0.1098677E+02
    -0.5194066E+00     0.1098418E+02
    -0.5275667E+00     0.1098524E+02
    -0.5343915E+00     0.1099160E+02
    -0.5380840E+00     0.1098880E+02
    -0.5516309E+00     0.1097278E+02
    -0.5584861E+00     0.1098167E+02
    -0.5696558E+00     0.1098132E+02
    -0.5788630E+00     0.1097248E+02
    -0.5875683E+00     0.1096065E+02
    -0.5950465E+00     0.1094355E+02
    -0.5962926E+00     0.1093089E+02
    -0.5956085E+00     0.1091250E+02
    -0.6104001E+00     0.1090382E+02
    -0.6211507E+00     0.1090218E+02
    -0.6211507E+00     0.1090218E+02
    -0.6282111E+00     0.1092847E+02
    -0.6326864E+00     0.1093640E+02
    -0.6326864E+00     0.1093640E+02
    -0.6338941E+00     0.1093854E+02
    -0.6397367E+00     0.1094101E+02
    -0.6495221E+00     0.1094207E+02
    -0.6511781E+00     0.1094481E+02
    -0.6505447E+00     0.1095149E+02
    -0.6519677E+00     0.1095423E+02
    -0.6563200E+00     0.1095716E+02
    -0.6573566E+00     0.1095786E+02
    -0.6612729E+00     0.1095369E+02
    -0.6630783E+00     0.1094792E+02
    -0.6630783E+00     0.1094792E+02
    -0.6731443E+00     0.1095381E+02
    -0.6738719E+00     0.1095679E+02
    -0.6704508E+00     0.1096395E+02
    -0.6658451E+00     0.1096905E+02
    -0.6593485E+00     0.1097118E+02
    -0.6568308E+00     0.1097557E+02
    -0.6564169E+00     0.1098086E+02
    -0.6673563E+00     0.1098076E+02
    -0.6715685E+00     0.1098302E+02
    -0.6745878E+00     0.1098230E+02
    -0.6789489E+00     0.1097606E+02
    -0.6817356E+00     0.1097534E+02
    -0.6850120E+00     0.1097715E+02
    -0.6887770E+00     0.1098125E+02
    -0.6888244E+00     0.1098608E+02
    -0.6870891E+00     0.1099073E+02
    -0.6870891E+00     0.1099073E+02
    -0.6889572E+00     0.1099051E+02
    -0.7148059E+00     0.1099113E+02
    -0.7322632E+00     0.1099092E+02
    -0.7499618E+00     0.1099140E+02
    -0.7569247E+00     0.1098971E+02
    -0.7653099E+00     0.1099007E+02
    -0.7683592E+00     0.1099187E+02
    -0.7916443E+00     0.1099228E+02
    -0.8030616E+00     0.1099306E+02
    -0.8088778E+00     0.1099276E+02
    -0.8141269E+00     0.1100281E+02
    -0.8329849E+00     0.1100281E+02
    -0.8370309E+00     0.1099149E+02
    -0.8530680E+00     0.1098946E+02
    -0.8607493E+00     0.1098936E+02
    -0.8728840E+00     0.1097357E+02
    -0.8735228E+00     0.1096897E+02
    -0.8786865E+00     0.1095909E+02
    -0.8906294E+00     0.1095979E+02
    -0.9033561E+00     0.1097181E+02
    -0.9215376E+00     0.1097365E+02
    -0.9242484E+00     0.1098512E+02
    -0.9329810E+00     0.1099420E+02
    -0.9651090E+00     0.1099426E+02
    -0.9739112E+00     0.1099092E+02
    -0.9983513E+00     0.1099061E+02
    -0.1009632E+01     0.1099851E+02
    -0.1028958E+01     0.1099872E+02
    -0.1061344E+01     0.1100060E+02
    -0.1085555E+01     0.1100051E+02
    -0.1119553E+01     0.1100098E+02
    -0.1121862E+01     0.1098278E+02
    -0.1151677E+01     0.1098399E+02
    -0.1165438E+01     0.1098588E+02
    -0.1194546E+01     0.1098641E+02
    -0.1235809E+01     0.1099044E+02
    -0.1304500E+01     0.1099133E+02
    -0.1310109E+01     0.1099286E+02
    -0.1322193E+01     0.1099131E+02
    -0.1340591E+01     0.1099174E+02
    -0.1349652E+01     0.1099046E+02
    -0.1362228E+01     0.1099075E+02
    -0.1362241E+01     0.1099166E+02
    -0.1377357E+01     0.1099053E+02
    -0.1397374E+01     0.1099024E+02
    -0.1431780E+01     0.1101803E+02
    -0.1462055E+01     0.1101851E+02
    -0.1487650E+01     0.1101745E+02
    -0.1509091E+01     0.1101875E+02
    -0.1521643E+01     0.1101741E+02
    -0.1533536E+01     0.1101862E+02
    -0.1586861E+01     0.1101897E+02
    -0.1588422E+01     0.1101458E+02
    -0.1589028E+01     0.1100859E+02
    -0.1587284E+01     0.1100126E+02
    -0.1589465E+01     0.1099180E+02
    -0.1592670E+01     0.1098830E+02
    -0.1616687E+01     0.1099070E+02
    -0.1621091E+01     0.1098948E+02
    -0.1631168E+01     0.1099370E+02
    -0.1645668E+01     0.1099785E+02
    -0.1659856E+01     0.1099694E+02
    -0.1703420E+01     0.1098409E+02
    -0.1715878E+01     0.1097700E+02
    -0.1741705E+01     0.1097614E+02
    -0.1746637E+01     0.1097882E+02
    -0.1756002E+01     0.1098212E+02
    -0.1790696E+01     0.1098250E+02
    -0.1816760E+01     0.1098186E+02
    -0.1829576E+01     0.1098257E+02
    -0.1897550E+01     0.1098218E+02
    -0.1933857E+01     0.1098159E+02
    -0.1966406E+01     0.1097899E+02
    -0.1978090E+01     0.1098156E+02
    -0.2047656E+01     0.1097903E+02
    -0.2051120E+01     0.1097736E+02
    -0.2060919E+01     0.1097858E+02
    -0.2096062E+01     0.1097799E+02
    -0.2131222E+01     0.1097832E+02
    -0.2157986E+01     0.1097786E+02
    -0.2196494E+01     0.1098318E+02
    -0.2203925E+01     0.1098213E+02
    -0.2216089E+01     0.1098537E+02
    -0.2234497E+01     0.1098620E+02
    -0.2255023E+01     0.1098838E+02
    -0.2260356E+01     0.1098713E+02
    -0.2276881E+01     0.1098685E+02
    -0.2295937E+01     0.1098490E+02
    -0.2334102E+01     0.1098400E+02
    -0.2358785E+01     0.1098425E+02
    -0.2370684E+01     0.1098565E+02
    -0.2387894E+01     0.1098466E+02
    -0.2403272E+01     0.1098530E+02
    -0.2433071E+01     0.1098522E+02
    -0.2445174E+01     0.1098501E+02
    -0.2505444E+01     0.1098345E+02
    -0.2518982E+01     0.1098527E+02
    -0.2531844E+01     0.1098826E+02
    -0.2551877E+01     0.1098881E+02
    -0.2555583E+01     0.1098782E+02
    -0.2578256E+01     0.1099246E+02
    -0.2594807E+01     0.1099353E+02
    -0.2609058E+01     0.1099602E+02
    -0.2676079E+01     0.1099431E+02
    -0.2697774E+01     0.1099642E+02
    -0.2701238E+01     0.1099498E+02
    -0.2704756E+01     0.1099629E+02
    -0.2717101E+01     0.1099652E+02
    -0.2744112E+01     0.1099669E+02
    -0.2753463E+01     0.1099858E+02
    -0.2762303E+01     0.1099818E+02
    -0.2772211E+01     0.1100466E+02
    -0.2811774E+01     0.1100367E+02
    -0.2834325E+01     0.1100416E+02
    -0.2834325E+01     0.1100416E+02
    -0.2836361E+01     0.1099911E+02
    -0.2840689E+01     0.1098064E+02
    -0.2842269E+01     0.1097785E+02
    -0.2842163E+01     0.1097187E+02
    -0.2844743E+01     0.1095987E+02
    -0.2839689E+01     0.1095053E+02
    -0.2827393E+01     0.1093970E+02
    -0.2823049E+01     0.1093104E+02
    -0.2822254E+01     0.1092553E+02
    -0.2825063E+01     0.1091330E+02
    -0.2833611E+01     0.1089660E+02
    -0.2840681E+01     0.1088842E+02
    -0.2854329E+01     0.1088382E+02
    -0.2861558E+01     0.1088462E+02
    -0.2863904E+01     0.1088331E+02
    -0.2867088E+01     0.1088153E+02
    -0.2869361E+01     0.1087850E+02
    -0.2870535E+01     0.1086606E+02
    -0.2869134E+01     0.1085275E+02
    -0.2872006E+01     0.1084419E+02
    -0.2882867E+01     0.1082699E+02
    -0.2883517E+01     0.1081134E+02
    -0.2886302E+01     0.1079796E+02
    -0.2893785E+01     0.1077414E+02
    -0.2898379E+01     0.1076564E+02
    -0.2901439E+01     0.1075998E+02
    -0.2901439E+01     0.1075998E+02
    -0.2920085E+01     0.1073620E+02
    -0.2934555E+01     0.1072606E+02
    -0.2938661E+01     0.1072162E+02
    -0.2941347E+01     0.1071582E+02
    -0.2943062E+01     0.1070774E+02
    -0.2942526E+01     0.1070385E+02
    -0.2942526E+01     0.1070385E+02
    -0.2937191E+01     0.1070463E+02
    -0.2930091E+01     0.1069785E+02
    -0.2916557E+01     0.1069533E+02
    -0.2912073E+01     0.1069173E+02
    -0.2911277E+01     0.1068623E+02
    -0.2915711E+01     0.1067419E+02
    -0.2916724E+01     0.1066590E+02
    -0.2920805E+01     0.1066008E+02
    -0.2940737E+01     0.1064363E+02
    -0.2944584E+01     0.1063782E+02
    -0.2945597E+01     0.1062952E+02
    -0.2942349E+01     0.1061257E+02
    -0.2925246E+01     0.1058412E+02
    -0.2913130E+01     0.1055674E+02
    -0.2905504E+01     0.1054630E+02
    -0.2902601E+01     0.1052703E+02
    -0.2896935E+01     0.1050920E+02
    -0.2886976E+01     0.1049810E+02
    -0.2882430E+01     0.1049082E+02
    -0.2877778E+01     0.1047757E+02
    -0.2876966E+01     0.1047115E+02
    -0.2869885E+01     0.1045195E+02
    -0.2864905E+01     0.1044629E+02
    -0.2847113E+01     0.1043878E+02
    -0.2828580E+01     0.1042875E+02
    -0.2807115E+01     0.1042360E+02
    -0.2785247E+01     0.1042191E+02
    -0.2776345E+01     0.1041769E+02
    -0.2780637E+01     0.1041072E+02
    -0.2780637E+01     0.1041072E+02
    -0.2791358E+01     0.1039950E+02
    -0.2799687E+01     0.1039752E+02
    -0.2805636E+01     0.1039236E+02
    -0.2810229E+01     0.1039339E+02
    -0.2817997E+01     0.1039514E+02
    -0.2827242E+01     0.1039245E+02
    -0.2834779E+01     0.1038519E+02
    -0.2839497E+01     0.1037615E+02
    -0.2845872E+01     0.1034270E+02
    -0.2853016E+01     0.1032648E+02
    -0.2853642E+01     0.1032152E+02
    -0.2853642E+01     0.1032152E+02
    -0.2854034E+01     0.1031842E+02
    -0.2849398E+01     0.1030585E+02
    -0.2839440E+01     0.1029430E+02
    -0.2808204E+01     0.1027437E+02
    -0.2777117E+01     0.1026272E+02
    -0.2767900E+01     0.1025345E+02
    -0.2764050E+01     0.1024570E+02
    -0.2762533E+01     0.1023860E+02
    -0.2764001E+01     0.1022961E+02
    -0.2770515E+01     0.1021708E+02
    -0.2794025E+01     0.1019415E+02
    -0.2799592E+01     0.1018072E+02
    -0.2798444E+01     0.1016990E+02
    -0.2795635E+01     0.1015366E+02
    -0.2789744E+01     0.1013537E+02
    -0.2790103E+01     0.1012939E+02
    -0.2796424E+01     0.1010606E+02
    -0.2792973E+01     0.1008129E+02
    -0.2793496E+01     0.1007140E+02
    -0.2791757E+01     0.1005166E+02
    -0.2784485E+01     0.1003385E+02
    -0.2783621E+01     0.1002421E+02
    -0.2769211E+01     0.1000000E+02
    -0.2767369E+01     0.9996905E+01
    -0.2762683E+01     0.9980894E+01
    -0.2752748E+01     0.9956467E+01
    -0.2752376E+01     0.9948427E+01
    -0.2770096E+01     0.9913877E+01
    -0.2770838E+01     0.9909048E+01
    -0.2771762E+01     0.9903046E+01
    -0.2771400E+01     0.9898706E+01
    -0.2771400E+01     0.9898706E+01
    -0.2770882E+01     0.9892488E+01
    -0.2765614E+01     0.9869592E+01
    -0.2763219E+01     0.9865265E+01
    -0.2755123E+01     0.9852990E+01
    -0.2737410E+01     0.9834211E+01
    -0.2735684E+01     0.9828265E+01
    -0.2737207E+01     0.9822493E+01
    -0.2742178E+01     0.9815054E+01
    -0.2758207E+01     0.9804296E+01
    -0.2758207E+01     0.9804296E+01
    -0.2763258E+01     0.9800906E+01
    -0.2768487E+01     0.9795072E+01
    -0.2778626E+01     0.9778350E+01
    -0.2783272E+01     0.9766854E+01
    -0.2785735E+01     0.9760761E+01
    -0.2795241E+01     0.9747727E+01
    -0.2797213E+01     0.9741259E+01
    -0.2792558E+01     0.9726859E+01
    -0.2791551E+01     0.9722280E+01
    -0.2795654E+01     0.9705201E+01
    -0.2792262E+01     0.9696755E+01
    -0.2788224E+01     0.9691079E+01
    -0.2770228E+01     0.9682192E+01
    -0.2762899E+01     0.9673813E+01
    -0.2759061E+01     0.9652964E+01
    -0.2754237E+01     0.9642015E+01
    -0.2773154E+01     0.9610897E+01
    -0.2776854E+01     0.9597275E+01
    -0.2779201E+01     0.9585745E+01
    -0.2771415E+01     0.9564275E+01
    -0.2765722E+01     0.9556558E+01
    -0.2753719E+01     0.9545501E+01
    -0.2734488E+01     0.9531578E+01
    -0.2717937E+01     0.9525193E+01
    -0.2713727E+01     0.9522736E+01
    -0.2710650E+01     0.9518881E+01
    -0.2700636E+01     0.9507826E+01
    -0.2700636E+01     0.9507826E+01
    -0.2690352E+01     0.9496470E+01
    -0.2689926E+01     0.9488792E+01
    -0.2697670E+01     0.9483942E+01
    -0.2707217E+01     0.9474797E+01
    -0.2724810E+01     0.9451021E+01
    -0.2731300E+01     0.9439637E+01
    -0.2735870E+01     0.9436562E+01
    -0.2753395E+01     0.9409569E+01
    -0.2763182E+01     0.9401108E+01
    -0.2771072E+01     0.9402104E+01
    -0.2787197E+01     0.9409835E+01
    -0.2798727E+01     0.9419262E+01
    -0.2812664E+01     0.9433238E+01
    -0.2839153E+01     0.9461215E+01
    -0.2847219E+01     0.9470939E+01
    -0.2868674E+01     0.9490050E+01
    -0.2901227E+01     0.9531003E+01
    -0.2910804E+01     0.9546440E+01
    -0.2925487E+01     0.9573727E+01
    -0.2942411E+01     0.9608552E+01
    -0.2943338E+01     0.9608534E+01
    -0.2951238E+01     0.9621017E+01
    -0.2966127E+01     0.9646689E+01
    -0.2977536E+01     0.9671972E+01
    -0.2984721E+01     0.9694581E+01
    -0.2995202E+01     0.9719653E+01
    -0.3006692E+01     0.9737350E+01
    -0.3012834E+01     0.9742971E+01
    -0.3017246E+01     0.9743342E+01
    -0.3042777E+01     0.9722829E+01
    -0.3048255E+01     0.9718810E+01
    -0.3060089E+01     0.9719488E+01
    -0.3066193E+01     0.9723271E+01
    -0.3079850E+01     0.9744598E+01
    -0.3087779E+01     0.9757998E+01
    -0.3091553E+01     0.9761138E+01
    -0.3094314E+01     0.9771194E+01
    -0.3094960E+01     0.9790949E+01
    -0.3100507E+01     0.9801179E+01
    -0.3108096E+01     0.9809298E+01
    -0.3115107E+01     0.9822945E+01
    -0.3120559E+01     0.9839613E+01
    -0.3125532E+01     0.9844567E+01
    -0.3137202E+01     0.9848234E+01
    -0.3145763E+01     0.9847368E+01
    -0.3165133E+01     0.9842370E+01
    -0.3184156E+01     0.9842895E+01
    -0.3186981E+01     0.9844904E+01
    -0.3192947E+01     0.9852825E+01
    -0.3194421E+01     0.9856702E+01
    -0.3194435E+01     0.9868196E+01
    -0.3193417E+01     0.9885686E+01
    -0.3194333E+01     0.9896011E+01
    -0.3192418E+01     0.9914901E+01
    -0.3195469E+01     0.9927480E+01
    -0.3201265E+01     0.9927360E+01
    -0.3204052E+01     0.9924702E+01
    -0.3209423E+01     0.9924427E+01
    -0.3209423E+01     0.9924427E+01
    -0.3214314E+01     0.9920918E+01
    -0.3216168E+01     0.9908700E+01
    -0.3225029E+01     0.9899111E+01
    -0.3226772E+01     0.9898852E+01
    -0.3235666E+01     0.9897533E+01
    -0.3239794E+01     0.9895158E+01
    -0.3240767E+01     0.9893917E+01
    -0.3240767E+01     0.9893917E+01
    -0.3248395E+01     0.9884193E+01
    -0.3252649E+01     0.9876298E+01
    -0.3262532E+01     0.9871745E+01
    -0.3270050E+01     0.9863141E+01
    -0.3270050E+01     0.9863141E+01
    -0.3278865E+01     0.9853049E+01
    -0.3281157E+01     0.9851627E+01
    -0.3288903E+01     0.9856538E+01
    -0.3296025E+01     0.9853186E+01
    -0.3311108E+01     0.9853820E+01
    -0.3311884E+01     0.9853326E+01
    -0.3311884E+01     0.9853326E+01
    -0.3314736E+01     0.9855548E+01
    -0.3318525E+01     0.9859146E+01
    -0.3319819E+01     0.9865324E+01
    -0.3311584E+01     0.9881131E+01
    -0.3310117E+01     0.9888288E+01
    -0.3310725E+01     0.9894941E+01
    -0.3315275E+01     0.9901510E+01
    -0.3320394E+01     0.9902322E+01
    -0.3334605E+01     0.9894663E+01
    -0.3343328E+01     0.9890569E+01
    -0.3349601E+01     0.9891124E+01
    -0.3356722E+01     0.9898557E+01
    -0.3366815E+01     0.9904088E+01
    -0.3397239E+01     0.9916536E+01
    -0.3404652E+01     0.9916146E+01
    -0.3420782E+01     0.9911430E+01
    -0.3433598E+01     0.9914141E+01
    -0.3460471E+01     0.9923211E+01
    -0.3469790E+01     0.9925076E+01
    -0.3479037E+01     0.9923725E+01
    -0.3492009E+01     0.9922982E+01
    -0.3503878E+01     0.9924790E+01
    -0.3523350E+01     0.9924362E+01
    -0.3549371E+01     0.9926317E+01
    -0.3568602E+01     0.9925431E+01
    -0.3579661E+01     0.9922197E+01
    -0.3592832E+01     0.9920066E+01
    -0.3599318E+01     0.9919691E+01
    -0.3608332E+01     0.9928455E+01
    -0.3619765E+01     0.9941533E+01
    -0.3632315E+01     0.9952746E+01
    -0.3641695E+01     0.9957134E+01
    -0.3648618E+01     0.9955599E+01
    -0.3654324E+01     0.9951563E+01
    -0.3673775E+01     0.9940090E+01
    -0.3680946E+01     0.9939239E+01
    -0.3691421E+01     0.9940841E+01
    -0.3708624E+01     0.9942520E+01
    -0.3711579E+01     0.9939924E+01
    -0.3719898E+01     0.9938586E+01
    -0.3726869E+01     0.9939117E+01
    -0.3751976E+01     0.9931648E+01
    -0.3772414E+01     0.9922905E+01
    -0.3777643E+01     0.9918418E+01
    -0.3788624E+01     0.9911959E+01
    -0.3809170E+01     0.9888268E+01
    -0.3814032E+01     0.9887926E+01
    -0.3835464E+01     0.9892028E+01
    -0.3855927E+01     0.9894313E+01
    -0.3873387E+01     0.9897125E+01
    -0.3882471E+01     0.9898752E+01
    -0.3900427E+01     0.9900578E+01
    -0.3900427E+01     0.9900578E+01
    -0.3904811E+01     0.9892973E+01
    -0.3918652E+01     0.9878888E+01
    -0.3928401E+01     0.9879372E+01
    -0.3937039E+01     0.9871373E+01
    -0.3944944E+01     0.9872355E+01
    -0.3952548E+01     0.9870125E+01
    -0.3958115E+01     0.9870235E+01
    -0.3958115E+01     0.9870235E+01
    -0.3961894E+01     0.9873374E+01
    -0.3964443E+01     0.9873320E+01
    -0.3968998E+01     0.9869544E+01
    -0.3972938E+01     0.9869460E+01
    -0.3974500E+01     0.9866669E+01
    -0.3974185E+01     0.9865096E+01
    -0.3973720E+01     0.9862778E+01
    -0.3978129E+01     0.9852339E+01
    -0.3976885E+01     0.9848458E+01
    -0.3972835E+01     0.9843487E+01
    -0.3974078E+01     0.9841005E+01
    -0.3974078E+01     0.9841005E+01
    -0.3975279E+01     0.9838608E+01
    -0.3980951E+01     0.9832970E+01
    -0.3987601E+01     0.9829610E+01
    -0.3993158E+01     0.9829261E+01
    -0.4000160E+01     0.9831409E+01
    -0.4008619E+01     0.9836515E+01
    -0.4017138E+01     0.9833804E+01
    -0.4030594E+01     0.9834204E+01
    -0.4035616E+01     0.9830647E+01
    -0.4044521E+01     0.9818391E+01
    -0.4044521E+01     0.9818391E+01
    -0.4042902E+01     0.9801636E+01
    -0.4054233E+01     0.9800445E+01
    -0.4063473E+01     0.9799074E+01
    -0.4066315E+01     0.9801535E+01
    -0.4078906E+01     0.9804451E+01
    -0.4092125E+01     0.9814017E+01
    -0.4109221E+01     0.9820961E+01
    -0.4123397E+01     0.9831653E+01
    -0.4130129E+01     0.9831949E+01
    -0.4135402E+01     0.9829523E+01
    -0.4140798E+01     0.9822726E+01
    -0.4145170E+01     0.9812046E+01
    -0.4167058E+01     0.9797261E+01
    -0.4173185E+01     0.9782630E+01
    -0.4180421E+01     0.9775328E+01
    -0.4209064E+01     0.9761985E+01
    -0.4220201E+01     0.9762401E+01
    -0.4227609E+01     0.9761990E+01
    -0.4231704E+01     0.9758901E+01
    -0.4235301E+01     0.9754444E+01
    -0.4245934E+01     0.9753263E+01
    -0.4252425E+01     0.9753455E+01
    -0.4258786E+01     0.9756113E+01
    -0.4258786E+01     0.9756113E+01
    -0.4263634E+01     0.9754611E+01
    -0.4268815E+01     0.9758173E+01
    -0.4271105E+01     0.9756972E+01
    -0.4277660E+01     0.9739586E+01
    -0.4276680E+01     0.9737309E+01
    -0.4267178E+01     0.9737292E+01
    -0.4265524E+01     0.9735950E+01
    -0.4265703E+01     0.9733647E+01
    -0.4271299E+01     0.9725018E+01
    -0.4270020E+01     0.9719759E+01
    -0.4271041E+01     0.9713760E+01
    -0.4275558E+01     0.9708602E+01
    -0.4275506E+01     0.9707600E+01
    -0.4275142E+01     0.9700566E+01
    -0.4279506E+01     0.9698859E+01
    -0.4284427E+01     0.9691164E+01
    -0.4280089E+01     0.9683906E+01
    -0.4283847E+01     0.9676006E+01
    -0.4289484E+01     0.9669214E+01
    -0.4287247E+01     0.9662599E+01
    -0.4289630E+01     0.9655419E+01
    -0.4288809E+01     0.9649921E+01
    -0.4290850E+01     0.9637924E+01
    -0.4300447E+01     0.9622078E+01
    -0.4318694E+01     0.9599602E+01
    -0.4349087E+01     0.9624579E+01
    -0.4349087E+01     0.9624579E+01
    -0.4350811E+01     0.9625997E+01
    -0.4361242E+01     0.9626219E+01
    -0.4367414E+01     0.9622631E+01
    -0.4370801E+01     0.9618876E+01
    -0.4373193E+01     0.9612157E+01
    -0.4371637E+01     0.9604220E+01
    -0.4371353E+01     0.9602775E+01
    -0.4374913E+01     0.9596488E+01
    -0.4380185E+01     0.9594069E+01
    -0.4389462E+01     0.9594547E+01
    -0.4394383E+01     0.9596963E+01
    -0.4404334E+01     0.9606388E+01
    -0.4410676E+01     0.9620034E+01
    -0.4417085E+01     0.9646319E+01
    -0.4420235E+01     0.9652224E+01
    -0.4424634E+01     0.9656259E+01
    -0.4424634E+01     0.9656259E+01
    -0.4427813E+01     0.9659175E+01
    -0.4433447E+01     0.9662264E+01
    -0.4437621E+01     0.9662397E+01
    -0.4450944E+01     0.9657494E+01
    -0.4466131E+01     0.9653006E+01
    -0.4475835E+01     0.9651861E+01
    -0.4493435E+01     0.9651454E+01
    -0.4500074E+01     0.9648082E+01
    -0.4507348E+01     0.9646847E+01
    -0.4507920E+01     0.9646749E+01
    -0.4510522E+01     0.9648988E+01
    -0.4514165E+01     0.9656028E+01
    -0.4518873E+01     0.9659137E+01
    -0.4519351E+01     0.9669469E+01
    -0.4521777E+01     0.9674009E+01
    -0.4521246E+01     0.9680918E+01
    -0.4523274E+01     0.9688226E+01
    -0.4522058E+01     0.9705264E+01
    -0.4509786E+01     0.9715434E+01
    -0.4507342E+01     0.9719858E+01
    -0.4505348E+01     0.9733466E+01
    -0.4506777E+01     0.9739758E+01
    -0.4506777E+01     0.9739758E+01
    -0.4509500E+01     0.9742334E+01
    -0.4519322E+01     0.9746014E+01
    -0.4525831E+01     0.9745907E+01
    -0.4552454E+01     0.9745469E+01
    -0.4559288E+01     0.9740482E+01
    -0.4560611E+01     0.9737693E+01
    -0.4554743E+01     0.9724957E+01
    -0.4547044E+01     0.9722839E+01
    -0.4545346E+01     0.9719661E+01
    -0.4547519E+01     0.9713634E+01
    -0.4556239E+01     0.9700328E+01
    -0.4564814E+01     0.9690702E+01
    -0.4570990E+01     0.9687339E+01
    -0.4580503E+01     0.9687805E+01
    -0.4584587E+01     0.9690433E+01
    -0.4584587E+01     0.9690433E+01
    -0.4590153E+01     0.9694014E+01
    -0.4591742E+01     0.9702251E+01
    -0.4593667E+01     0.9705194E+01
    -0.4599331E+01     0.9709428E+01
    -0.4603181E+01     0.9715314E+01
    -0.4609457E+01     0.9716084E+01
    -0.4612756E+01     0.9718306E+01
    -0.4614703E+01     0.9722167E+01
    -0.4617725E+01     0.9722555E+01
    -0.4619749E+01     0.9719979E+01
    -0.4619051E+01     0.9713205E+01
    -0.4622984E+01     0.9710018E+01
    -0.4625845E+01     0.9703745E+01
    -0.4628343E+01     0.9701616E+01
    -0.4631365E+01     0.9702004E+01
    -0.4635877E+01     0.9706494E+01
    -0.4644475E+01     0.9707440E+01
    -0.4648580E+01     0.9714238E+01
    -0.4652749E+01     0.9714139E+01
    -0.4657309E+01     0.9711042E+01
    -0.4659739E+01     0.9706158E+01
    -0.4659069E+01     0.9697669E+01
    -0.4665804E+01     0.9688773E+01
    -0.4668804E+01     0.9688242E+01
    -0.4674656E+01     0.9690631E+01
    -0.4678193E+01     0.9683651E+01
    -0.4682255E+01     0.9679187E+01
    -0.4685696E+01     0.9677725E+01
    -0.4692400E+01     0.9677105E+01
    -0.4694513E+01     0.9678204E+01
    -0.4696105E+01     0.9686440E+01
    -0.4702392E+01     0.9687670E+01
    -0.4707962E+01     0.9687995E+01
    -0.4712288E+01     0.9694328E+01
    -0.4720468E+01     0.9715969E+01
    -0.4724789E+01     0.9722071E+01
    -0.4727529E+01     0.9729821E+01
    -0.4736942E+01     0.9735571E+01
    -0.4738682E+01     0.9740356E+01
    -0.4737688E+01     0.9747046E+01
    -0.4741010E+01     0.9750185E+01
    -0.4749418E+01     0.9752740E+01
    -0.4771465E+01     0.9753817E+01
    -0.4772730E+01     0.9748729E+01
    -0.4771160E+01     0.9737637E+01
    -0.4771044E+01     0.9736816E+01
    -0.4776824E+01     0.9736217E+01
    -0.4781281E+01     0.9738407E+01
    -0.4785090E+01     0.9742453E+01
    -0.4786325E+01     0.9754836E+01
    -0.4790094E+01     0.9757273E+01
    -0.4800241E+01     0.9755187E+01
    -0.4800982E+01     0.9757009E+01
    -0.4799086E+01     0.9764641E+01
    -0.4800590E+01     0.9769201E+01
    -0.4803851E+01     0.9769812E+01
    -0.4806359E+01     0.9768142E+01
    -0.4809834E+01     0.9768057E+01
    -0.4818129E+01     0.9784636E+01
    -0.4816321E+01     0.9786519E+01
    -0.4809319E+01     0.9784620E+01
    -0.4797298E+01     0.9783723E+01
    -0.4790739E+01     0.9783234E+01
    -0.4788700E+01     0.9785122E+01
    -0.4788768E+01     0.9787879E+01
    -0.4793058E+01     0.9792602E+01
    -0.4796270E+01     0.9800570E+01
    -0.4793068E+01     0.9811682E+01
    -0.4794375E+01     0.9817627E+01
    -0.4793580E+01     0.9822934E+01
    -0.4786805E+01     0.9830224E+01
    -0.4788739E+01     0.9833396E+01
    -0.4790216E+01     0.9833876E+01
    -0.4790216E+01     0.9833876E+01
    -0.4795985E+01     0.9835749E+01
    -0.4804330E+01     0.9844971E+01
    -0.4808038E+01     0.9844881E+01
    -0.4813310E+01     0.9842454E+01
    -0.4820494E+01     0.9842278E+01
    -0.4829546E+01     0.9851943E+01
    -0.4829103E+01     0.9862069E+01
    -0.4831467E+01     0.9863851E+01
    -0.4845956E+01     0.9868324E+01
    -0.4851669E+01     0.9864965E+01
    -0.4857225E+01     0.9864600E+01
    -0.4864612E+01     0.9872465E+01
    -0.4880336E+01     0.9870699E+01
    -0.4882781E+01     0.9875697E+01
    -0.4886101E+01     0.9878604E+01
    -0.4894212E+01     0.9878404E+01
    -0.4906918E+01     0.9888208E+01
    -0.4906918E+01     0.9888208E+01
    -0.4913843E+01     0.9893553E+01
    -0.4919603E+01     0.9892031E+01
    -0.4928032E+01     0.9886075E+01
    -0.4930738E+01     0.9883019E+01
    -0.4931259E+01     0.9876109E+01
    -0.4934439E+01     0.9873502E+01
    -0.4936994E+01     0.9873669E+01
    -0.4939370E+01     0.9875908E+01
    -0.4940854E+01     0.9879550E+01
    -0.4956012E+01     0.9882852E+01
    -0.4967852E+01     0.9892443E+01
    -0.4971516E+01     0.9904120E+01
    -0.4972648E+01     0.9907726E+01
    -0.4971785E+01     0.9910276E+01
    -0.4964913E+01     0.9913667E+01
    -0.4961416E+01     0.9922029E+01
    -0.4960218E+01     0.9929646E+01
    -0.4964613E+01     0.9938273E+01
    -0.4961496E+01     0.9943409E+01
    -0.4958303E+01     0.9945557E+01
    -0.4949761E+01     0.9947148E+01
    -0.4946882E+01     0.9952508E+01
    -0.4948807E+01     0.9955219E+01
    -0.4959113E+01     0.9959101E+01
    -0.4963141E+01     0.9962450E+01
    -0.4963329E+01     0.9969802E+01
    -0.4966680E+01     0.9973857E+01
    -0.4983090E+01     0.9980575E+01
    -0.4987827E+01     0.9984365E+01
    -0.4989042E+01     0.1000000E+02
    -0.4989556E+01     0.1000662E+02
    -0.4988265E+01     0.1001056E+02
    -0.4986238E+01     0.1001169E+02
    -0.4964433E+01     0.1000403E+02
    -0.4964080E+01     0.1000841E+02
    -0.4968395E+01     0.1001382E+02
    -0.4962084E+01     0.1002110E+02
    -0.4961452E+01     0.1002365E+02
    -0.4969732E+01     0.1002988E+02
    -0.4971021E+01     0.1003490E+02
    -0.4970472E+01     0.1004067E+02
    -0.4971673E+01     0.1004225E+02
    -0.4982416E+01     0.1004497E+02
    -0.4990245E+01     0.1005167E+02
    -0.4993727E+01     0.1006078E+02
    -0.5000000E+01     0.1006362E+02
    -0.5000000E+01     0.1006362E+02
    -0.5004396E+01     0.1006556E+02
    -0.5010265E+01     0.1006400E+02
    -0.5010265E+01     0.1006400E+02
    -0.5012337E+01     0.1006345E+02
    -0.5017638E+01     0.1006495E+02
    -0.5021224E+01     0.1007032E+02
    -0.5022075E+01     0.1007356E+02
    -0.5020105E+01     0.1007835E+02
    -0.5014892E+01     0.1008283E+02
    -0.5009223E+01     0.1009672E+02
    -0.5003714E+01     0.1010395E+02
    -0.5010413E+01     0.1010526E+02
    -0.5016785E+01     0.1010081E+02
    -0.5023059E+01     0.1010050E+02
    -0.5027284E+01     0.1009853E+02
    -0.5032960E+01     0.1009406E+02
    -0.5036698E+01     0.1009300E+02
    -0.5041446E+01     0.1008851E+02
    -0.5045105E+01     0.1008101E+02
    -0.5049501E+01     0.1008157E+02
    -0.5052467E+01     0.1008371E+02
    -0.5062982E+01     0.1008073E+02
    -0.5065197E+01     0.1008515E+02
    -0.5063233E+01     0.1008971E+02
    -0.5047350E+01     0.1010383E+02
    -0.5047760E+01     0.1010614E+02
    -0.5051681E+01     0.1010715E+02
    -0.5058931E+01     0.1010479E+02
    -0.5066284E+01     0.1010795E+02
    -0.5069738E+01     0.1010749E+02
    -0.5076529E+01     0.1010658E+02
    -0.5079954E+01     0.1010896E+02
    -0.5081653E+01     0.1011567E+02
    -0.5078673E+01     0.1012388E+02
    -0.5073863E+01     0.1012124E+02
    -0.5066369E+01     0.1012405E+02
    -0.5066369E+01     0.1012405E+02
    -0.5063137E+01     0.1012329E+02
    -0.5060230E+01     0.1011862E+02
    -0.5057241E+01     0.1011740E+02
    -0.5054420E+01     0.1011894E+02
    -0.5047924E+01     0.1011879E+02
    -0.5044092E+01     0.1012376E+02
    -0.5049243E+01     0.1013170E+02
    -0.5068207E+01     0.1013468E+02
    -0.5079864E+01     0.1014231E+02
    -0.5081591E+01     0.1014787E+02
    -0.5080301E+01     0.1015336E+02
    -0.5081142E+01     0.1015706E+02
    -0.5080604E+01     0.1015795E+02
    -0.5077035E+01     0.1016386E+02
    -0.5073596E+01     0.1018173E+02
    -0.5074729E+01     0.1018290E+02
    -0.5095466E+01     0.1017970E+02
    -0.5105083E+01     0.1017556E+02
    -0.5110402E+01     0.1017637E+02
    -0.5113592E+01     0.1017897E+02
    -0.5114698E+01     0.1018130E+02
    -0.5111595E+01     0.1018491E+02
    -0.5098526E+01     0.1018783E+02
    -0.5091251E+01     0.1020100E+02
    -0.5088477E+01     0.1021036E+02
    -0.5089074E+01     0.1021903E+02
    -0.5094822E+01     0.1022684E+02
    -0.5102465E+01     0.1021782E+02
    -0.5129114E+01     0.1020682E+02
    -0.5129895E+01     0.1020649E+02
    -0.5131688E+01     0.1020929E+02
    -0.5126451E+01     0.1022666E+02
    -0.5138900E+01     0.1021611E+02
    -0.5151451E+01     0.1021570E+02
    -0.5158786E+01     0.1022001E+02
    -0.5163657E+01     0.1023070E+02
    -0.5165215E+01     0.1024407E+02
    -0.5163896E+01     0.1025117E+02
    -0.5157524E+01     0.1026598E+02
    -0.5146194E+01     0.1028436E+02
    -0.5144166E+01     0.1029190E+02
    -0.5144927E+01     0.1030636E+02
    -0.5145306E+01     0.1031355E+02
    -0.5152773E+01     0.1032246E+02
    -0.5157140E+01     0.1032463E+02
    -0.5161784E+01     0.1032473E+02
    -0.5173360E+01     0.1031920E+02
    -0.5183534E+01     0.1030796E+02
    -0.5192394E+01     0.1030206E+02
    -0.5196112E+01     0.1030485E+02
    -0.5206014E+01     0.1030853E+02
    -0.5208045E+01     0.1031111E+02
    -0.5205606E+01     0.1031611E+02
    -0.5206856E+01     0.1032235E+02
    -0.5210111E+01     0.1032219E+02
    -0.5222486E+01     0.1030936E+02
    -0.5232098E+01     0.1031556E+02
    -0.5250242E+01     0.1031436E+02
    -0.5259327E+01     0.1031319E+02
    -0.5266371E+01     0.1030990E+02
    -0.5270207E+01     0.1031482E+02
    -0.5278549E+01     0.1031569E+02
    -0.5280674E+01     0.1031413E+02
    -0.5281254E+01     0.1030908E+02
    -0.5286124E+01     0.1030942E+02
    -0.5295433E+01     0.1031884E+02
    -0.5300287E+01     0.1031986E+02
    -0.5304967E+01     0.1031836E+02
    -0.5308053E+01     0.1031544E+02
    -0.5302090E+01     0.1031208E+02
    -0.5301477E+01     0.1030839E+02
    -0.5303882E+01     0.1030476E+02
    -0.5307116E+01     0.1030553E+02
    -0.5309153E+01     0.1030787E+02
    -0.5313942E+01     0.1030154E+02
    -0.5320680E+01     0.1030146E+02
    -0.5329689E+01     0.1029338E+02
    -0.5334569E+01     0.1029326E+02
    -0.5346030E+01     0.1029996E+02
    -0.5352028E+01     0.1030170E+02
    -0.5352916E+01     0.1030356E+02
    -0.5351001E+01     0.1030605E+02
    -0.5354701E+01     0.1030682E+02
    -0.5359173E+01     0.1030416E+02
    -0.5365123E+01     0.1028750E+02
    -0.5368192E+01     0.1028527E+02
    -0.5374217E+01     0.1028586E+02
    -0.5382150E+01     0.1029455E+02
    -0.5391724E+01     0.1029223E+02
    -0.5396764E+01     0.1029533E+02
    -0.5407210E+01     0.1029556E+02
    -0.5417192E+01     0.1030613E+02
    -0.5423182E+01     0.1030834E+02
    -0.5423901E+01     0.1031778E+02
    -0.5428199E+01     0.1032294E+02
    -0.5432852E+01     0.1032258E+02
    -0.5438036E+01     0.1031924E+02
    -0.5440807E+01     0.1031999E+02
    -0.5444409E+01     0.1032513E+02
    -0.5444710E+01     0.1033250E+02
    -0.5446681E+01     0.1033784E+02
    -0.5451480E+01     0.1034139E+02
    -0.5461453E+01     0.1034207E+02
    -0.5468105E+01     0.1034590E+02
    -0.5472611E+01     0.1035221E+02
    -0.5467190E+01     0.1035577E+02
    -0.5467603E+01     0.1035808E+02
    -0.5464988E+01     0.1036078E+02
    -0.5469903E+01     0.1036963E+02
    -0.5468660E+01     0.1037328E+02
    -0.5472764E+01     0.1037682E+02
    -0.5478811E+01     0.1037649E+02
    -0.5482825E+01     0.1037359E+02
    -0.5488074E+01     0.1037785E+02
    -0.5489179E+01     0.1038040E+02
    -0.5486528E+01     0.1038471E+02
    -0.5499717E+01     0.1040823E+02
    -0.5502953E+01     0.1040899E+02
    -0.5509521E+01     0.1041673E+02
    -0.5509101E+01     0.1042523E+02
    -0.5513797E+01     0.1042303E+02
    -0.5517508E+01     0.1042334E+02
    -0.5515539E+01     0.1042836E+02
    -0.5518916E+01     0.1043326E+02
    -0.5518325E+01     0.1043900E+02
    -0.5516575E+01     0.1044310E+02
    -0.5512200E+01     0.1045336E+02
    -0.5514624E+01     0.1045939E+02
    -0.5514326E+01     0.1046238E+02
    -0.5510993E+01     0.1046599E+02
    -0.5508776E+01     0.1047169E+02
    -0.5506190E+01     0.1047301E+02
    -0.5503256E+01     0.1047962E+02
    -0.5499484E+01     0.1048207E+02
    -0.5497933E+01     0.1048917E+02
    -0.5494609E+01     0.1049232E+02
    -0.5495694E+01     0.1049579E+02
    -0.5485218E+01     0.1051764E+02
    -0.5477375E+01     0.1054646E+02
    -0.5470221E+01     0.1055459E+02
    -0.5465415E+01     0.1056161E+02
    -0.5472893E+01     0.1058087E+02
    -0.5465894E+01     0.1059245E+02
    -0.5465090E+01     0.1059726E+02
    -0.5467473E+01     0.1060514E+02
    -0.5471590E+01     0.1060822E+02
    -0.5477596E+01     0.1060996E+02
    -0.5478445E+01     0.1061366E+02
    -0.5480970E+01     0.1061509E+02
    -0.5482879E+01     0.1062342E+02
    -0.5479894E+01     0.1062864E+02
    -0.5480263E+01     0.1064518E+02
    -0.5479445E+01     0.1066058E+02
    -0.5476382E+01     0.1071825E+02
    -0.5469968E+01     0.1073537E+02
    -0.5473898E+01     0.1075845E+02
    -0.5466352E+01     0.1076313E+02
    -0.5452565E+01     0.1076582E+02
    -0.5450052E+01     0.1076938E+02
    -0.5449204E+01     0.1077058E+02
    -0.5447776E+01     0.1078298E+02
    -0.5444560E+01     0.1079188E+02
    -0.5444087E+01     0.1080314E+02
    -0.5438074E+01     0.1081222E+02
    -0.5435014E+01     0.1081376E+02
    -0.5435421E+01     0.1081653E+02
    -0.5428986E+01     0.1082353E+02
    -0.5424052E+01     0.1083653E+02
    -0.5422309E+01     0.1085260E+02
    -0.5424994E+01     0.1085772E+02
    -0.5435480E+01     0.1086806E+02
    -0.5448428E+01     0.1087225E+02
    -0.5449040E+01     0.1087348E+02
    -0.5464947E+01     0.1090550E+02
    -0.5464339E+01     0.1093401E+02
    -0.5469268E+01     0.1094309E+02
    -0.5468638E+01     0.1096171E+02
    -0.5471814E+01     0.1096569E+02
    -0.5486852E+01     0.1097038E+02
    -0.5489587E+01     0.1097320E+02
    -0.5489271E+01     0.1097710E+02
    -0.5486628E+01     0.1098096E+02
    -0.5486567E+01     0.1099476E+02
    -0.5494565E+01     0.1102392E+02
    -0.5496531E+01     0.1106307E+02
    -0.5490751E+01     0.1107192E+02
    -0.5470592E+01     0.1107771E+02
    -0.5466103E+01     0.1108060E+02
    -0.5459117E+01     0.1108066E+02
    -0.5458413E+01     0.1108067E+02
    -0.5408988E+01     0.1109296E+02
    -0.5394202E+01     0.1109794E+02
    -0.5363714E+01     0.1111776E+02
    -0.5349013E+01     0.1112941E+02
    -0.5345094E+01     0.1113311E+02
    -0.5341400E+01     0.1113660E+02
    -0.5335909E+01     0.1115328E+02
    -0.5332216E+01     0.1117299E+02
    -0.5332987E+01     0.1118037E+02
    -0.5328185E+01     0.1119752E+02
    -0.5314232E+01     0.1120665E+02
    -0.5285945E+01     0.1122099E+02
    -0.5278231E+01     0.1122853E+02
    -0.5272127E+01     0.1123449E+02
    -0.5267380E+01     0.1124888E+02
    -0.5264622E+01     0.1126608E+02
    -0.5264353E+01     0.1127343E+02
    -0.5267807E+01     0.1133517E+02
    -0.5267482E+01     0.1134989E+02
    -0.5265651E+01     0.1135882E+02
    -0.5259377E+01     0.1136835E+02
    -0.5246336E+01     0.1137796E+02
    -0.5233850E+01     0.1138319E+02
    -0.5231739E+01     0.1138408E+02
    -0.5216318E+01     0.1139570E+02
    -0.5210968E+01     0.1140548E+02
    -0.5207438E+01     0.1141737E+02
    -0.5200931E+01     0.1142547E+02
    -0.5199527E+01     0.1143251E+02
    -0.5201984E+01     0.1143717E+02
    -0.5203201E+01     0.1144502E+02
    -0.5205695E+01     0.1144797E+02
    -0.5205695E+01     0.1144797E+02
    -0.5210919E+01     0.1145417E+02
    -0.5212310E+01     0.1145805E+02
    -0.5213601E+01     0.1146133E+02
    -0.5214361E+01     0.1146667E+02
    -0.5210486E+01     0.1148292E+02
    -0.5210954E+01     0.1148937E+02
    -0.5215004E+01     0.1151245E+02
    -0.5203893E+01     0.1152920E+02
    -0.5204776E+01     0.1153423E+02
    -0.5214574E+01     0.1154801E+02
    -0.5219388E+01     0.1155815E+02
    -0.5222656E+01     0.1157118E+02
    -0.5222861E+01     0.1157599E+02
    -0.5222861E+01     0.1157599E+02
    -0.5223245E+01     0.1158530E+02
    -0.5228673E+01     0.1159145E+02
    -0.5234688E+01     0.1159461E+02
    -0.5239928E+01     0.1160279E+02
    -0.5241263E+01     0.1160488E+02
    -0.5248699E+01     0.1160620E+02
    -0.5278636E+01     0.1160342E+02
    -0.5284440E+01     0.1160470E+02
    -0.5293194E+01     0.1161162E+02
    -0.5299093E+01     0.1161929E+02
    -0.5299405E+01     0.1162681E+02
    -0.5290743E+01     0.1164427E+02
    -0.5288995E+01     0.1165036E+02
    -0.5275588E+01     0.1167409E+02
    -0.5275588E+01     0.1167409E+02
    -0.5271607E+01     0.1168587E+02
    -0.5271475E+01     0.1169162E+02
    -0.5276196E+01     0.1170967E+02
    -0.5273508E+01     0.1171490E+02
    -0.5270077E+01     0.1172196E+02
    -0.5271011E+01     0.1173210E+02
    -0.5265390E+01     0.1174302E+02
    -0.5265082E+01     0.1174624E+02
    -0.5268838E+01     0.1175553E+02
    -0.5263980E+01     0.1176370E+02
    -0.5269763E+01     0.1176613E+02
    -0.5273984E+01     0.1176531E+02
    -0.5281839E+01     0.1175881E+02
    -0.5285558E+01     0.1175958E+02
    -0.5297515E+01     0.1177098E+02
    -0.5293643E+01     0.1177598E+02
    -0.5296154E+01     0.1177978E+02
    -0.5296154E+01     0.1177978E+02
    -0.5297421E+01     0.1178170E+02
    -0.5299438E+01     0.1178566E+02
    -0.5308312E+01     0.1178563E+02
    -0.5310327E+01     0.1178639E+02
    -0.5311554E+01     0.1178686E+02
    -0.5315917E+01     0.1179355E+02
    -0.5323666E+01     0.1179431E+02
    -0.5333986E+01     0.1179886E+02
    -0.5334642E+01     0.1179918E+02
    -0.5337839E+01     0.1180171E+02
    -0.5347631E+01     0.1180239E+02
    -0.5351299E+01     0.1180546E+02
    -0.5354156E+01     0.1180299E+02
    -0.5354908E+01     0.1179906E+02
    -0.5357282E+01     0.1179629E+02
    -0.5361265E+01     0.1179809E+02
    -0.5365180E+01     0.1180244E+02
    -0.5369766E+01     0.1180312E+02
    -0.5374171E+01     0.1181088E+02
    -0.5383322E+01     0.1181309E+02
    -0.5387239E+01     0.1181744E+02
    -0.5390387E+01     0.1181809E+02
    -0.5394214E+01     0.1181478E+02
    -0.5396227E+01     0.1181483E+02
    -0.5400144E+01     0.1181918E+02
    -0.5408094E+01     0.1182335E+02
    -0.5410006E+01     0.1182736E+02
    -0.5409314E+01     0.1183188E+02
    -0.5406336E+01     0.1183578E+02
    -0.5398000E+01     0.1183686E+02
    -0.5389756E+01     0.1183990E+02
    -0.5388309E+01     0.1184194E+02
    -0.5381990E+01     0.1184249E+02
    -0.5379541E+01     0.1183715E+02
    -0.5373254E+01     0.1183632E+02
    -0.5367262E+01     0.1183273E+02
    -0.5360680E+01     0.1182430E+02
    -0.5354128E+01     0.1182485E+02
    -0.5349366E+01     0.1182726E+02
    -0.5333482E+01     0.1183736E+02
    -0.5328682E+01     0.1184489E+02
    -0.5327237E+01     0.1184514E+02
    -0.5324477E+01     0.1184251E+02
    -0.5323627E+01     0.1184179E+02
    -0.5322485E+01     0.1184002E+02
    -0.5308291E+01     0.1183841E+02
    -0.5307342E+01     0.1183830E+02
    -0.5304175E+01     0.1184654E+02
    -0.5298506E+01     0.1185072E+02
    -0.5292977E+01     0.1185363E+02
    -0.5286191E+01     0.1185417E+02
    -0.5284115E+01     0.1185297E+02
    -0.5283313E+01     0.1184855E+02
    -0.5282936E+01     0.1184430E+02
    -0.5280183E+01     0.1184115E+02
    -0.5275359E+01     0.1183994E+02
    -0.5275359E+01     0.1183994E+02
    -0.5274106E+01     0.1183979E+02
    -0.5270266E+01     0.1183563E+02
    -0.5267698E+01     0.1183558E+02
    -0.5263348E+01     0.1184192E+02
    -0.5253288E+01     0.1184262E+02
    -0.5254381E+01     0.1184586E+02
    -0.5252348E+01     0.1185075E+02
    -0.5252476E+01     0.1185345E+02
    -0.5255049E+01     0.1185408E+02
    -0.5250489E+01     0.1186332E+02
    -0.5243429E+01     0.1186910E+02
    -0.5235913E+01     0.1187032E+02
    -0.5224471E+01     0.1187853E+02
    -0.5224471E+01     0.1187853E+02
    -0.5220809E+01     0.1188638E+02
    -0.5216473E+01     0.1188712E+02
    -0.5210774E+01     0.1189576E+02
    -0.5197214E+01     0.1189882E+02
    -0.5193000E+01     0.1190406E+02
    -0.5188636E+01     0.1190475E+02
    -0.5185558E+01     0.1190815E+02
    -0.5180317E+01     0.1192139E+02
    -0.5180439E+01     0.1192701E+02
    -0.5178732E+01     0.1192991E+02
    -0.5169164E+01     0.1193413E+02
    -0.5161739E+01     0.1193189E+02
    -0.5157970E+01     0.1193318E+02
    -0.5156523E+01     0.1194779E+02
    -0.5154552E+01     0.1194944E+02
    -0.5149419E+01     0.1194910E+02
    -0.5145960E+01     0.1194718E+02
    -0.5143484E+01     0.1194818E+02
    -0.5140062E+01     0.1194957E+02
    -0.5129116E+01     0.1195801E+02
    -0.5129116E+01     0.1195801E+02
    -0.5126734E+01     0.1195985E+02
    -0.5111536E+01     0.1196330E+02
    -0.5101559E+01     0.1196710E+02
    -0.5091179E+01     0.1197123E+02
    -0.5088073E+01     0.1197415E+02
    -0.5087290E+01     0.1197758E+02
    -0.5083069E+01     0.1197817E+02
    -0.5082564E+01     0.1197977E+02
    -0.5078550E+01     0.1198152E+02
    -0.5075914E+01     0.1197929E+02
    -0.5073509E+01     0.1197726E+02
    -0.5061821E+01     0.1197745E+02
    -0.5049793E+01     0.1198201E+02
    -0.5034790E+01     0.1198396E+02
    -0.5021776E+01     0.1198089E+02
    -0.5012057E+01     0.1198665E+02
    -0.5006222E+01     0.1198628E+02
    -0.5000000E+01     0.1198434E+02
    -0.4994895E+01     0.1198301E+02
    -0.4988852E+01     0.1198431E+02
    -0.4980166E+01     0.1199189E+02
    -0.4976837E+01     0.1198967E+02
    -0.4973807E+01     0.1198998E+02
    -0.4968997E+01     0.1199378E+02
    -0.4959474E+01     0.1199608E+02
    -0.4953291E+01     0.1200106E+02
    -0.4924075E+01     0.1200057E+02
    -0.4920088E+01     0.1200050E+02
    -0.4906185E+01     0.1200521E+02
    -0.4906185E+01     0.1200521E+02
    -0.4900042E+01     0.1200260E+02
    -0.4892830E+01     0.1200393E+02
    -0.4887610E+01     0.1200084E+02
    -0.4881076E+01     0.1200123E+02
    -0.4868118E+01     0.1200637E+02
    -0.4862868E+01     0.1201133E+02
    -0.4856637E+01     0.1201447E+02
    -0.4846091E+01     0.1201335E+02
    -0.4846091E+01     0.1201335E+02
    -0.4840816E+01     0.1201739E+02
    -0.4837769E+01     0.1201700E+02
    -0.4835077E+01     0.1201224E+02
    -0.4831738E+01     0.1200956E+02
    -0.4826080E+01     0.1200762E+02
    -0.4807405E+01     0.1200854E+02
    -0.4806973E+01     0.1200993E+02
    -0.4787750E+01     0.1200763E+02
    -0.4763434E+01     0.1200729E+02
    -0.4752758E+01     0.1200088E+02
    -0.4747824E+01     0.1199985E+02
    -0.4746451E+01     0.1200103E+02
    -0.4745716E+01     0.1199967E+02
    -0.4734348E+01     0.1199679E+02
    -0.4734348E+01     0.1199679E+02
    -0.4731380E+01     0.1199837E+02
    -0.4724597E+01     0.1200683E+02
    -0.4717538E+01     0.1203093E+02
    -0.4717719E+01     0.1203760E+02
    -0.4707304E+01     0.1205006E+02
    -0.4697408E+01     0.1205584E+02
    -0.4683188E+01     0.1205736E+02
    -0.4669994E+01     0.1205356E+02
    -0.4669287E+01     0.1205335E+02
    -0.4658313E+01     0.1205387E+02
    -0.4646696E+01     0.1206521E+02
    -0.4641975E+01     0.1207223E+02
    -0.4637452E+01     0.1209535E+02
    -0.4633013E+01     0.1210421E+02
    -0.4625549E+01     0.1211360E+02
    -0.4614536E+01     0.1212147E+02
    -0.4607372E+01     0.1212465E+02
    -0.4600595E+01     0.1212482E+02
    -0.4589040E+01     0.1212995E+02
    -0.4581095E+01     0.1213015E+02
    -0.4569054E+01     0.1213460E+02
    -0.4561505E+01     0.1214974E+02
    -0.4561573E+01     0.1215227E+02
    -0.4572106E+01     0.1216144E+02
    -0.4578293E+01     0.1216542E+02
    -0.4583490E+01     0.1216735E+02
    -0.4586866E+01     0.1217118E+02
    -0.4590900E+01     0.1218211E+02
    -0.4590875E+01     0.1218994E+02
    -0.4586606E+01     0.1219649E+02
    -0.4547213E+01     0.1222809E+02
    -0.4541005E+01     0.1223215E+02
    -0.4523664E+01     0.1224870E+02
    -0.4514452E+01     0.1225422E+02
    -0.4503342E+01     0.1226761E+02
    -0.4495899E+01     0.1227815E+02
    -0.4487911E+01     0.1229468E+02
    -0.4486615E+01     0.1231657E+02
    -0.4484440E+01     0.1232283E+02
    -0.4476826E+01     0.1232694E+02
    -0.4466973E+01     0.1232603E+02
    -0.4448121E+01     0.1232099E+02
    -0.4429581E+01     0.1230995E+02
    -0.4423698E+01     0.1230872E+02
    -0.4421036E+01     0.1231431E+02
    -0.4423819E+01     0.1232229E+02
    -0.4429617E+01     0.1232927E+02
    -0.4430552E+01     0.1232925E+02
    -0.4437892E+01     0.1234149E+02
    -0.4441275E+01     0.1235451E+02
    -0.4450986E+01     0.1237681E+02
    -0.4451834E+01     0.1240025E+02
    -0.4452916E+01     0.1241471E+02
    -0.4450889E+01     0.1242672E+02
    -0.4438024E+01     0.1245395E+02
    -0.4429434E+01     0.1248361E+02
    -0.4424478E+01     0.1249109E+02
    -0.4412382E+01     0.1250313E+02
    -0.4400128E+01     0.1251815E+02
    -0.4393459E+01     0.1253189E+02
    -0.4396747E+01     0.1254124E+02
    -0.4406192E+01     0.1255319E+02
    -0.4410410E+01     0.1256228E+02
    -0.4413074E+01     0.1257464E+02
    -0.4415955E+01     0.1257733E+02
    -0.4419814E+01     0.1259057E+02
    -0.4428079E+01     0.1260209E+02
    -0.4434094E+01     0.1260815E+02
    -0.4444851E+01     0.1261639E+02
    -0.4463322E+01     0.1262398E+02
    -0.4466228E+01     0.1262758E+02
    -0.4477875E+01     0.1263396E+02
    -0.4487478E+01     0.1265166E+02
    -0.4491354E+01     0.1266536E+02
    -0.4487636E+01     0.1268431E+02
    -0.4489498E+01     0.1271048E+02
    -0.4484761E+01     0.1271750E+02
    -0.4479250E+01     0.1272178E+02
    -0.4473876E+01     0.1272238E+02
    -0.4468663E+01     0.1272021E+02
    -0.4447129E+01     0.1272121E+02
    -0.4439460E+01     0.1272370E+02
    -0.4426561E+01     0.1272333E+02
    -0.4414179E+01     0.1272479E+02
    -0.4393185E+01     0.1272854E+02
    -0.4379895E+01     0.1273117E+02
    -0.4369590E+01     0.1273142E+02
    -0.4357760E+01     0.1272712E+02
    -0.4352507E+01     0.1272334E+02
    -0.4334216E+01     0.1270470E+02
    -0.4322622E+01     0.1270039E+02
    -0.4311305E+01     0.1269768E+02
    -0.4294474E+01     0.1269924E+02
    -0.4276185E+01     0.1270797E+02
    -0.4264681E+01     0.1271630E+02
    -0.4248287E+01     0.1272590E+02
    -0.4239276E+01     0.1274015E+02
    -0.4233337E+01     0.1275547E+02
    -0.4228288E+01     0.1277813E+02
    -0.4227244E+01     0.1280161E+02
    -0.4231096E+01     0.1282406E+02
    -0.4236279E+01     0.1284348E+02
    -0.4238499E+01     0.1285699E+02
    -0.4236436E+01     0.1286808E+02
    -0.4236693E+01     0.1287819E+02
    -0.4232409E+01     0.1290337E+02
    -0.4233329E+01     0.1291185E+02
    -0.4230222E+01     0.1293722E+02
    -0.4231950E+01     0.1294983E+02
    -0.4237622E+01     0.1296073E+02
    -0.4256146E+01     0.1297891E+02
    -0.4281556E+01     0.1300933E+02
    -0.4291437E+01     0.1303783E+02
    -0.4300914E+01     0.1305968E+02
    -0.4313106E+01     0.1307754E+02
    -0.4323287E+01     0.1309017E+02
    -0.4333410E+01     0.1310050E+02
    -0.4353298E+01     0.1311633E+02
    -0.4356983E+01     0.1312268E+02
    -0.4355398E+01     0.1313399E+02
    -0.4351120E+01     0.1314099E+02
    -0.4345856E+01     0.1314618E+02
    -0.4336580E+01     0.1315055E+02
    -0.4303598E+01     0.1317321E+02
    -0.4287360E+01     0.1318073E+02
    -0.4276340E+01     0.1318123E+02
    -0.4262434E+01     0.1317904E+02
    -0.4252118E+01     0.1317952E+02
    -0.4246329E+01     0.1318265E+02
    -0.4241560E+01     0.1318898E+02
    -0.4243654E+01     0.1319743E+02
    -0.4247789E+01     0.1320308E+02
    -0.4254734E+01     0.1320843E+02
    -0.4260418E+01     0.1321956E+02
    -0.4260788E+01     0.1322484E+02
    -0.4258330E+01     0.1322973E+02
    -0.4222662E+01     0.1325819E+02
    -0.4206216E+01     0.1326709E+02
    -0.4192264E+01     0.1327249E+02
    -0.4178517E+01     0.1327673E+02
    -0.4163717E+01     0.1328582E+02
    -0.4156312E+01     0.1329014E+02
    -0.4147126E+01     0.1329841E+02
    -0.4144900E+01     0.1330329E+02
    -0.4137540E+01     0.1330944E+02
    -0.4133372E+01     0.1331184E+02
    -0.4122692E+01     0.1332612E+02
    -0.4115361E+01     0.1334285E+02
    -0.4110839E+01     0.1335929E+02
    -0.4108608E+01     0.1337336E+02
    -0.4102580E+01     0.1338592E+02
    -0.4092478E+01     0.1339536E+02
    -0.4084541E+01     0.1339739E+02
    -0.4068724E+01     0.1340374E+02
    -0.4058347E+01     0.1341157E+02
    -0.4053341E+01     0.1341813E+02
    -0.4036399E+01     0.1342658E+02
    -0.4020058E+01     0.1343087E+02
    -0.4005791E+01     0.1343350E+02
    -0.3998429E+01     0.1343988E+02
    -0.3984585E+01     0.1345975E+02
    -0.3983279E+01     0.1347357E+02
    -0.3986533E+01     0.1349120E+02
    -0.3984532E+01     0.1349584E+02
    -0.3971972E+01     0.1350120E+02
    -0.3962291E+01     0.1349935E+02
    -0.3956788E+01     0.1349534E+02
    -0.3949610E+01     0.1347091E+02
    -0.3950208E+01     0.1346653E+02
    -0.3946271E+01     0.1345926E+02
    -0.3939818E+01     0.1345481E+02
    -0.3920175E+01     0.1344906E+02
    -0.3915836E+01     0.1344456E+02
    -0.3915640E+01     0.1343652E+02
    -0.3919750E+01     0.1343160E+02
    -0.3948230E+01     0.1342404E+02
    -0.3948207E+01     0.1342312E+02
    -0.3958271E+01     0.1342151E+02
    -0.3970066E+01     0.1341388E+02
    -0.3974844E+01     0.1340756E+02
    -0.3974206E+01     0.1340067E+02
    -0.3973802E+01     0.1339379E+02
    -0.3967529E+01     0.1338703E+02
    -0.3960848E+01     0.1338282E+02
    -0.3946604E+01     0.1337672E+02
    -0.3930913E+01     0.1337869E+02
    -0.3912366E+01     0.1337912E+02
    -0.3877156E+01     0.1337050E+02
    -0.3852295E+01     0.1336234E+02
    -0.3834190E+01     0.1336160E+02
    -0.3813788E+01     0.1336299E+02
    -0.3797708E+01     0.1335853E+02
    -0.3776962E+01     0.1334543E+02
    -0.3764700E+01     0.1333352E+02
    -0.3735138E+01     0.1329510E+02
    -0.3722646E+01     0.1328320E+02
    -0.3706551E+01     0.1327781E+02
    -0.3686424E+01     0.1327067E+02
    -0.3671440E+01     0.1326250E+02
    -0.3660681E+01     0.1325423E+02
    -0.3626098E+01     0.1322097E+02
    -0.3606986E+01     0.1320668E+02
    -0.3599840E+01     0.1320224E+02
    -0.3590392E+01     0.1319969E+02
    -0.3582809E+01     0.1319663E+02
    -0.3579211E+01     0.1319326E+02
    -0.3550776E+01     0.1318170E+02
    -0.3532245E+01     0.1317199E+02
    -0.3499233E+01     0.1316535E+02
    -0.3485553E+01     0.1316243E+02
    -0.3478218E+01     0.1315983E+02
    -0.3468834E+01     0.1316003E+02
    -0.3464800E+01     0.1315804E+02
    -0.3448837E+01     0.1315793E+02
    -0.3433222E+01     0.1316286E+02
    -0.3422715E+01     0.1317573E+02
    -0.3419593E+01     0.1319350E+02
    -0.3420315E+01     0.1320476E+02
    -0.3425122E+01     0.1323063E+02
    -0.3434223E+01     0.1324906E+02
    -0.3434874E+01     0.1325710E+02
    -0.3431493E+01     0.1326338E+02
    -0.3424770E+01     0.1326720E+02
    -0.3403735E+01     0.1327156E+02
    -0.3387562E+01     0.1327282E+02
    -0.3370235E+01     0.1327503E+02
    -0.3353791E+01     0.1327469E+02
    -0.3341398E+01     0.1327702E+02
    -0.3305989E+01     0.1327914E+02
    -0.3273415E+01     0.1328212E+02
    -0.3256077E+01     0.1328386E+02
    -0.3243998E+01     0.1328986E+02
    -0.3237766E+01     0.1330563E+02
    -0.3238476E+01     0.1331665E+02
    -0.3243671E+01     0.1332872E+02
    -0.3244361E+01     0.1333883E+02
    -0.3259598E+01     0.1335897E+02
    -0.3260983E+01     0.1336860E+02
    -0.3261248E+01     0.1340216E+02
    -0.3262895E+01     0.1342373E+02
    -0.3269689E+01     0.1347647E+02
    -0.3276552E+01     0.1351081E+02
    -0.3282000E+01     0.1353414E+02
    -0.3278964E+01     0.1354570E+02
    -0.3271028E+01     0.1355897E+02
    -0.3268469E+01     0.1356017E+02
    -0.3260583E+01     0.1357574E+02
    -0.3259035E+01     0.1359094E+02
    -0.3257247E+01     0.1360592E+02
    -0.3256490E+01     0.1362502E+02
    -0.3258271E+01     0.1363119E+02
    -0.3255122E+01     0.1364849E+02
    -0.3256295E+01     0.1366985E+02
    -0.3261893E+01     0.1367846E+02
    -0.3280626E+01     0.1369623E+02
    -0.3283787E+01     0.1370100E+02
    -0.3284844E+01     0.1370626E+02
    -0.3279644E+01     0.1371579E+02
    -0.3272642E+01     0.1371824E+02
    -0.3261593E+01     0.1371847E+02
    -0.3239355E+01     0.1371249E+02
    -0.3228926E+01     0.1370880E+02
    -0.3209845E+01     0.1369655E+02
    -0.3185615E+01     0.1368533E+02
    -0.3168931E+01     0.1368590E+02
    -0.3146483E+01     0.1369187E+02
    -0.3134334E+01     0.1369557E+02
    -0.3122120E+01     0.1369628E+02
    -0.3107286E+01     0.1369543E+02
    -0.3103016E+01     0.1369368E+02
    -0.3082904E+01     0.1367684E+02
    -0.3068739E+01     0.1366311E+02
    -0.3059929E+01     0.1363570E+02
    -0.3051451E+01     0.1362391E+02
    -0.3045566E+01     0.1362357E+02
    -0.3039088E+01     0.1362853E+02
    -0.3023638E+01     0.1365412E+02
    -0.3022770E+01     0.1365759E+02
    -0.3017245E+01     0.1366322E+02
    -0.3006520E+01     0.1366757E+02
    -0.3001330E+01     0.1366675E+02
    -0.2995151E+01     0.1366365E+02
    -0.2959428E+01     0.1363057E+02
    -0.2953706E+01     0.1362678E+02
    -0.2944104E+01     0.1362857E+02
    -0.2937177E+01     0.1363469E+02
    -0.2929440E+01     0.1363576E+02
    -0.2911576E+01     0.1364737E+02
    -0.2908696E+01     0.1365593E+02
    -0.2909365E+01     0.1366557E+02
    -0.2913364E+01     0.1368848E+02
    -0.2918307E+01     0.1370011E+02
    -0.2924673E+01     0.1372366E+02
    -0.2926903E+01     0.1375189E+02
    -0.2926074E+01     0.1376868E+02
    -0.2928643E+01     0.1377812E+02
    -0.2929804E+01     0.1381251E+02
    -0.2927737E+01     0.1382634E+02
    -0.2924024E+01     0.1384020E+02
    -0.2896849E+01     0.1389176E+02
    -0.2894878E+01     0.1389892E+02
    -0.2889619E+01     0.1390638E+02
    -0.2888071E+01     0.1391123E+02
    -0.2878106E+01     0.1393027E+02
    -0.2875038E+01     0.1394136E+02
    -0.2868214E+01     0.1396448E+02
    -0.2861757E+01     0.1398253E+02
    -0.2862698E+01     0.1398251E+02
    -0.2852649E+01     0.1399764E+02
    -0.2843616E+01     0.1400494E+02
    -0.2833124E+01     0.1400997E+02
    -0.2806240E+01     0.1401944E+02
    -0.2759490E+01     0.1403729E+02
    -0.2733793E+01     0.1404656E+02
    -0.2721908E+01     0.1405276E+02
    -0.2663292E+01     0.1407753E+02
    -0.2637147E+01     0.1408927E+02
    -0.2622849E+01     0.1409275E+02
    -0.2600681E+01     0.1410327E+02
    -0.2579643E+01     0.1411147E+02
    -0.2507397E+01     0.1413921E+02
    -0.2468541E+01     0.1415209E+02
    -0.2429904E+01     0.1416427E+02
    -0.2356125E+01     0.1418717E+02
    -0.2336936E+01     0.1419417E+02
    -0.2315140E+01     0.1420029E+02
    -0.2247445E+01     0.1422191E+02
    -0.2224188E+01     0.1422576E+02
    -0.2212196E+01     0.1422711E+02
    -0.2189918E+01     0.1423300E+02
    -0.2176528E+01     0.1423530E+02
    -0.2156174E+01     0.1424345E+02
    -0.2147321E+01     0.1424911E+02
    -0.2145713E+01     0.1425144E+02
    -0.2137332E+01     0.1426835E+02
    -0.2133429E+01     0.1427623E+02
    -0.2107497E+01     0.1432904E+02
    -0.2096193E+01     0.1435634E+02
    -0.2087785E+01     0.1437417E+02
    -0.2083317E+01     0.1438826E+02
    -0.2069309E+01     0.1442295E+02
    -0.2055041E+01     0.1445649E+02
    -0.2040401E+01     0.1449602E+02
    -0.2027740E+01     0.1452746E+02
    -0.2015321E+01     0.1455936E+02
    -0.1997326E+01     0.1458286E+02
    -0.1991972E+01     0.1458708E+02
    -0.1964993E+01     0.1459601E+02
    -0.1952063E+01     0.1459875E+02
    -0.1945973E+01     0.1460137E+02
    -0.1931419E+01     0.1460574E+02
    -0.1913358E+01     0.1461200E+02
    -0.1859384E+01     0.1462962E+02
    -0.1838960E+01     0.1463591E+02
    -0.1810106E+01     0.1464624E+02
    -0.1798823E+01     0.1464894E+02
    -0.1722533E+01     0.1467377E+02
    -0.1694139E+01     0.1468385E+02
    -0.1682378E+01     0.1468633E+02
    -0.1662439E+01     0.1469397E+02
    -0.1644808E+01     0.1469837E+02
    -0.1628625E+01     0.1470482E+02
    -0.1617105E+01     0.1470774E+02
    -0.1554883E+01     0.1472864E+02
    -0.1541249E+01     0.1473229E+02
    -0.1519408E+01     0.1473949E+02
    -0.1501313E+01     0.1474481E+02
    -0.1437963E+01     0.1477029E+02
    -0.1414683E+01     0.1477636E+02
    -0.1408771E+01     0.1477576E+02
    -0.1395150E+01     0.1478054E+02
    -0.1371593E+01     0.1478409E+02
    -0.1355846E+01     0.1478890E+02
    -0.1328327E+01     0.1479594E+02
    -0.1295761E+01     0.1479708E+02
    -0.1274532E+01     0.1479852E+02
    -0.1253815E+01     0.1480271E+02
    -0.1243198E+01     0.1480331E+02
    -0.1217986E+01     0.1480687E+02
    -0.1178158E+01     0.1481222E+02
    -0.1169922E+01     0.1481417E+02
    -0.1120668E+01     0.1482102E+02
    -0.1092625E+01     0.1482506E+02
    -0.1074006E+01     0.1482760E+02
    -0.1067194E+01     0.1483021E+02
    -0.1051858E+01     0.1483110E+02
    -0.1031827E+01     0.1483411E+02
    -0.1018439E+01     0.1483933E+02
    -0.1001791E+01     0.1484804E+02
    -0.9823706E+00     0.1486138E+02
    -0.9517497E+00     0.1488495E+02
    -0.9466316E+00     0.1489076E+02
    -0.9321677E+00     0.1490425E+02
    -0.9198315E+00     0.1491795E+02
    -0.8890438E+00     0.1494772E+02
    -0.8561742E+00     0.1498142E+02
    -0.8430856E+00     0.1499237E+02
    -0.8396134E+00     0.1499792E+02
    -0.8374623E+00     0.1500000E+02
    -0.8374623E+00     0.1500000E+02
    -0.8237448E+00     0.1501326E+02
    -0.8127357E+00     0.1502074E+02
    -0.7965897E+00     0.1503310E+02
    -0.7874542E+00     0.1503941E+02
    -0.7630618E+00     0.1505394E+02
    -0.7391686E+00     0.1507075E+02
    -0.7192001E+00     0.1508039E+02
    -0.7154194E+00     0.1508044E+02
    -0.7014878E+00     0.1508152E+02
    -0.6783200E+00     0.1508110E+02
    -0.6374342E+00     0.1508134E+02
    -0.5672275E+00     0.1508052E+02
    -0.5301144E+00     0.1508001E+02
    -0.5069740E+00     0.1508188E+02
    -0.4767279E+00     0.1508243E+02
    -0.4620756E+00     0.1508259E+02
    -0.4556738E+00     0.1508082E+02
    -0.4420556E+00     0.1506812E+02
    -0.4199815E+00     0.1503920E+02
    -0.4156290E+00     0.1503052E+02
    -0.4036193E+00     0.1501343E+02
    -0.3976608E+00     0.1500890E+02
    -0.3886674E+00     0.1500761E+02
    -0.3764234E+00     0.1501142E+02
    -0.3170271E+00     0.1504624E+02
    -0.3017440E+00     0.1505328E+02
    -0.2698020E+00     0.1507151E+02
    -0.2537899E+00     0.1507695E+02
    -0.2476329E+00     0.1507587E+02
    -0.2452613E+00     0.1507521E+02
    -0.2317506E+00     0.1507144E+02
    -0.1795458E+00     0.1505152E+02
    -0.1679483E+00     0.1504980E+02
    -0.1636565E+00     0.1504616E+02
    -0.1487053E+00     0.1504011E+02
    -0.1486958E+00     0.1503919E+02
    -0.1354325E+00     0.1503634E+02
    -0.1321008E+00     0.1503407E+02
    -0.1098078E+00     0.1502625E+02
    -0.9864911E-01     0.1502108E+02
    -0.9367555E-01     0.1501998E+02
    -0.4295454E-01     0.1500000E+02
    -0.3674123E-01     0.1499755E+02
    -0.9210925E-02     0.1498518E+02
     0.0000000E+00     0.1498415E+02
     0.2142179E-02     0.1498391E+02
     0.1325438E-01     0.1498309E+02
     0.2839397E-01     0.1498116E+02
     0.3832246E-01     0.1498056E+02
     0.5038390E-01     0.1497929E+02
     0.6221121E-01     0.1497779E+02
     0.9457503E-01     0.1497808E+02
     0.1212502E+00     0.1498038E+02
     0.1418074E+00     0.1498010E+02
     0.1488796E+00     0.1498176E+02
     0.1642454E+00     0.1498075E+02
     0.1828809E+00     0.1498389E+02
     0.2005550E+00     0.1498886E+02
     0.2116629E+00     0.1498850E+02
     0.2293513E+00     0.1498967E+02
     0.2290038E+00     0.1497808E+02
     0.2344625E+00     0.1489639E+02
     0.2357362E+00     0.1488607E+02
     0.2280938E+00     0.1486925E+02
     0.2040096E+00     0.1484287E+02
     0.1970349E+00     0.1483087E+02
     0.1908805E+00     0.1480671E+02
     0.1931437E+00     0.1479157E+02
     0.1963445E+00     0.1477713E+02
     0.2026135E+00     0.1476272E+02
     0.2024360E+00     0.1475629E+02
     0.2005912E+00     0.1475145E+02
     0.1987221E+00     0.1472342E+02
     0.1888449E+00     0.1464204E+02
     0.1843932E+00     0.1461283E+02
     0.1800181E+00     0.1460108E+02
     0.1775918E+00     0.1458269E+02
     0.1662505E+00     0.1453344E+02
     0.1679945E+00     0.1452335E+02
     0.1767692E+00     0.1449242E+02
     0.1822581E+00     0.1448534E+02
     0.1912917E+00     0.1447738E+02
     0.2015564E+00     0.1446369E+02
     0.2241787E+00     0.1443907E+02
     0.2665769E+00     0.1439049E+02
     0.2754060E+00     0.1437839E+02
     0.2889680E+00     0.1436403E+02
     0.3229278E+00     0.1436201E+02
     0.3307136E+00     0.1436115E+02
     0.3401730E+00     0.1435755E+02
     0.3517942E+00     0.1434914E+02
     0.3629861E+00     0.1433568E+02
     0.3673549E+00     0.1432078E+02
     0.3700538E+00     0.1430817E+02
     0.3822783E+00     0.1428369E+02
     0.3913821E+00     0.1426584E+02
     0.3906226E+00     0.1424401E+02
     0.3781458E+00     0.1421473E+02
     0.3670331E+00     0.1419167E+02
     0.3630778E+00     0.1418590E+02
     0.3592372E+00     0.1416657E+02
     0.3570361E+00     0.1414840E+02
     0.3573497E+00     0.1413921E+02
     0.3633481E+00     0.1412617E+02
     0.3819149E+00     0.1410265E+02
     0.3843275E+00     0.1409577E+02
     0.3840685E+00     0.1407050E+02
     0.3874610E+00     0.1405904E+02
     0.3987863E+00     0.1402787E+02
     0.4104620E+00     0.1401096E+02
     0.4220906E+00     0.1399956E+02
     0.4434042E+00     0.1398387E+02
     0.4502805E+00     0.1397772E+02
     0.4534055E+00     0.1396970E+02
     0.4504522E+00     0.1395658E+02
     0.4507197E+00     0.1395268E+02
     0.4552134E+00     0.1394995E+02
     0.4634352E+00     0.1395185E+02
     0.4725595E+00     0.1395859E+02
     0.4805040E+00     0.1396577E+02
     0.4832090E+00     0.1395131E+02
     0.4804549E+00     0.1394256E+02
     0.4734377E+00     0.1393722E+02
     0.4716144E+00     0.1392986E+02
     0.4733594E+00     0.1391769E+02
     0.4764779E+00     0.1391036E+02
     0.4919027E+00     0.1389416E+02
     0.4973488E+00     0.1388984E+02
     0.5046697E+00     0.1388644E+02
     0.5207685E+00     0.1387393E+02
     0.5262391E+00     0.1386638E+02
     0.5268611E+00     0.1384708E+02
     0.5304404E+00     0.1384068E+02
     0.5403725E+00     0.1383408E+02
     0.5512146E+00     0.1383140E+02
     0.5550066E+00     0.1382776E+02
     0.5642178E+00     0.1382300E+02
     0.5781733E+00     0.1381299E+02
     0.5819651E+00     0.1380934E+02
     0.5846628E+00     0.1379488E+02
     0.5894226E+00     0.1378756E+02
     0.6021738E+00     0.1378098E+02
     0.6132138E+00     0.1377885E+02
     0.6136582E+00     0.1378635E+02
     0.6204770E+00     0.1378663E+02
     0.6209973E+00     0.1377997E+02
     0.6193683E+00     0.1377766E+02
     0.6252963E+00     0.1377126E+02
     0.6255758E+00     0.1376529E+02
     0.6211784E+00     0.1375584E+02
     0.5997344E+00     0.1373041E+02
     0.6002917E+00     0.1371892E+02
     0.6052990E+00     0.1370976E+02
     0.6190174E+00     0.1369906E+02
     0.6355183E+00     0.1369343E+02
     0.6559746E+00     0.1369334E+02
     0.6677287E+00     0.1369365E+02
     0.6903077E+00     0.1369266E+02
     0.7420355E+00     0.1369254E+02
     0.7683727E+00     0.1369202E+02
     0.7725983E+00     0.1369297E+02
     0.7726046E+00     0.1369205E+02
     0.7877184E+00     0.1368250E+02
     0.7969235E+00     0.1367727E+02
     0.7844886E+00     0.1367351E+02
     0.7784397E+00     0.1366428E+02
     0.7794480E+00     0.1365440E+02
     0.7816448E+00     0.1364270E+02
     0.8273577E+00     0.1362667E+02
     0.8325427E+00     0.1362463E+02
     0.8464171E+00     0.1362380E+02
     0.8565226E+00     0.1362409E+02
     0.8621563E+00     0.1362528E+02
     0.8757939E+00     0.1362467E+02
     0.8974231E+00     0.1362411E+02
     0.9070961E+00     0.1361865E+02
     0.9127753E+00     0.1361271E+02
     0.9408950E+00     0.1358921E+02
     0.9585760E+00     0.1358058E+02
     0.9736467E+00     0.1357584E+02
     0.9877740E+00     0.1357155E+02
     0.9981479E+00     0.1356609E+02
     0.1005950E+01     0.1355832E+02
     0.1010004E+01     0.1354869E+02
     0.1014810E+01     0.1353102E+02
     0.1019139E+01     0.1351450E+02
     0.1024357E+01     0.1350648E+02
     0.1042297E+01     0.1349233E+02
     0.1044918E+01     0.1348614E+02
     0.1045178E+01     0.1348201E+02
     0.1043603E+01     0.1347027E+02
     0.1037644E+01     0.1344519E+02
     0.1058802E+01     0.1344232E+02
     0.1076902E+01     0.1344012E+02
     0.1115816E+01     0.1341274E+02
     0.1134441E+01     0.1340020E+02
     0.1143640E+01     0.1339312E+02
     0.1153274E+01     0.1339225E+02
     0.1167345E+01     0.1339600E+02
     0.1177909E+01     0.1339674E+02
     0.1197896E+01     0.1339247E+02
     0.1213665E+01     0.1338612E+02
     0.1221644E+01     0.1338730E+02
     0.1230541E+01     0.1339240E+02
     0.1241758E+01     0.1340326E+02
     0.1245755E+01     0.1340236E+02
     0.1265363E+01     0.1338016E+02
     0.1269155E+01     0.1337328E+02
     0.1280971E+01     0.1335863E+02
     0.1282974E+01     0.1335220E+02
END
END
