cape_verde
1
    -0.2472050E+02     0.1485588E+02
    -0.2468150E+02     0.1483656E+02
    -0.2468171E+02     0.1483449E+02
    -0.2467934E+02     0.1483406E+02
    -0.2467743E+02     0.1483202E+02
    -0.2467928E+02     0.1482878E+02
    -0.2467947E+02     0.1482487E+02
    -0.2467896E+02     0.1482189E+02
    -0.2467775E+02     0.1481938E+02
    -0.2468079E+02     0.1481705E+02
    -0.2468881E+02     0.1481557E+02
    -0.2469729E+02     0.1481317E+02
    -0.2470291E+02     0.1480942E+02
    -0.2470641E+02     0.1480524E+02
    -0.2470968E+02     0.1480221E+02
    -0.2471252E+02     0.1480310E+02
    -0.2471397E+02     0.1480515E+02
    -0.2471518E+02     0.1480720E+02
    -0.2471626E+02     0.1480726E+02
    -0.2471849E+02     0.1480739E+02
    -0.2472557E+02     0.1480707E+02
    -0.2473580E+02     0.1481222E+02
    -0.2473871E+02     0.1481815E+02
    -0.2474119E+02     0.1482708E+02
    -0.2474257E+02     0.1482739E+02
    -0.2474806E+02     0.1482860E+02
    -0.2475801E+02     0.1483008E+02
    -0.2476126E+02     0.1483326E+02
    -0.2476224E+02     0.1483790E+02
    -0.2476073E+02     0.1483969E+02
    -0.2475648E+02     0.1484021E+02
    -0.2475392E+02     0.1484346E+02
    -0.2475564E+02     0.1484849E+02
    -0.2475976E+02     0.1485647E+02
    -0.2475985E+02     0.1486313E+02
    -0.2475729E+02     0.1486638E+02
    -0.2475588E+02     0.1486755E+02
    -0.2475209E+02     0.1486668E+02
    -0.2474736E+02     0.1486674E+02
    -0.2474502E+02     0.1486814E+02
    -0.2474578E+02     0.1487204E+02
    -0.2474631E+02     0.1487686E+02
    -0.2474684E+02     0.1488144E+02
    -0.2474663E+02     0.1488190E+02
    -0.2474427E+02     0.1488400E+02
    -0.2473862E+02     0.1488568E+02
    -0.2473603E+02     0.1488663E+02
    -0.2473441E+02     0.1488918E+02
    -0.2473134E+02     0.1488968E+02
    -0.2472847E+02     0.1488742E+02
    -0.2472467E+02     0.1488586E+02
    -0.2472138E+02     0.1488774E+02
    -0.2471620E+02     0.1488895E+02
    -0.2471077E+02     0.1488971E+02
    -0.2470676E+02     0.1489022E+02
    -0.2470560E+02     0.1489230E+02
    -0.2470445E+02     0.1489530E+02
    -0.2470400E+02     0.1489691E+02
    -0.2470307E+02     0.1489807E+02
    -0.2470047E+02     0.1489788E+02
    -0.2469949E+02     0.1489513E+02
    -0.2469853E+02     0.1489446E+02
    -0.2469665E+02     0.1489517E+02
    -0.2469477E+02     0.1489634E+02
    -0.2469128E+02     0.1489708E+02
    -0.2469034E+02     0.1489513E+02
    -0.2469093E+02     0.1489157E+02
    -0.2469255E+02     0.1488879E+02
    -0.2469019E+02     0.1488882E+02
    -0.2468688E+02     0.1488909E+02
    -0.2468545E+02     0.1488819E+02
    -0.2468542E+02     0.1488589E+02
    -0.2468774E+02     0.1488219E+02
    -0.2468934E+02     0.1487735E+02
    -0.2468735E+02     0.1486933E+02
    -0.2468224E+02     0.1485768E+02
    -0.2467855E+02     0.1484671E+02
    -0.2467845E+02     0.1483821E+02
    -0.2468150E+02     0.1483656E+02
END
2
    -0.2294036E+02     0.1673430E+02
    -0.2291822E+02     0.1685373E+02
    -0.2291319E+02     0.1684895E+02
    -0.2291198E+02     0.1684460E+02
    -0.2291385E+02     0.1683932E+02
    -0.2291218E+02     0.1683796E+02
    -0.2290931E+02     0.1683660E+02
    -0.2290694E+02     0.1683776E+02
    -0.2290432E+02     0.1683800E+02
    -0.2290241E+02     0.1683710E+02
    -0.2290049E+02     0.1683459E+02
    -0.2289548E+02     0.1683439E+02
    -0.2289263E+02     0.1683533E+02
    -0.2288906E+02     0.1683558E+02
    -0.2288810E+02     0.1683329E+02
    -0.2288974E+02     0.1682916E+02
    -0.2289423E+02     0.1682295E+02
    -0.2289843E+02     0.1680826E+02
    -0.2290295E+02     0.1680663E+02
    -0.2290674E+02     0.1680431E+02
    -0.2290530E+02     0.1680157E+02
    -0.2290171E+02     0.1679953E+02
    -0.2289380E+02     0.1679019E+02
    -0.2289043E+02     0.1678311E+02
    -0.2289206E+02     0.1677622E+02
    -0.2288775E+02     0.1677235E+02
    -0.2288513E+02     0.1677306E+02
    -0.2288226E+02     0.1677032E+02
    -0.2288414E+02     0.1676665E+02
    -0.2288556E+02     0.1676412E+02
    -0.2288554E+02     0.1676114E+02
    -0.2288505E+02     0.1675817E+02
    -0.2288861E+02     0.1675677E+02
    -0.2289051E+02     0.1675653E+02
    -0.2289788E+02     0.1675373E+02
    -0.2289882E+02     0.1675167E+02
    -0.2289881E+02     0.1674915E+02
    -0.2289879E+02     0.1674617E+02
    -0.2289564E+02     0.1673702E+02
    -0.2289585E+02     0.1673221E+02
    -0.2289893E+02     0.1672921E+02
    -0.2289772E+02     0.1672578E+02
    -0.2289581E+02     0.1672442E+02
    -0.2289555E+02     0.1672190E+02
    -0.2289721E+02     0.1671983E+02
    -0.2289647E+02     0.1671662E+02
    -0.2289429E+02     0.1670976E+02
    -0.2289141E+02     0.1670428E+02
    -0.2288399E+02     0.1669860E+02
    -0.2287898E+02     0.1669634E+02
    -0.2287896E+02     0.1669313E+02
    -0.2288036E+02     0.1668808E+02
    -0.2288056E+02     0.1668166E+02
    -0.2287697E+02     0.1667756E+02
    -0.2287291E+02     0.1667529E+02
    -0.2287004E+02     0.1667256E+02
    -0.2287241E+02     0.1667003E+02
    -0.2287502E+02     0.1666841E+02
    -0.2287809E+02     0.1666541E+02
    -0.2288140E+02     0.1666035E+02
    -0.2288588E+02     0.1665436E+02
    -0.2288705E+02     0.1665023E+02
    -0.2288724E+02     0.1664198E+02
    -0.2288770E+02     0.1663854E+02
    -0.2289244E+02     0.1663576E+02
    -0.2289601E+02     0.1663597E+02
    -0.2289885E+02     0.1663228E+02
    -0.2289976E+02     0.1662517E+02
    -0.2289828E+02     0.1661670E+02
    -0.2289629E+02     0.1661272E+02
    -0.2289458E+02     0.1660929E+02
    -0.2289329E+02     0.1660670E+02
    -0.2288961E+02     0.1659934E+02
    -0.2288697E+02     0.1659569E+02
    -0.2288647E+02     0.1659134E+02
    -0.2289099E+02     0.1659108E+02
    -0.2289719E+02     0.1659333E+02
    -0.2290624E+02     0.1659443E+02
    -0.2290956E+02     0.1659303E+02
    -0.2291524E+02     0.1658726E+02
    -0.2291950E+02     0.1658403E+02
    -0.2292282E+02     0.1658149E+02
    -0.2292544E+02     0.1658147E+02
    -0.2292783E+02     0.1658421E+02
    -0.2292954E+02     0.1659107E+02
    -0.2292886E+02     0.1659749E+02
    -0.2292965E+02     0.1660917E+02
    -0.2293212E+02     0.1662589E+02
    -0.2293283E+02     0.1662776E+02
    -0.2293430E+02     0.1663160E+02
    -0.2294027E+02     0.1663569E+02
    -0.2294862E+02     0.1663885E+02
    -0.2295031E+02     0.1664250E+02
    -0.2294341E+02     0.1664300E+02
    -0.2294728E+02     0.1665352E+02
    -0.2294633E+02     0.1665421E+02
    -0.2294302E+02     0.1665698E+02
    -0.2294042E+02     0.1666021E+02
    -0.2293781E+02     0.1666298E+02
    -0.2293811E+02     0.1667191E+02
    -0.2294075E+02     0.1667940E+02
    -0.2294149E+02     0.1668151E+02
    -0.2294702E+02     0.1669065E+02
    -0.2295397E+02     0.1669770E+02
    -0.2296326E+02     0.1669856E+02
    -0.2296849E+02     0.1669853E+02
    -0.2297395E+02     0.1669597E+02
    -0.2297774E+02     0.1669205E+02
    -0.2298248E+02     0.1668950E+02
    -0.2298701E+02     0.1669062E+02
    -0.2298917E+02     0.1669381E+02
    -0.2299063E+02     0.1669884E+02
    -0.2298828E+02     0.1670298E+02
    -0.2298330E+02     0.1670599E+02
    -0.2298046E+02     0.1670853E+02
    -0.2297784E+02     0.1670970E+02
    -0.2297785E+02     0.1671153E+02
    -0.2297930E+02     0.1671473E+02
    -0.2298051E+02     0.1671793E+02
    -0.2298339E+02     0.1672135E+02
    -0.2298697E+02     0.1672361E+02
    -0.2298866E+02     0.1672681E+02
    -0.2298867E+02     0.1672933E+02
    -0.2298726E+02     0.1673163E+02
    -0.2298560E+02     0.1673279E+02
    -0.2298419E+02     0.1673555E+02
    -0.2298445E+02     0.1673967E+02
    -0.2298424E+02     0.1674334E+02
    -0.2298211E+02     0.1674518E+02
    -0.2297997E+02     0.1674543E+02
    -0.2297712E+02     0.1674796E+02
    -0.2297523E+02     0.1675004E+02
    -0.2297619E+02     0.1675147E+02
    -0.2297691E+02     0.1675255E+02
    -0.2298335E+02     0.1675342E+02
    -0.2298860E+02     0.1675591E+02
    -0.2299054E+02     0.1676139E+02
    -0.2298913E+02     0.1676553E+02
    -0.2298653E+02     0.1676875E+02
    -0.2298774E+02     0.1677058E+02
    -0.2299038E+02     0.1677446E+02
    -0.2299162E+02     0.1678316E+02
    -0.2299142E+02     0.1678819E+02
    -0.2299262E+02     0.1678979E+02
    -0.2299405E+02     0.1679047E+02
    -0.2299455E+02     0.1679413E+02
    -0.2299458E+02     0.1679963E+02
    -0.2299443E+02     0.1681452E+02
    -0.2299065E+02     0.1681844E+02
    -0.2298639E+02     0.1682305E+02
    -0.2297593E+02     0.1682701E+02
    -0.2296881E+02     0.1683004E+02
    -0.2296239E+02     0.1683100E+02
    -0.2295954E+02     0.1683285E+02
    -0.2295434E+02     0.1683998E+02
    -0.2295293E+02     0.1684251E+02
    -0.2294911E+02     0.1684162E+02
    -0.2294743E+02     0.1683888E+02
    -0.2294598E+02     0.1683568E+02
    -0.2294382E+02     0.1683317E+02
    -0.2293979E+02     0.1683664E+02
    -0.2293647E+02     0.1683872E+02
    -0.2293197E+02     0.1684287E+02
    -0.2292677E+02     0.1684840E+02
    -0.2291822E+02     0.1685373E+02
END
3
    -0.2474932E+02     0.1675256E+02
    -0.2475637E+02     0.1679097E+02
    -0.2475509E+02     0.1678506E+02
    -0.2475258E+02     0.1677525E+02
    -0.2474872E+02     0.1677094E+02
    -0.2474274E+02     0.1676895E+02
    -0.2473938E+02     0.1676670E+02
    -0.2473791E+02     0.1676374E+02
    -0.2473594E+02     0.1675850E+02
    -0.2473155E+02     0.1675031E+02
    -0.2472174E+02     0.1674585E+02
    -0.2471723E+02     0.1674728E+02
    -0.2471417E+02     0.1675006E+02
    -0.2470992E+02     0.1675310E+02
    -0.2470518E+02     0.1675476E+02
    -0.2469852E+02     0.1675553E+02
    -0.2469422E+02     0.1675398E+02
    -0.2468968E+02     0.1675243E+02
    -0.2468891E+02     0.1674809E+02
    -0.2469194E+02     0.1674301E+02
    -0.2469570E+02     0.1673907E+02
    -0.2470161E+02     0.1673556E+02
    -0.2470448E+02     0.1673667E+02
    -0.2470901E+02     0.1673707E+02
    -0.2471018E+02     0.1673545E+02
    -0.2471181E+02     0.1673268E+02
    -0.2471489E+02     0.1673173E+02
    -0.2471681E+02     0.1673308E+02
    -0.2471755E+02     0.1673490E+02
    -0.2471970E+02     0.1673556E+02
    -0.2472087E+02     0.1673394E+02
    -0.2472227E+02     0.1673163E+02
    -0.2472511E+02     0.1673022E+02
    -0.2473584E+02     0.1673192E+02
    -0.2474273E+02     0.1673046E+02
    -0.2474772E+02     0.1673017E+02
    -0.2475226E+02     0.1673125E+02
    -0.2475422E+02     0.1673558E+02
    -0.2475527E+02     0.1674336E+02
    -0.2475556E+02     0.1674748E+02
    -0.2475914E+02     0.1674812E+02
    -0.2476442E+02     0.1675150E+02
    -0.2476899E+02     0.1675442E+02
    -0.2477403E+02     0.1675825E+02
    -0.2478075E+02     0.1676183E+02
    -0.2478671E+02     0.1676244E+02
    -0.2479051E+02     0.1676170E+02
    -0.2479338E+02     0.1676281E+02
    -0.2479483E+02     0.1676485E+02
    -0.2479585E+02     0.1676988E+02
    -0.2479780E+02     0.1677352E+02
    -0.2479953E+02     0.1677785E+02
    -0.2479743E+02     0.1678132E+02
    -0.2479579E+02     0.1678317E+02
    -0.2479416E+02     0.1678617E+02
    -0.2479444E+02     0.1678938E+02
    -0.2479637E+02     0.1679164E+02
    -0.2479474E+02     0.1679464E+02
    -0.2479189E+02     0.1679491E+02
    -0.2478927E+02     0.1679517E+02
    -0.2478644E+02     0.1679681E+02
    -0.2478602E+02     0.1680140E+02
    -0.2478436E+02     0.1680211E+02
    -0.2478124E+02     0.1680054E+02
    -0.2477623E+02     0.1679969E+02
    -0.2476833E+02     0.1679589E+02
    -0.2476543E+02     0.1679295E+02
    -0.2476067E+02     0.1679301E+02
    -0.2475637E+02     0.1679097E+02
END
4
    -0.2423274E+02     0.1659208E+02
    -0.2430807E+02     0.1664899E+02
    -0.2430754E+02     0.1664464E+02
    -0.2430111E+02     0.1664403E+02
    -0.2429489E+02     0.1664089E+02
    -0.2429223E+02     0.1663771E+02
    -0.2429122E+02     0.1663199E+02
    -0.2428998E+02     0.1662765E+02
    -0.2428615E+02     0.1662563E+02
    -0.2428096E+02     0.1662935E+02
    -0.2427838E+02     0.1663282E+02
    -0.2427674E+02     0.1663536E+02
    -0.2427198E+02     0.1663541E+02
    -0.2425150E+02     0.1663449E+02
    -0.2424417E+02     0.1663921E+02
    -0.2424063E+02     0.1664148E+02
    -0.2423520E+02     0.1664567E+02
    -0.2422950E+02     0.1664642E+02
    -0.2422660E+02     0.1664209E+02
    -0.2422322E+02     0.1663778E+02
    -0.2421724E+02     0.1663463E+02
    -0.2421417E+02     0.1663741E+02
    -0.2421181E+02     0.1663950E+02
    -0.2421087E+02     0.1663974E+02
    -0.2420561E+02     0.1663796E+02
    -0.2419657E+02     0.1663829E+02
    -0.2419273E+02     0.1663512E+02
    -0.2418913E+02     0.1663241E+02
    -0.2418533E+02     0.1663268E+02
    -0.2418073E+02     0.1662563E+02
    -0.2417543E+02     0.1661950E+02
    -0.2416560E+02     0.1661272E+02
    -0.2415988E+02     0.1661118E+02
    -0.2415722E+02     0.1660708E+02
    -0.2415436E+02     0.1660711E+02
    -0.2415107E+02     0.1661150E+02
    -0.2414635E+02     0.1661522E+02
    -0.2414186E+02     0.1661779E+02
    -0.2413736E+02     0.1661967E+02
    -0.2413376E+02     0.1661741E+02
    -0.2412992E+02     0.1661402E+02
    -0.2412517E+02     0.1661430E+02
    -0.2412209E+02     0.1661570E+02
    -0.2411949E+02     0.1661756E+02
    -0.2411736E+02     0.1661896E+02
    -0.2411351E+02     0.1661488E+02
    -0.2409492E+02     0.1661140E+02
    -0.2408845E+02     0.1660757E+02
    -0.2407822E+02     0.1660768E+02
    -0.2406962E+02     0.1660456E+02
    -0.2406579E+02     0.1660231E+02
    -0.2405935E+02     0.1660008E+02
    -0.2405433E+02     0.1659807E+02
    -0.2405357E+02     0.1659372E+02
    -0.2405304E+02     0.1658846E+02
    -0.2404967E+02     0.1658482E+02
    -0.2403108E+02     0.1658158E+02
    -0.2403061E+02     0.1658130E+02
    -0.2402199E+02     0.1657640E+02
    -0.2401975E+02     0.1656679E+02
    -0.2402185E+02     0.1656265E+02
    -0.2402541E+02     0.1656169E+02
    -0.2402730E+02     0.1655984E+02
    -0.2402510E+02     0.1655413E+02
    -0.2402554E+02     0.1655069E+02
    -0.2402837E+02     0.1654883E+02
    -0.2403217E+02     0.1654810E+02
    -0.2403718E+02     0.1654874E+02
    -0.2404052E+02     0.1654985E+02
    -0.2404455E+02     0.1654866E+02
    -0.2404762E+02     0.1654680E+02
    -0.2405099E+02     0.1655066E+02
    -0.2405769E+02     0.1655403E+02
    -0.2406247E+02     0.1655627E+02
    -0.2406936E+02     0.1655483E+02
    -0.2407124E+02     0.1655275E+02
    -0.2407382E+02     0.1654928E+02
    -0.2407642E+02     0.1654742E+02
    -0.2408093E+02     0.1654692E+02
    -0.2408832E+02     0.1654844E+02
    -0.2409008E+02     0.1654955E+02
    -0.2409263E+02     0.1655115E+02
    -0.2409669E+02     0.1655294E+02
    -0.2410051E+02     0.1655359E+02
    -0.2410501E+02     0.1655217E+02
    -0.2410763E+02     0.1655237E+02
    -0.2411166E+02     0.1655072E+02
    -0.2411783E+02     0.1654928E+02
    -0.2412069E+02     0.1654948E+02
    -0.2412286E+02     0.1655244E+02
    -0.2413127E+02     0.1656037E+02
    -0.2415496E+02     0.1657365E+02
    -0.2417025E+02     0.1657944E+02
    -0.2417619E+02     0.1657915E+02
    -0.2417953E+02     0.1657935E+02
    -0.2418170E+02     0.1658276E+02
    -0.2418888E+02     0.1658658E+02
    -0.2419270E+02     0.1658723E+02
    -0.2419794E+02     0.1658763E+02
    -0.2420840E+02     0.1658729E+02
    -0.2421409E+02     0.1658562E+02
    -0.2422007E+02     0.1658831E+02
    -0.2422795E+02     0.1659097E+02
    -0.2424247E+02     0.1659150E+02
    -0.2424695E+02     0.1658779E+02
    -0.2425095E+02     0.1658385E+02
    -0.2425328E+02     0.1657924E+02
    -0.2425445E+02     0.1657670E+02
    -0.2425657E+02     0.1657530E+02
    -0.2426110E+02     0.1657571E+02
    -0.2426420E+02     0.1657705E+02
    -0.2426850E+02     0.1657792E+02
    -0.2427227E+02     0.1657490E+02
    -0.2427483E+02     0.1656915E+02
    -0.2427646E+02     0.1656638E+02
    -0.2427786E+02     0.1656384E+02
    -0.2428380E+02     0.1656286E+02
    -0.2428731E+02     0.1655801E+02
    -0.2428912E+02     0.1654928E+02
    -0.2429092E+02     0.1653963E+02
    -0.2429798E+02     0.1653268E+02
    -0.2430565E+02     0.1651678E+02
    -0.2431406E+02     0.1650316E+02
    -0.2431636E+02     0.1649534E+02
    -0.2431317E+02     0.1648667E+02
    -0.2431242E+02     0.1648347E+02
    -0.2431503E+02     0.1648298E+02
    -0.2431886E+02     0.1648500E+02
    -0.2432168E+02     0.1648244E+02
    -0.2432140E+02     0.1647832E+02
    -0.2432379E+02     0.1647944E+02
    -0.2432574E+02     0.1648332E+02
    -0.2432742E+02     0.1648513E+02
    -0.2432999E+02     0.1648121E+02
    -0.2433213E+02     0.1648050E+02
    -0.2433668E+02     0.1648342E+02
    -0.2433601E+02     0.1648779E+02
    -0.2433274E+02     0.1649310E+02
    -0.2433284E+02     0.1650203E+02
    -0.2433722E+02     0.1651047E+02
    -0.2434517E+02     0.1651932E+02
    -0.2434953E+02     0.1652660E+02
    -0.2435108E+02     0.1652762E+02
    -0.2435193E+02     0.1652818E+02
    -0.2435458E+02     0.1653113E+02
    -0.2435722E+02     0.1653339E+02
    -0.2435632E+02     0.1653753E+02
    -0.2435877E+02     0.1654392E+02
    -0.2436238E+02     0.1654800E+02
    -0.2436838E+02     0.1655229E+02
    -0.2436865E+02     0.1655527E+02
    -0.2436609E+02     0.1656034E+02
    -0.2436562E+02     0.1656126E+02
    -0.2436712E+02     0.1656766E+02
    -0.2437366E+02     0.1657790E+02
    -0.2437918E+02     0.1658173E+02
    -0.2439082E+02     0.1657999E+02
    -0.2439988E+02     0.1658218E+02
    -0.2440948E+02     0.1658851E+02
    -0.2441595E+02     0.1659277E+02
    -0.2442579E+02     0.1660022E+02
    -0.2443205E+02     0.1660725E+02
    -0.2443168E+02     0.1661574E+02
    -0.2443111E+02     0.1662835E+02
    -0.2443239E+02     0.1663659E+02
    -0.2443081E+02     0.1664417E+02
    -0.2442470E+02     0.1665065E+02
    -0.2441334E+02     0.1665582E+02
    -0.2440453E+02     0.1665547E+02
    -0.2439981E+02     0.1665980E+02
    -0.2439462E+02     0.1666314E+02
    -0.2438205E+02     0.1666741E+02
    -0.2437679E+02     0.1666495E+02
    -0.2437273E+02     0.1666385E+02
    -0.2436282E+02     0.1667107E+02
    -0.2435504E+02     0.1667780E+02
    -0.2434743E+02     0.1667880E+02
    -0.2434333E+02     0.1667426E+02
    -0.2433972E+02     0.1667064E+02
    -0.2433162E+02     0.1666936E+02
    -0.2432276E+02     0.1666464E+02
    -0.2431953E+02     0.1666065E+02
    -0.2431890E+02     0.1665987E+02
    -0.2431578E+02     0.1665830E+02
    -0.2431004E+02     0.1665561E+02
    -0.2430834E+02     0.1665266E+02
    -0.2430807E+02     0.1664899E+02
END
5
    -0.2468210E+02     0.1665804E+02
    -0.2467531E+02     0.1666159E+02
    -0.2467035E+02     0.1665391E+02
    -0.2466721E+02     0.1664936E+02
    -0.2466690E+02     0.1664410E+02
    -0.2466854E+02     0.1664224E+02
    -0.2467356E+02     0.1664356E+02
    -0.2467929E+02     0.1664555E+02
    -0.2468192E+02     0.1664597E+02
    -0.2468483E+02     0.1665006E+02
    -0.2469135E+02     0.1665823E+02
    -0.2469427E+02     0.1666301E+02
    -0.2469266E+02     0.1666784E+02
    -0.2468983E+02     0.1666994E+02
    -0.2468699E+02     0.1667043E+02
    -0.2468599E+02     0.1666724E+02
    -0.2468334E+02     0.1666452E+02
    -0.2467531E+02     0.1666159E+02
END
6
    -0.2459920E+02     0.1661914E+02
    -0.2458335E+02     0.1662266E+02
    -0.2458731E+02     0.1661573E+02
    -0.2458913E+02     0.1660907E+02
    -0.2458884E+02     0.1660472E+02
    -0.2459242E+02     0.1660559E+02
    -0.2459648E+02     0.1660714E+02
    -0.2460386E+02     0.1660705E+02
    -0.2460814E+02     0.1660654E+02
    -0.2460955E+02     0.1660538E+02
    -0.2461053E+02     0.1660812E+02
    -0.2461324E+02     0.1661496E+02
    -0.2461308E+02     0.1662161E+02
    -0.2461121E+02     0.1662438E+02
    -0.2460886E+02     0.1662693E+02
    -0.2460884E+02     0.1662510E+02
    -0.2460785E+02     0.1662236E+02
    -0.2460438E+02     0.1662436E+02
    -0.2460119E+02     0.1662687E+02
    -0.2459542E+02     0.1662881E+02
    -0.2459248E+02     0.1663011E+02
    -0.2458939E+02     0.1663061E+02
    -0.2458674E+02     0.1662789E+02
    -0.2458719E+02     0.1662605E+02
    -0.2458457E+02     0.1662516E+02
    -0.2458335E+02     0.1662266E+02
END
7
    -0.2279820E+02     0.1611230E+02
    -0.2279613E+02     0.1622731E+02
    -0.2279291E+02     0.1622512E+02
    -0.2278838E+02     0.1622193E+02
    -0.2278383E+02     0.1621692E+02
    -0.2277813E+02     0.1621649E+02
    -0.2277315E+02     0.1621812E+02
    -0.2276816E+02     0.1621907E+02
    -0.2276483E+02     0.1621725E+02
    -0.2275933E+02     0.1621132E+02
    -0.2275551E+02     0.1620790E+02
    -0.2275170E+02     0.1620472E+02
    -0.2274457E+02     0.1620453E+02
    -0.2273768E+02     0.1620457E+02
    -0.2273150E+02     0.1620483E+02
    -0.2272532E+02     0.1620441E+02
    -0.2272222E+02     0.1620213E+02
    -0.2271959E+02     0.1619893E+02
    -0.2271816E+02     0.1619757E+02
    -0.2271627E+02     0.1619895E+02
    -0.2271437E+02     0.1619965E+02
    -0.2271388E+02     0.1619644E+02
    -0.2271290E+02     0.1619072E+02
    -0.2270979E+02     0.1618638E+02
    -0.2270689E+02     0.1617653E+02
    -0.2270432E+02     0.1616997E+02
    -0.2270232E+02     0.1616486E+02
    -0.2269872E+02     0.1615892E+02
    -0.2269514E+02     0.1615413E+02
    -0.2269108E+02     0.1615162E+02
    -0.2268204E+02     0.1614846E+02
    -0.2268037E+02     0.1614618E+02
    -0.2267581E+02     0.1613657E+02
    -0.2267436E+02     0.1613131E+02
    -0.2267434E+02     0.1612764E+02
    -0.2267695E+02     0.1612762E+02
    -0.2267981E+02     0.1612829E+02
    -0.2268218E+02     0.1612782E+02
    -0.2268288E+02     0.1612553E+02
    -0.2268230E+02     0.1610489E+02
    -0.2268042E+02     0.1610267E+02
    -0.2267920E+02     0.1610124E+02
    -0.2267610E+02     0.1609919E+02
    -0.2267254E+02     0.1609921E+02
    -0.2266944E+02     0.1609785E+02
    -0.2267154E+02     0.1608981E+02
    -0.2267711E+02     0.1606226E+02
    -0.2268180E+02     0.1605214E+02
    -0.2268841E+02     0.1604339E+02
    -0.2269599E+02     0.1603945E+02
    -0.2270334E+02     0.1603712E+02
    -0.2270665E+02     0.1603481E+02
    -0.2270925E+02     0.1603227E+02
    -0.2271161E+02     0.1602859E+02
    -0.2272037E+02     0.1602510E+02
    -0.2273055E+02     0.1601954E+02
    -0.2274092E+02     0.1601404E+02
    -0.2274192E+02     0.1601351E+02
    -0.2275077E+02     0.1600663E+02
    -0.2276013E+02     0.1600010E+02
    -0.2277152E+02     0.1599866E+02
    -0.2277650E+02     0.1599771E+02
    -0.2278051E+02     0.1599310E+02
    -0.2278499E+02     0.1598780E+02
    -0.2279064E+02     0.1597905E+02
    -0.2279487E+02     0.1597146E+02
    -0.2279699E+02     0.1596778E+02
    -0.2279816E+02     0.1596479E+02
    -0.2280174E+02     0.1596752E+02
    -0.2280650E+02     0.1597116E+02
    -0.2281495E+02     0.1597383E+02
    -0.2282527E+02     0.1597380E+02
    -0.2283737E+02     0.1597167E+02
    -0.2284995E+02     0.1597159E+02
    -0.2286658E+02     0.1597562E+02
    -0.2286706E+02     0.1597539E+02
    -0.2287155E+02     0.1597215E+02
    -0.2287867E+02     0.1597165E+02
    -0.2288675E+02     0.1597343E+02
    -0.2288963E+02     0.1597938E+02
    -0.2289084E+02     0.1598327E+02
    -0.2290179E+02     0.1598825E+02
    -0.2291941E+02     0.1599663E+02
    -0.2292892E+02     0.1599955E+02
    -0.2294557E+02     0.1600541E+02
    -0.2295846E+02     0.1601748E+02
    -0.2296280E+02     0.1602755E+02
    -0.2296501E+02     0.1603992E+02
    -0.2296320E+02     0.1605484E+02
    -0.2296111E+02     0.1606334E+02
    -0.2296142E+02     0.1607480E+02
    -0.2296124E+02     0.1608535E+02
    -0.2295748E+02     0.1609157E+02
    -0.2295299E+02     0.1609550E+02
    -0.2293235E+02     0.1609952E+02
    -0.2291484E+02     0.1610973E+02
    -0.2291014E+02     0.1611893E+02
    -0.2290977E+02     0.1613728E+02
    -0.2291022E+02     0.1614325E+02
    -0.2291055E+02     0.1614759E+02
    -0.2291632E+02     0.1616086E+02
    -0.2291921E+02     0.1616680E+02
    -0.2292353E+02     0.1617526E+02
    -0.2292357E+02     0.1618214E+02
    -0.2292121E+02     0.1618330E+02
    -0.2291932E+02     0.1618652E+02
    -0.2291770E+02     0.1619226E+02
    -0.2291533E+02     0.1619503E+02
    -0.2291465E+02     0.1619893E+02
    -0.2291561E+02     0.1620191E+02
    -0.2291776E+02     0.1620373E+02
    -0.2292158E+02     0.1620600E+02
    -0.2292303E+02     0.1621103E+02
    -0.2292188E+02     0.1621723E+02
    -0.2292332E+02     0.1622020E+02
    -0.2292334E+02     0.1622364E+02
    -0.2292097E+02     0.1622480E+02
    -0.2291622E+02     0.1622506E+02
    -0.2290669E+02     0.1622099E+02
    -0.2289359E+02     0.1621442E+02
    -0.2288548E+02     0.1620805E+02
    -0.2287927E+02     0.1620351E+02
    -0.2287307E+02     0.1619873E+02
    -0.2285619E+02     0.1619677E+02
    -0.2283220E+02     0.1619760E+02
    -0.2281394E+02     0.1620344E+02
    -0.2280612E+02     0.1620738E+02
    -0.2280264E+02     0.1621178E+02
    -0.2280210E+02     0.1621245E+02
    -0.2280117E+02     0.1621521E+02
    -0.2280120E+02     0.1622117E+02
    -0.2280098E+02     0.1622484E+02
    -0.2279743E+02     0.1622738E+02
    -0.2279613E+02     0.1622731E+02
END
8
    -0.2293717E+02     0.1616685E+02
    -0.2293276E+02     0.1616855E+02
    -0.2292750E+02     0.1616193E+02
    -0.2292677E+02     0.1615919E+02
    -0.2292843E+02     0.1615917E+02
    -0.2293104E+02     0.1615939E+02
    -0.2293366E+02     0.1615960E+02
    -0.2293723E+02     0.1616141E+02
    -0.2294106E+02     0.1616506E+02
    -0.2294464E+02     0.1616847E+02
    -0.2294441E+02     0.1617077E+02
    -0.2294229E+02     0.1617262E+02
    -0.2293825E+02     0.1617287E+02
    -0.2293539E+02     0.1617105E+02
    -0.2293276E+02     0.1616855E+02
END
9
    -0.2317063E+02     0.1523462E+02
    -0.2317457E+02     0.1532845E+02
    -0.2317006E+02     0.1532353E+02
    -0.2317098E+02     0.1531870E+02
    -0.2317237E+02     0.1531479E+02
    -0.2317401E+02     0.1531225E+02
    -0.2317351E+02     0.1530859E+02
    -0.2317066E+02     0.1530631E+02
    -0.2316663E+02     0.1530542E+02
    -0.2316426E+02     0.1530567E+02
    -0.2316140E+02     0.1530339E+02
    -0.2315642E+02     0.1530136E+02
    -0.2315050E+02     0.1530209E+02
    -0.2314460E+02     0.1530420E+02
    -0.2314177E+02     0.1530675E+02
    -0.2313965E+02     0.1530791E+02
    -0.2313777E+02     0.1530976E+02
    -0.2313469E+02     0.1531001E+02
    -0.2313255E+02     0.1530796E+02
    -0.2313063E+02     0.1530430E+02
    -0.2312966E+02     0.1530109E+02
    -0.2312587E+02     0.1530112E+02
    -0.2312209E+02     0.1530183E+02
    -0.2311900E+02     0.1530094E+02
    -0.2311849E+02     0.1529589E+02
    -0.2311915E+02     0.1528785E+02
    -0.2312007E+02     0.1528371E+02
    -0.2311981E+02     0.1528050E+02
    -0.2311910E+02     0.1527959E+02
    -0.2311650E+02     0.1528006E+02
    -0.2311531E+02     0.1527984E+02
    -0.2311435E+02     0.1527801E+02
    -0.2311481E+02     0.1527617E+02
    -0.2311670E+02     0.1527524E+02
    -0.2311740E+02     0.1527363E+02
    -0.2311597E+02     0.1527157E+02
    -0.2311430E+02     0.1527021E+02
    -0.2311263E+02     0.1526861E+02
    -0.2311286E+02     0.1526655E+02
    -0.2311427E+02     0.1526539E+02
    -0.2311616E+02     0.1526446E+02
    -0.2311852E+02     0.1526421E+02
    -0.2311970E+02     0.1526351E+02
    -0.2311969E+02     0.1526191E+02
    -0.2311932E+02     0.1526137E+02
    -0.2311778E+02     0.1525916E+02
    -0.2311611E+02     0.1525757E+02
    -0.2311587E+02     0.1525619E+02
    -0.2311561E+02     0.1525321E+02
    -0.2311466E+02     0.1525207E+02
    -0.2311276E+02     0.1525116E+02
    -0.2311062E+02     0.1525072E+02
    -0.2310872E+02     0.1524959E+02
    -0.2310942E+02     0.1524774E+02
    -0.2311128E+02     0.1524314E+02
    -0.2311151E+02     0.1524061E+02
    -0.2311173E+02     0.1523854E+02
    -0.2311242E+02     0.1523578E+02
    -0.2311028E+02     0.1523465E+02
    -0.2310767E+02     0.1523352E+02
    -0.2310554E+02     0.1523354E+02
    -0.2310690E+02     0.1522343E+02
    -0.2310850E+02     0.1521492E+02
    -0.2310771E+02     0.1520345E+02
    -0.2310410E+02     0.1519314E+02
    -0.2310072E+02     0.1518421E+02
    -0.2309975E+02     0.1518031E+02
    -0.2310139E+02     0.1517755E+02
    -0.2310233E+02     0.1517639E+02
    -0.2310422E+02     0.1517523E+02
    -0.2310419E+02     0.1517179E+02
    -0.2310205E+02     0.1517020E+02
    -0.2309921E+02     0.1517044E+02
    -0.2309849E+02     0.1516815E+02
    -0.2309942E+02     0.1516539E+02
    -0.2310627E+02     0.1516305E+02
    -0.2311310E+02     0.1515864E+02
    -0.2311473E+02     0.1515381E+02
    -0.2311728E+02     0.1514667E+02
    -0.2312152E+02     0.1514274E+02
    -0.2312385E+02     0.1513744E+02
    -0.2313165E+02     0.1513601E+02
    -0.2313732E+02     0.1513482E+02
    -0.2314301E+02     0.1513616E+02
    -0.2314678E+02     0.1513361E+02
    -0.2315241E+02     0.1512714E+02
    -0.2315308E+02     0.1512624E+02
    -0.2315874E+02     0.1511860E+02
    -0.2316509E+02     0.1511212E+02
    -0.2317005E+02     0.1511117E+02
    -0.2317597E+02     0.1511090E+02
    -0.2318096E+02     0.1511407E+02
    -0.2318593E+02     0.1511450E+02
    -0.2319468E+02     0.1511466E+02
    -0.2319941E+02     0.1511417E+02
    -0.2320202E+02     0.1511553E+02
    -0.2320514E+02     0.1512125E+02
    -0.2321013E+02     0.1512374E+02
    -0.2321415E+02     0.1512440E+02
    -0.2321724E+02     0.1512529E+02
    -0.2322009E+02     0.1512780E+02
    -0.2322795E+02     0.1513394E+02
    -0.2323413E+02     0.1513802E+02
    -0.2323935E+02     0.1514005E+02
    -0.2324265E+02     0.1513911E+02
    -0.2324549E+02     0.1513886E+02
    -0.2324644E+02     0.1513954E+02
    -0.2324670E+02     0.1514275E+02
    -0.2324625E+02     0.1514597E+02
    -0.2324651E+02     0.1514872E+02
    -0.2324771E+02     0.1515170E+02
    -0.2325153E+02     0.1515695E+02
    -0.2325392E+02     0.1516015E+02
    -0.2325279E+02     0.1516750E+02
    -0.2324991E+02     0.1517464E+02
    -0.2324814E+02     0.1517902E+02
    -0.2324677E+02     0.1518569E+02
    -0.2324183E+02     0.1519077E+02
    -0.2323999E+02     0.1519836E+02
    -0.2324051E+02     0.1520456E+02
    -0.2324385E+02     0.1520936E+02
    -0.2324529E+02     0.1521118E+02
    -0.2324579E+02     0.1521531E+02
    -0.2324367E+02     0.1521647E+02
    -0.2324250E+02     0.1521878E+02
    -0.2323730E+02     0.1521928E+02
    -0.2323330E+02     0.1522252E+02
    -0.2323099E+02     0.1522473E+02
    -0.2322906E+02     0.1522600E+02
    -0.2322742E+02     0.1522899E+02
    -0.2322958E+02     0.1523334E+02
    -0.2323245E+02     0.1523699E+02
    -0.2323274E+02     0.1524433E+02
    -0.2323040E+02     0.1524825E+02
    -0.2323137E+02     0.1525169E+02
    -0.2323422E+02     0.1525397E+02
    -0.2323918E+02     0.1525163E+02
    -0.2324225E+02     0.1525000E+02
    -0.2324651E+02     0.1525043E+02
    -0.2324510E+02     0.1525228E+02
    -0.2324346E+02     0.1525459E+02
    -0.2324230E+02     0.1525735E+02
    -0.2324515E+02     0.1525962E+02
    -0.2324563E+02     0.1526054E+02
    -0.2324375E+02     0.1526193E+02
    -0.2324068E+02     0.1526310E+02
    -0.2323927E+02     0.1526472E+02
    -0.2323928E+02     0.1526587E+02
    -0.2324024E+02     0.1526770E+02
    -0.2324262E+02     0.1527020E+02
    -0.2324169E+02     0.1527159E+02
    -0.2323838E+02     0.1527322E+02
    -0.2322962E+02     0.1527328E+02
    -0.2321811E+02     0.1528622E+02
    -0.2321202E+02     0.1529568E+02
    -0.2321017E+02     0.1530120E+02
    -0.2321160E+02     0.1530326E+02
    -0.2321374E+02     0.1530485E+02
    -0.2321731E+02     0.1530666E+02
    -0.2322111E+02     0.1530870E+02
    -0.2321947E+02     0.1531055E+02
    -0.2321472E+02     0.1530989E+02
    -0.2320998E+02     0.1530832E+02
    -0.2320641E+02     0.1530651E+02
    -0.2320215E+02     0.1530608E+02
    -0.2319932E+02     0.1530840E+02
    -0.2319934E+02     0.1531115E+02
    -0.2320198E+02     0.1531550E+02
    -0.2320720E+02     0.1531684E+02
    -0.2320744E+02     0.1531867E+02
    -0.2320343E+02     0.1531985E+02
    -0.2320058E+02     0.1531941E+02
    -0.2319894E+02     0.1532172E+02
    -0.2319873E+02     0.1532608E+02
    -0.2319758E+02     0.1532999E+02
    -0.2319450E+02     0.1533093E+02
    -0.2319495E+02     0.1532634E+02
    -0.2319515E+02     0.1532197E+02
    -0.2319417E+02     0.1531693E+02
    -0.2319084E+02     0.1531397E+02
    -0.2318775E+02     0.1531284E+02
    -0.2318374E+02     0.1531471E+02
    -0.2318092E+02     0.1531771E+02
    -0.2318023E+02     0.1532185E+02
    -0.2317908E+02     0.1532668E+02
    -0.2317457E+02     0.1532845E+02
END
10
    -0.2516886E+02     0.1706972E+02
    -0.2509711E+02     0.1719718E+02
    -0.2508516E+02     0.1719528E+02
    -0.2508128E+02     0.1719076E+02
    -0.2507907E+02     0.1718598E+02
    -0.2507309E+02     0.1718514E+02
    -0.2506946E+02     0.1718107E+02
    -0.2506741E+02     0.1718012E+02
    -0.2505362E+02     0.1717373E+02
    -0.2504696E+02     0.1717497E+02
    -0.2504319E+02     0.1717846E+02
    -0.2503935E+02     0.1717668E+02
    -0.2503337E+02     0.1717561E+02
    -0.2502593E+02     0.1717205E+02
    -0.2502324E+02     0.1716728E+02
    -0.2502457E+02     0.1715993E+02
    -0.2502492E+02     0.1715054E+02
    -0.2502352E+02     0.1714868E+02
    -0.2500525E+02     0.1712447E+02
    -0.2500452E+02     0.1712379E+02
    -0.2500000E+02     0.1712277E+02
    -0.2499591E+02     0.1712185E+02
    -0.2499110E+02     0.1711871E+02
    -0.2498749E+02     0.1711601E+02
    -0.2498363E+02     0.1711285E+02
    -0.2497695E+02     0.1711271E+02
    -0.2497240E+02     0.1711117E+02
    -0.2497045E+02     0.1710799E+02
    -0.2497104E+02     0.1709905E+02
    -0.2497254E+02     0.1708621E+02
    -0.2497607E+02     0.1708273E+02
    -0.2498124E+02     0.1707762E+02
    -0.2498119E+02     0.1707395E+02
    -0.2498303E+02     0.1706912E+02
    -0.2499060E+02     0.1706211E+02
    -0.2499946E+02     0.1705035E+02
    -0.2500000E+02     0.1705006E+02
    -0.2501129E+02     0.1704400E+02
    -0.2501925E+02     0.1704024E+02
    -0.2503071E+02     0.1703481E+02
    -0.2504749E+02     0.1702427E+02
    -0.2506553E+02     0.1701899E+02
    -0.2506886E+02     0.1701834E+02
    -0.2507859E+02     0.1701644E+02
    -0.2508193E+02     0.1701578E+02
    -0.2509423E+02     0.1700943E+02
    -0.2510507E+02     0.1700058E+02
    -0.2510563E+02     0.1699991E+02
    -0.2511819E+02     0.1698482E+02
    -0.2513435E+02     0.1696490E+02
    -0.2513634E+02     0.1696358E+02
    -0.2513789E+02     0.1696255E+02
    -0.2514502E+02     0.1696131E+02
    -0.2515166E+02     0.1695893E+02
    -0.2515686E+02     0.1695565E+02
    -0.2515964E+02     0.1695011E+02
    -0.2516096E+02     0.1694729E+02
    -0.2516634E+02     0.1693581E+02
    -0.2517927E+02     0.1692372E+02
    -0.2519019E+02     0.1692105E+02
    -0.2519591E+02     0.1692119E+02
    -0.2519827E+02     0.1691956E+02
    -0.2519990E+02     0.1691655E+02
    -0.2520040E+02     0.1691482E+02
    -0.2520171E+02     0.1691034E+02
    -0.2520452E+02     0.1690710E+02
    -0.2520692E+02     0.1690821E+02
    -0.2520889E+02     0.1691230E+02
    -0.2521085E+02     0.1691594E+02
    -0.2521590E+02     0.1691908E+02
    -0.2521898E+02     0.1691834E+02
    -0.2522180E+02     0.1691578E+02
    -0.2522678E+02     0.1691411E+02
    -0.2523222E+02     0.1691105E+02
    -0.2523406E+02     0.1691165E+02
    -0.2523629E+02     0.1691237E+02
    -0.2524111E+02     0.1691642E+02
    -0.2524357E+02     0.1692143E+02
    -0.2525290E+02     0.1692450E+02
    -0.2526098E+02     0.1692278E+02
    -0.2527163E+02     0.1691782E+02
    -0.2527817E+02     0.1691431E+02
    -0.2528392E+02     0.1691122E+02
    -0.2529221E+02     0.1690790E+02
    -0.2529724E+02     0.1690989E+02
    -0.2530328E+02     0.1691553E+02
    -0.2530932E+02     0.1692139E+02
    -0.2531726E+02     0.1692677E+02
    -0.2531901E+02     0.1693202E+02
    -0.2531794E+02     0.1694005E+02
    -0.2531381E+02     0.1695065E+02
    -0.2531132E+02     0.1695985E+02
    -0.2531182E+02     0.1696165E+02
    -0.2531258E+02     0.1696441E+02
    -0.2531646E+02     0.1696894E+02
    -0.2531915E+02     0.1697371E+02
    -0.2531840E+02     0.1698700E+02
    -0.2531951E+02     0.1699924E+02
    -0.2531983E+02     0.1700279E+02
    -0.2532357E+02     0.1701418E+02
    -0.2532700E+02     0.1702032E+02
    -0.2533324E+02     0.1702298E+02
    -0.2534444E+02     0.1702304E+02
    -0.2534978E+02     0.1702983E+02
    -0.2535640E+02     0.1704188E+02
    -0.2535875E+02     0.1705512E+02
    -0.2535652E+02     0.1706569E+02
    -0.2535259E+02     0.1707400E+02
    -0.2534475E+02     0.1707571E+02
    -0.2534097E+02     0.1707783E+02
    -0.2534007E+02     0.1708151E+02
    -0.2533993E+02     0.1708815E+02
    -0.2533642E+02     0.1709233E+02
    -0.2532816E+02     0.1709395E+02
    -0.2532763E+02     0.1709406E+02
    -0.2531932E+02     0.1709693E+02
    -0.2531153E+02     0.1710208E+02
    -0.2529971E+02     0.1710843E+02
    -0.2529758E+02     0.1710984E+02
    -0.2529259E+02     0.1711106E+02
    -0.2528971E+02     0.1710950E+02
    -0.2528688E+02     0.1710761E+02
    -0.2528323E+02     0.1710684E+02
    -0.2527851E+02     0.1710966E+02
    -0.2527426E+02     0.1711292E+02
    -0.2526672E+02     0.1711853E+02
    -0.2526366E+02     0.1712178E+02
    -0.2526065E+02     0.1712165E+02
    -0.2525961E+02     0.1712161E+02
    -0.2525269E+02     0.1712102E+02
    -0.2524294E+02     0.1712322E+02
    -0.2523583E+02     0.1712630E+02
    -0.2523435E+02     0.1712746E+02
    -0.2523253E+02     0.1712887E+02
    -0.2522837E+02     0.1713786E+02
    -0.2522559E+02     0.1714294E+02
    -0.2522013E+02     0.1714462E+02
    -0.2521650E+02     0.1714558E+02
    -0.2521566E+02     0.1714903E+02
    -0.2521474E+02     0.1715111E+02
    -0.2520925E+02     0.1715118E+02
    -0.2520378E+02     0.1715195E+02
    -0.2520121E+02     0.1715565E+02
    -0.2520020E+02     0.1715852E+02
    -0.2519675E+02     0.1716052E+02
    -0.2519007E+02     0.1716062E+02
    -0.2518242E+02     0.1715935E+02
    -0.2517768E+02     0.1716079E+02
    -0.2517104E+02     0.1716363E+02
    -0.2516754E+02     0.1716872E+02
    -0.2516335E+02     0.1717633E+02
    -0.2515764E+02     0.1717710E+02
    -0.2514881E+02     0.1717677E+02
    -0.2514435E+02     0.1718141E+02
    -0.2512992E+02     0.1718985E+02
    -0.2511211E+02     0.1719537E+02
    -0.2509711E+02     0.1719718E+02
END
11
    -0.2497910E+02     0.1685398E+02
    -0.2492213E+02     0.1691853E+02
    -0.2491463E+02     0.1690924E+02
    -0.2491094E+02     0.1690081E+02
    -0.2491279E+02     0.1689666E+02
    -0.2491850E+02     0.1689613E+02
    -0.2491943E+02     0.1689428E+02
    -0.2491795E+02     0.1689087E+02
    -0.2491649E+02     0.1688837E+02
    -0.2491836E+02     0.1688536E+02
    -0.2492095E+02     0.1688373E+02
    -0.2492333E+02     0.1688301E+02
    -0.2492257E+02     0.1688027E+02
    -0.2491169E+02     0.1686758E+02
    -0.2489657E+02     0.1685930E+02
    -0.2488797E+02     0.1685713E+02
    -0.2488298E+02     0.1685811E+02
    -0.2488109E+02     0.1685945E+02
    -0.2487587E+02     0.1686072E+02
    -0.2487177E+02     0.1685688E+02
    -0.2486957E+02     0.1685279E+02
    -0.2487143E+02     0.1684978E+02
    -0.2487376E+02     0.1684540E+02
    -0.2487491E+02     0.1684264E+02
    -0.2487483E+02     0.1684133E+02
    -0.2487461E+02     0.1683783E+02
    -0.2487194E+02     0.1683397E+02
    -0.2486882E+02     0.1683195E+02
    -0.2486879E+02     0.1682989E+02
    -0.2486990E+02     0.1682414E+02
    -0.2487073E+02     0.1681428E+02
    -0.2487283E+02     0.1681128E+02
    -0.2487827E+02     0.1680868E+02
    -0.2488301E+02     0.1680679E+02
    -0.2489586E+02     0.1680616E+02
    -0.2490512E+02     0.1680352E+02
    -0.2491293E+02     0.1679998E+02
    -0.2491693E+02     0.1679672E+02
    -0.2492118E+02     0.1679368E+02
    -0.2492854E+02     0.1679221E+02
    -0.2494068E+02     0.1679205E+02
    -0.2495638E+02     0.1679047E+02
    -0.2496895E+02     0.1678686E+02
    -0.2497486E+02     0.1678358E+02
    -0.2497669E+02     0.1678266E+02
    -0.2498053E+02     0.1678075E+02
    -0.2498404E+02     0.1677566E+02
    -0.2498493E+02     0.1677130E+02
    -0.2499015E+02     0.1677031E+02
    -0.2499826E+02     0.1677089E+02
    -0.2500000E+02     0.1677373E+02
    -0.2500313E+02     0.1677884E+02
    -0.2501060E+02     0.1678515E+02
    -0.2501347E+02     0.1678649E+02
    -0.2501778E+02     0.1678804E+02
    -0.2502065E+02     0.1678937E+02
    -0.2502118E+02     0.1678983E+02
    -0.2502355E+02     0.1679185E+02
    -0.2502663E+02     0.1679112E+02
    -0.2502922E+02     0.1678903E+02
    -0.2503187E+02     0.1679128E+02
    -0.2503549E+02     0.1679467E+02
    -0.2503930E+02     0.1679416E+02
    -0.2504168E+02     0.1679436E+02
    -0.2504337E+02     0.1679571E+02
    -0.2504436E+02     0.1679844E+02
    -0.2504672E+02     0.1679749E+02
    -0.2504980E+02     0.1679608E+02
    -0.2505245E+02     0.1679810E+02
    -0.2505273E+02     0.1680154E+02
    -0.2505431E+02     0.1680301E+02
    -0.2505515E+02     0.1680379E+02
    -0.2505728E+02     0.1680331E+02
    -0.2506059E+02     0.1680166E+02
    -0.2506680E+02     0.1680272E+02
    -0.2506947E+02     0.1680635E+02
    -0.2507507E+02     0.1681498E+02
    -0.2507538E+02     0.1682047E+02
    -0.2507632E+02     0.1682212E+02
    -0.2507758E+02     0.1682434E+02
    -0.2508211E+02     0.1682450E+02
    -0.2508804E+02     0.1682305E+02
    -0.2509302E+02     0.1682160E+02
    -0.2509635E+02     0.1682133E+02
    -0.2509639E+02     0.1682385E+02
    -0.2509408E+02     0.1682938E+02
    -0.2509249E+02     0.1683421E+02
    -0.2509207E+02     0.1683857E+02
    -0.2509356E+02     0.1684290E+02
    -0.2509002E+02     0.1684524E+02
    -0.2508772E+02     0.1685146E+02
    -0.2508518E+02     0.1685676E+02
    -0.2508426E+02     0.1685930E+02
    -0.2507714E+02     0.1686100E+02
    -0.2506860E+02     0.1686364E+02
    -0.2506502E+02     0.1686277E+02
    -0.2506626E+02     0.1686665E+02
    -0.2506753E+02     0.1687190E+02
    -0.2506519E+02     0.1687537E+02
    -0.2506095E+02     0.1687840E+02
    -0.2505623E+02     0.1688213E+02
    -0.2505218E+02     0.1688196E+02
    -0.2504837E+02     0.1688155E+02
    -0.2504573E+02     0.1688044E+02
    -0.2504361E+02     0.1688185E+02
    -0.2503958E+02     0.1688374E+02
    -0.2503190E+02     0.1687949E+02
    -0.2502803E+02     0.1687496E+02
    -0.2502418E+02     0.1687249E+02
    -0.2501658E+02     0.1687420E+02
    -0.2501204E+02     0.1687580E+02
    -0.2500781E+02     0.1687729E+02
    -0.2500337E+02     0.1687986E+02
    -0.2500000E+02     0.1688335E+02
    -0.2500079E+02     0.1688610E+02
    -0.2500321E+02     0.1688881E+02
    -0.2500512E+02     0.1688947E+02
    -0.2500824E+02     0.1689080E+02
    -0.2500757E+02     0.1689425E+02
    -0.2500667E+02     0.1689793E+02
    -0.2500670E+02     0.1690022E+02
    -0.2500769E+02     0.1690295E+02
    -0.2500699E+02     0.1690388E+02
    -0.2500340E+02     0.1690324E+02
    -0.2500000E+02     0.1690244E+02
    -0.2499791E+02     0.1690194E+02
    -0.2499600E+02     0.1690197E+02
    -0.2499507E+02     0.1690381E+02
    -0.2499604E+02     0.1690517E+02
    -0.2499512E+02     0.1690748E+02
    -0.2499251E+02     0.1690820E+02
    -0.2497667E+02     0.1691666E+02
    -0.2497169E+02     0.1691902E+02
    -0.2496810E+02     0.1691723E+02
    -0.2497042E+02     0.1691285E+02
    -0.2497158E+02     0.1691031E+02
    -0.2496848E+02     0.1691013E+02
    -0.2496631E+02     0.1690878E+02
    -0.2496770E+02     0.1690532E+02
    -0.2496291E+02     0.1690379E+02
    -0.2495386E+02     0.1690345E+02
    -0.2494815E+02     0.1690467E+02
    -0.2494718E+02     0.1690544E+02
    -0.2494580E+02     0.1690653E+02
    -0.2494343E+02     0.1690771E+02
    -0.2494157E+02     0.1691094E+02
    -0.2494210E+02     0.1691506E+02
    -0.2494213E+02     0.1691758E+02
    -0.2493786E+02     0.1691855E+02
    -0.2493593E+02     0.1691697E+02
    -0.2493070E+02     0.1691796E+02
    -0.2492859E+02     0.1691982E+02
    -0.2492213E+02     0.1691853E+02
END
12
    -0.2359953E+02     0.1502948E+02
    -0.2377427E+02     0.1531030E+02
    -0.2378021E+02     0.1531208E+02
    -0.2377880E+02     0.1531416E+02
    -0.2377361E+02     0.1531604E+02
    -0.2376935E+02     0.1531631E+02
    -0.2376961E+02     0.1531837E+02
    -0.2377106E+02     0.1532203E+02
    -0.2376966E+02     0.1532457E+02
    -0.2376730E+02     0.1532459E+02
    -0.2376301E+02     0.1532165E+02
    -0.2375849E+02     0.1531962E+02
    -0.2375517E+02     0.1531897E+02
    -0.2375353E+02     0.1532151E+02
    -0.2375428E+02     0.1532540E+02
    -0.2375621E+02     0.1532952E+02
    -0.2375458E+02     0.1533229E+02
    -0.2374933E+02     0.1532866E+02
    -0.2374977E+02     0.1532475E+02
    -0.2374927E+02     0.1532109E+02
    -0.2374618E+02     0.1532020E+02
    -0.2374287E+02     0.1532115E+02
    -0.2374004E+02     0.1532209E+02
    -0.2373767E+02     0.1532119E+02
    -0.2373765E+02     0.1531936E+02
    -0.2373785E+02     0.1531568E+02
    -0.2373547E+02     0.1531387E+02
    -0.2373262E+02     0.1531320E+02
    -0.2372935E+02     0.1531874E+02
    -0.2372680E+02     0.1532382E+02
    -0.2372185E+02     0.1532685E+02
    -0.2371831E+02     0.1532803E+02
    -0.2371593E+02     0.1532759E+02
    -0.2371662E+02     0.1532437E+02
    -0.2371612E+02     0.1532185E+02
    -0.2371279E+02     0.1532050E+02
    -0.2370922E+02     0.1531824E+02
    -0.2370707E+02     0.1531619E+02
    -0.2370373E+02     0.1531278E+02
    -0.2370016E+02     0.1531120E+02
    -0.2369612E+02     0.1530917E+02
    -0.2369302E+02     0.1530608E+02
    -0.2369770E+02     0.1530021E+02
    -0.2369862E+02     0.1529744E+02
    -0.2369837E+02     0.1529538E+02
    -0.2369693E+02     0.1529333E+02
    -0.2369762E+02     0.1529103E+02
    -0.2369975E+02     0.1529078E+02
    -0.2370210E+02     0.1528938E+02
    -0.2370374E+02     0.1528661E+02
    -0.2370607E+02     0.1528223E+02
    -0.2370604E+02     0.1527924E+02
    -0.2370553E+02     0.1527534E+02
    -0.2370240E+02     0.1526940E+02
    -0.2369931E+02     0.1526828E+02
    -0.2369717E+02     0.1526670E+02
    -0.2369524E+02     0.1526281E+02
    -0.2368997E+02     0.1525551E+02
    -0.2368828E+02     0.1525185E+02
    -0.2368590E+02     0.1525073E+02
    -0.2368378E+02     0.1525120E+02
    -0.2368164E+02     0.1525031E+02
    -0.2367996E+02     0.1524757E+02
    -0.2367875E+02     0.1524482E+02
    -0.2367638E+02     0.1524484E+02
    -0.2367450E+02     0.1524624E+02
    -0.2367191E+02     0.1524741E+02
    -0.2366953E+02     0.1524651E+02
    -0.2366596E+02     0.1524356E+02
    -0.2366286E+02     0.1524106E+02
    -0.2366095E+02     0.1523993E+02
    -0.2365940E+02     0.1523955E+02
    -0.2365455E+02     0.1523838E+02
    -0.2364839E+02     0.1523775E+02
    -0.2364624E+02     0.1523593E+02
    -0.2364740E+02     0.1523293E+02
    -0.2364831E+02     0.1522810E+02
    -0.2364567E+02     0.1522445E+02
    -0.2364021E+02     0.1522266E+02
    -0.2363714E+02     0.1522384E+02
    -0.2363408E+02     0.1522479E+02
    -0.2363005E+02     0.1522528E+02
    -0.2362552E+02     0.1522073E+02
    -0.2362098E+02     0.1521572E+02
    -0.2361715E+02     0.1521024E+02
    -0.2361308E+02     0.1520522E+02
    -0.2360975E+02     0.1520273E+02
    -0.2360876E+02     0.1519815E+02
    -0.2360682E+02     0.1519288E+02
    -0.2360275E+02     0.1518672E+02
    -0.2359583E+02     0.1518012E+02
    -0.2359434E+02     0.1517794E+02
    -0.2359271E+02     0.1517556E+02
    -0.2358893E+02     0.1517582E+02
    -0.2358631E+02     0.1517446E+02
    -0.2358414E+02     0.1516897E+02
    -0.2358338E+02     0.1516347E+02
    -0.2358311E+02     0.1515980E+02
    -0.2358427E+02     0.1515634E+02
    -0.2358448E+02     0.1515313E+02
    -0.2358210E+02     0.1515154E+02
    -0.2357878E+02     0.1515065E+02
    -0.2357714E+02     0.1515227E+02
    -0.2357454E+02     0.1515344E+02
    -0.2357265E+02     0.1515300E+02
    -0.2357076E+02     0.1515324E+02
    -0.2357027E+02     0.1515141E+02
    -0.2357141E+02     0.1514681E+02
    -0.2357090E+02     0.1514620E+02
    -0.2356950E+02     0.1514453E+02
    -0.2356691E+02     0.1514593E+02
    -0.2356362E+02     0.1514940E+02
    -0.2355797E+02     0.1515243E+02
    -0.2354943E+02     0.1514975E+02
    -0.2354513E+02     0.1514474E+02
    -0.2354130E+02     0.1513949E+02
    -0.2353865E+02     0.1513377E+02
    -0.2353907E+02     0.1512952E+02
    -0.2353835E+02     0.1512689E+02
    -0.2353691E+02     0.1512635E+02
    -0.2353171E+02     0.1512442E+02
    -0.2352389E+02     0.1512333E+02
    -0.2352036E+02     0.1512474E+02
    -0.2351801E+02     0.1512706E+02
    -0.2351446E+02     0.1512755E+02
    -0.2351326E+02     0.1512549E+02
    -0.2351371E+02     0.1512204E+02
    -0.2351417E+02     0.1512089E+02
    -0.2351366E+02     0.1511584E+02
    -0.2351220E+02     0.1511080E+02
    -0.2351167E+02     0.1510461E+02
    -0.2350974E+02     0.1509957E+02
    -0.2350922E+02     0.1509384E+02
    -0.2350422E+02     0.1508952E+02
    -0.2349944E+02     0.1508336E+02
    -0.2349633E+02     0.1507879E+02
    -0.2349442E+02     0.1507766E+02
    -0.2349228E+02     0.1507538E+02
    -0.2349176E+02     0.1507010E+02
    -0.2348936E+02     0.1506507E+02
    -0.2348461E+02     0.1506304E+02
    -0.2348199E+02     0.1506077E+02
    -0.2347911E+02     0.1505643E+02
    -0.2347931E+02     0.1505115E+02
    -0.2347810E+02     0.1504771E+02
    -0.2347264E+02     0.1504569E+02
    -0.2346460E+02     0.1504599E+02
    -0.2346176E+02     0.1504509E+02
    -0.2345984E+02     0.1504235E+02
    -0.2346148E+02     0.1503958E+02
    -0.2346408E+02     0.1503979E+02
    -0.2346645E+02     0.1503977E+02
    -0.2346881E+02     0.1503929E+02
    -0.2346998E+02     0.1503791E+02
    -0.2346877E+02     0.1503378E+02
    -0.2346450E+02     0.1503336E+02
    -0.2346049E+02     0.1503454E+02
    -0.2345718E+02     0.1503480E+02
    -0.2345246E+02     0.1503598E+02
    -0.2345151E+02     0.1503530E+02
    -0.2345409E+02     0.1503207E+02
    -0.2345523E+02     0.1502769E+02
    -0.2345589E+02     0.1502149E+02
    -0.2345444E+02     0.1501645E+02
    -0.2345158E+02     0.1501464E+02
    -0.2344969E+02     0.1501396E+02
    -0.2344830E+02     0.1501742E+02
    -0.2344712E+02     0.1501903E+02
    -0.2344546E+02     0.1501836E+02
    -0.2344472E+02     0.1501423E+02
    -0.2344376E+02     0.1501194E+02
    -0.2344114E+02     0.1501059E+02
    -0.2343970E+02     0.1500784E+02
    -0.2344230E+02     0.1500690E+02
    -0.2344657E+02     0.1500848E+02
    -0.2344940E+02     0.1500708E+02
    -0.2345174E+02     0.1500476E+02
    -0.2345054E+02     0.1500270E+02
    -0.2344865E+02     0.1500180E+02
    -0.2344486E+02     0.1500114E+02
    -0.2344402E+02     0.1500000E+02
    -0.2344318E+02     0.1499886E+02
    -0.2344221E+02     0.1499565E+02
    -0.2344243E+02     0.1499335E+02
    -0.2344431E+02     0.1499104E+02
    -0.2344356E+02     0.1498691E+02
    -0.2344142E+02     0.1498441E+02
    -0.2343785E+02     0.1498214E+02
    -0.2343877E+02     0.1497869E+02
    -0.2344324E+02     0.1497635E+02
    -0.2344634E+02     0.1497908E+02
    -0.2345156E+02     0.1498042E+02
    -0.2345441E+02     0.1498223E+02
    -0.2345584E+02     0.1498429E+02
    -0.2345844E+02     0.1498427E+02
    -0.2346078E+02     0.1498011E+02
    -0.2346027E+02     0.1497530E+02
    -0.2346261E+02     0.1497321E+02
    -0.2346640E+02     0.1497318E+02
    -0.2347183E+02     0.1497245E+02
    -0.2347216E+02     0.1497197E+02
    -0.2347394E+02     0.1496944E+02
    -0.2347177E+02     0.1496487E+02
    -0.2346798E+02     0.1496329E+02
    -0.2346300E+02     0.1496241E+02
    -0.2346134E+02     0.1496128E+02
    -0.2346533E+02     0.1495711E+02
    -0.2347518E+02     0.1494762E+02
    -0.2348429E+02     0.1493284E+02
    -0.2348844E+02     0.1491903E+02
    -0.2348837E+02     0.1491030E+02
    -0.2348785E+02     0.1490434E+02
    -0.2349280E+02     0.1490223E+02
    -0.2349635E+02     0.1490358E+02
    -0.2350108E+02     0.1490331E+02
    -0.2350558E+02     0.1490442E+02
    -0.2350952E+02     0.1490741E+02
    -0.2351390E+02     0.1491055E+02
    -0.2351744E+02     0.1490960E+02
    -0.2351956E+02     0.1490798E+02
    -0.2352212E+02     0.1490313E+02
    -0.2352136E+02     0.1489740E+02
    -0.2352228E+02     0.1489325E+02
    -0.2352511E+02     0.1489231E+02
    -0.2353081E+02     0.1489617E+02
    -0.2354005E+02     0.1489885E+02
    -0.2355450E+02     0.1490125E+02
    -0.2356349E+02     0.1490186E+02
    -0.2357105E+02     0.1490157E+02
    -0.2357297E+02     0.1490454E+02
    -0.2357393E+02     0.1490659E+02
    -0.2357798E+02     0.1491069E+02
    -0.2358293E+02     0.1490858E+02
    -0.2358527E+02     0.1490627E+02
    -0.2358596E+02     0.1490374E+02
    -0.2358762E+02     0.1490441E+02
    -0.2358882E+02     0.1490578E+02
    -0.2359095E+02     0.1490668E+02
    -0.2359403E+02     0.1490711E+02
    -0.2359638E+02     0.1490548E+02
    -0.2359850E+02     0.1490477E+02
    -0.2360159E+02     0.1490635E+02
    -0.2360846E+02     0.1490836E+02
    -0.2361557E+02     0.1491015E+02
    -0.2361818E+02     0.1491080E+02
    -0.2362562E+02     0.1491201E+02
    -0.2363044E+02     0.1490725E+02
    -0.2363470E+02     0.1490767E+02
    -0.2363827E+02     0.1490971E+02
    -0.2364091E+02     0.1491474E+02
    -0.2364472E+02     0.1491769E+02
    -0.2364899E+02     0.1491926E+02
    -0.2365253E+02     0.1491946E+02
    -0.2365965E+02     0.1492261E+02
    -0.2366276E+02     0.1492626E+02
    -0.2366778E+02     0.1493264E+02
    -0.2367105E+02     0.1493521E+02
    -0.2367183E+02     0.1493582E+02
    -0.2367490E+02     0.1493602E+02
    -0.2367940E+02     0.1493598E+02
    -0.2368414E+02     0.1493732E+02
    -0.2368721E+02     0.1493683E+02
    -0.2368960E+02     0.1494048E+02
    -0.2369035E+02     0.1494484E+02
    -0.2369106E+02     0.1494483E+02
    -0.2369085E+02     0.1494759E+02
    -0.2369345E+02     0.1494803E+02
    -0.2369608E+02     0.1495122E+02
    -0.2369752E+02     0.1495373E+02
    -0.2370013E+02     0.1495417E+02
    -0.2370223E+02     0.1495162E+02
    -0.2370530E+02     0.1495091E+02
    -0.2371103E+02     0.1495751E+02
    -0.2372054E+02     0.1497110E+02
    -0.2372301E+02     0.1497463E+02
    -0.2372917E+02     0.1497572E+02
    -0.2373463E+02     0.1497797E+02
    -0.2373823E+02     0.1498459E+02
    -0.2373851E+02     0.1498941E+02
    -0.2373525E+02     0.1499472E+02
    -0.2372890E+02     0.1499869E+02
    -0.2372795E+02     0.1500000E+02
    -0.2372539E+02     0.1500354E+02
    -0.2372614E+02     0.1500790E+02
    -0.2373856E+02     0.1502133E+02
    -0.2374740E+02     0.1503135E+02
    -0.2375167E+02     0.1503292E+02
    -0.2375754E+02     0.1502828E+02
    -0.2376297E+02     0.1502639E+02
    -0.2376725E+02     0.1502864E+02
    -0.2376799E+02     0.1503300E+02
    -0.2376872E+02     0.1503529E+02
    -0.2377135E+02     0.1503848E+02
    -0.2377351E+02     0.1504122E+02
    -0.2377212E+02     0.1504444E+02
    -0.2377241E+02     0.1505041E+02
    -0.2377504E+02     0.1505406E+02
    -0.2377863E+02     0.1505839E+02
    -0.2378267E+02     0.1506042E+02
    -0.2378550E+02     0.1505970E+02
    -0.2379048E+02     0.1506035E+02
    -0.2379168E+02     0.1506286E+02
    -0.2379031E+02     0.1506747E+02
    -0.2378987E+02     0.1507183E+02
    -0.2378823E+02     0.1507300E+02
    -0.2378612E+02     0.1507600E+02
    -0.2378852E+02     0.1507873E+02
    -0.2378781E+02     0.1507897E+02
    -0.2379045E+02     0.1508308E+02
    -0.2379024E+02     0.1508584E+02
    -0.2378932E+02     0.1508975E+02
    -0.2378792E+02     0.1509114E+02
    -0.2378486E+02     0.1509369E+02
    -0.2378309E+02     0.1509583E+02
    -0.2378065E+02     0.1509878E+02
    -0.2377716E+02     0.1510502E+02
    -0.2377721E+02     0.1511099E+02
    -0.2377724E+02     0.1511466E+02
    -0.2377822E+02     0.1511741E+02
    -0.2377919E+02     0.1512015E+02
    -0.2377710E+02     0.1512430E+02
    -0.2377358E+02     0.1512824E+02
    -0.2377313E+02     0.1513031E+02
    -0.2377648E+02     0.1513441E+02
    -0.2377839E+02     0.1513646E+02
    -0.2377840E+02     0.1513830E+02
    -0.2377748E+02     0.1514060E+02
    -0.2377512E+02     0.1514177E+02
    -0.2377158E+02     0.1514272E+02
    -0.2377018E+02     0.1514503E+02
    -0.2377257E+02     0.1514708E+02
    -0.2377588E+02     0.1514705E+02
    -0.2377850E+02     0.1514932E+02
    -0.2377879E+02     0.1515460E+02
    -0.2377762E+02     0.1515644E+02
    -0.2377385E+02     0.1515809E+02
    -0.2377269E+02     0.1516039E+02
    -0.2377390E+02     0.1516337E+02
    -0.2377676E+02     0.1516587E+02
    -0.2377937E+02     0.1516630E+02
    -0.2377939E+02     0.1516883E+02
    -0.2377680E+02     0.1517092E+02
    -0.2377161E+02     0.1517280E+02
    -0.2377094E+02     0.1517648E+02
    -0.2377239E+02     0.1518037E+02
    -0.2377056E+02     0.1518682E+02
    -0.2376922E+02     0.1519555E+02
    -0.2376480E+02     0.1520524E+02
    -0.2376507E+02     0.1520799E+02
    -0.2376795E+02     0.1521255E+02
    -0.2376659E+02     0.1521923E+02
    -0.2376449E+02     0.1522269E+02
    -0.2376072E+02     0.1522525E+02
    -0.2375790E+02     0.1522688E+02
    -0.2375488E+02     0.1523357E+02
    -0.2375211E+02     0.1524094E+02
    -0.2375172E+02     0.1524563E+02
    -0.2375408E+02     0.1525011E+02
    -0.2375884E+02     0.1525305E+02
    -0.2376239E+02     0.1525301E+02
    -0.2376760E+02     0.1525319E+02
    -0.2376949E+02     0.1525226E+02
    -0.2377046E+02     0.1525523E+02
    -0.2376929E+02     0.1525685E+02
    -0.2376720E+02     0.1526123E+02
    -0.2377056E+02     0.1526602E+02
    -0.2377272E+02     0.1526968E+02
    -0.2377251E+02     0.1527289E+02
    -0.2376993E+02     0.1527475E+02
    -0.2376784E+02     0.1528005E+02
    -0.2376835E+02     0.1528395E+02
    -0.2377145E+02     0.1528645E+02
    -0.2377595E+02     0.1528595E+02
    -0.2378093E+02     0.1528682E+02
    -0.2378590E+02     0.1528677E+02
    -0.2378640E+02     0.1528952E+02
    -0.2378548E+02     0.1529297E+02
    -0.2378431E+02     0.1529482E+02
    -0.2378220E+02     0.1529691E+02
    -0.2378079E+02     0.1529784E+02
    -0.2377772E+02     0.1529879E+02
    -0.2377439E+02     0.1529767E+02
    -0.2377272E+02     0.1529585E+02
    -0.2377014E+02     0.1529840E+02
    -0.2376636E+02     0.1529912E+02
    -0.2376375E+02     0.1529914E+02
    -0.2376188E+02     0.1530169E+02
    -0.2376096E+02     0.1530491E+02
    -0.2376454E+02     0.1530763E+02
    -0.2377237E+02     0.1530894E+02
    -0.2377427E+02     0.1531030E+02
END
13
    -0.2440755E+02     0.1494136E+02
    -0.2435996E+02     0.1504250E+02
    -0.2435119E+02     0.1504145E+02
    -0.2434763E+02     0.1504012E+02
    -0.2434165E+02     0.1503398E+02
    -0.2433545E+02     0.1502992E+02
    -0.2433286E+02     0.1503064E+02
    -0.2433027E+02     0.1503182E+02
    -0.2432693E+02     0.1502933E+02
    -0.2432564E+02     0.1501947E+02
    -0.2432395E+02     0.1501627E+02
    -0.2432016E+02     0.1501631E+02
    -0.2431613E+02     0.1501567E+02
    -0.2431420E+02     0.1501156E+02
    -0.2431270E+02     0.1500492E+02
    -0.2431160E+02     0.1500000E+02
    -0.2430972E+02     0.1499163E+02
    -0.2430662E+02     0.1498914E+02
    -0.2430199E+02     0.1497725E+02
    -0.2429894E+02     0.1495730E+02
    -0.2429864E+02     0.1495134E+02
    -0.2430144E+02     0.1494855E+02
    -0.2430258E+02     0.1494486E+02
    -0.2430041E+02     0.1494029E+02
    -0.2429705E+02     0.1493643E+02
    -0.2429506E+02     0.1492703E+02
    -0.2429436E+02     0.1490591E+02
    -0.2429297E+02     0.1488755E+02
    -0.2429235E+02     0.1487378E+02
    -0.2429531E+02     0.1486364E+02
    -0.2429950E+02     0.1485762E+02
    -0.2430561E+02     0.1485411E+02
    -0.2430961E+02     0.1485269E+02
    -0.2430969E+02     0.1485195E+02
    -0.2431026E+02     0.1484671E+02
    -0.2431656E+02     0.1483975E+02
    -0.2432265E+02     0.1483463E+02
    -0.2432802E+02     0.1482859E+02
    -0.2433105E+02     0.1482442E+02
    -0.2433530E+02     0.1482392E+02
    -0.2434074E+02     0.1482432E+02
    -0.2434991E+02     0.1481962E+02
    -0.2435670E+02     0.1481403E+02
    -0.2436210E+02     0.1481144E+02
    -0.2436540E+02     0.1481025E+02
    -0.2436731E+02     0.1481161E+02
    -0.2436993E+02     0.1481388E+02
    -0.2437057E+02     0.1481363E+02
    -0.2437299E+02     0.1481269E+02
    -0.2437651E+02     0.1481059E+02
    -0.2437979E+02     0.1480802E+02
    -0.2439114E+02     0.1480858E+02
    -0.2441314E+02     0.1481017E+02
    -0.2442595E+02     0.1481392E+02
    -0.2443530E+02     0.1481968E+02
    -0.2444739E+02     0.1482860E+02
    -0.2445672E+02     0.1483814E+02
    -0.2445869E+02     0.1484501E+02
    -0.2446085E+02     0.1484774E+02
    -0.2446548E+02     0.1484886E+02
    -0.2447057E+02     0.1484992E+02
    -0.2447482E+02     0.1485010E+02
    -0.2447606E+02     0.1485468E+02
    -0.2447870E+02     0.1485809E+02
    -0.2448085E+02     0.1485990E+02
    -0.2448371E+02     0.1486171E+02
    -0.2448679E+02     0.1486305E+02
    -0.2449340E+02     0.1487200E+02
    -0.2449994E+02     0.1487507E+02
    -0.2450730E+02     0.1487750E+02
    -0.2450991E+02     0.1487885E+02
    -0.2451044E+02     0.1488344E+02
    -0.2451028E+02     0.1489056E+02
    -0.2451108E+02     0.1489813E+02
    -0.2451213E+02     0.1490639E+02
    -0.2451478E+02     0.1491118E+02
    -0.2451652E+02     0.1491782E+02
    -0.2451697E+02     0.1492351E+02
    -0.2451735E+02     0.1492837E+02
    -0.2451096E+02     0.1494843E+02
    -0.2450329E+02     0.1496082E+02
    -0.2450121E+02     0.1496416E+02
    -0.2450057E+02     0.1496945E+02
    -0.2449923E+02     0.1497612E+02
    -0.2449171E+02     0.1498081E+02
    -0.2448750E+02     0.1498430E+02
    -0.2448473E+02     0.1499030E+02
    -0.2447940E+02     0.1499400E+02
    -0.2447323E+02     0.1499825E+02
    -0.2446954E+02     0.1500000E+02
    -0.2446876E+02     0.1500000E+02
    -0.2446101E+02     0.1500505E+02
    -0.2445282E+02     0.1501250E+02
    -0.2444296E+02     0.1501904E+02
    -0.2443496E+02     0.1502258E+02
    -0.2442362E+02     0.1502386E+02
    -0.2441998E+02     0.1502427E+02
    -0.2441913E+02     0.1502437E+02
    -0.2441399E+02     0.1503063E+02
    -0.2440931E+02     0.1503505E+02
    -0.2439470E+02     0.1503981E+02
    -0.2439105E+02     0.1504115E+02
    -0.2438952E+02     0.1504171E+02
    -0.2438671E+02     0.1504449E+02
    -0.2438200E+02     0.1504593E+02
    -0.2437560E+02     0.1504531E+02
    -0.2435996E+02     0.1504250E+02
END
14
    -0.2464709E+02     0.1497050E+02
    -0.2464849E+02     0.1497479E+02
    -0.2464778E+02     0.1497846E+02
    -0.2464566E+02     0.1497917E+02
    -0.2464329E+02     0.1497828E+02
    -0.2464112E+02     0.1497532E+02
    -0.2464084E+02     0.1497142E+02
    -0.2464248E+02     0.1497025E+02
    -0.2464506E+02     0.1496862E+02
    -0.2464764E+02     0.1496652E+02
    -0.2464926E+02     0.1496397E+02
    -0.2465228E+02     0.1495934E+02
    -0.2465488E+02     0.1495977E+02
    -0.2465518E+02     0.1496459E+02
    -0.2465241E+02     0.1497013E+02
    -0.2464849E+02     0.1497479E+02
END
15
    -0.2470231E+02     0.1496616E+02
    -0.2469645E+02     0.1497372E+02
    -0.2469438E+02     0.1497458E+02
    -0.2469172E+02     0.1497400E+02
    -0.2469214E+02     0.1497033E+02
    -0.2469424E+02     0.1496777E+02
    -0.2469611E+02     0.1496591E+02
    -0.2469701E+02     0.1496223E+02
    -0.2469861E+02     0.1495807E+02
    -0.2470119E+02     0.1495574E+02
    -0.2470426E+02     0.1495547E+02
    -0.2470900E+02     0.1495610E+02
    -0.2471141E+02     0.1496044E+02
    -0.2470981E+02     0.1496413E+02
    -0.2470750E+02     0.1496875E+02
    -0.2470351E+02     0.1497110E+02
    -0.2469645E+02     0.1497372E+02
END
END
