cayman_islands
1
    -0.8120374E+02     0.1930614E+02
    -0.8129467E+02     0.1926303E+02
    -0.8130585E+02     0.1926634E+02
    -0.8131361E+02     0.1926670E+02
    -0.8131755E+02     0.1927057E+02
    -0.8133360E+02     0.1927474E+02
    -0.8134618E+02     0.1927389E+02
    -0.8135014E+02     0.1927913E+02
    -0.8135891E+02     0.1928247E+02
    -0.8137643E+02     0.1927052E+02
    -0.8138437E+02     0.1926696E+02
    -0.8139307E+02     0.1926570E+02
    -0.8139503E+02     0.1926752E+02
    -0.8140014E+02     0.1926860E+02
    -0.8140244E+02     0.1927616E+02
    -0.8140228E+02     0.1928192E+02
    -0.8139677E+02     0.1930338E+02
    -0.8139787E+02     0.1931141E+02
    -0.8139326E+02     0.1932804E+02
    -0.8139265E+02     0.1933610E+02
    -0.8139655E+02     0.1934810E+02
    -0.8139697E+02     0.1934938E+02
    -0.8139709E+02     0.1935812E+02
    -0.8140304E+02     0.1936655E+02
    -0.8141455E+02     0.1937469E+02
    -0.8142786E+02     0.1937313E+02
    -0.8143128E+02     0.1937447E+02
    -0.8143278E+02     0.1937721E+02
    -0.8142806E+02     0.1938624E+02
    -0.8141895E+02     0.1939372E+02
    -0.8140736E+02     0.1939640E+02
    -0.8139967E+02     0.1940133E+02
    -0.8139481E+02     0.1940093E+02
    -0.8137650E+02     0.1939174E+02
    -0.8137423E+02     0.1938625E+02
    -0.8137538E+02     0.1938522E+02
    -0.8137711E+02     0.1938368E+02
    -0.8138611E+02     0.1938610E+02
    -0.8138950E+02     0.1938559E+02
    -0.8139090E+02     0.1938212E+02
    -0.8139008E+02     0.1937523E+02
    -0.8137339E+02     0.1934485E+02
    -0.8137234E+02     0.1933981E+02
    -0.8138112E+02     0.1932658E+02
    -0.8137988E+02     0.1932430E+02
    -0.8137598E+02     0.1932343E+02
    -0.8137523E+02     0.1932137E+02
    -0.8137662E+02     0.1931721E+02
    -0.8137487E+02     0.1931378E+02
    -0.8137073E+02     0.1931199E+02
    -0.8136842E+02     0.1930282E+02
    -0.8136211E+02     0.1930244E+02
    -0.8135741E+02     0.1929583E+02
    -0.8135533E+02     0.1929580E+02
    -0.8133850E+02     0.1929561E+02
    -0.8132618E+02     0.1929829E+02
    -0.8131535E+02     0.1930349E+02
    -0.8130712E+02     0.1930405E+02
    -0.8130617E+02     0.1930544E+02
    -0.8130986E+02     0.1930976E+02
    -0.8130892E+02     0.1931185E+02
    -0.8130435E+02     0.1931397E+02
    -0.8130447E+02     0.1932248E+02
    -0.8130212E+02     0.1932803E+02
    -0.8129219E+02     0.1932862E+02
    -0.8128133E+02     0.1933220E+02
    -0.8127226E+02     0.1932472E+02
    -0.8126696E+02     0.1932662E+02
    -0.8126604E+02     0.1933054E+02
    -0.8127021E+02     0.1933371E+02
    -0.8127105E+02     0.1933774E+02
    -0.8127280E+02     0.1934610E+02
    -0.8128002E+02     0.1934233E+02
    -0.8128103E+02     0.1934485E+02
    -0.8127752E+02     0.1935387E+02
    -0.8127804E+02     0.1935639E+02
    -0.8128265E+02     0.1935702E+02
    -0.8128796E+02     0.1935535E+02
    -0.8129090E+02     0.1935738E+02
    -0.8128275E+02     0.1936438E+02
    -0.8128240E+02     0.1937359E+02
    -0.8127655E+02     0.1937136E+02
    -0.8125793E+02     0.1935755E+02
    -0.8123941E+02     0.1935042E+02
    -0.8123360E+02     0.1935072E+02
    -0.8123145E+02     0.1935281E+02
    -0.8122485E+02     0.1935493E+02
    -0.8122251E+02     0.1935568E+02
    -0.8121111E+02     0.1935443E+02
    -0.8119382E+02     0.1934934E+02
    -0.8117513E+02     0.1934726E+02
    -0.8116884E+02     0.1934802E+02
    -0.8115460E+02     0.1935325E+02
    -0.8113112E+02     0.1935559E+02
    -0.8112333E+02     0.1935291E+02
    -0.8110419E+02     0.1935451E+02
    -0.8109861E+02     0.1935342E+02
    -0.8109689E+02     0.1935160E+02
    -0.8109649E+02     0.1935030E+02
    -0.8109132E+02     0.1933326E+02
    -0.8109492E+02     0.1931206E+02
    -0.8110856E+02     0.1929811E+02
    -0.8111796E+02     0.1929409E+02
    -0.8114655E+02     0.1929400E+02
    -0.8115241E+02     0.1929715E+02
    -0.8116186E+02     0.1929681E+02
    -0.8117381E+02     0.1930219E+02
    -0.8117735E+02     0.1930262E+02
    -0.8118084E+02     0.1930303E+02
    -0.8119674E+02     0.1929595E+02
    -0.8120860E+02     0.1929466E+02
    -0.8121857E+02     0.1929684E+02
    -0.8123163E+02     0.1929507E+02
    -0.8124559E+02     0.1928824E+02
    -0.8125709E+02     0.1927867E+02
    -0.8125918E+02     0.1927243E+02
    -0.8126731E+02     0.1926474E+02
    -0.8129467E+02     0.1926303E+02
END
2
    -0.7978864E+02     0.1972924E+02
    -0.7986693E+02     0.1968764E+02
    -0.7989170E+02     0.1968799E+02
    -0.7989391E+02     0.1969028E+02
    -0.7988302E+02     0.1969884E+02
    -0.7986896E+02     0.1970557E+02
    -0.7985852E+02     0.1970630E+02
    -0.7984398E+02     0.1971372E+02
    -0.7983600E+02     0.1972158E+02
    -0.7982214E+02     0.1972863E+02
    -0.7981734E+02     0.1973108E+02
    -0.7977756E+02     0.1974595E+02
    -0.7976691E+02     0.1975726E+02
    -0.7975940E+02     0.1976143E+02
    -0.7974798E+02     0.1976170E+02
    -0.7973726E+02     0.1975553E+02
    -0.7972997E+02     0.1975486E+02
    -0.7972727E+02     0.1975027E+02
    -0.7972895E+02     0.1974589E+02
    -0.7974487E+02     0.1973621E+02
    -0.7977039E+02     0.1972068E+02
    -0.7979443E+02     0.1971622E+02
    -0.7982257E+02     0.1970806E+02
    -0.7986693E+02     0.1968764E+02
END
3
    -0.8004766E+02     0.1969023E+02
    -0.8000000E+02     0.1971210E+02
    -0.7998443E+02     0.1971793E+02
    -0.7997422E+02     0.1971706E+02
    -0.7997080E+02     0.1971478E+02
    -0.7996908E+02     0.1971065E+02
    -0.7996956E+02     0.1970733E+02
    -0.7996978E+02     0.1970581E+02
    -0.7997292E+02     0.1970166E+02
    -0.7997558E+02     0.1970049E+02
    -0.7999284E+02     0.1970248E+02
    -0.8000000E+02     0.1969945E+02
    -0.8004663E+02     0.1967967E+02
    -0.8005148E+02     0.1967872E+02
    -0.8005684E+02     0.1968100E+02
    -0.8006483E+02     0.1967704E+02
    -0.8007449E+02     0.1966848E+02
    -0.8008708E+02     0.1966220E+02
    -0.8010579E+02     0.1966325E+02
    -0.8010800E+02     0.1966692E+02
    -0.8010561E+02     0.1967268E+02
    -0.8009109E+02     0.1968127E+02
    -0.8008514E+02     0.1968377E+02
    -0.8007607E+02     0.1968756E+02
    -0.8006449E+02     0.1970005E+02
    -0.8005795E+02     0.1970261E+02
    -0.8004071E+02     0.1970477E+02
    -0.8003099E+02     0.1970367E+02
    -0.8001740E+02     0.1970558E+02
    -0.8000000E+02     0.1971210E+02
END
END
