clipperton_island
1
    -0.1092252E+03     0.1029193E+02
    -0.1092295E+03     0.1031143E+02
    -0.1092186E+03     0.1031345E+02
    -0.1091993E+03     0.1029816E+02
    -0.1092052E+03     0.1028207E+02
    -0.1092182E+03     0.1028305E+02
    -0.1092333E+03     0.1029671E+02
    -0.1092295E+03     0.1031143E+02
END
2

    -0.1092269E+03     0.1030909E+02
    -0.1092286E+03     0.1029806E+02
    -0.1092178E+03     0.1028759E+02
    -0.1092083E+03     0.1028600E+02
    -0.1092044E+03     0.1029675E+02
    -0.1092190E+03     0.1030932E+02
    -0.1092269E+03     0.1030909E+02
END
3
    -0.1092170E+03     0.1029777E+02
    -0.1092269E+03     0.1030909E+02
    -0.1092190E+03     0.1030932E+02
    -0.1092044E+03     0.1029675E+02
    -0.1092083E+03     0.1028600E+02
    -0.1092178E+03     0.1028759E+02
    -0.1092286E+03     0.1029806E+02
    -0.1092269E+03     0.1030909E+02
END
END
