comoros
1
     0.4331511E+02    -0.1161587E+02
     0.4324839E+02    -0.1167576E+02
     0.4325053E+02    -0.1167350E+02
     0.4325203E+02    -0.1166800E+02
     0.4324891E+02    -0.1164517E+02
     0.4324976E+02    -0.1162286E+02
     0.4324781E+02    -0.1160074E+02
     0.4325319E+02    -0.1158656E+02
     0.4325473E+02    -0.1157870E+02
     0.4325728E+02    -0.1156569E+02
     0.4325435E+02    -0.1155943E+02
     0.4325309E+02    -0.1155112E+02
     0.4325382E+02    -0.1153572E+02
     0.4326480E+02    -0.1150760E+02
     0.4326513E+02    -0.1150231E+02
     0.4325840E+02    -0.1147229E+02
     0.4325747E+02    -0.1145893E+02
     0.4325618E+02    -0.1145622E+02
     0.4325206E+02    -0.1144756E+02
     0.4325594E+02    -0.1143888E+02
     0.4325532E+02    -0.1143427E+02
     0.4325753E+02    -0.1142809E+02
     0.4325866E+02    -0.1141661E+02
     0.4326865E+02    -0.1139146E+02
     0.4327625E+02    -0.1138400E+02
     0.4329226E+02    -0.1137552E+02
     0.4330183E+02    -0.1137499E+02
     0.4330657E+02    -0.1137070E+02
     0.4331995E+02    -0.1136819E+02
     0.4332576E+02    -0.1136710E+02
     0.4333120E+02    -0.1136282E+02
     0.4334637E+02    -0.1136238E+02
     0.4336492E+02    -0.1136959E+02
     0.4337053E+02    -0.1136853E+02
     0.4338169E+02    -0.1137124E+02
     0.4338465E+02    -0.1137566E+02
     0.4338567E+02    -0.1138443E+02
     0.4338818E+02    -0.1138769E+02
     0.4339017E+02    -0.1139462E+02
     0.4339974E+02    -0.1140835E+02
     0.4340213E+02    -0.1141875E+02
     0.4340219E+02    -0.1142822E+02
     0.4340220E+02    -0.1142887E+02
     0.4340512E+02    -0.1143582E+02
     0.4339833E+02    -0.1145136E+02
     0.4339404E+02    -0.1147062E+02
     0.4338855E+02    -0.1147812E+02
     0.4338704E+02    -0.1148454E+02
     0.4338957E+02    -0.1150092E+02
     0.4339539E+02    -0.1151597E+02
     0.4339181E+02    -0.1153455E+02
     0.4339265E+02    -0.1154881E+02
     0.4339291E+02    -0.1155321E+02
     0.4339154E+02    -0.1156538E+02
     0.4338602E+02    -0.1157380E+02
     0.4338429E+02    -0.1157976E+02
     0.4338414E+02    -0.1160300E+02
     0.4338027E+02    -0.1161122E+02
     0.4338155E+02    -0.1161860E+02
     0.4338781E+02    -0.1163527E+02
     0.4338716E+02    -0.1164607E+02
     0.4339053E+02    -0.1165441E+02
     0.4340156E+02    -0.1166655E+02
     0.4340200E+02    -0.1166702E+02
     0.4340825E+02    -0.1167035E+02
     0.4341135E+02    -0.1168029E+02
     0.4341733E+02    -0.1168591E+02
     0.4341858E+02    -0.1169560E+02
     0.4342193E+02    -0.1170463E+02
     0.4342493E+02    -0.1170697E+02
     0.4342761E+02    -0.1171415E+02
     0.4344102E+02    -0.1173715E+02
     0.4344344E+02    -0.1174639E+02
     0.4344306E+02    -0.1175513E+02
     0.4344653E+02    -0.1177152E+02
     0.4344527E+02    -0.1177940E+02
     0.4344418E+02    -0.1178621E+02
     0.4345830E+02    -0.1182325E+02
     0.4346108E+02    -0.1182491E+02
     0.4347229E+02    -0.1183958E+02
     0.4347177E+02    -0.1184303E+02
     0.4347445E+02    -0.1185043E+02
     0.4347931E+02    -0.1185373E+02
     0.4348723E+02    -0.1186928E+02
     0.4349623E+02    -0.1187632E+02
     0.4349850E+02    -0.1188096E+02
     0.4349931E+02    -0.1188857E+02
     0.4350257E+02    -0.1188931E+02
     0.4350416E+02    -0.1189210E+02
     0.4350387E+02    -0.1189554E+02
     0.4350051E+02    -0.1190101E+02
     0.4348966E+02    -0.1190705E+02
     0.4348775E+02    -0.1190955E+02
     0.4349073E+02    -0.1191305E+02
     0.4348703E+02    -0.1192473E+02
     0.4348397E+02    -0.1192583E+02
     0.4347837E+02    -0.1192528E+02
     0.4347718E+02    -0.1192710E+02
     0.4347923E+02    -0.1193036E+02
     0.4347756E+02    -0.1193240E+02
     0.4346037E+02    -0.1193995E+02
     0.4345427E+02    -0.1194077E+02
     0.4344659E+02    -0.1193904E+02
     0.4342693E+02    -0.1192560E+02
     0.4342372E+02    -0.1192234E+02
     0.4341981E+02    -0.1191836E+02
     0.4341483E+02    -0.1190861E+02
     0.4339949E+02    -0.1190261E+02
     0.4338754E+02    -0.1189068E+02
     0.4338023E+02    -0.1188044E+02
     0.4337551E+02    -0.1186862E+02
     0.4337161E+02    -0.1186442E+02
     0.4336282E+02    -0.1185898E+02
     0.4335305E+02    -0.1185606E+02
     0.4332686E+02    -0.1185829E+02
     0.4331232E+02    -0.1185953E+02
     0.4329787E+02    -0.1185722E+02
     0.4327170E+02    -0.1184321E+02
     0.4326390E+02    -0.1183479E+02
     0.4325913E+02    -0.1182666E+02
     0.4325477E+02    -0.1180818E+02
     0.4325117E+02    -0.1179961E+02
     0.4324407E+02    -0.1179143E+02
     0.4323716E+02    -0.1178617E+02
     0.4322954E+02    -0.1178037E+02
     0.4322876E+02    -0.1177116E+02
     0.4322625E+02    -0.1176766E+02
     0.4322498E+02    -0.1176005E+02
     0.4321945E+02    -0.1175558E+02
     0.4321579E+02    -0.1173757E+02
     0.4321636E+02    -0.1173183E+02
     0.4322864E+02    -0.1171041E+02
     0.4323304E+02    -0.1169920E+02
     0.4324243E+02    -0.1168280E+02
     0.4324839E+02    -0.1167576E+02
END
2
     0.4438841E+02    -0.1220399E+02
     0.4445375E+02    -0.1206984E+02
     0.4445870E+02    -0.1206714E+02
     0.4446573E+02    -0.1206630E+02
     0.4447016E+02    -0.1206774E+02
     0.4448101E+02    -0.1207846E+02
     0.4448722E+02    -0.1208682E+02
     0.4449105E+02    -0.1209883E+02
     0.4449055E+02    -0.1210158E+02
     0.4448484E+02    -0.1210888E+02
     0.4448642E+02    -0.1211396E+02
     0.4449426E+02    -0.1212280E+02
     0.4449363E+02    -0.1212480E+02
     0.4449304E+02    -0.1212669E+02
     0.4449651E+02    -0.1212950E+02
     0.4450607E+02    -0.1217011E+02
     0.4451485E+02    -0.1217873E+02
     0.4451894E+02    -0.1218822E+02
     0.4451925E+02    -0.1220087E+02
     0.4452146E+02    -0.1221194E+02
     0.4452906E+02    -0.1222193E+02
     0.4452735E+02    -0.1222766E+02
     0.4453140E+02    -0.1224060E+02
     0.4453242E+02    -0.1225257E+02
     0.4453756E+02    -0.1225356E+02
     0.4453822E+02    -0.1225632E+02
     0.4453046E+02    -0.1225968E+02
     0.4452806E+02    -0.1226471E+02
     0.4452869E+02    -0.1227024E+02
     0.4452657E+02    -0.1227160E+02
     0.4452443E+02    -0.1227410E+02
     0.4452520E+02    -0.1228769E+02
     0.4452718E+02    -0.1229760E+02
     0.4453172E+02    -0.1230870E+02
     0.4452955E+02    -0.1233261E+02
     0.4453274E+02    -0.1234001E+02
     0.4453407E+02    -0.1234577E+02
     0.4453015E+02    -0.1235999E+02
     0.4453052E+02    -0.1236782E+02
     0.4452717E+02    -0.1237330E+02
     0.4452409E+02    -0.1237671E+02
     0.4451491E+02    -0.1238028E+02
     0.4451069E+02    -0.1238046E+02
     0.4449787E+02    -0.1237570E+02
     0.4449091E+02    -0.1237078E+02
     0.4449203E+02    -0.1235607E+02
     0.4449093E+02    -0.1235054E+02
     0.4448449E+02    -0.1234126E+02
     0.4447818E+02    -0.1233455E+02
     0.4446301E+02    -0.1231844E+02
     0.4445741E+02    -0.1231676E+02
     0.4445067E+02    -0.1231254E+02
     0.4443991E+02    -0.1231171E+02
     0.4443203E+02    -0.1230540E+02
     0.4442910E+02    -0.1229662E+02
     0.4442219E+02    -0.1228825E+02
     0.4441778E+02    -0.1228498E+02
     0.4440706E+02    -0.1228139E+02
     0.4440173E+02    -0.1227718E+02
     0.4439143E+02    -0.1225933E+02
     0.4438704E+02    -0.1225445E+02
     0.4437918E+02    -0.1224721E+02
     0.4434845E+02    -0.1223486E+02
     0.4434285E+02    -0.1223363E+02
     0.4433583E+02    -0.1223501E+02
     0.4433182E+02    -0.1223579E+02
     0.4431918E+02    -0.1223563E+02
     0.4426060E+02    -0.1220541E+02
     0.4424291E+02    -0.1219851E+02
     0.4423273E+02    -0.1218963E+02
     0.4422102E+02    -0.1218379E+02
     0.4421486E+02    -0.1217881E+02
     0.4421120E+02    -0.1217255E+02
     0.4420354E+02    -0.1216853E+02
     0.4420662E+02    -0.1216558E+02
     0.4421461E+02    -0.1216339E+02
     0.4422744E+02    -0.1216609E+02
     0.4423372E+02    -0.1216848E+02
     0.4424366E+02    -0.1217781E+02
     0.4427422E+02    -0.1218443E+02
     0.4427873E+02    -0.1217988E+02
     0.4428363E+02    -0.1218110E+02
     0.4429005E+02    -0.1219130E+02
     0.4429339E+02    -0.1219208E+02
     0.4429844E+02    -0.1219325E+02
     0.4430803E+02    -0.1219361E+02
     0.4430971E+02    -0.1219087E+02
     0.4431298E+02    -0.1219091E+02
     0.4431585E+02    -0.1218681E+02
     0.4431771E+02    -0.1218752E+02
     0.4431930E+02    -0.1219123E+02
     0.4432585E+02    -0.1219108E+02
     0.4433484E+02    -0.1218429E+02
     0.4434909E+02    -0.1218540E+02
     0.4437373E+02    -0.1218019E+02
     0.4439029E+02    -0.1216659E+02
     0.4439956E+02    -0.1215498E+02
     0.4440178E+02    -0.1215511E+02
     0.4440938E+02    -0.1215556E+02
     0.4441267E+02    -0.1215445E+02
     0.4441648E+02    -0.1214944E+02
     0.4442215E+02    -0.1212719E+02
     0.4443019E+02    -0.1211993E+02
     0.4443116E+02    -0.1211718E+02
     0.4443122E+02    -0.1211258E+02
     0.4442825E+02    -0.1210702E+02
     0.4441898E+02    -0.1210023E+02
     0.4441742E+02    -0.1209423E+02
     0.4442053E+02    -0.1208898E+02
     0.4444453E+02    -0.1207800E+02
     0.4445375E+02    -0.1206984E+02
END
3
     0.4370893E+02    -0.1230621E+02
     0.4372634E+02    -0.1226530E+02
     0.4372915E+02    -0.1226534E+02
     0.4374833E+02    -0.1228150E+02
     0.4375460E+02    -0.1228505E+02
     0.4376278E+02    -0.1228563E+02
     0.4376696E+02    -0.1228776E+02
     0.4376898E+02    -0.1229355E+02
     0.4377198E+02    -0.1229635E+02
     0.4378730E+02    -0.1230532E+02
     0.4379328E+02    -0.1231231E+02
     0.4379953E+02    -0.1231655E+02
     0.4380304E+02    -0.1231706E+02
     0.4380845E+02    -0.1231507E+02
     0.4381121E+02    -0.1231833E+02
     0.4381614E+02    -0.1231748E+02
     0.4381960E+02    -0.1232099E+02
     0.4382962E+02    -0.1232435E+02
     0.4383237E+02    -0.1232854E+02
     0.4383517E+02    -0.1232997E+02
     0.4384817E+02    -0.1233659E+02
     0.4384998E+02    -0.1234053E+02
     0.4385324E+02    -0.1234196E+02
     0.4385500E+02    -0.1234958E+02
     0.4386490E+02    -0.1236053E+02
     0.4386572E+02    -0.1236837E+02
     0.4386330E+02    -0.1237409E+02
     0.4386555E+02    -0.1237987E+02
     0.4386226E+02    -0.1238051E+02
     0.4386130E+02    -0.1238234E+02
     0.4386291E+02    -0.1238443E+02
     0.4386240E+02    -0.1238742E+02
     0.4386098E+02    -0.1238786E+02
     0.4385172E+02    -0.1238128E+02
     0.4383213E+02    -0.1237547E+02
     0.4382137E+02    -0.1237462E+02
     0.4381540E+02    -0.1237051E+02
     0.4381488E+02    -0.1237016E+02
     0.4381108E+02    -0.1237378E+02
     0.4380875E+02    -0.1237283E+02
     0.4380973E+02    -0.1237008E+02
     0.4380836E+02    -0.1236799E+02
     0.4378520E+02    -0.1236650E+02
     0.4377708E+02    -0.1236131E+02
     0.4377262E+02    -0.1236194E+02
     0.4377069E+02    -0.1236536E+02
     0.4377034E+02    -0.1237364E+02
     0.4376393E+02    -0.1236388E+02
     0.4375074E+02    -0.1235379E+02
     0.4374654E+02    -0.1235280E+02
     0.4374013E+02    -0.1235823E+02
     0.4374054E+02    -0.1236238E+02
     0.4373911E+02    -0.1236374E+02
     0.4373100E+02    -0.1235809E+02
     0.4372351E+02    -0.1235752E+02
     0.4371954E+02    -0.1235723E+02
     0.4371670E+02    -0.1235903E+02
     0.4371639E+02    -0.1236408E+02
     0.4370871E+02    -0.1236121E+02
     0.4370710E+02    -0.1235934E+02
     0.4370718E+02    -0.1235405E+02
     0.4370229E+02    -0.1235214E+02
     0.4369921E+02    -0.1235416E+02
     0.4369458E+02    -0.1235110E+02
     0.4369198E+02    -0.1235244E+02
     0.4368958E+02    -0.1235247E+02
     0.4368402E+02    -0.1235255E+02
     0.4368211E+02    -0.1235528E+02
     0.4367975E+02    -0.1235594E+02
     0.4367439E+02    -0.1235425E+02
     0.4366991E+02    -0.1235625E+02
     0.4366487E+02    -0.1234927E+02
     0.4366230E+02    -0.1234900E+02
     0.4365498E+02    -0.1235303E+02
     0.4365438E+02    -0.1234612E+02
     0.4365886E+02    -0.1234457E+02
     0.4366103E+02    -0.1234001E+02
     0.4365637E+02    -0.1232383E+02
     0.4365062E+02    -0.1231753E+02
     0.4364365E+02    -0.1231374E+02
     0.4363684E+02    -0.1231479E+02
     0.4363338E+02    -0.1231197E+02
     0.4363053E+02    -0.1231469E+02
     0.4362796E+02    -0.1231419E+02
     0.4362995E+02    -0.1230686E+02
     0.4362777E+02    -0.1229647E+02
     0.4362690E+02    -0.1229231E+02
     0.4362180E+02    -0.1228878E+02
     0.4361998E+02    -0.1228576E+02
     0.4362027E+02    -0.1228186E+02
     0.4361633E+02    -0.1227950E+02
     0.4361900E+02    -0.1227378E+02
     0.4361746E+02    -0.1226732E+02
     0.4362212E+02    -0.1225358E+02
     0.4362616E+02    -0.1224973E+02
     0.4363551E+02    -0.1225057E+02
     0.4364148E+02    -0.1224353E+02
     0.4364499E+02    -0.1224312E+02
     0.4364870E+02    -0.1224525E+02
     0.4365039E+02    -0.1224251E+02
     0.4365390E+02    -0.1224257E+02
     0.4365566E+02    -0.1224950E+02
     0.4365844E+02    -0.1225115E+02
     0.4366879E+02    -0.1224832E+02
     0.4367039E+02    -0.1225041E+02
     0.4367974E+02    -0.1225125E+02
     0.4368275E+02    -0.1225359E+02
     0.4368476E+02    -0.1225373E+02
     0.4369140E+02    -0.1225418E+02
     0.4370439E+02    -0.1226197E+02
     0.4371161E+02    -0.1226461E+02
     0.4372164E+02    -0.1226638E+02
     0.4372634E+02    -0.1226530E+02
END
4
     0.4370100E+02    -0.1239661E+02
     0.4370182E+02    -0.1241264E+02
     0.4369904E+02    -0.1239603E+02
     0.4369633E+02    -0.1238932E+02
     0.4369779E+02    -0.1238589E+02
     0.4370156E+02    -0.1238411E+02
     0.4370526E+02    -0.1238716E+02
     0.4370264E+02    -0.1239011E+02
     0.4370234E+02    -0.1239401E+02
     0.4370539E+02    -0.1240925E+02
     0.4370182E+02    -0.1241264E+02
END
5
     0.4366465E+02    -0.1240017E+02
     0.4366731E+02    -0.1239673E+02
     0.4366842E+02    -0.1241076E+02
     0.4366656E+02    -0.1241382E+02
     0.4366233E+02    -0.1240667E+02
     0.4366158E+02    -0.1239870E+02
     0.4365835E+02    -0.1239451E+02
     0.4366819E+02    -0.1238952E+02
     0.4366920E+02    -0.1239189E+02
     0.4366731E+02    -0.1239673E+02
END
6
     0.4365160E+02    -0.1239921E+02
     0.4365571E+02    -0.1239963E+02
     0.4365461E+02    -0.1240212E+02
     0.4364799E+02    -0.1240304E+02
     0.4364435E+02    -0.1240533E+02
     0.4364302E+02    -0.1240428E+02
     0.4364275E+02    -0.1240280E+02
     0.4365355E+02    -0.1239443E+02
     0.4365699E+02    -0.1239493E+02
     0.4365571E+02    -0.1239963E+02
END
7
     0.4371207E+02    -0.1240122E+02
     0.4371430E+02    -0.1240823E+02
     0.4371089E+02    -0.1240197E+02
     0.4370979E+02    -0.1239712E+02
     0.4371122E+02    -0.1239576E+02
     0.4371550E+02    -0.1240641E+02
     0.4371430E+02    -0.1240823E+02
END
END
