cyprus
1
     0.3341930E+02     0.3521869E+02
     0.3230749E+02     0.3500000E+02
     0.3230218E+02     0.3500780E+02
     0.3229576E+02     0.3502124E+02
     0.3227495E+02     0.3504653E+02
     0.3227309E+02     0.3505884E+02
     0.3227621E+02     0.3508501E+02
     0.3227874E+02     0.3509481E+02
     0.3228124E+02     0.3509840E+02
     0.3228765E+02     0.3509852E+02
     0.3229632E+02     0.3509372E+02
     0.3230084E+02     0.3509121E+02
     0.3232821E+02     0.3506766E+02
     0.3234718E+02     0.3505445E+02
     0.3236443E+02     0.3504505E+02
     0.3238013E+02     0.3504086E+02
     0.3239761E+02     0.3503883E+02
     0.3240681E+02     0.3503887E+02
     0.3242581E+02     0.3504221E+02
     0.3244784E+02     0.3504939E+02
     0.3248120E+02     0.3507189E+02
     0.3249261E+02     0.3508280E+02
     0.3249598E+02     0.3508603E+02
     0.3250687E+02     0.3509995E+02
     0.3252422E+02     0.3513446E+02
     0.3253081E+02     0.3514286E+02
     0.3254951E+02     0.3515720E+02
     0.3255241E+02     0.3516287E+02
     0.3255305E+02     0.3517233E+02
     0.3255624E+02     0.3517434E+02
     0.3256220E+02     0.3517328E+02
     0.3257240E+02     0.3516807E+02
     0.3257620E+02     0.3516869E+02
     0.3258096E+02     0.3516945E+02
     0.3260078E+02     0.3517694E+02
     0.3261086E+02     0.3517678E+02
     0.3261544E+02     0.3517886E+02
     0.3262304E+02     0.3518892E+02
     0.3262889E+02     0.3518923E+02
     0.3263694E+02     0.3518644E+02
     0.3265591E+02     0.3519410E+02
     0.3266798E+02     0.3519359E+02
     0.3267679E+02     0.3519175E+02
     0.3269354E+02     0.3518504E+02
     0.3271147E+02     0.3518459E+02
     0.3271506E+02     0.3518366E+02
     0.3273430E+02     0.3517865E+02
     0.3274443E+02     0.3517780E+02
     0.3274930E+02     0.3517276E+02
     0.3276792E+02     0.3516338E+02
     0.3278493E+02     0.3516034E+02
     0.3280020E+02     0.3515078E+02
     0.3281186E+02     0.3514816E+02
     0.3282375E+02     0.3514256E+02
     0.3283328E+02     0.3514213E+02
     0.3284858E+02     0.3514314E+02
     0.3285456E+02     0.3514529E+02
     0.3287341E+02     0.3515475E+02
     0.3291033E+02     0.3517661E+02
     0.3291494E+02     0.3518213E+02
     0.3293172E+02     0.3522666E+02
     0.3293604E+02     0.3524339E+02
     0.3294212E+02     0.3526695E+02
     0.3294599E+02     0.3529358E+02
     0.3294601E+02     0.3531565E+02
     0.3294354E+02     0.3533736E+02
     0.3294014E+02     0.3534524E+02
     0.3293198E+02     0.3535311E+02
     0.3292986E+02     0.3535898E+02
     0.3293012E+02     0.3536550E+02
     0.3293053E+02     0.3537602E+02
     0.3292911E+02     0.3538745E+02
     0.3292488E+02     0.3539896E+02
     0.3292602E+02     0.3540247E+02
     0.3293452E+02     0.3540128E+02
     0.3295710E+02     0.3539183E+02
     0.3299041E+02     0.3537372E+02
     0.3301624E+02     0.3536166E+02
     0.3302056E+02     0.3536204E+02
     0.3303462E+02     0.3536326E+02
     0.3304088E+02     0.3536196E+02
     0.3305795E+02     0.3535475E+02
     0.3307447E+02     0.3535096E+02
     0.3308873E+02     0.3535143E+02
     0.3309920E+02     0.3535378E+02
     0.3311125E+02     0.3535758E+02
     0.3311927E+02     0.3536280E+02
     0.3312570E+02     0.3536311E+02
     0.3316613E+02     0.3535285E+02
     0.3317822E+02     0.3534978E+02
     0.3322267E+02     0.3535490E+02
     0.3323065E+02     0.3534907E+02
     0.3324366E+02     0.3534739E+02
     0.3324926E+02     0.3534352E+02
     0.3325523E+02     0.3534219E+02
     0.3326565E+02     0.3534544E+02
     0.3327013E+02     0.3534542E+02
     0.3328274E+02     0.3534142E+02
     0.3328802E+02     0.3534190E+02
     0.3329506E+02     0.3534545E+02
     0.3331064E+02     0.3534142E+02
     0.3331760E+02     0.3533961E+02
     0.3334721E+02     0.3533663E+02
     0.3336752E+02     0.3533068E+02
     0.3337967E+02     0.3533308E+02
     0.3340505E+02     0.3533058E+02
     0.3346063E+02     0.3533267E+02
     0.3346213E+02     0.3533232E+02
     0.3346888E+02     0.3533075E+02
     0.3348779E+02     0.3533276E+02
     0.3349741E+02     0.3533526E+02
     0.3351283E+02     0.3533504E+02
     0.3353344E+02     0.3534079E+02
     0.3357466E+02     0.3534425E+02
     0.3361162E+02     0.3535485E+02
     0.3361258E+02     0.3535513E+02
     0.3361884E+02     0.3535357E+02
     0.3362893E+02     0.3535356E+02
     0.3364697E+02     0.3535596E+02
     0.3368273E+02     0.3536580E+02
     0.3370177E+02     0.3537445E+02
     0.3371402E+02     0.3538417E+02
     0.3375103E+02     0.3539963E+02
     0.3377294E+02     0.3540878E+02
     0.3378457E+02     0.3541088E+02
     0.3380305E+02     0.3541122E+02
     0.3382956E+02     0.3540867E+02
     0.3383972E+02     0.3541186E+02
     0.3385691E+02     0.3541029E+02
     0.3389904E+02     0.3542136E+02
     0.3392666E+02     0.3542861E+02
     0.3395634E+02     0.3543811E+02
     0.3397301E+02     0.3544041E+02
     0.3398458E+02     0.3544364E+02
     0.3404130E+02     0.3546816E+02
     0.3407718E+02     0.3548365E+02
     0.3409088E+02     0.3549346E+02
     0.3411048E+02     0.3549861E+02
     0.3412933E+02     0.3550694E+02
     0.3415166E+02     0.3552736E+02
     0.3416341E+02     0.3554056E+02
     0.3416481E+02     0.3554213E+02
     0.3417515E+02     0.3554759E+02
     0.3418066E+02     0.3555401E+02
     0.3418266E+02     0.3556282E+02
     0.3418795E+02     0.3556348E+02
     0.3420462E+02     0.3555702E+02
     0.3421218E+02     0.3555732E+02
     0.3421790E+02     0.3556030E+02
     0.3422125E+02     0.3555583E+02
     0.3422950E+02     0.3555868E+02
     0.3423658E+02     0.3555758E+02
     0.3424747E+02     0.3556329E+02
     0.3425684E+02     0.3557100E+02
     0.3427529E+02     0.3557241E+02
     0.3428512E+02     0.3557715E+02
     0.3428734E+02     0.3557711E+02
     0.3429721E+02     0.3557693E+02
     0.3430460E+02     0.3558020E+02
     0.3431295E+02     0.3558626E+02
     0.3432343E+02     0.3558942E+02
     0.3432716E+02     0.3559301E+02
     0.3432891E+02     0.3560157E+02
     0.3433280E+02     0.3560218E+02
     0.3433795E+02     0.3560054E+02
     0.3434268E+02     0.3560141E+02
     0.3435095E+02     0.3560884E+02
     0.3435861E+02     0.3562223E+02
     0.3436349E+02     0.3562517E+02
     0.3437917E+02     0.3562622E+02
     0.3438747E+02     0.3563319E+02
     0.3439300E+02     0.3563478E+02
     0.3440613E+02     0.3563419E+02
     0.3440962E+02     0.3563403E+02
     0.3441951E+02     0.3563807E+02
     0.3443887E+02     0.3565327E+02
     0.3444797E+02     0.3565636E+02
     0.3446762E+02     0.3565181E+02
     0.3448269E+02     0.3565857E+02
     0.3450059E+02     0.3566014E+02
     0.3450575E+02     0.3566332E+02
     0.3450993E+02     0.3566898E+02
     0.3451146E+02     0.3567685E+02
     0.3451586E+02     0.3567862E+02
     0.3452361E+02     0.3567569E+02
     0.3453194E+02     0.3567760E+02
     0.3453295E+02     0.3567820E+02
     0.3455534E+02     0.3569154E+02
     0.3456798E+02     0.3569682E+02
     0.3458151E+02     0.3569616E+02
     0.3459696E+02     0.3570154E+02
     0.3459792E+02     0.3569950E+02
     0.3459193E+02     0.3569585E+02
     0.3458717E+02     0.3569039E+02
     0.3458472E+02     0.3567882E+02
     0.3458020E+02     0.3567406E+02
     0.3457955E+02     0.3565520E+02
     0.3457513E+02     0.3564862E+02
     0.3456992E+02     0.3564636E+02
     0.3456601E+02     0.3564579E+02
     0.3454483E+02     0.3564270E+02
     0.3453918E+02     0.3563533E+02
     0.3452860E+02     0.3563659E+02
     0.3445374E+02     0.3560397E+02
     0.3443502E+02     0.3559248E+02
     0.3443368E+02     0.3558995E+02
     0.3442893E+02     0.3558100E+02
     0.3442366E+02     0.3557988E+02
     0.3441737E+02     0.3556219E+02
     0.3441235E+02     0.3555672E+02
     0.3438939E+02     0.3554093E+02
     0.3436272E+02     0.3553142E+02
     0.3433992E+02     0.3551815E+02
     0.3432703E+02     0.3550680E+02
     0.3430230E+02     0.3548500E+02
     0.3420717E+02     0.3544823E+02
     0.3419651E+02     0.3544268E+02
     0.3417563E+02     0.3543182E+02
     0.3413300E+02     0.3540463E+02
     0.3411403E+02     0.3538940E+02
     0.3408894E+02     0.3536427E+02
     0.3408461E+02     0.3535720E+02
     0.3407534E+02     0.3533017E+02
     0.3407198E+02     0.3532568E+02
     0.3406548E+02     0.3532219E+02
     0.3405171E+02     0.3531842E+02
     0.3403975E+02     0.3531724E+02
     0.3402129E+02     0.3531695E+02
     0.3400194E+02     0.3532213E+02
     0.3397916E+02     0.3531935E+02
     0.3396530E+02     0.3531207E+02
     0.3396399E+02     0.3531137E+02
     0.3395628E+02     0.3530485E+02
     0.3394824E+02     0.3529464E+02
     0.3393889E+02     0.3527863E+02
     0.3393032E+02     0.3527253E+02
     0.3391648E+02     0.3524805E+02
     0.3390731E+02     0.3520723E+02
     0.3390807E+02     0.3519920E+02
     0.3390815E+02     0.3519831E+02
     0.3391811E+02     0.3517322E+02
     0.3391588E+02     0.3516876E+02
     0.3391064E+02     0.3516762E+02
     0.3390561E+02     0.3516328E+02
     0.3390709E+02     0.3516196E+02
     0.3391687E+02     0.3516191E+02
     0.3392149E+02     0.3515958E+02
     0.3394472E+02     0.3513206E+02
     0.3395422E+02     0.3512303E+02
     0.3396587E+02     0.3511525E+02
     0.3397147E+02     0.3510465E+02
     0.3397632E+02     0.3509546E+02
     0.3398744E+02     0.3508260E+02
     0.3400309E+02     0.3506877E+02
     0.3404622E+02     0.3503883E+02
     0.3406869E+02     0.3500908E+02
     0.3407382E+02     0.3500228E+02
     0.3407595E+02     0.3500000E+02
     0.3408873E+02     0.3498634E+02
     0.3408055E+02     0.3497866E+02
     0.3408913E+02     0.3496592E+02
     0.3409871E+02     0.3496423E+02
     0.3410143E+02     0.3496067E+02
     0.3409648E+02     0.3495496E+02
     0.3409227E+02     0.3495547E+02
     0.3408866E+02     0.3495992E+02
     0.3408015E+02     0.3495774E+02
     0.3407650E+02     0.3495828E+02
     0.3404975E+02     0.3497189E+02
     0.3404218E+02     0.3497273E+02
     0.3403971E+02     0.3497424E+02
     0.3402915E+02     0.3498070E+02
     0.3401059E+02     0.3497879E+02
     0.3400233E+02     0.3498166E+02
     0.3399185E+02     0.3497985E+02
     0.3397707E+02     0.3498452E+02
     0.3397094E+02     0.3498450E+02
     0.3396439E+02     0.3497779E+02
     0.3396005E+02     0.3497578E+02
     0.3393533E+02     0.3497452E+02
     0.3391431E+02     0.3496743E+02
     0.3390535E+02     0.3495569E+02
     0.3389447E+02     0.3495052E+02
     0.3388649E+02     0.3494466E+02
     0.3387592E+02     0.3493985E+02
     0.3386847E+02     0.3493885E+02
     0.3385677E+02     0.3494317E+02
     0.3385418E+02     0.3494537E+02
     0.3384027E+02     0.3495718E+02
     0.3382717E+02     0.3496604E+02
     0.3381581E+02     0.3496923E+02
     0.3377978E+02     0.3497480E+02
     0.3371212E+02     0.3497401E+02
     0.3370914E+02     0.3497357E+02
     0.3369581E+02     0.3497161E+02
     0.3368766E+02     0.3496849E+02
     0.3367155E+02     0.3495905E+02
     0.3366158E+02     0.3494965E+02
     0.3365030E+02     0.3492641E+02
     0.3364788E+02     0.3490815E+02
     0.3364991E+02     0.3489008E+02
     0.3364696E+02     0.3488007E+02
     0.3364691E+02     0.3487310E+02
     0.3364686E+02     0.3486467E+02
     0.3362863E+02     0.3484158E+02
     0.3362192E+02     0.3483783E+02
     0.3361546E+02     0.3481778E+02
     0.3361170E+02     0.3481577E+02
     0.3358311E+02     0.3481886E+02
     0.3355900E+02     0.3481755E+02
     0.3355146E+02     0.3481376E+02
     0.3354609E+02     0.3480704E+02
     0.3353966E+02     0.3479898E+02
     0.3353069E+02     0.3479581E+02
     0.3352287E+02     0.3478811E+02
     0.3350990E+02     0.3478660E+02
     0.3350382E+02     0.3477782E+02
     0.3347363E+02     0.3477598E+02
     0.3346213E+02     0.3477338E+02
     0.3345162E+02     0.3476853E+02
     0.3343938E+02     0.3476039E+02
     0.3341851E+02     0.3475074E+02
     0.3341365E+02     0.3474849E+02
     0.3339493E+02     0.3474385E+02
     0.3337548E+02     0.3473168E+02
     0.3337168E+02     0.3473035E+02
     0.3336166E+02     0.3473058E+02
     0.3334552E+02     0.3472292E+02
     0.3333773E+02     0.3472302E+02
     0.3332671E+02     0.3471767E+02
     0.3330300E+02     0.3472276E+02
     0.3329694E+02     0.3472201E+02
     0.3328395E+02     0.3471703E+02
     0.3328044E+02     0.3471412E+02
     0.3327650E+02     0.3470449E+02
     0.3327213E+02     0.3470337E+02
     0.3315435E+02     0.3471058E+02
     0.3313686E+02     0.3470795E+02
     0.3313620E+02     0.3470785E+02
     0.3309702E+02     0.3469628E+02
     0.3309531E+02     0.3469689E+02
     0.3309488E+02     0.3469526E+02
     0.3307946E+02     0.3468944E+02
     0.3306453E+02     0.3468089E+02
     0.3304560E+02     0.3466616E+02
     0.3302799E+02     0.3465633E+02
     0.3302134E+02     0.3464864E+02
     0.3301836E+02     0.3463842E+02
     0.3301514E+02     0.3463477E+02
     0.3301367E+02     0.3462458E+02
     0.3301447E+02     0.3461683E+02
     0.3301564E+02     0.3460537E+02
     0.3301936E+02     0.3459637E+02
     0.3302426E+02     0.3459017E+02
     0.3304164E+02     0.3457265E+02
     0.3304250E+02     0.3456855E+02
     0.3304081E+02     0.3456502E+02
     0.3303815E+02     0.3456351E+02
     0.3303090E+02     0.3456407E+02
     0.3301175E+02     0.3457162E+02
     0.3299983E+02     0.3457149E+02
     0.3298898E+02     0.3457554E+02
     0.3297204E+02     0.3456826E+02
     0.3296561E+02     0.3456884E+02
     0.3295584E+02     0.3456974E+02
     0.3295034E+02     0.3456900E+02
     0.3294338E+02     0.3456566E+02
     0.3294207E+02     0.3456836E+02
     0.3294349E+02     0.3457164E+02
     0.3294983E+02     0.3457587E+02
     0.3294963E+02     0.3458230E+02
     0.3294556E+02     0.3459221E+02
     0.3293976E+02     0.3459927E+02
     0.3293119E+02     0.3462113E+02
     0.3292041E+02     0.3463530E+02
     0.3290849E+02     0.3464619E+02
     0.3291224E+02     0.3465166E+02
     0.3290322E+02     0.3465183E+02
     0.3290223E+02     0.3465185E+02
     0.3289412E+02     0.3465994E+02
     0.3288684E+02     0.3466440E+02
     0.3285949E+02     0.3466967E+02
     0.3284700E+02     0.3466581E+02
     0.3283285E+02     0.3466922E+02
     0.3281179E+02     0.3466124E+02
     0.3280355E+02     0.3466358E+02
     0.3277546E+02     0.3466051E+02
     0.3276711E+02     0.3465709E+02
     0.3276482E+02     0.3465417E+02
     0.3275309E+02     0.3464786E+02
     0.3274567E+02     0.3464678E+02
     0.3273805E+02     0.3464845E+02
     0.3272892E+02     0.3464798E+02
     0.3271946E+02     0.3464104E+02
     0.3271278E+02     0.3464116E+02
     0.3270367E+02     0.3464406E+02
     0.3269113E+02     0.3464807E+02
     0.3267759E+02     0.3465080E+02
     0.3264791E+02     0.3466073E+02
     0.3263013E+02     0.3466439E+02
     0.3261667E+02     0.3466942E+02
     0.3260490E+02     0.3467776E+02
     0.3257616E+02     0.3469324E+02
     0.3256616E+02     0.3469547E+02
     0.3254325E+02     0.3470159E+02
     0.3253269E+02     0.3470148E+02
     0.3252045E+02     0.3470864E+02
     0.3250994E+02     0.3470784E+02
     0.3250117E+02     0.3470277E+02
     0.3249549E+02     0.3470774E+02
     0.3249095E+02     0.3470973E+02
     0.3248426E+02     0.3471265E+02
     0.3245635E+02     0.3473459E+02
     0.3245059E+02     0.3473704E+02
     0.3244151E+02     0.3473585E+02
     0.3243216E+02     0.3474821E+02
     0.3242447E+02     0.3475377E+02
     0.3241969E+02     0.3475443E+02
     0.3241229E+02     0.3475311E+02
     0.3240545E+02     0.3475848E+02
     0.3240826E+02     0.3477519E+02
     0.3240663E+02     0.3478154E+02
     0.3240125E+02     0.3478952E+02
     0.3240123E+02     0.3479109E+02
     0.3240107E+02     0.3480193E+02
     0.3239248E+02     0.3482192E+02
     0.3239145E+02     0.3483796E+02
     0.3238684E+02     0.3484323E+02
     0.3237732E+02     0.3484730E+02
     0.3237162E+02     0.3485228E+02
     0.3236577E+02     0.3485218E+02
     0.3236194E+02     0.3485473E+02
     0.3235509E+02     0.3485344E+02
     0.3234914E+02     0.3485794E+02
     0.3234135E+02     0.3487475E+02
     0.3232678E+02     0.3488606E+02
     0.3231813E+02     0.3489278E+02
     0.3231714E+02     0.3489801E+02
     0.3232645E+02     0.3490681E+02
     0.3233099E+02     0.3491925E+02
     0.3232690E+02     0.3492822E+02
     0.3230821E+02     0.3494857E+02
     0.3230938E+02     0.3495462E+02
     0.3231572E+02     0.3495888E+02
     0.3231319E+02     0.3496587E+02
     0.3231819E+02     0.3497626E+02
     0.3231108E+02     0.3499472E+02
     0.3231075E+02     0.3499522E+02
     0.3230749E+02     0.3500000E+02
END
END
