djibouti
1
     0.4259222E+02     0.1191930E+02
     0.4313463E+02     0.1270684E+02
     0.4314280E+02     0.1267559E+02
     0.4314667E+02     0.1266795E+02
     0.4316490E+02     0.1263195E+02
     0.4318962E+02     0.1260652E+02
     0.4320695E+02     0.1257610E+02
     0.4321762E+02     0.1256380E+02
     0.4323943E+02     0.1253866E+02
     0.4325198E+02     0.1252215E+02
     0.4326895E+02     0.1249724E+02
     0.4328725E+02     0.1247511E+02
     0.4329055E+02     0.1246369E+02
     0.4329224E+02     0.1246197E+02
     0.4329343E+02     0.1246076E+02
     0.4330281E+02     0.1245982E+02
     0.4330839E+02     0.1246132E+02
     0.4331251E+02     0.1246532E+02
     0.4331406E+02     0.1246903E+02
     0.4331153E+02     0.1247748E+02
     0.4331332E+02     0.1248097E+02
     0.4331635E+02     0.1248150E+02
     0.4332108E+02     0.1247930E+02
     0.4332354E+02     0.1247407E+02
     0.4331952E+02     0.1245582E+02
     0.4332099E+02     0.1244274E+02
     0.4333569E+02     0.1240375E+02
     0.4333569E+02     0.1240375E+02
     0.4333780E+02     0.1240311E+02
     0.4334565E+02     0.1239523E+02
     0.4334565E+02     0.1239523E+02
     0.4335169E+02     0.1238916E+02
     0.4335581E+02     0.1238304E+02
     0.4336760E+02     0.1232743E+02
     0.4337043E+02     0.1229576E+02
     0.4336995E+02     0.1228805E+02
     0.4336995E+02     0.1228805E+02
     0.4336992E+02     0.1228747E+02
     0.4337202E+02     0.1227694E+02
     0.4337202E+02     0.1227694E+02
     0.4337231E+02     0.1227488E+02
     0.4338906E+02     0.1225288E+02
     0.4339882E+02     0.1224005E+02
     0.4340520E+02     0.1222685E+02
     0.4340907E+02     0.1220049E+02
     0.4340657E+02     0.1217630E+02
     0.4341345E+02     0.1216173E+02
     0.4341606E+02     0.1214960E+02
     0.4341549E+02     0.1213327E+02
     0.4341549E+02     0.1213327E+02
     0.4341538E+02     0.1211763E+02
     0.4341538E+02     0.1211763E+02
     0.4341698E+02     0.1210870E+02
     0.4341550E+02     0.1209142E+02
     0.4340360E+02     0.1204909E+02
     0.4338469E+02     0.1200730E+02
     0.4337975E+02     0.1199821E+02
     0.4337280E+02     0.1198542E+02
     0.4336664E+02     0.1197908E+02
     0.4334712E+02     0.1197452E+02
     0.4332299E+02     0.1197767E+02
     0.4330945E+02     0.1197737E+02
     0.4330437E+02     0.1197450E+02
     0.4329115E+02     0.1196019E+02
     0.4328535E+02     0.1195845E+02
     0.4327021E+02     0.1196019E+02
     0.4325350E+02     0.1196212E+02
     0.4323095E+02     0.1195771E+02
     0.4322356E+02     0.1195409E+02
     0.4321020E+02     0.1195586E+02
     0.4319902E+02     0.1195447E+02
     0.4318975E+02     0.1195127E+02
     0.4318168E+02     0.1194672E+02
     0.4316669E+02     0.1192868E+02
     0.4315960E+02     0.1192231E+02
     0.4315687E+02     0.1192067E+02
     0.4314693E+02     0.1191467E+02
     0.4313994E+02     0.1190417E+02
     0.4312942E+02     0.1189473E+02
     0.4311330E+02     0.1187528E+02
     0.4310224E+02     0.1185917E+02
     0.4308445E+02     0.1184129E+02
     0.4307294E+02     0.1183436E+02
     0.4306953E+02     0.1183060E+02
     0.4306642E+02     0.1182386E+02
     0.4305156E+02     0.1181065E+02
     0.4304598E+02     0.1180960E+02
     0.4303733E+02     0.1181032E+02
     0.4303152E+02     0.1180881E+02
     0.4302288E+02     0.1180930E+02
     0.4300160E+02     0.1180099E+02
     0.4300000E+02     0.1180102E+02
     0.4298679E+02     0.1180114E+02
     0.4297689E+02     0.1179881E+02
     0.4297578E+02     0.1179855E+02
     0.4297083E+02     0.1179540E+02
     0.4296562E+02     0.1179019E+02
     0.4296130E+02     0.1178220E+02
     0.4295630E+02     0.1177561E+02
     0.4294636E+02     0.1176656E+02
     0.4294240E+02     0.1176708E+02
     0.4293690E+02     0.1177452E+02
     0.4293526E+02     0.1177408E+02
     0.4293380E+02     0.1176950E+02
     0.4292892E+02     0.1177118E+02
     0.4292341E+02     0.1177747E+02
     0.4290074E+02     0.1177619E+02
     0.4289703E+02     0.1177786E+02
     0.4289095E+02     0.1177703E+02
     0.4288166E+02     0.1178038E+02
     0.4287582E+02     0.1178000E+02
     0.4285724E+02     0.1177061E+02
     0.4284574E+02     0.1176832E+02
     0.4283898E+02     0.1176697E+02
     0.4282810E+02     0.1175701E+02
     0.4281374E+02     0.1174893E+02
     0.4278635E+02     0.1174357E+02
     0.4277978E+02     0.1174091E+02
     0.4277174E+02     0.1173366E+02
     0.4276161E+02     0.1171035E+02
     0.4275145E+02     0.1170129E+02
     0.4275026E+02     0.1169686E+02
     0.4275122E+02     0.1168566E+02
     0.4274644E+02     0.1167699E+02
     0.4273817E+02     0.1166975E+02
     0.4271793E+02     0.1165739E+02
     0.4271595E+02     0.1164983E+02
     0.4271267E+02     0.1164826E+02
     0.4270908E+02     0.1164233E+02
     0.4270341E+02     0.1163712E+02
     0.4270072E+02     0.1162842E+02
     0.4269220E+02     0.1160256E+02
     0.4269250E+02     0.1159083E+02
     0.4268763E+02     0.1157549E+02
     0.4268169E+02     0.1156821E+02
     0.4267949E+02     0.1156065E+02
     0.4267984E+02     0.1155214E+02
     0.4267677E+02     0.1154920E+02
     0.4265982E+02     0.1155564E+02
     0.4265768E+02     0.1155222E+02
     0.4265327E+02     0.1155389E+02
     0.4264499E+02     0.1156251E+02
     0.4264206E+02     0.1156333E+02
     0.4263383E+02     0.1156565E+02
     0.4263334E+02     0.1156336E+02
     0.4263960E+02     0.1156051E+02
     0.4264721E+02     0.1155374E+02
     0.4264414E+02     0.1155125E+02
     0.4263249E+02     0.1155256E+02
     0.4261146E+02     0.1156710E+02
     0.4260564E+02     0.1156787E+02
     0.4258661E+02     0.1155755E+02
     0.4258242E+02     0.1155806E+02
     0.4257830E+02     0.1156433E+02
     0.4257154E+02     0.1156442E+02
     0.4256374E+02     0.1157419E+02
     0.4256282E+02     0.1157534E+02
     0.4255750E+02     0.1157886E+02
     0.4253426E+02     0.1158538E+02
     0.4253582E+02     0.1158030E+02
     0.4253510E+02     0.1157824E+02
     0.4253005E+02     0.1158451E+02
     0.4252587E+02     0.1158618E+02
     0.4252537E+02     0.1158366E+02
     0.4252674E+02     0.1158157E+02
     0.4251479E+02     0.1157690E+02
     0.4251382E+02     0.1157484E+02
     0.4251565E+02     0.1157160E+02
     0.4251557E+02     0.1156539E+02
     0.4251835E+02     0.1156420E+02
     0.4251933E+02     0.1156810E+02
     0.4252098E+02     0.1156877E+02
     0.4252374E+02     0.1156574E+02
     0.4252773E+02     0.1156799E+02
     0.4253028E+02     0.1156681E+02
     0.4252856E+02     0.1155993E+02
     0.4253224E+02     0.1155643E+02
     0.4253127E+02     0.1155300E+02
     0.4253328E+02     0.1154699E+02
     0.4253579E+02     0.1154571E+02
     0.4253464E+02     0.1154399E+02
     0.4252834E+02     0.1154361E+02
     0.4252668E+02     0.1154133E+02
     0.4252893E+02     0.1153555E+02
     0.4252211E+02     0.1153127E+02
     0.4252088E+02     0.1152646E+02
     0.4252246E+02     0.1152207E+02
     0.4255156E+02     0.1150076E+02
     0.4255385E+02     0.1149728E+02
     0.4255825E+02     0.1149562E+02
     0.4256075E+02     0.1149006E+02
     0.4256656E+02     0.1148907E+02
     0.4257233E+02     0.1148416E+02
     0.4257953E+02     0.1148223E+02
     0.4258389E+02     0.1147642E+02
     0.4259242E+02     0.1146941E+02
     0.4259380E+02     0.1146843E+02
     0.4260073E+02     0.1146355E+02
     0.4260677E+02     0.1146185E+02
     0.4263124E+02     0.1146083E+02
     0.4263249E+02     0.1146679E+02
     0.4263626E+02     0.1146996E+02
     0.4263894E+02     0.1147774E+02
     0.4264614E+02     0.1147581E+02
     0.4265548E+02     0.1147660E+02
     0.4267175E+02     0.1147293E+02
     0.4268016E+02     0.1147419E+02
     0.4268431E+02     0.1147091E+02
     0.4268649E+02     0.1147640E+02
     0.4269026E+02     0.1147934E+02
     0.4269046E+02     0.1148162E+02
     0.4268727E+02     0.1148260E+02
     0.4268900E+02     0.1148789E+02
     0.4268995E+02     0.1149084E+02
     0.4268799E+02     0.1150052E+02
     0.4268221E+02     0.1150451E+02
     0.4266872E+02     0.1150700E+02
     0.4266527E+02     0.1151050E+02
     0.4266740E+02     0.1151276E+02
     0.4266026E+02     0.1151930E+02
     0.4266007E+02     0.1152252E+02
     0.4266387E+02     0.1152753E+02
     0.4267275E+02     0.1152879E+02
     0.4268338E+02     0.1153830E+02
     0.4268529E+02     0.1154172E+02
     0.4268925E+02     0.1154144E+02
     0.4269248E+02     0.1153863E+02
     0.4269714E+02     0.1153834E+02
     0.4271101E+02     0.1154619E+02
     0.4271873E+02     0.1154747E+02
     0.4272113E+02     0.1154882E+02
     0.4272907E+02     0.1155330E+02
     0.4274450E+02     0.1155584E+02
     0.4275229E+02     0.1156194E+02
     0.4277256E+02     0.1156051E+02
     0.4278640E+02     0.1156583E+02
     0.4278994E+02     0.1156877E+02
     0.4279378E+02     0.1157653E+02
     0.4280368E+02     0.1158352E+02
     0.4280928E+02     0.1158367E+02
     0.4281346E+02     0.1158200E+02
     0.4282140E+02     0.1158304E+02
     0.4282512E+02     0.1158161E+02
     0.4282887E+02     0.1158293E+02
     0.4283360E+02     0.1158723E+02
     0.4283639E+02     0.1158696E+02
     0.4284053E+02     0.1158300E+02
     0.4284753E+02     0.1158267E+02
     0.4285130E+02     0.1158537E+02
     0.4284882E+02     0.1159161E+02
     0.4284955E+02     0.1159390E+02
     0.4285328E+02     0.1159316E+02
     0.4285554E+02     0.1158853E+02
     0.4285903E+02     0.1158756E+02
     0.4286061E+02     0.1158386E+02
     0.4286485E+02     0.1158701E+02
     0.4286741E+02     0.1158652E+02
     0.4286875E+02     0.1158236E+02
     0.4287152E+02     0.1158071E+02
     0.4287763E+02     0.1158338E+02
     0.4288695E+02     0.1158233E+02
     0.4290475E+02     0.1158713E+02
     0.4291152E+02     0.1158795E+02
     0.4292037E+02     0.1158690E+02
     0.4292905E+02     0.1158999E+02
     0.4293620E+02     0.1159066E+02
     0.4295895E+02     0.1159277E+02
     0.4296406E+02     0.1159109E+02
     0.4296889E+02     0.1158618E+02
     0.4297641E+02     0.1159021E+02
     0.4299081E+02     0.1158586E+02
     0.4300000E+02     0.1159097E+02
     0.4300726E+02     0.1159465E+02
     0.4301330E+02     0.1159548E+02
     0.4303307E+02     0.1159800E+02
     0.4304151E+02     0.1159635E+02
     0.4304957E+02     0.1159102E+02
     0.4305495E+02     0.1159022E+02
     0.4305911E+02     0.1159193E+02
     0.4306406E+02     0.1159940E+02
     0.4307201E+02     0.1159866E+02
     0.4308635E+02     0.1159439E+02
     0.4309414E+02     0.1159020E+02
     0.4309902E+02     0.1158111E+02
     0.4310487E+02     0.1158056E+02
     0.4311803E+02     0.1158614E+02
     0.4313354E+02     0.1159132E+02
     0.4314690E+02     0.1159829E+02
     0.4314898E+02     0.1160103E+02
     0.4314939E+02     0.1160157E+02
     0.4314885E+02     0.1160477E+02
     0.4314648E+02     0.1160656E+02
     0.4313410E+02     0.1160720E+02
     0.4313311E+02     0.1160971E+02
     0.4313610E+02     0.1161211E+02
     0.4313723E+02     0.1161302E+02
     0.4314673E+02     0.1161576E+02
     0.4315404E+02     0.1161225E+02
     0.4315763E+02     0.1160865E+02
     0.4315913E+02     0.1160409E+02
     0.4315625E+02     0.1159781E+02
     0.4315681E+02     0.1159346E+02
     0.4316267E+02     0.1158232E+02
     0.4317318E+02     0.1157221E+02
     0.4318447E+02     0.1154066E+02
     0.4318640E+02     0.1153526E+02
     0.4319819E+02     0.1151966E+02
     0.4320103E+02     0.1151812E+02
     0.4321478E+02     0.1151819E+02
     0.4323304E+02     0.1150526E+02
     0.4323689E+02     0.1150006E+02
     0.4324122E+02     0.1148429E+02
     0.4324895E+02     0.1147274E+02
     0.4325469E+02     0.1146960E+02
     0.4325469E+02     0.1146960E+02
     0.4300000E+02     0.1105495E+02
     0.4299663E+02     0.1104258E+02
     0.4298590E+02     0.1102190E+02
     0.4296164E+02     0.1098441E+02
     0.4295221E+02     0.1098497E+02
     0.4291083E+02     0.1097764E+02
     0.4286777E+02     0.1097770E+02
     0.4285775E+02     0.1097724E+02
     0.4285304E+02     0.1097504E+02
     0.4284095E+02     0.1097555E+02
     0.4283523E+02     0.1097754E+02
     0.4282894E+02     0.1097973E+02
     0.4279602E+02     0.1098553E+02
     0.4279142E+02     0.1098793E+02
     0.4278893E+02     0.1099505E+02
     0.4278811E+02     0.1101652E+02
     0.4278466E+02     0.1102879E+02
     0.4276488E+02     0.1106355E+02
     0.4276451E+02     0.1106419E+02
     0.4275744E+02     0.1107056E+02
     0.4274630E+02     0.1107219E+02
     0.4273612E+02     0.1106483E+02
     0.4272789E+02     0.1106133E+02
     0.4271782E+02     0.1105879E+02
     0.4271133E+02     0.1106009E+02
     0.4269790E+02     0.1105303E+02
     0.4269349E+02     0.1105358E+02
     0.4268344E+02     0.1106254E+02
     0.4267828E+02     0.1107094E+02
     0.4266339E+02     0.1107150E+02
     0.4265628E+02     0.1107671E+02
     0.4265587E+02     0.1107752E+02
     0.4265450E+02     0.1108020E+02
     0.4264094E+02     0.1108832E+02
     0.4263234E+02     0.1108896E+02
     0.4262504E+02     0.1108544E+02
     0.4261050E+02     0.1107035E+02
     0.4259894E+02     0.1106348E+02
     0.4259196E+02     0.1106386E+02
     0.4256049E+02     0.1105143E+02
     0.4254422E+02     0.1104700E+02
     0.4251200E+02     0.1103822E+02
     0.4249931E+02     0.1103251E+02
     0.4245893E+02     0.1100131E+02
     0.4244861E+02     0.1099631E+02
     0.4243545E+02     0.1098604E+02
     0.4243451E+02     0.1098554E+02
     0.4242415E+02     0.1098007E+02
     0.4240465E+02     0.1098278E+02
     0.4239453E+02     0.1098851E+02
     0.4237281E+02     0.1099610E+02
     0.4235585E+02     0.1099737E+02
     0.4235025E+02     0.1099653E+02
     0.4233838E+02     0.1099147E+02
     0.4232540E+02     0.1098881E+02
     0.4231255E+02     0.1099037E+02
     0.4230938E+02     0.1099075E+02
     0.4228900E+02     0.1098450E+02
     0.4227052E+02     0.1096879E+02
     0.4223252E+02     0.1096635E+02
     0.4220703E+02     0.1096020E+02
     0.4219988E+02     0.1096356E+02
     0.4219744E+02     0.1096983E+02
     0.4219590E+02     0.1097376E+02
     0.4218899E+02     0.1097735E+02
     0.4217571E+02     0.1097670E+02
     0.4216285E+02     0.1097397E+02
     0.4215545E+02     0.1097642E+02
     0.4214265E+02     0.1097668E+02
     0.4212696E+02     0.1097148E+02
     0.4212200E+02     0.1096813E+02
     0.4211264E+02     0.1096579E+02
     0.4209924E+02     0.1095915E+02
     0.4208083E+02     0.1095814E+02
     0.4207895E+02     0.1095562E+02
     0.4207557E+02     0.1095112E+02
     0.4207043E+02     0.1092731E+02
     0.4206733E+02     0.1092300E+02
     0.4203128E+02     0.1092440E+02
     0.4202681E+02     0.1092196E+02
     0.4201702E+02     0.1092123E+02
     0.4200296E+02     0.1091642E+02
     0.4199163E+02     0.1092012E+02
     0.4198220E+02     0.1092583E+02
     0.4197892E+02     0.1092663E+02
     0.4197503E+02     0.1092758E+02
     0.4196783E+02     0.1091691E+02
     0.4195840E+02     0.1091088E+02
     0.4194908E+02     0.1090991E+02
     0.4194472E+02     0.1091322E+02
     0.4193967E+02     0.1092849E+02
     0.4194260E+02     0.1093534E+02
     0.4194221E+02     0.1093948E+02
     0.4192737E+02     0.1094230E+02
     0.4190063E+02     0.1094327E+02
     0.4188616E+02     0.1094707E+02
     0.4184112E+02     0.1095890E+02
     0.4181599E+02     0.1095938E+02
     0.4181115E+02     0.1096200E+02
     0.4181103E+02     0.1096775E+02
     0.4179848E+02     0.1096868E+02
     0.4179135E+02     0.1097318E+02
     0.4178896E+02     0.1098196E+02
     0.4178954E+02     0.1098793E+02
     0.4179315E+02     0.1099557E+02
     0.4179342E+02     0.1099614E+02
     0.4179650E+02     0.1099930E+02
     0.4179972E+02     0.1100935E+02
     0.4180377E+02     0.1106286E+02
     0.4180169E+02     0.1109992E+02
     0.4180310E+02     0.1111992E+02
     0.4180905E+02     0.1120441E+02
     0.4180985E+02     0.1124610E+02
     0.4180989E+02     0.1124831E+02
     0.4180850E+02     0.1126099E+02
     0.4180774E+02     0.1131826E+02
     0.4180182E+02     0.1136207E+02
     0.4179982E+02     0.1137183E+02
     0.4179457E+02     0.1139739E+02
     0.4177549E+02     0.1147271E+02
     0.4177344E+02     0.1148747E+02
     0.4177463E+02     0.1149516E+02
     0.4177610E+02     0.1150467E+02
     0.4178385E+02     0.1153166E+02
     0.4179084E+02     0.1154371E+02
     0.4179101E+02     0.1155268E+02
     0.4180351E+02     0.1159637E+02
     0.4180665E+02     0.1161662E+02
     0.4180724E+02     0.1162044E+02
     0.4180533E+02     0.1163014E+02
     0.4182564E+02     0.1169116E+02
     0.4182875E+02     0.1170719E+02
     0.4183685E+02     0.1172797E+02
     0.4184537E+02     0.1173314E+02
     0.4184677E+02     0.1173399E+02
     0.4187738E+02     0.1174789E+02
     0.4188652E+02     0.1174956E+02
     0.4189200E+02     0.1175543E+02
     0.4189695E+02     0.1178178E+02
     0.4190103E+02     0.1178745E+02
     0.4193519E+02     0.1180312E+02
     0.4193823E+02     0.1180509E+02
     0.4196074E+02     0.1181965E+02
     0.4197784E+02     0.1183449E+02
     0.4199994E+02     0.1186557E+02
     0.4200372E+02     0.1187906E+02
     0.4201308E+02     0.1189176E+02
     0.4201775E+02     0.1190042E+02
     0.4202375E+02     0.1191155E+02
     0.4204101E+02     0.1193352E+02
     0.4206662E+02     0.1197579E+02
     0.4209276E+02     0.1200212E+02
     0.4209595E+02     0.1200533E+02
     0.4211335E+02     0.1203351E+02
     0.4211837E+02     0.1203869E+02
     0.4213414E+02     0.1206758E+02
     0.4214033E+02     0.1207275E+02
     0.4214852E+02     0.1207328E+02
     0.4215232E+02     0.1207665E+02
     0.4215644E+02     0.1209496E+02
     0.4215932E+02     0.1210363E+02
     0.4216267E+02     0.1211370E+02
     0.4217022E+02     0.1212849E+02
     0.4218477E+02     0.1214269E+02
     0.4220581E+02     0.1217676E+02
     0.4222308E+02     0.1220860E+02
     0.4222482E+02     0.1221124E+02
     0.4224022E+02     0.1223447E+02
     0.4225772E+02     0.1225504E+02
     0.4230411E+02     0.1229226E+02
     0.4230907E+02     0.1229492E+02
     0.4231388E+02     0.1230064E+02
     0.4231723E+02     0.1230464E+02
     0.4232973E+02     0.1234256E+02
     0.4233039E+02     0.1235151E+02
     0.4233714E+02     0.1237184E+02
     0.4236735E+02     0.1241331E+02
     0.4237378E+02     0.1242213E+02
     0.4238478E+02     0.1243317E+02
     0.4238631E+02     0.1243911E+02
     0.4239403E+02     0.1244999E+02
     0.4244887E+02     0.1251008E+02
     0.4245540E+02     0.1251723E+02
     0.4246397E+02     0.1252394E+02
     0.4247453E+02     0.1252487E+02
     0.4248315E+02     0.1252285E+02
     0.4249074E+02     0.1251694E+02
     0.4252972E+02     0.1250116E+02
     0.4253526E+02     0.1249759E+02
     0.4254029E+02     0.1249197E+02
     0.4254751E+02     0.1249020E+02
     0.4255951E+02     0.1248149E+02
     0.4256709E+02     0.1247598E+02
     0.4259113E+02     0.1245178E+02
     0.4260380E+02     0.1244253E+02
     0.4260973E+02     0.1243551E+02
     0.4261037E+02     0.1243273E+02
     0.4263197E+02     0.1241479E+02
     0.4264177E+02     0.1240331E+02
     0.4265243E+02     0.1239552E+02
     0.4265996E+02     0.1239003E+02
     0.4266544E+02     0.1238745E+02
     0.4266973E+02     0.1237694E+02
     0.4268811E+02     0.1236228E+02
     0.4269648E+02     0.1235956E+02
     0.4270048E+02     0.1237120E+02
     0.4271996E+02     0.1238411E+02
     0.4273894E+02     0.1238507E+02
     0.4274776E+02     0.1239246E+02
     0.4274899E+02     0.1239466E+02
     0.4275654E+02     0.1240814E+02
     0.4276979E+02     0.1241451E+02
     0.4279160E+02     0.1241656E+02
     0.4281124E+02     0.1242577E+02
     0.4281818E+02     0.1243252E+02
     0.4281818E+02     0.1243252E+02
     0.4282215E+02     0.1244255E+02
     0.4282242E+02     0.1245404E+02
     0.4281851E+02     0.1245568E+02
     0.4281270E+02     0.1246829E+02
     0.4280922E+02     0.1246979E+02
     0.4280036E+02     0.1247361E+02
     0.4279679E+02     0.1247778E+02
     0.4279592E+02     0.1250301E+02
     0.4280539E+02     0.1251095E+02
     0.4281551E+02     0.1252513E+02
     0.4281866E+02     0.1253442E+02
     0.4282264E+02     0.1253745E+02
     0.4283733E+02     0.1253808E+02
     0.4284056E+02     0.1254065E+02
     0.4284641E+02     0.1254988E+02
     0.4285640E+02     0.1254869E+02
     0.4285844E+02     0.1255039E+02
     0.4285724E+02     0.1257388E+02
     0.4286208E+02     0.1258193E+02
     0.4286075E+02     0.1258773E+02
     0.4287183E+02     0.1259107E+02
     0.4287365E+02     0.1259559E+02
     0.4287365E+02     0.1259559E+02
     0.4287326E+02     0.1259968E+02
     0.4287006E+02     0.1260842E+02
     0.4288772E+02     0.1262440E+02
     0.4289427E+02     0.1262425E+02
     0.4290839E+02     0.1261690E+02
     0.4291852E+02     0.1261667E+02
     0.4292046E+02     0.1261774E+02
     0.4298615E+02     0.1265372E+02
     0.4299684E+02     0.1265230E+02
     0.4300000E+02     0.1265756E+02
     0.4301008E+02     0.1266191E+02
     0.4311415E+02     0.1270547E+02
     0.4313463E+02     0.1270684E+02
END
END
