dominican_rep.
1
    -0.7082119E+02     0.1833707E+02
    -0.7082560E+02     0.1833040E+02
    -0.7082900E+02     0.1833193E+02
    -0.7081819E+02     0.1834227E+02
    -0.7081644E+02     0.1833932E+02
    -0.7082560E+02     0.1833040E+02
END
2
    -0.7084742E+02     0.1832763E+02
    -0.7085377E+02     0.1832151E+02
    -0.7085479E+02     0.1832401E+02
    -0.7085251E+02     0.1832912E+02
    -0.7083912E+02     0.1833240E+02
    -0.7083666E+02     0.1833015E+02
    -0.7085377E+02     0.1832151E+02
END
3
    -0.7151377E+02     0.1756738E+02
    -0.7147081E+02     0.1758740E+02
    -0.7146578E+02     0.1758753E+02
    -0.7146499E+02     0.1758479E+02
    -0.7146567E+02     0.1758340E+02
    -0.7146878E+02     0.1758332E+02
    -0.7147284E+02     0.1757449E+02
    -0.7149082E+02     0.1755864E+02
    -0.7150706E+02     0.1754881E+02
    -0.7151757E+02     0.1754785E+02
    -0.7152535E+02     0.1754375E+02
    -0.7153898E+02     0.1754316E+02
    -0.7154795E+02     0.1754706E+02
    -0.7155021E+02     0.1755044E+02
    -0.7154991E+02     0.1755688E+02
    -0.7154785E+02     0.1756014E+02
    -0.7154707E+02     0.1756636E+02
    -0.7154675E+02     0.1756715E+02
    -0.7153923E+02     0.1758493E+02
    -0.7153808E+02     0.1759484E+02
    -0.7152523E+02     0.1760619E+02
    -0.7152428E+02     0.1761494E+02
    -0.7152037E+02     0.1762055E+02
    -0.7151679E+02     0.1762087E+02
    -0.7151112E+02     0.1761505E+02
    -0.7150698E+02     0.1761286E+02
    -0.7149811E+02     0.1761240E+02
    -0.7149542E+02     0.1761064E+02
    -0.7148946E+02     0.1760345E+02
    -0.7148432E+02     0.1759095E+02
    -0.7147919E+02     0.1758741E+02
    -0.7147081E+02     0.1758740E+02
END
4
    -0.7163557E+02     0.1747664E+02
    -0.7163715E+02     0.1747009E+02
    -0.7164030E+02     0.1747138E+02
    -0.7164475E+02     0.1747631E+02
    -0.7164436E+02     0.1747931E+02
    -0.7163892E+02     0.1748175E+02
    -0.7163004E+02     0.1748084E+02
    -0.7162634E+02     0.1747681E+02
    -0.7162771E+02     0.1747470E+02
    -0.7163715E+02     0.1747009E+02
END
5
    -0.6918076E+02     0.1901375E+02
    -0.6918247E+02     0.1900857E+02
    -0.6918467E+02     0.1900992E+02
    -0.6918544E+02     0.1901313E+02
    -0.6917995E+02     0.1901779E+02
    -0.6917753E+02     0.1901736E+02
    -0.6917623E+02     0.1901095E+02
    -0.6917741E+02     0.1900910E+02
    -0.6918247E+02     0.1900857E+02
END
6
    -0.6900589E+02     0.1835401E+02
    -0.6899261E+02     0.1834220E+02
    -0.6900008E+02     0.1834257E+02
    -0.6901603E+02     0.1834835E+02
    -0.6902139E+02     0.1835380E+02
    -0.6902142E+02     0.1835656E+02
    -0.6901668E+02     0.1836120E+02
    -0.6901660E+02     0.1837360E+02
    -0.6901379E+02     0.1837938E+02
    -0.6901043E+02     0.1838010E+02
    -0.6900656E+02     0.1837877E+02
    -0.6899310E+02     0.1836125E+02
    -0.6898787E+02     0.1834730E+02
    -0.6898904E+02     0.1834430E+02
    -0.6899261E+02     0.1834220E+02
END
7
    -0.6866169E+02     0.1813653E+02
    -0.6877019E+02     0.1816186E+02
    -0.6877796E+02     0.1816890E+02
    -0.6878168E+02     0.1817896E+02
    -0.6877992E+02     0.1819298E+02
    -0.6877757E+02     0.1819714E+02
    -0.6877362E+02     0.1819862E+02
    -0.6877254E+02     0.1819903E+02
    -0.6876726E+02     0.1819908E+02
    -0.6876168E+02     0.1819455E+02
    -0.6875136E+02     0.1819534E+02
    -0.6874557E+02     0.1819402E+02
    -0.6873734E+02     0.1818791E+02
    -0.6872019E+02     0.1818096E+02
    -0.6870519E+02     0.1817170E+02
    -0.6869820E+02     0.1816993E+02
    -0.6868884E+02     0.1817117E+02
    -0.6868408E+02     0.1817466E+02
    -0.6867711E+02     0.1817472E+02
    -0.6866963E+02     0.1817204E+02
    -0.6866282E+02     0.1816384E+02
    -0.6865627E+02     0.1816352E+02
    -0.6865512E+02     0.1816346E+02
    -0.6864522E+02     0.1815850E+02
    -0.6860033E+02     0.1816191E+02
    -0.6859358E+02     0.1816013E+02
    -0.6857440E+02     0.1814057E+02
    -0.6856729E+02     0.1812709E+02
    -0.6856651E+02     0.1812158E+02
    -0.6856784E+02     0.1811055E+02
    -0.6857382E+02     0.1810820E+02
    -0.6857807E+02     0.1811142E+02
    -0.6858399E+02     0.1811592E+02
    -0.6860566E+02     0.1812099E+02
    -0.6861430E+02     0.1812433E+02
    -0.6861430E+02     0.1812433E+02
    -0.6861845E+02     0.1812593E+02
    -0.6864033E+02     0.1812824E+02
    -0.6864705E+02     0.1812749E+02
    -0.6867030E+02     0.1812058E+02
    -0.6867030E+02     0.1812058E+02
    -0.6869014E+02     0.1811468E+02
    -0.6870347E+02     0.1812017E+02
    -0.6871789E+02     0.1812612E+02
    -0.6873095E+02     0.1812702E+02
    -0.6873095E+02     0.1812702E+02
    -0.6873232E+02     0.1812712E+02
    -0.6874538E+02     0.1813479E+02
    -0.6875042E+02     0.1813520E+02
    -0.6876148E+02     0.1815644E+02
    -0.6876513E+02     0.1816053E+02
    -0.6877019E+02     0.1816186E+02
END
8
    -0.7088330E+02     0.1891136E+02
    -0.7143835E+02     0.1988393E+02
    -0.7143678E+02     0.1988248E+02
    -0.7142429E+02     0.1987889E+02
    -0.7140166E+02     0.1986935E+02
    -0.7139619E+02     0.1986443E+02
    -0.7139619E+02     0.1986443E+02
    -0.7138314E+02     0.1986502E+02
    -0.7136991E+02     0.1985452E+02
    -0.7135310E+02     0.1985264E+02
    -0.7134571E+02     0.1984891E+02
    -0.7132574E+02     0.1984711E+02
    -0.7132108E+02     0.1984522E+02
    -0.7131985E+02     0.1984472E+02
    -0.7131522E+02     0.1984438E+02
    -0.7130853E+02     0.1984799E+02
    -0.7130296E+02     0.1984881E+02
    -0.7129412E+02     0.1984535E+02
    -0.7128587E+02     0.1984556E+02
    -0.7127995E+02     0.1983330E+02
    -0.7127110E+02     0.1983192E+02
    -0.7126526E+02     0.1982929E+02
    -0.7124805E+02     0.1983039E+02
    -0.7124486E+02     0.1982909E+02
    -0.7122820E+02     0.1983294E+02
    -0.7121500E+02     0.1983877E+02
    -0.7121173E+02     0.1984221E+02
    -0.7121173E+02     0.1984221E+02
    -0.7121075E+02     0.1984323E+02
    -0.7120947E+02     0.1985061E+02
    -0.7120655E+02     0.1986722E+02
    -0.7120147E+02     0.1986803E+02
    -0.7118287E+02     0.1985378E+02
    -0.7117462E+02     0.1985443E+02
    -0.7117159E+02     0.1984991E+02
    -0.7117525E+02     0.1984155E+02
    -0.7118128E+02     0.1984003E+02
    -0.7117902E+02     0.1983710E+02
    -0.7117197E+02     0.1983727E+02
    -0.7116730E+02     0.1984404E+02
    -0.7116246E+02     0.1984461E+02
    -0.7116143E+02     0.1985153E+02
    -0.7115977E+02     0.1985317E+02
    -0.7114442E+02     0.1985147E+02
    -0.7114279E+02     0.1985380E+02
    -0.7114428E+02     0.1985515E+02
    -0.7114660E+02     0.1985522E+02
    -0.7115231E+02     0.1985542E+02
    -0.7116161E+02     0.1985818E+02
    -0.7117001E+02     0.1985454E+02
    -0.7117156E+02     0.1985795E+02
    -0.7116444E+02     0.1986432E+02
    -0.7114828E+02     0.1985919E+02
    -0.7113218E+02     0.1985681E+02
    -0.7112688E+02     0.1985831E+02
    -0.7112457E+02     0.1986250E+02
    -0.7111687E+02     0.1986544E+02
    -0.7109940E+02     0.1986608E+02
    -0.7107964E+02     0.1988124E+02
    -0.7107711E+02     0.1988704E+02
    -0.7107953E+02     0.1989571E+02
    -0.7107653E+02     0.1990198E+02
    -0.7106888E+02     0.1990652E+02
    -0.7105724E+02     0.1991690E+02
    -0.7105447E+02     0.1991831E+02
    -0.7103830E+02     0.1992652E+02
    -0.7102283E+02     0.1992986E+02
    -0.7098975E+02     0.1992854E+02
    -0.7096713E+02     0.1991826E+02
    -0.7094593E+02     0.1990633E+02
    -0.7094757E+02     0.1990377E+02
    -0.7095406E+02     0.1990110E+02
    -0.7095687E+02     0.1989690E+02
    -0.7095641E+02     0.1989607E+02
    -0.7095560E+02     0.1989463E+02
    -0.7094163E+02     0.1989931E+02
    -0.7093732E+02     0.1989251E+02
    -0.7092905E+02     0.1989224E+02
    -0.7092838E+02     0.1989409E+02
    -0.7093066E+02     0.1989818E+02
    -0.7093884E+02     0.1990442E+02
    -0.7093916E+02     0.1990740E+02
    -0.7093327E+02     0.1991443E+02
    -0.7092817E+02     0.1991477E+02
    -0.7090462E+02     0.1990611E+02
    -0.7088663E+02     0.1990536E+02
    -0.7088219E+02     0.1990293E+02
    -0.7087684E+02     0.1990258E+02
    -0.7087156E+02     0.1990523E+02
    -0.7086622E+02     0.1990449E+02
    -0.7086156E+02     0.1990384E+02
    -0.7085266E+02     0.1990725E+02
    -0.7084346E+02     0.1990860E+02
    -0.7083533E+02     0.1990418E+02
    -0.7083337E+02     0.1989366E+02
    -0.7082542E+02     0.1988648E+02
    -0.7081586E+02     0.1988301E+02
    -0.7081017E+02     0.1987900E+02
    -0.7079473E+02     0.1986326E+02
    -0.7079782E+02     0.1986044E+02
    -0.7079655E+02     0.1985817E+02
    -0.7079044E+02     0.1985692E+02
    -0.7078664E+02     0.1985057E+02
    -0.7078019E+02     0.1984474E+02
    -0.7077940E+02     0.1984200E+02
    -0.7078246E+02     0.1983789E+02
    -0.7078339E+02     0.1983663E+02
    -0.7078112E+02     0.1983323E+02
    -0.7077650E+02     0.1983264E+02
    -0.7076789E+02     0.1983834E+02
    -0.7074412E+02     0.1983953E+02
    -0.7073821E+02     0.1983622E+02
    -0.7073392E+02     0.1982942E+02
    -0.7072674E+02     0.1982360E+02
    -0.7071472E+02     0.1981750E+02
    -0.7070259E+02     0.1980895E+02
    -0.7070108E+02     0.1980691E+02
    -0.7070370E+02     0.1980456E+02
    -0.7070364E+02     0.1980226E+02
    -0.7069973E+02     0.1980097E+02
    -0.7069470E+02     0.1980406E+02
    -0.7067996E+02     0.1979730E+02
    -0.7067458E+02     0.1979483E+02
    -0.7066789E+02     0.1978946E+02
    -0.7065955E+02     0.1978550E+02
    -0.7065111E+02     0.1977764E+02
    -0.7064717E+02     0.1977565E+02
    -0.7063596E+02     0.1977382E+02
    -0.7063311E+02     0.1976606E+02
    -0.7062992E+02     0.1976452E+02
    -0.7062578E+02     0.1976392E+02
    -0.7061914E+02     0.1977072E+02
    -0.7060606E+02     0.1976134E+02
    -0.7059385E+02     0.1975837E+02
    -0.7058198E+02     0.1975908E+02
    -0.7056898E+02     0.1976525E+02
    -0.7056733E+02     0.1976603E+02
    -0.7055910E+02     0.1976712E+02
    -0.7054842E+02     0.1975677E+02
    -0.7054477E+02     0.1975615E+02
    -0.7053366E+02     0.1975867E+02
    -0.7052973E+02     0.1975646E+02
    -0.7052413E+02     0.1975588E+02
    -0.7051914E+02     0.1976034E+02
    -0.7051864E+02     0.1977046E+02
    -0.7051535E+02     0.1977535E+02
    -0.7050797E+02     0.1978170E+02
    -0.7050005E+02     0.1978576E+02
    -0.7049209E+02     0.1978776E+02
    -0.7046751E+02     0.1978549E+02
    -0.7046174E+02     0.1978744E+02
    -0.7046080E+02     0.1978736E+02
    -0.7045274E+02     0.1978670E+02
    -0.7044290E+02     0.1978115E+02
    -0.7043201E+02     0.1977148E+02
    -0.7041528E+02     0.1976170E+02
    -0.7041024E+02     0.1975307E+02
    -0.7040707E+02     0.1975245E+02
    -0.7039838E+02     0.1975445E+02
    -0.7039591E+02     0.1975266E+02
    -0.7038397E+02     0.1973934E+02
    -0.7036936E+02     0.1971482E+02
    -0.7036852E+02     0.1970978E+02
    -0.7036250E+02     0.1970071E+02
    -0.7035805E+02     0.1969689E+02
    -0.7035046E+02     0.1969359E+02
    -0.7033023E+02     0.1967812E+02
    -0.7031242E+02     0.1966215E+02
    -0.7030331E+02     0.1965612E+02
    -0.7026986E+02     0.1964526E+02
    -0.7025017E+02     0.1964310E+02
    -0.7024075E+02     0.1964534E+02
    -0.7022325E+02     0.1964337E+02
    -0.7020901E+02     0.1963490E+02
    -0.7020817E+02     0.1963500E+02
    -0.7020199E+02     0.1963572E+02
    -0.7018749E+02     0.1963156E+02
    -0.7018749E+02     0.1963156E+02
    -0.7018467E+02     0.1963075E+02
    -0.7017192E+02     0.1962409E+02
    -0.7016150E+02     0.1962451E+02
    -0.7015347E+02     0.1962282E+02
    -0.7012971E+02     0.1962324E+02
    -0.7012466E+02     0.1962540E+02
    -0.7011160E+02     0.1962701E+02
    -0.7010705E+02     0.1962984E+02
    -0.7009930E+02     0.1963067E+02
    -0.7008967E+02     0.1963406E+02
    -0.7008228E+02     0.1964016E+02
    -0.7008228E+02     0.1964016E+02
    -0.7007721E+02     0.1965380E+02
    -0.7006080E+02     0.1967039E+02
    -0.7005094E+02     0.1967470E+02
    -0.7004761E+02     0.1967797E+02
    -0.7003620E+02     0.1967748E+02
    -0.7002945E+02     0.1967966E+02
    -0.7002804E+02     0.1968198E+02
    -0.7002078E+02     0.1968280E+02
    -0.7001368E+02     0.1967948E+02
    -0.7000060E+02     0.1968016E+02
    -0.7000000E+02     0.1968033E+02
    -0.6998395E+02     0.1968504E+02
    -0.6997264E+02     0.1968476E+02
    -0.6996720E+02     0.1968463E+02
    -0.6995618E+02     0.1967908E+02
    -0.6994691E+02     0.1967670E+02
    -0.6993587E+02     0.1966977E+02
    -0.6993428E+02     0.1966290E+02
    -0.6992734E+02     0.1965498E+02
    -0.6991838E+02     0.1965605E+02
    -0.6991077E+02     0.1965067E+02
    -0.6990247E+02     0.1964851E+02
    -0.6989829E+02     0.1964536E+02
    -0.6989146E+02     0.1963054E+02
    -0.6988403E+02     0.1962194E+02
    -0.6988335E+02     0.1961161E+02
    -0.6988346E+02     0.1960964E+02
    -0.6988389E+02     0.1960150E+02
    -0.6989532E+02     0.1957720E+02
    -0.6989350E+02     0.1957103E+02
    -0.6989413E+02     0.1956573E+02
    -0.6990045E+02     0.1955368E+02
    -0.6990118E+02     0.1954081E+02
    -0.6989787E+02     0.1953283E+02
    -0.6988676E+02     0.1952199E+02
    -0.6987701E+02     0.1951893E+02
    -0.6987136E+02     0.1951466E+02
    -0.6986811E+02     0.1950943E+02
    -0.6987007E+02     0.1950256E+02
    -0.6987152E+02     0.1949743E+02
    -0.6987550E+02     0.1948979E+02
    -0.6988420E+02     0.1948873E+02
    -0.6988680E+02     0.1948524E+02
    -0.6988649E+02     0.1948134E+02
    -0.6987781E+02     0.1948355E+02
    -0.6987420E+02     0.1947785E+02
    -0.6987482E+02     0.1945351E+02
    -0.6987012E+02     0.1943521E+02
    -0.6984761E+02     0.1939654E+02
    -0.6984344E+02     0.1938053E+02
    -0.6983266E+02     0.1936428E+02
    -0.6983199E+02     0.1936326E+02
    -0.6981478E+02     0.1934907E+02
    -0.6981123E+02     0.1934040E+02
    -0.6980532E+02     0.1933498E+02
    -0.6979855E+02     0.1932154E+02
    -0.6977882E+02     0.1930164E+02
    -0.6976585E+02     0.1929358E+02
    -0.6975929E+02     0.1929231E+02
    -0.6974850E+02     0.1928398E+02
    -0.6974098E+02     0.1928318E+02
    -0.6973949E+02     0.1928090E+02
    -0.6973709E+02     0.1928209E+02
    -0.6972321E+02     0.1927703E+02
    -0.6971546E+02     0.1927669E+02
    -0.6968775E+02     0.1928308E+02
    -0.6967927E+02     0.1928230E+02
    -0.6967348E+02     0.1928399E+02
    -0.6966249E+02     0.1929174E+02
    -0.6965575E+02     0.1929414E+02
    -0.6964534E+02     0.1929338E+02
    -0.6963739E+02     0.1929533E+02
    -0.6963228E+02     0.1929380E+02
    -0.6961259E+02     0.1929478E+02
    -0.6960568E+02     0.1929512E+02
    -0.6958953E+02     0.1929881E+02
    -0.6958208E+02     0.1930167E+02
    -0.6957780E+02     0.1930610E+02
    -0.6957382E+02     0.1931465E+02
    -0.6956438E+02     0.1931410E+02
    -0.6956223E+02     0.1931551E+02
    -0.6956110E+02     0.1932081E+02
    -0.6955247E+02     0.1932599E+02
    -0.6954521E+02     0.1932587E+02
    -0.6953862E+02     0.1932252E+02
    -0.6953355E+02     0.1932374E+02
    -0.6952902E+02     0.1932748E+02
    -0.6952461E+02     0.1932456E+02
    -0.6952003E+02     0.1932508E+02
    -0.6951499E+02     0.1932791E+02
    -0.6949966E+02     0.1932561E+02
    -0.6949255E+02     0.1932455E+02
    -0.6949255E+02     0.1932455E+02
    -0.6949121E+02     0.1932435E+02
    -0.6948850E+02     0.1932140E+02
    -0.6947304E+02     0.1932277E+02
    -0.6945882E+02     0.1932664E+02
    -0.6945052E+02     0.1932194E+02
    -0.6944591E+02     0.1932154E+02
    -0.6944247E+02     0.1932406E+02
    -0.6944247E+02     0.1932406E+02
    -0.6943822E+02     0.1932486E+02
    -0.6943357E+02     0.1932194E+02
    -0.6942740E+02     0.1931422E+02
    -0.6942450E+02     0.1931472E+02
    -0.6941872E+02     0.1931618E+02
    -0.6941661E+02     0.1932057E+02
    -0.6941154E+02     0.1932156E+02
    -0.6940520E+02     0.1931843E+02
    -0.6939710E+02     0.1931142E+02
    -0.6938837E+02     0.1930971E+02
    -0.6938015E+02     0.1931074E+02
    -0.6936838E+02     0.1930056E+02
    -0.6935802E+02     0.1930346E+02
    -0.6935293E+02     0.1930307E+02
    -0.6934892E+02     0.1929370E+02
    -0.6934135E+02     0.1928944E+02
    -0.6933554E+02     0.1928952E+02
    -0.6933180E+02     0.1928222E+02
    -0.6932578E+02     0.1928414E+02
    -0.6932294E+02     0.1928877E+02
    -0.6932193E+02     0.1930141E+02
    -0.6932008E+02     0.1930695E+02
    -0.6931950E+02     0.1930733E+02
    -0.6928844E+02     0.1932804E+02
    -0.6927396E+02     0.1933052E+02
    -0.6926651E+02     0.1933406E+02
    -0.6926324E+02     0.1934168E+02
    -0.6925869E+02     0.1934519E+02
    -0.6925484E+02     0.1934639E+02
    -0.6924995E+02     0.1934346E+02
    -0.6924706E+02     0.1934488E+02
    -0.6923833E+02     0.1936015E+02
    -0.6923423E+02     0.1936112E+02
    -0.6922939E+02     0.1936141E+02
    -0.6922353E+02     0.1935758E+02
    -0.6921873E+02     0.1936040E+02
    -0.6921532E+02     0.1935929E+02
    -0.6921500E+02     0.1935866E+02
    -0.6921358E+02     0.1935587E+02
    -0.6921423E+02     0.1935058E+02
    -0.6921942E+02     0.1934133E+02
    -0.6923061E+02     0.1932901E+02
    -0.6923697E+02     0.1931653E+02
    -0.6924529E+02     0.1930678E+02
    -0.6925048E+02     0.1929730E+02
    -0.6924995E+02     0.1929386E+02
    -0.6924599E+02     0.1928817E+02
    -0.6924330E+02     0.1928637E+02
    -0.6922633E+02     0.1928428E+02
    -0.6922031E+02     0.1928574E+02
    -0.6920928E+02     0.1929300E+02
    -0.6920300E+02     0.1929354E+02
    -0.6919376E+02     0.1929044E+02
    -0.6918314E+02     0.1929241E+02
    -0.6917527E+02     0.1930032E+02
    -0.6917022E+02     0.1930290E+02
    -0.6916296E+02     0.1930322E+02
    -0.6915834E+02     0.1930121E+02
    -0.6915109E+02     0.1930222E+02
    -0.6914880E+02     0.1929421E+02
    -0.6914989E+02     0.1928547E+02
    -0.6915527E+02     0.1927186E+02
    -0.6916120E+02     0.1926398E+02
    -0.6918250E+02     0.1924763E+02
    -0.6918652E+02     0.1924598E+02
    -0.6918827E+02     0.1924527E+02
    -0.6920142E+02     0.1923431E+02
    -0.6921336E+02     0.1920706E+02
    -0.6921256E+02     0.1920225E+02
    -0.6921371E+02     0.1919787E+02
    -0.6921984E+02     0.1918677E+02
    -0.6922651E+02     0.1917979E+02
    -0.6923423E+02     0.1917854E+02
    -0.6925142E+02     0.1918016E+02
    -0.6926066E+02     0.1918372E+02
    -0.6927254E+02     0.1918540E+02
    -0.6927476E+02     0.1918633E+02
    -0.6928373E+02     0.1919008E+02
    -0.6929435E+02     0.1918902E+02
    -0.6930193E+02     0.1919489E+02
    -0.6930509E+02     0.1919577E+02
    -0.6931329E+02     0.1919382E+02
    -0.6932498E+02     0.1919941E+02
    -0.6933295E+02     0.1919907E+02
    -0.6933696E+02     0.1919236E+02
    -0.6934225E+02     0.1919022E+02
    -0.6936817E+02     0.1919332E+02
    -0.6939799E+02     0.1919127E+02
    -0.6940151E+02     0.1919102E+02
    -0.6940768E+02     0.1918382E+02
    -0.6941059E+02     0.1918424E+02
    -0.6941676E+02     0.1919196E+02
    -0.6943539E+02     0.1919285E+02
    -0.6944662E+02     0.1919958E+02
    -0.6947455E+02     0.1920631E+02
    -0.6949316E+02     0.1920627E+02
    -0.6950947E+02     0.1921224E+02
    -0.6951913E+02     0.1921164E+02
    -0.6952928E+02     0.1921081E+02
    -0.6953973E+02     0.1921387E+02
    -0.6954699E+02     0.1921423E+02
    -0.6956099E+02     0.1921241E+02
    -0.6957316E+02     0.1921683E+02
    -0.6959522E+02     0.1922041E+02
    -0.6960425E+02     0.1922464E+02
    -0.6961128E+02     0.1922568E+02
    -0.6962262E+02     0.1922390E+02
    -0.6962549E+02     0.1922225E+02
    -0.6962856E+02     0.1921738E+02
    -0.6962903E+02     0.1920291E+02
    -0.6962903E+02     0.1920291E+02
    -0.6963148E+02     0.1919047E+02
    -0.6962621E+02     0.1917952E+02
    -0.6962488E+02     0.1917220E+02
    -0.6963026E+02     0.1916201E+02
    -0.6963580E+02     0.1911760E+02
    -0.6963718E+02     0.1911414E+02
    -0.6964847E+02     0.1910960E+02
    -0.6964847E+02     0.1910960E+02
    -0.6963859E+02     0.1909735E+02
    -0.6963206E+02     0.1909356E+02
    -0.6963126E+02     0.1909310E+02
    -0.6961973E+02     0.1908248E+02
    -0.6960358E+02     0.1908501E+02
    -0.6959293E+02     0.1908448E+02
    -0.6956841E+02     0.1909151E+02
    -0.6956141E+02     0.1909230E+02
    -0.6955530E+02     0.1908848E+02
    -0.6954182E+02     0.1909212E+02
    -0.6953674E+02     0.1909151E+02
    -0.6953111E+02     0.1908654E+02
    -0.6952505E+02     0.1908571E+02
    -0.6952215E+02     0.1908598E+02
    -0.6951573E+02     0.1909227E+02
    -0.6951192E+02     0.1909251E+02
    -0.6951090E+02     0.1909257E+02
    -0.6950409E+02     0.1908968E+02
    -0.6949804E+02     0.1908931E+02
    -0.6949363E+02     0.1908547E+02
    -0.6948829E+02     0.1908417E+02
    -0.6948482E+02     0.1907894E+02
    -0.6946168E+02     0.1908248E+02
    -0.6945383E+02     0.1907501E+02
    -0.6944821E+02     0.1907165E+02
    -0.6944579E+02     0.1907139E+02
    -0.6944579E+02     0.1907139E+02
    -0.6944434E+02     0.1907124E+02
    -0.6943758E+02     0.1908695E+02
    -0.6943868E+02     0.1909520E+02
    -0.6944616E+02     0.1909441E+02
    -0.6945145E+02     0.1909227E+02
    -0.6946232E+02     0.1909234E+02
    -0.6946641E+02     0.1909091E+02
    -0.6947389E+02     0.1909057E+02
    -0.6947610E+02     0.1909284E+02
    -0.6947134E+02     0.1909704E+02
    -0.6945283E+02     0.1910327E+02
    -0.6944511E+02     0.1910430E+02
    -0.6942500E+02     0.1910090E+02
    -0.6940858E+02     0.1910205E+02
    -0.6940028E+02     0.1909688E+02
    -0.6939604E+02     0.1908867E+02
    -0.6939604E+02     0.1908867E+02
    -0.6938952E+02     0.1908876E+02
    -0.6938247E+02     0.1908610E+02
    -0.6938049E+02     0.1908337E+02
    -0.6938616E+02     0.1907503E+02
    -0.6938289E+02     0.1906658E+02
    -0.6937476E+02     0.1905681E+02
    -0.6937014E+02     0.1905458E+02
    -0.6934861E+02     0.1905303E+02
    -0.6933907E+02     0.1904535E+02
    -0.6933495E+02     0.1904380E+02
    -0.6933012E+02     0.1904432E+02
    -0.6931234E+02     0.1905099E+02
    -0.6930605E+02     0.1905016E+02
    -0.6929816E+02     0.1903947E+02
    -0.6929255E+02     0.1903633E+02
    -0.6928164E+02     0.1903371E+02
    -0.6927811E+02     0.1903070E+02
    -0.6926183E+02     0.1901675E+02
    -0.6925626E+02     0.1901636E+02
    -0.6924330E+02     0.1902204E+02
    -0.6922525E+02     0.1902663E+02
    -0.6922258E+02     0.1902598E+02
    -0.6920547E+02     0.1901196E+02
    -0.6920547E+02     0.1901196E+02
    -0.6920227E+02     0.1900809E+02
    -0.6919385E+02     0.1900981E+02
    -0.6918581E+02     0.1900578E+02
    -0.6918073E+02     0.1900482E+02
    -0.6917783E+02     0.1900427E+02
    -0.6915762E+02     0.1901049E+02
    -0.6914986E+02     0.1900806E+02
    -0.6914328E+02     0.1900378E+02
    -0.6913869E+02     0.1900360E+02
    -0.6913609E+02     0.1900754E+02
    -0.6913689E+02     0.1901350E+02
    -0.6913496E+02     0.1903098E+02
    -0.6914010E+02     0.1903574E+02
    -0.6914948E+02     0.1903309E+02
    -0.6915366E+02     0.1903764E+02
    -0.6915178E+02     0.1904179E+02
    -0.6913972E+02     0.1904263E+02
    -0.6913048E+02     0.1903838E+02
    -0.6912630E+02     0.1903338E+02
    -0.6912582E+02     0.1903249E+02
    -0.6911613E+02     0.1901444E+02
    -0.6910566E+02     0.1900837E+02
    -0.6909698E+02     0.1901008E+02
    -0.6909126E+02     0.1899775E+02
    -0.6908351E+02     0.1899578E+02
    -0.6908016E+02     0.1899306E+02
    -0.6908016E+02     0.1899306E+02
    -0.6907374E+02     0.1898785E+02
    -0.6906791E+02     0.1898540E+02
    -0.6905727E+02     0.1898438E+02
    -0.6904642E+02     0.1898565E+02
    -0.6902541E+02     0.1898544E+02
    -0.6901941E+02     0.1898732E+02
    -0.6901025E+02     0.1899021E+02
    -0.6900546E+02     0.1899325E+02
    -0.6900239E+02     0.1899810E+02
    -0.6900269E+02     0.1900269E+02
    -0.6901002E+02     0.1900881E+02
    -0.6901127E+02     0.1901201E+02
    -0.6900794E+02     0.1901641E+02
    -0.6898209E+02     0.1901556E+02
    -0.6897729E+02     0.1901791E+02
    -0.6897259E+02     0.1902853E+02
    -0.6896707E+02     0.1903134E+02
    -0.6896272E+02     0.1903116E+02
    -0.6895541E+02     0.1902642E+02
    -0.6895130E+02     0.1902601E+02
    -0.6894411E+02     0.1903022E+02
    -0.6893590E+02     0.1903078E+02
    -0.6893213E+02     0.1902975E+02
    -0.6891893E+02     0.1902614E+02
    -0.6888074E+02     0.1900428E+02
    -0.6886926E+02     0.1899430E+02
    -0.6886586E+02     0.1899296E+02
    -0.6885862E+02     0.1899327E+02
    -0.6884370E+02     0.1899733E+02
    -0.6883909E+02     0.1899554E+02
    -0.6881741E+02     0.1898084E+02
    -0.6881652E+02     0.1898090E+02
    -0.6879907E+02     0.1898195E+02
    -0.6878452E+02     0.1897590E+02
    -0.6877193E+02     0.1897396E+02
    -0.6876204E+02     0.1896458E+02
    -0.6876204E+02     0.1896458E+02
    -0.6875900E+02     0.1896169E+02
    -0.6875102E+02     0.1896132E+02
    -0.6873986E+02     0.1895683E+02
    -0.6871383E+02     0.1893918E+02
    -0.6871065E+02     0.1893531E+02
    -0.6870261E+02     0.1892988E+02
    -0.6870134E+02     0.1892965E+02
    -0.6869657E+02     0.1892879E+02
    -0.6869340E+02     0.1892606E+02
    -0.6868433E+02     0.1891306E+02
    -0.6868070E+02     0.1891096E+02
    -0.6868070E+02     0.1891096E+02
    -0.6867655E+02     0.1890854E+02
    -0.6865000E+02     0.1888675E+02
    -0.6863165E+02     0.1886328E+02
    -0.6860897E+02     0.1884144E+02
    -0.6860262E+02     0.1883415E+02
    -0.6859534E+02     0.1883078E+02
    -0.6858876E+02     0.1882372E+02
    -0.6857709E+02     0.1881533E+02
    -0.6854905E+02     0.1878642E+02
    -0.6854905E+02     0.1878642E+02
    -0.6854736E+02     0.1878644E+02
    -0.6853497E+02     0.1877736E+02
    -0.6853159E+02     0.1877762E+02
    -0.6852633E+02     0.1878134E+02
    -0.6852270E+02     0.1877999E+02
    -0.6850729E+02     0.1875900E+02
    -0.6849565E+02     0.1875290E+02
    -0.6848810E+02     0.1874447E+02
    -0.6846924E+02     0.1873936E+02
    -0.6846297E+02     0.1873918E+02
    -0.6845660E+02     0.1872936E+02
    -0.6844839E+02     0.1872152E+02
    -0.6844444E+02     0.1871775E+02
    -0.6843961E+02     0.1871664E+02
    -0.6843669E+02     0.1871437E+02
    -0.6843250E+02     0.1870499E+02
    -0.6841432E+02     0.1869458E+02
    -0.6840574E+02     0.1867903E+02
    -0.6838993E+02     0.1866401E+02
    -0.6838486E+02     0.1866290E+02
    -0.6838127E+02     0.1866568E+02
    -0.6837598E+02     0.1866641E+02
    -0.6837090E+02     0.1866531E+02
    -0.6836024E+02     0.1865896E+02
    -0.6835093E+02     0.1865092E+02
    -0.6834454E+02     0.1864539E+02
    -0.6834454E+02     0.1864539E+02
    -0.6834154E+02     0.1864281E+02
    -0.6832426E+02     0.1862411E+02
    -0.6832000E+02     0.1860485E+02
    -0.6832913E+02     0.1857517E+02
    -0.6833844E+02     0.1856545E+02
    -0.6834816E+02     0.1854815E+02
    -0.6835195E+02     0.1854350E+02
    -0.6836150E+02     0.1853175E+02
    -0.6836497E+02     0.1851657E+02
    -0.6837737E+02     0.1850224E+02
    -0.6838239E+02     0.1849852E+02
    -0.6838863E+02     0.1849709E+02
    -0.6839210E+02     0.1848145E+02
    -0.6840394E+02     0.1846046E+02
    -0.6842501E+02     0.1844511E+02
    -0.6842593E+02     0.1844444E+02
    -0.6843995E+02     0.1842573E+02
    -0.6844528E+02     0.1840433E+02
    -0.6844364E+02     0.1838414E+02
    -0.6844641E+02     0.1837195E+02
    -0.6845776E+02     0.1835028E+02
    -0.6846323E+02     0.1834403E+02
    -0.6846802E+02     0.1834261E+02
    -0.6847236E+02     0.1834326E+02
    -0.6847802E+02     0.1834044E+02
    -0.6848217E+02     0.1833836E+02
    -0.6851351E+02     0.1834589E+02
    -0.6853620E+02     0.1835327E+02
    -0.6854462E+02     0.1835296E+02
    -0.6855238E+02     0.1835978E+02
    -0.6857656E+02     0.1837150E+02
    -0.6859206E+02     0.1838146E+02
    -0.6859853E+02     0.1838228E+02
    -0.6860002E+02     0.1838369E+02
    -0.6861356E+02     0.1836680E+02
    -0.6861008E+02     0.1835627E+02
    -0.6859785E+02     0.1833664E+02
    -0.6859781E+02     0.1833343E+02
    -0.6860438E+02     0.1831752E+02
    -0.6861835E+02     0.1830201E+02
    -0.6862482E+02     0.1829483E+02
    -0.6862931E+02     0.1828790E+02
    -0.6863863E+02     0.1823846E+02
    -0.6863531E+02     0.1821966E+02
    -0.6863787E+02     0.1821252E+02
    -0.6864018E+02     0.1821240E+02
    -0.6864018E+02     0.1821240E+02
    -0.6864316E+02     0.1821224E+02
    -0.6865018E+02     0.1821677E+02
    -0.6866241E+02     0.1821435E+02
    -0.6866943E+02     0.1821477E+02
    -0.6867251E+02     0.1821494E+02
    -0.6868568E+02     0.1821091E+02
    -0.6870010E+02     0.1821054E+02
    -0.6871623E+02     0.1821360E+02
    -0.6871911E+02     0.1821288E+02
    -0.6872960E+02     0.1820520E+02
    -0.6873465E+02     0.1820561E+02
    -0.6873351E+02     0.1821136E+02
    -0.6872779E+02     0.1821509E+02
    -0.6872566E+02     0.1821833E+02
    -0.6872713E+02     0.1822130E+02
    -0.6873148E+02     0.1822309E+02
    -0.6874374E+02     0.1822297E+02
    -0.6874538E+02     0.1821928E+02
    -0.6874484E+02     0.1821423E+02
    -0.6874095E+02     0.1821060E+02
    -0.6874786E+02     0.1820456E+02
    -0.6874954E+02     0.1820523E+02
    -0.6875108E+02     0.1821279E+02
    -0.6874975E+02     0.1822268E+02
    -0.6875054E+02     0.1822553E+02
    -0.6875054E+02     0.1822553E+02
    -0.6875250E+02     0.1823252E+02
    -0.6877357E+02     0.1826605E+02
    -0.6878149E+02     0.1828618E+02
    -0.6878959E+02     0.1829964E+02
    -0.6880277E+02     0.1831742E+02
    -0.6880987E+02     0.1832698E+02
    -0.6881847E+02     0.1834181E+02
    -0.6883964E+02     0.1836225E+02
    -0.6884559E+02     0.1837711E+02
    -0.6884948E+02     0.1838051E+02
    -0.6887199E+02     0.1839198E+02
    -0.6889520E+02     0.1840000E+02
    -0.6891106E+02     0.1839845E+02
    -0.6891419E+02     0.1839933E+02
    -0.6891547E+02     0.1840483E+02
    -0.6892390E+02     0.1840565E+02
    -0.6893165E+02     0.1840993E+02
    -0.6894392E+02     0.1840979E+02
    -0.6895291E+02     0.1841658E+02
    -0.6895631E+02     0.1841644E+02
    -0.6896085E+02     0.1841626E+02
    -0.6896468E+02     0.1841438E+02
    -0.6897085E+02     0.1840765E+02
    -0.6897707E+02     0.1840459E+02
    -0.6901334E+02     0.1840073E+02
    -0.6904021E+02     0.1839399E+02
    -0.6906812E+02     0.1839366E+02
    -0.6908282E+02     0.1839601E+02
    -0.6909390E+02     0.1839680E+02
    -0.6910356E+02     0.1839944E+02
    -0.6911785E+02     0.1840615E+02
    -0.6913425E+02     0.1840847E+02
    -0.6914700E+02     0.1840809E+02
    -0.6916780E+02     0.1841609E+02
    -0.6917583E+02     0.1842173E+02
    -0.6918404E+02     0.1842393E+02
    -0.6919355E+02     0.1843253E+02
    -0.6919505E+02     0.1844377E+02
    -0.6919517E+02     0.1844468E+02
    -0.6920129E+02     0.1845172E+02
    -0.6920876E+02     0.1845255E+02
    -0.6923947E+02     0.1844572E+02
    -0.6926905E+02     0.1844442E+02
    -0.6928677E+02     0.1843799E+02
    -0.6929736E+02     0.1843762E+02
    -0.6930078E+02     0.1844125E+02
    -0.6930824E+02     0.1844138E+02
    -0.6931141E+02     0.1844409E+02
    -0.6930715E+02     0.1844920E+02
    -0.6931401E+02     0.1845669E+02
    -0.6931822E+02     0.1846490E+02
    -0.6932555E+02     0.1847192E+02
    -0.6932645E+02     0.1846800E+02
    -0.6932132E+02     0.1846279E+02
    -0.6931737E+02     0.1845595E+02
    -0.6931388E+02     0.1844842E+02
    -0.6931905E+02     0.1843963E+02
    -0.6931874E+02     0.1843550E+02
    -0.6932157E+02     0.1843133E+02
    -0.6932874E+02     0.1842825E+02
    -0.6933679E+02     0.1842688E+02
    -0.6934194E+02     0.1842600E+02
    -0.6937157E+02     0.1842790E+02
    -0.6938654E+02     0.1843022E+02
    -0.6940554E+02     0.1842996E+02
    -0.6944060E+02     0.1842442E+02
    -0.6944896E+02     0.1842086E+02
    -0.6946726E+02     0.1841799E+02
    -0.6949450E+02     0.1840942E+02
    -0.6952286E+02     0.1840671E+02
    -0.6953368E+02     0.1840656E+02
    -0.6954919E+02     0.1841322E+02
    -0.6956604E+02     0.1842790E+02
    -0.6957150E+02     0.1843792E+02
    -0.6958025E+02     0.1844284E+02
    -0.6958250E+02     0.1844390E+02
    -0.6958971E+02     0.1844729E+02
    -0.6960059E+02     0.1844988E+02
    -0.6960925E+02     0.1844975E+02
    -0.6962221E+02     0.1844726E+02
    -0.6962931E+02     0.1844050E+02
    -0.6962872E+02     0.1843362E+02
    -0.6962195E+02     0.1841811E+02
    -0.6962163E+02     0.1841306E+02
    -0.6962749E+02     0.1840379E+02
    -0.6963567E+02     0.1840366E+02
    -0.6965790E+02     0.1840907E+02
    -0.6966526E+02     0.1841321E+02
    -0.6966664E+02     0.1841398E+02
    -0.6967763E+02     0.1842300E+02
    -0.6968066E+02     0.1843168E+02
    -0.6968038E+02     0.1844293E+02
    -0.6968165E+02     0.1844682E+02
    -0.6969118E+02     0.1845471E+02
    -0.6970177E+02     0.1845523E+02
    -0.6974480E+02     0.1846489E+02
    -0.6976797E+02     0.1846518E+02
    -0.6976936E+02     0.1846519E+02
    -0.6978289E+02     0.1846796E+02
    -0.6980257E+02     0.1846512E+02
    -0.6983467E+02     0.1846919E+02
    -0.6987530E+02     0.1846600E+02
    -0.6987951E+02     0.1848545E+02
    -0.6988219E+02     0.1848724E+02
    -0.6988526E+02     0.1848421E+02
    -0.6988029E+02     0.1847533E+02
    -0.6988306E+02     0.1846955E+02
    -0.6990502E+02     0.1846244E+02
    -0.6990700E+02     0.1846180E+02
    -0.6991603E+02     0.1845568E+02
    -0.6992854E+02     0.1844284E+02
    -0.6995452E+02     0.1842932E+02
    -0.6997298E+02     0.1842533E+02
    -0.7000000E+02     0.1842447E+02
    -0.7000473E+02     0.1842432E+02
    -0.7001425E+02     0.1841865E+02
    -0.7001610E+02     0.1842734E+02
    -0.7001946E+02     0.1842705E+02
    -0.7002111E+02     0.1842519E+02
    -0.7002076E+02     0.1841945E+02
    -0.7002877E+02     0.1839796E+02
    -0.7004892E+02     0.1837051E+02
    -0.7005690E+02     0.1836004E+02
    -0.7006580E+02     0.1834772E+02
    -0.7007706E+02     0.1832088E+02
    -0.7008241E+02     0.1831206E+02
    -0.7008729E+02     0.1830936E+02
    -0.7009954E+02     0.1830257E+02
    -0.7010636E+02     0.1829510E+02
    -0.7011399E+02     0.1827958E+02
    -0.7012514E+02     0.1827226E+02
    -0.7013335E+02     0.1826155E+02
    -0.7014512E+02     0.1823746E+02
    -0.7015054E+02     0.1823208E+02
    -0.7015605E+02     0.1823107E+02
    -0.7016021E+02     0.1823466E+02
    -0.7017557E+02     0.1823347E+02
    -0.7018611E+02     0.1823167E+02
    -0.7019238E+02     0.1823224E+02
    -0.7020473E+02     0.1823730E+02
    -0.7021098E+02     0.1823672E+02
    -0.7022449E+02     0.1822752E+02
    -0.7023235E+02     0.1822416E+02
    -0.7023716E+02     0.1822407E+02
    -0.7025712E+02     0.1823586E+02
    -0.7027237E+02     0.1824109E+02
    -0.7028535E+02     0.1824084E+02
    -0.7029692E+02     0.1823564E+02
    -0.7029868E+02     0.1823485E+02
    -0.7031637E+02     0.1822969E+02
    -0.7033388E+02     0.1822798E+02
    -0.7034693E+02     0.1823141E+02
    -0.7036281E+02     0.1823202E+02
    -0.7036815E+02     0.1823421E+02
    -0.7037446E+02     0.1823685E+02
    -0.7038434E+02     0.1823803E+02
    -0.7039825E+02     0.1823684E+02
    -0.7041159E+02     0.1823107E+02
    -0.7042214E+02     0.1822972E+02
    -0.7042976E+02     0.1822612E+02
    -0.7043754E+02     0.1821931E+02
    -0.7044823E+02     0.1821404E+02
    -0.7049009E+02     0.1819827E+02
    -0.7050163E+02     0.1819392E+02
    -0.7050739E+02     0.1819358E+02
    -0.7051626E+02     0.1820304E+02
    -0.7052283E+02     0.1820681E+02
    -0.7053509E+02     0.1820679E+02
    -0.7055326E+02     0.1820252E+02
    -0.7056072E+02     0.1820306E+02
    -0.7056643E+02     0.1821075E+02
    -0.7056149E+02     0.1821544E+02
    -0.7055686E+02     0.1822357E+02
    -0.7055096E+02     0.1822828E+02
    -0.7054594E+02     0.1822931E+02
    -0.7054399E+02     0.1822820E+02
    -0.7054344E+02     0.1822522E+02
    -0.7054737E+02     0.1821825E+02
    -0.7054667E+02     0.1821699E+02
    -0.7054461E+02     0.1821326E+02
    -0.7053885E+02     0.1821338E+02
    -0.7053410E+02     0.1821623E+02
    -0.7051750E+02     0.1821564E+02
    -0.7051131E+02     0.1821807E+02
    -0.7050829E+02     0.1822272E+02
    -0.7051247E+02     0.1822723E+02
    -0.7052148E+02     0.1823210E+02
    -0.7053107E+02     0.1823121E+02
    -0.7053548E+02     0.1823434E+02
    -0.7055275E+02     0.1825397E+02
    -0.7055738E+02     0.1825686E+02
    -0.7057235E+02     0.1825953E+02
    -0.7057578E+02     0.1826199E+02
    -0.7057777E+02     0.1826494E+02
    -0.7058623E+02     0.1827739E+02
    -0.7058903E+02     0.1828399E+02
    -0.7058775E+02     0.1829136E+02
    -0.7057859E+02     0.1831153E+02
    -0.7057118E+02     0.1831352E+02
    -0.7056841E+02     0.1831863E+02
    -0.7057446E+02     0.1834101E+02
    -0.7057459E+02     0.1834698E+02
    -0.7056844E+02     0.1836203E+02
    -0.7057654E+02     0.1838965E+02
    -0.7057677E+02     0.1839231E+02
    -0.7057751E+02     0.1840042E+02
    -0.7058154E+02     0.1840837E+02
    -0.7059938E+02     0.1842018E+02
    -0.7062474E+02     0.1842402E+02
    -0.7064198E+02     0.1843032E+02
    -0.7065353E+02     0.1843008E+02
    -0.7066082E+02     0.1843314E+02
    -0.7067525E+02     0.1843261E+02
    -0.7068480E+02     0.1842942E+02
    -0.7068592E+02     0.1842595E+02
    -0.7068572E+02     0.1842520E+02
    -0.7068513E+02     0.1842298E+02
    -0.7068748E+02     0.1842064E+02
    -0.7069701E+02     0.1841630E+02
    -0.7070348E+02     0.1841501E+02
    -0.7070488E+02     0.1841338E+02
    -0.7070168E+02     0.1839990E+02
    -0.7070261E+02     0.1837875E+02
    -0.7071937E+02     0.1836485E+02
    -0.7072356E+02     0.1835924E+02
    -0.7074542E+02     0.1834752E+02
    -0.7075167E+02     0.1834739E+02
    -0.7075654E+02     0.1834958E+02
    -0.7078345E+02     0.1834808E+02
    -0.7078590E+02     0.1834876E+02
    -0.7078805E+02     0.1834936E+02
    -0.7079199E+02     0.1835318E+02
    -0.7079395E+02     0.1835451E+02
    -0.7080369E+02     0.1835935E+02
    -0.7080817E+02     0.1834571E+02
    -0.7081389E+02     0.1834328E+02
    -0.7081701E+02     0.1834322E+02
    -0.7082336E+02     0.1834721E+02
    -0.7082582E+02     0.1833958E+02
    -0.7082964E+02     0.1833789E+02
    -0.7083137E+02     0.1833992E+02
    -0.7082928E+02     0.1834318E+02
    -0.7083129E+02     0.1834658E+02
    -0.7083545E+02     0.1834947E+02
    -0.7084097E+02     0.1834866E+02
    -0.7085349E+02     0.1833920E+02
    -0.7086501E+02     0.1831897E+02
    -0.7086417E+02     0.1831416E+02
    -0.7087192E+02     0.1830641E+02
    -0.7088565E+02     0.1828797E+02
    -0.7088909E+02     0.1828470E+02
    -0.7090304E+02     0.1827150E+02
    -0.7091719E+02     0.1826062E+02
    -0.7092600E+02     0.1825721E+02
    -0.7094111E+02     0.1825549E+02
    -0.7095471E+02     0.1825151E+02
    -0.7095787E+02     0.1825258E+02
    -0.7096945E+02     0.1826380E+02
    -0.7097192E+02     0.1827546E+02
    -0.7097818E+02     0.1828542E+02
    -0.7098594E+02     0.1829285E+02
    -0.7098755E+02     0.1829439E+02
    -0.7099107E+02     0.1830051E+02
    -0.7099474E+02     0.1830318E+02
    -0.7100269E+02     0.1830346E+02
    -0.7101633E+02     0.1831003E+02
    -0.7102455E+02     0.1831168E+02
    -0.7103745E+02     0.1831735E+02
    -0.7105257E+02     0.1831631E+02
    -0.7106207E+02     0.1831150E+02
    -0.7109542E+02     0.1828087E+02
    -0.7110091E+02     0.1826995E+02
    -0.7110264E+02     0.1826233E+02
    -0.7110069E+02     0.1825204E+02
    -0.7109615E+02     0.1824411E+02
    -0.7109076E+02     0.1824033E+02
    -0.7108981E+02     0.1823186E+02
    -0.7108049E+02     0.1822450E+02
    -0.7107867E+02     0.1821949E+02
    -0.7108488E+02     0.1820878E+02
    -0.7108307E+02     0.1820354E+02
    -0.7107983E+02     0.1819948E+02
    -0.7107064E+02     0.1819281E+02
    -0.7106187E+02     0.1817418E+02
    -0.7106139E+02     0.1817356E+02
    -0.7105093E+02     0.1815997E+02
    -0.7105032E+02     0.1815493E+02
    -0.7105212E+02     0.1815007E+02
    -0.7105656E+02     0.1814560E+02
    -0.7106554E+02     0.1811187E+02
    -0.7107054E+02     0.1810073E+02
    -0.7108295E+02     0.1807909E+02
    -0.7108578E+02     0.1807695E+02
    -0.7109098E+02     0.1806466E+02
    -0.7110097E+02     0.1806098E+02
    -0.7110750E+02     0.1805348E+02
    -0.7110931E+02     0.1804953E+02
    -0.7110916E+02     0.1804357E+02
    -0.7113165E+02     0.1802191E+02
    -0.7113321E+02     0.1800833E+02
    -0.7114193E+02     0.1800215E+02
    -0.7114673E+02     0.1799308E+02
    -0.7115549E+02     0.1798828E+02
    -0.7116293E+02     0.1797960E+02
    -0.7116930E+02     0.1796637E+02
    -0.7119169E+02     0.1793276E+02
    -0.7119724E+02     0.1792561E+02
    -0.7120004E+02     0.1792200E+02
    -0.7120782E+02     0.1791676E+02
    -0.7121842E+02     0.1790066E+02
    -0.7122311E+02     0.1789642E+02
    -0.7123161E+02     0.1789139E+02
    -0.7124401E+02     0.1787960E+02
    -0.7124978E+02     0.1788015E+02
    -0.7125391E+02     0.1787293E+02
    -0.7126579E+02     0.1786024E+02
    -0.7127139E+02     0.1784564E+02
    -0.7127139E+02     0.1784564E+02
    -0.7127552E+02     0.1784738E+02
    -0.7127757E+02     0.1785238E+02
    -0.7128118E+02     0.1785275E+02
    -0.7128220E+02     0.1785147E+02
    -0.7128397E+02     0.1784924E+02
    -0.7128494E+02     0.1783245E+02
    -0.7128648E+02     0.1782880E+02
    -0.7128648E+02     0.1782880E+02
    -0.7128787E+02     0.1782549E+02
    -0.7129237E+02     0.1782309E+02
    -0.7130077E+02     0.1782357E+02
    -0.7130692E+02     0.1782020E+02
    -0.7131298E+02     0.1781408E+02
    -0.7134308E+02     0.1775754E+02
    -0.7134393E+02     0.1775385E+02
    -0.7134266E+02     0.1775039E+02
    -0.7134580E+02     0.1774347E+02
    -0.7134958E+02     0.1772409E+02
    -0.7136455E+02     0.1769341E+02
    -0.7136342E+02     0.1768724E+02
    -0.7136515E+02     0.1768054E+02
    -0.7136892E+02     0.1767814E+02
    -0.7137250E+02     0.1766910E+02
    -0.7138139E+02     0.1766153E+02
    -0.7138771E+02     0.1764760E+02
    -0.7139494E+02     0.1763862E+02
    -0.7139581E+02     0.1763752E+02
    -0.7139902E+02     0.1762344E+02
    -0.7140360E+02     0.1761620E+02
    -0.7141171E+02     0.1761508E+02
    -0.7141865E+02     0.1760595E+02
    -0.7142178E+02     0.1760656E+02
    -0.7142986E+02     0.1762127E+02
    -0.7143867E+02     0.1762794E+02
    -0.7144531E+02     0.1764269E+02
    -0.7145827E+02     0.1765223E+02
    -0.7147054E+02     0.1766918E+02
    -0.7147099E+02     0.1766981E+02
    -0.7147611E+02     0.1768139E+02
    -0.7147990E+02     0.1769644E+02
    -0.7149077E+02     0.1771637E+02
    -0.7149893E+02     0.1772534E+02
    -0.7150255E+02     0.1773443E+02
    -0.7151018E+02     0.1774135E+02
    -0.7152482E+02     0.1775038E+02
    -0.7152929E+02     0.1775555E+02
    -0.7154871E+02     0.1776240E+02
    -0.7155229E+02     0.1776367E+02
    -0.7158093E+02     0.1776751E+02
    -0.7162537E+02     0.1776220E+02
    -0.7164268E+02     0.1775577E+02
    -0.7165365E+02     0.1775364E+02
    -0.7165927E+02     0.1775716E+02
    -0.7166917E+02     0.1775988E+02
    -0.7167556E+02     0.1776362E+02
    -0.7168382E+02     0.1776844E+02
    -0.7168459E+02     0.1777049E+02
    -0.7167054E+02     0.1777339E+02
    -0.7165954E+02     0.1778264E+02
    -0.7164996E+02     0.1780747E+02
    -0.7163393E+02     0.1780835E+02
    -0.7162957E+02     0.1781513E+02
    -0.7162518E+02     0.1782925E+02
    -0.7162592E+02     0.1783773E+02
    -0.7163055E+02     0.1784840E+02
    -0.7163229E+02     0.1785012E+02
    -0.7163895E+02     0.1785667E+02
    -0.7165307E+02     0.1788821E+02
    -0.7166672E+02     0.1789542E+02
    -0.7167194E+02     0.1790171E+02
    -0.7166898E+02     0.1790661E+02
    -0.7166065E+02     0.1790936E+02
    -0.7165762E+02     0.1791220E+02
    -0.7165311E+02     0.1792196E+02
    -0.7165174E+02     0.1793256E+02
    -0.7166040E+02     0.1794932E+02
    -0.7166069E+02     0.1795093E+02
    -0.7166299E+02     0.1796372E+02
    -0.7166826E+02     0.1797161E+02
    -0.7168079E+02     0.1798138E+02
    -0.7169612E+02     0.1799612E+02
    -0.7171288E+02     0.1800279E+02
    -0.7171707E+02     0.1800612E+02
    -0.7172586E+02     0.1801897E+02
    -0.7173346E+02     0.1802428E+02
    -0.7174634E+02     0.1802921E+02
    -0.7175405E+02     0.1803015E+02
    -0.7175405E+02     0.1803015E+02
    -0.7175013E+02     0.1803554E+02
    -0.7174863E+02     0.1804155E+02
    -0.7174097E+02     0.1805048E+02
    -0.7173914E+02     0.1806133E+02
    -0.7173369E+02     0.1807181E+02
    -0.7173154E+02     0.1808013E+02
    -0.7173406E+02     0.1809200E+02
    -0.7173177E+02     0.1809597E+02
    -0.7173330E+02     0.1809869E+02
    -0.7174080E+02     0.1810032E+02
    -0.7174291E+02     0.1810669E+02
    -0.7174395E+02     0.1811723E+02
    -0.7174123E+02     0.1813039E+02
    -0.7174391E+02     0.1813973E+02
    -0.7174299E+02     0.1814286E+02
    -0.7174282E+02     0.1814344E+02
    -0.7175072E+02     0.1814276E+02
    -0.7175454E+02     0.1814955E+02
    -0.7176112E+02     0.1815258E+02
    -0.7176328E+02     0.1816033E+02
    -0.7176626E+02     0.1816347E+02
    -0.7177481E+02     0.1816806E+02
    -0.7177986E+02     0.1817503E+02
    -0.7177986E+02     0.1817503E+02
    -0.7176818E+02     0.1819904E+02
    -0.7176532E+02     0.1821728E+02
    -0.7175541E+02     0.1822663E+02
    -0.7175430E+02     0.1823509E+02
    -0.7172414E+02     0.1828717E+02
    -0.7169286E+02     0.1834117E+02
    -0.7175516E+02     0.1836629E+02
    -0.7178638E+02     0.1837888E+02
    -0.7179956E+02     0.1838760E+02
    -0.7180804E+02     0.1839840E+02
    -0.7182587E+02     0.1840375E+02
    -0.7183883E+02     0.1842805E+02
    -0.7185748E+02     0.1843719E+02
    -0.7190025E+02     0.1845815E+02
    -0.7190446E+02     0.1848462E+02
    -0.7188625E+02     0.1848967E+02
    -0.7187763E+02     0.1849558E+02
    -0.7187792E+02     0.1850508E+02
    -0.7188923E+02     0.1851677E+02
    -0.7195224E+02     0.1858185E+02
    -0.7195806E+02     0.1858577E+02
    -0.7195924E+02     0.1860069E+02
    -0.7196296E+02     0.1860602E+02
    -0.7197227E+02     0.1860951E+02
    -0.7197306E+02     0.1860981E+02
    -0.7197906E+02     0.1861916E+02
    -0.7198557E+02     0.1862237E+02
    -0.7199762E+02     0.1861999E+02
    -0.7200349E+02     0.1862527E+02
    -0.7199802E+02     0.1863289E+02
    -0.7198452E+02     0.1863464E+02
    -0.7197683E+02     0.1863961E+02
    -0.7196585E+02     0.1865351E+02
    -0.7195734E+02     0.1865511E+02
    -0.7194583E+02     0.1865203E+02
    -0.7192826E+02     0.1864115E+02
    -0.7192693E+02     0.1864033E+02
    -0.7191908E+02     0.1863987E+02
    -0.7190649E+02     0.1864837E+02
    -0.7189721E+02     0.1864795E+02
    -0.7187748E+02     0.1863218E+02
    -0.7187027E+02     0.1862966E+02
    -0.7185912E+02     0.1863813E+02
    -0.7183464E+02     0.1863064E+02
    -0.7182051E+02     0.1863511E+02
    -0.7181332E+02     0.1863326E+02
    -0.7181114E+02     0.1863465E+02
    -0.7180772E+02     0.1863681E+02
    -0.7180373E+02     0.1864643E+02
    -0.7180548E+02     0.1865726E+02
    -0.7179586E+02     0.1869354E+02
    -0.7178525E+02     0.1869655E+02
    -0.7177567E+02     0.1871040E+02
    -0.7174886E+02     0.1872063E+02
    -0.7174192E+02     0.1872676E+02
    -0.7173773E+02     0.1873045E+02
    -0.7173109E+02     0.1874762E+02
    -0.7172153E+02     0.1878661E+02
    -0.7171696E+02     0.1882547E+02
    -0.7172185E+02     0.1884641E+02
    -0.7172203E+02     0.1884836E+02
    -0.7172290E+02     0.1885793E+02
    -0.7172057E+02     0.1887567E+02
    -0.7173200E+02     0.1887604E+02
    -0.7173956E+02     0.1889011E+02
    -0.7174909E+02     0.1889869E+02
    -0.7176581E+02     0.1890844E+02
    -0.7177161E+02     0.1892962E+02
    -0.7177161E+02     0.1892962E+02
    -0.7177641E+02     0.1894715E+02
    -0.7177929E+02     0.1894795E+02
    -0.7178240E+02     0.1895231E+02
    -0.7178282E+02     0.1895291E+02
    -0.7179247E+02     0.1895219E+02
    -0.7180180E+02     0.1895722E+02
    -0.7181051E+02     0.1895767E+02
    -0.7183035E+02     0.1896677E+02
    -0.7183930E+02     0.1896721E+02
    -0.7183944E+02     0.1895595E+02
    -0.7184399E+02     0.1895490E+02
    -0.7184550E+02     0.1895670E+02
    -0.7185429E+02     0.1895990E+02
    -0.7185812E+02     0.1895865E+02
    -0.7185966E+02     0.1894620E+02
    -0.7186154E+02     0.1894431E+02
    -0.7187463E+02     0.1894579E+02
    -0.7187886E+02     0.1894199E+02
    -0.7188345E+02     0.1894209E+02
    -0.7188239E+02     0.1895430E+02
    -0.7188121E+02     0.1895548E+02
    -0.7187422E+02     0.1895590E+02
    -0.7187241E+02     0.1895986E+02
    -0.7187429E+02     0.1896578E+02
    -0.7187341E+02     0.1896879E+02
    -0.7186845E+02     0.1897215E+02
    -0.7186639E+02     0.1897588E+02
    -0.7186701E+02     0.1898046E+02
    -0.7186240E+02     0.1897989E+02
    -0.7185814E+02     0.1897473E+02
    -0.7185455E+02     0.1897598E+02
    -0.7184096E+02     0.1899726E+02
    -0.7183667E+02     0.1899921E+02
    -0.7183257E+02     0.1899933E+02
    -0.7182314E+02     0.1899155E+02
    -0.7181567E+02     0.1899175E+02
    -0.7180591E+02     0.1899661E+02
    -0.7180100E+02     0.1900203E+02
    -0.7179762E+02     0.1900235E+02
    -0.7179612E+02     0.1899252E+02
    -0.7179145E+02     0.1899012E+02
    -0.7178883E+02     0.1899111E+02
    -0.7178745E+02     0.1899367E+02
    -0.7178960E+02     0.1900051E+02
    -0.7178735E+02     0.1900608E+02
    -0.7178254E+02     0.1900775E+02
    -0.7177875E+02     0.1900907E+02
    -0.7177639E+02     0.1901120E+02
    -0.7177924E+02     0.1901733E+02
    -0.7177248E+02     0.1902555E+02
    -0.7176891E+02     0.1902726E+02
    -0.7176307E+02     0.1902604E+02
    -0.7176185E+02     0.1903342E+02
    -0.7174955E+02     0.1904226E+02
    -0.7174773E+02     0.1904621E+02
    -0.7174334E+02     0.1904472E+02
    -0.7173911E+02     0.1904047E+02
    -0.7173606E+02     0.1904377E+02
    -0.7173544E+02     0.1904700E+02
    -0.7172514E+02     0.1905027E+02
    -0.7171945E+02     0.1905409E+02
    -0.7171529E+02     0.1906018E+02
    -0.7171613E+02     0.1906406E+02
    -0.7171475E+02     0.1906640E+02
    -0.7170652E+02     0.1906593E+02
    -0.7170469E+02     0.1906942E+02
    -0.7170563E+02     0.1907306E+02
    -0.7171094E+02     0.1907615E+02
    -0.7171149E+02     0.1907843E+02
    -0.7170871E+02     0.1908241E+02
    -0.7170100E+02     0.1908353E+02
    -0.7169805E+02     0.1908982E+02
    -0.7169910E+02     0.1909278E+02
    -0.7170581E+02     0.1909857E+02
    -0.7170374E+02     0.1910207E+02
    -0.7170065E+02     0.1910376E+02
    -0.7169339E+02     0.1910372E+02
    -0.7168501E+02     0.1909821E+02
    -0.7168066E+02     0.1909855E+02
    -0.7167094E+02     0.1910501E+02
    -0.7165571E+02     0.1910473E+02
    -0.7164833E+02     0.1910860E+02
    -0.7164081E+02     0.1911592E+02
    -0.7163767E+02     0.1912427E+02
    -0.7163396E+02     0.1912943E+02
    -0.7163523E+02     0.1913169E+02
    -0.7163467E+02     0.1913722E+02
    -0.7163276E+02     0.1913886E+02
    -0.7162807E+02     0.1914290E+02
    -0.7162840E+02     0.1914565E+02
    -0.7163421E+02     0.1914596E+02
    -0.7163719E+02     0.1915691E+02
    -0.7162782E+02     0.1916726E+02
    -0.7162496E+02     0.1917675E+02
    -0.7162094E+02     0.1917985E+02
    -0.7162106E+02     0.1918375E+02
    -0.7162488E+02     0.1919031E+02
    -0.7162926E+02     0.1919111E+02
    -0.7163128E+02     0.1919405E+02
    -0.7162965E+02     0.1919639E+02
    -0.7162048E+02     0.1919709E+02
    -0.7161336E+02     0.1920164E+02
    -0.7161345E+02     0.1920462E+02
    -0.7161767E+02     0.1920819E+02
    -0.7161857E+02     0.1921414E+02
    -0.7163229E+02     0.1922802E+02
    -0.7163842E+02     0.1923084E+02
    -0.7165122E+02     0.1923027E+02
    -0.7166195E+02     0.1923275E+02
    -0.7166958E+02     0.1923714E+02
    -0.7168922E+02     0.1923845E+02
    -0.7169830E+02     0.1924280E+02
    -0.7170379E+02     0.1924817E+02
    -0.7170724E+02     0.1925818E+02
    -0.7171274E+02     0.1926424E+02
    -0.7171863E+02     0.1926684E+02
    -0.7172055E+02     0.1927437E+02
    -0.7172584E+02     0.1927308E+02
    -0.7172946E+02     0.1926494E+02
    -0.7173382E+02     0.1926505E+02
    -0.7173511E+02     0.1926686E+02
    -0.7173583E+02     0.1927556E+02
    -0.7174386E+02     0.1927695E+02
    -0.7174708E+02     0.1927917E+02
    -0.7175219E+02     0.1928822E+02
    -0.7175541E+02     0.1929066E+02
    -0.7175542E+02     0.1929893E+02
    -0.7176489E+02     0.1931567E+02
    -0.7177835E+02     0.1932840E+02
    -0.7178707E+02     0.1933363E+02
    -0.7176167E+02     0.1933844E+02
    -0.7176167E+02     0.1933844E+02
    -0.7175006E+02     0.1934063E+02
    -0.7174438E+02     0.1934956E+02
    -0.7173209E+02     0.1935867E+02
    -0.7171317E+02     0.1936669E+02
    -0.7170330E+02     0.1936821E+02
    -0.7169067E+02     0.1936541E+02
    -0.7169395E+02     0.1938901E+02
    -0.7169484E+02     0.1939539E+02
    -0.7168792E+02     0.1940748E+02
    -0.7168818E+02     0.1941625E+02
    -0.7167503E+02     0.1944168E+02
    -0.7167597E+02     0.1945106E+02
    -0.7168850E+02     0.1947267E+02
    -0.7168850E+02     0.1947267E+02
    -0.7169143E+02     0.1947317E+02
    -0.7169401E+02     0.1947839E+02
    -0.7169252E+02     0.1949313E+02
    -0.7168610E+02     0.1950525E+02
    -0.7168526E+02     0.1950963E+02
    -0.7168726E+02     0.1951188E+02
    -0.7169551E+02     0.1951212E+02
    -0.7169958E+02     0.1951844E+02
    -0.7169942E+02     0.1952901E+02
    -0.7170218E+02     0.1953215E+02
    -0.7170658E+02     0.1953341E+02
    -0.7171006E+02     0.1953631E+02
    -0.7171091E+02     0.1954846E+02
    -0.7171091E+02     0.1954846E+02
    -0.7171429E+02     0.1955572E+02
    -0.7172140E+02     0.1955852E+02
    -0.7172565E+02     0.1956277E+02
    -0.7172765E+02     0.1957071E+02
    -0.7173875E+02     0.1958481E+02
    -0.7174116E+02     0.1959917E+02
    -0.7174039E+02     0.1961800E+02
    -0.7174267E+02     0.1962797E+02
    -0.7173997E+02     0.1963518E+02
    -0.7173997E+02     0.1963518E+02
    -0.7173952E+02     0.1963637E+02
    -0.7173898E+02     0.1964212E+02
    -0.7173458E+02     0.1964913E+02
    -0.7173354E+02     0.1965468E+02
    -0.7173547E+02     0.1966243E+02
    -0.7174911E+02     0.1967240E+02
    -0.7175214E+02     0.1967623E+02
    -0.7175414E+02     0.1968582E+02
    -0.7175793E+02     0.1969077E+02
    -0.7175565E+02     0.1969566E+02
    -0.7175821E+02     0.1969996E+02
    -0.7175780E+02     0.1970272E+02
    -0.7175780E+02     0.1970272E+02
    -0.7175149E+02     0.1970243E+02
    -0.7173657E+02     0.1970674E+02
    -0.7173411E+02     0.1970543E+02
    -0.7173126E+02     0.1969976E+02
    -0.7172285E+02     0.1969425E+02
    -0.7171383E+02     0.1969288E+02
    -0.7171383E+02     0.1969288E+02
    -0.7171097E+02     0.1969456E+02
    -0.7171226E+02     0.1969706E+02
    -0.7171589E+02     0.1969696E+02
    -0.7171975E+02     0.1970421E+02
    -0.7172730E+02     0.1970515E+02
    -0.7172813E+02     0.1970858E+02
    -0.7172570E+02     0.1971622E+02
    -0.7172660E+02     0.1972194E+02
    -0.7172524E+02     0.1972519E+02
    -0.7173030E+02     0.1973195E+02
    -0.7172974E+02     0.1973314E+02
    -0.7172551E+02     0.1974196E+02
    -0.7172757E+02     0.1974581E+02
    -0.7173022E+02     0.1974551E+02
    -0.7173370E+02     0.1974013E+02
    -0.7173972E+02     0.1974640E+02
    -0.7174014E+02     0.1975213E+02
    -0.7174268E+02     0.1975597E+02
    -0.7174211E+02     0.1976104E+02
    -0.7174363E+02     0.1976307E+02
    -0.7174923E+02     0.1976360E+02
    -0.7175002E+02     0.1976542E+02
    -0.7174728E+02     0.1977951E+02
    -0.7175031E+02     0.1978333E+02
    -0.7175347E+02     0.1978325E+02
    -0.7176438E+02     0.1977491E+02
    -0.7176384E+02     0.1977309E+02
    -0.7177197E+02     0.1976092E+02
    -0.7177197E+02     0.1976092E+02
    -0.7177583E+02     0.1976013E+02
    -0.7177759E+02     0.1976215E+02
    -0.7177837E+02     0.1977396E+02
    -0.7177849E+02     0.1977568E+02
    -0.7177575E+02     0.1978127E+02
    -0.7175855E+02     0.1979850E+02
    -0.7175139E+02     0.1980260E+02
    -0.7174574E+02     0.1980849E+02
    -0.7174517E+02     0.1981356E+02
    -0.7174144E+02     0.1981872E+02
    -0.7173711E+02     0.1981998E+02
    -0.7173318E+02     0.1981848E+02
    -0.7172151E+02     0.1981833E+02
    -0.7171191E+02     0.1982204E+02
    -0.7169907E+02     0.1983088E+02
    -0.7169531E+02     0.1983535E+02
    -0.7169446E+02     0.1983927E+02
    -0.7169180E+02     0.1983957E+02
    -0.7168734E+02     0.1983671E+02
    -0.7168104E+02     0.1983710E+02
    -0.7168386E+02     0.1984208E+02
    -0.7166089E+02     0.1985372E+02
    -0.7165451E+02     0.1985963E+02
    -0.7165103E+02     0.1987351E+02
    -0.7165103E+02     0.1987351E+02
    -0.7165423E+02     0.1988284E+02
    -0.7165907E+02     0.1989052E+02
    -0.7165755E+02     0.1989631E+02
    -0.7164959E+02     0.1989835E+02
    -0.7164419E+02     0.1989643E+02
    -0.7163897E+02     0.1989243E+02
    -0.7162836E+02     0.1987870E+02
    -0.7161783E+02     0.1988426E+02
    -0.7161555E+02     0.1988960E+02
    -0.7161645E+02     0.1989509E+02
    -0.7161414E+02     0.1989906E+02
    -0.7160518E+02     0.1990021E+02
    -0.7158498E+02     0.1990740E+02
    -0.7157721E+02     0.1990737E+02
    -0.7157313E+02     0.1990908E+02
    -0.7156700E+02     0.1990593E+02
    -0.7156548E+02     0.1990515E+02
    -0.7155601E+02     0.1990539E+02
    -0.7155341E+02     0.1990776E+02
    -0.7154667E+02     0.1991000E+02
    -0.7153866E+02     0.1991021E+02
    -0.7153397E+02     0.1990757E+02
    -0.7152575E+02     0.1990916E+02
    -0.7152106E+02     0.1990675E+02
    -0.7150762E+02     0.1990411E+02
    -0.7149168E+02     0.1990751E+02
    -0.7148264E+02     0.1990567E+02
    -0.7144377E+02     0.1988896E+02
    -0.7144205E+02     0.1988737E+02
    -0.7143835E+02     0.1988393E+02
END
END
