dominica
1
    -0.6135644E+02     0.1544310E+02
    -0.6129474E+02     0.1554288E+02
    -0.6128014E+02     0.1553451E+02
    -0.6127642E+02     0.1552553E+02
    -0.6127837E+02     0.1551775E+02
    -0.6127745E+02     0.1551475E+02
    -0.6127321E+02     0.1551197E+02
    -0.6126541E+02     0.1551099E+02
    -0.6126282E+02     0.1550891E+02
    -0.6126195E+02     0.1549880E+02
    -0.6125195E+02     0.1547693E+02
    -0.6125037E+02     0.1546590E+02
    -0.6125191E+02     0.1545031E+02
    -0.6125481E+02     0.1544184E+02
    -0.6125655E+02     0.1543905E+02
    -0.6126176E+02     0.1543065E+02
    -0.6125991E+02     0.1542421E+02
    -0.6125497E+02     0.1542142E+02
    -0.6125358E+02     0.1541751E+02
    -0.6125342E+02     0.1540786E+02
    -0.6125583E+02     0.1540215E+02
    -0.6125844E+02     0.1540033E+02
    -0.6125918E+02     0.1539666E+02
    -0.6125541E+02     0.1539434E+02
    -0.6124926E+02     0.1539544E+02
    -0.6124809E+02     0.1539291E+02
    -0.6124981E+02     0.1538420E+02
    -0.6125598E+02     0.1538172E+02
    -0.6125648E+02     0.1537737E+02
    -0.6124990E+02     0.1537319E+02
    -0.6125040E+02     0.1536883E+02
    -0.6125540E+02     0.1536497E+02
    -0.6125688E+02     0.1535717E+02
    -0.6125346E+02     0.1533948E+02
    -0.6124530E+02     0.1532564E+02
    -0.6124415E+02     0.1532058E+02
    -0.6125118E+02     0.1529746E+02
    -0.6125058E+02     0.1528437E+02
    -0.6125868E+02     0.1527571E+02
    -0.6126357E+02     0.1525395E+02
    -0.6126839E+02     0.1524090E+02
    -0.6127221E+02     0.1523680E+02
    -0.6127766E+02     0.1523432E+02
    -0.6128428E+02     0.1523437E+02
    -0.6128665E+02     0.1523535E+02
    -0.6128993E+02     0.1523671E+02
    -0.6130106E+02     0.1523472E+02
    -0.6130859E+02     0.1523891E+02
    -0.6131237E+02     0.1523825E+02
    -0.6131714E+02     0.1523301E+02
    -0.6132076E+02     0.1522363E+02
    -0.6132457E+02     0.1521975E+02
    -0.6133524E+02     0.1521432E+02
    -0.6133931E+02     0.1520655E+02
    -0.6134193E+02     0.1520450E+02
    -0.6135045E+02     0.1520250E+02
    -0.6136463E+02     0.1520169E+02
    -0.6137431E+02     0.1520337E+02
    -0.6137924E+02     0.1520800E+02
    -0.6137685E+02     0.1521188E+02
    -0.6137068E+02     0.1521551E+02
    -0.6136924E+02     0.1521874E+02
    -0.6136804E+02     0.1522145E+02
    -0.6136870E+02     0.1522789E+02
    -0.6137127E+02     0.1523227E+02
    -0.6138138E+02     0.1523900E+02
    -0.6138489E+02     0.1524430E+02
    -0.6138443E+02     0.1527505E+02
    -0.6138721E+02     0.1528357E+02
    -0.6139542E+02     0.1529258E+02
    -0.6139587E+02     0.1529511E+02
    -0.6139954E+02     0.1531189E+02
    -0.6140284E+02     0.1534588E+02
    -0.6140725E+02     0.1535761E+02
    -0.6141357E+02     0.1536776E+02
    -0.6142366E+02     0.1537816E+02
    -0.6143096E+02     0.1538326E+02
    -0.6143329E+02     0.1538787E+02
    -0.6143446E+02     0.1538902E+02
    -0.6143715E+02     0.1541107E+02
    -0.6144510E+02     0.1542490E+02
    -0.6145637E+02     0.1543599E+02
    -0.6145738E+02     0.1543990E+02
    -0.6146029E+02     0.1545116E+02
    -0.6147683E+02     0.1548822E+02
    -0.6147745E+02     0.1550222E+02
    -0.6148411E+02     0.1553164E+02
    -0.6148241E+02     0.1553714E+02
    -0.6147314E+02     0.1554418E+02
    -0.6146620E+02     0.1555515E+02
    -0.6146609E+02     0.1557121E+02
    -0.6146915E+02     0.1557330E+02
    -0.6148075E+02     0.1557361E+02
    -0.6148285E+02     0.1557706E+02
    -0.6148213E+02     0.1557912E+02
    -0.6147310E+02     0.1558434E+02
    -0.6147134E+02     0.1560016E+02
    -0.6146917E+02     0.1560633E+02
    -0.6146737E+02     0.1562628E+02
    -0.6146546E+02     0.1562948E+02
    -0.6146024E+02     0.1563128E+02
    -0.6145291E+02     0.1563008E+02
    -0.6143775E+02     0.1563181E+02
    -0.6143236E+02     0.1563077E+02
    -0.6142286E+02     0.1562895E+02
    -0.6141839E+02     0.1562433E+02
    -0.6140974E+02     0.1560958E+02
    -0.6139940E+02     0.1559918E+02
    -0.6139592E+02     0.1558883E+02
    -0.6139216E+02     0.1558605E+02
    -0.6138410E+02     0.1558714E+02
    -0.6137698E+02     0.1559030E+02
    -0.6137011E+02     0.1559071E+02
    -0.6135667E+02     0.1558373E+02
    -0.6135147E+02     0.1558415E+02
    -0.6134150E+02     0.1558797E+02
    -0.6133303E+02     0.1558057E+02
    -0.6132831E+02     0.1557962E+02
    -0.6132262E+02     0.1558118E+02
    -0.6131411E+02     0.1557905E+02
    -0.6131083E+02     0.1557581E+02
    -0.6130223E+02     0.1555349E+02
    -0.6129474E+02     0.1554288E+02
END
END
