el_salvador
1
    -0.8776585E+02     0.1322902E+02
    -0.8776275E+02     0.1321016E+02
    -0.8777307E+02     0.1321316E+02
    -0.8777659E+02     0.1321638E+02
    -0.8778151E+02     0.1322995E+02
    -0.8777470E+02     0.1324052E+02
    -0.8777070E+02     0.1324328E+02
    -0.8776554E+02     0.1324373E+02
    -0.8776155E+02     0.1324097E+02
    -0.8775546E+02     0.1323199E+02
    -0.8775123E+02     0.1323107E+02
    -0.8775006E+02     0.1322762E+02
    -0.8775147E+02     0.1322049E+02
    -0.8775735E+02     0.1321797E+02
    -0.8775946E+02     0.1321315E+02
    -0.8776275E+02     0.1321016E+02
END
2
    -0.8771232E+02     0.1318861E+02
    -0.8769874E+02     0.1315928E+02
    -0.8770366E+02     0.1316112E+02
    -0.8770882E+02     0.1316067E+02
    -0.8771140E+02     0.1316412E+02
    -0.8771492E+02     0.1316574E+02
    -0.8771750E+02     0.1316298E+02
    -0.8771865E+02     0.1316263E+02
    -0.8772125E+02     0.1316183E+02
    -0.8772195E+02     0.1317356E+02
    -0.8772476E+02     0.1317793E+02
    -0.8772874E+02     0.1319150E+02
    -0.8772615E+02     0.1319563E+02
    -0.8772662E+02     0.1320575E+02
    -0.8772333E+02     0.1320920E+02
    -0.8771769E+02     0.1321149E+02
    -0.8771253E+02     0.1321079E+02
    -0.8770502E+02     0.1320457E+02
    -0.8769987E+02     0.1319215E+02
    -0.8769659E+02     0.1319146E+02
    -0.8769707E+02     0.1318226E+02
    -0.8769216E+02     0.1316547E+02
    -0.8769874E+02     0.1315928E+02
END
3
    -0.8880839E+02     0.1355342E+02
    -0.8925897E+02     0.1437934E+02
    -0.8922406E+02     0.1437714E+02
    -0.8921754E+02     0.1437486E+02
    -0.8920688E+02     0.1436912E+02
    -0.8918909E+02     0.1435361E+02
    -0.8918909E+02     0.1435361E+02
    -0.8917621E+02     0.1434345E+02
    -0.8916757E+02     0.1434009E+02
    -0.8915913E+02     0.1433813E+02
    -0.8915424E+02     0.1433722E+02
    -0.8915108E+02     0.1433716E+02
    -0.8913615E+02     0.1433689E+02
    -0.8912334E+02     0.1433824E+02
    -0.8911646E+02     0.1433984E+02
    -0.8910673E+02     0.1434212E+02
    -0.8909248E+02     0.1434623E+02
    -0.8909034E+02     0.1434627E+02
    -0.8908762E+02     0.1434587E+02
    -0.8908530E+02     0.1434416E+02
    -0.8908530E+02     0.1434416E+02
    -0.8908201E+02     0.1434043E+02
    -0.8905250E+02     0.1432697E+02
    -0.8904330E+02     0.1432632E+02
    -0.8903078E+02     0.1431786E+02
    -0.8902627E+02     0.1430799E+02
    -0.8902361E+02     0.1428940E+02
    -0.8902992E+02     0.1427927E+02
    -0.8902731E+02     0.1427376E+02
    -0.8901164E+02     0.1426362E+02
    -0.8899023E+02     0.1424976E+02
    -0.8897435E+02     0.1422431E+02
    -0.8897458E+02     0.1422109E+02
    -0.8897856E+02     0.1421671E+02
    -0.8897595E+02     0.1421190E+02
    -0.8896700E+02     0.1421009E+02
    -0.8895614E+02     0.1420277E+02
    -0.8892952E+02     0.1420234E+02
    -0.8892952E+02     0.1420234E+02
    -0.8892782E+02     0.1420231E+02
    -0.8890843E+02     0.1420369E+02
    -0.8889836E+02     0.1419217E+02
    -0.8888384E+02     0.1418567E+02
    -0.8887022E+02     0.1418221E+02
    -0.8886464E+02     0.1417830E+02
    -0.8885253E+02     0.1414718E+02
    -0.8884035E+02     0.1412757E+02
    -0.8883888E+02     0.1412522E+02
    -0.8883002E+02     0.1410646E+02
    -0.8883002E+02     0.1410646E+02
    -0.8882562E+02     0.1409432E+02
    -0.8881994E+02     0.1408360E+02
    -0.8881667E+02     0.1408101E+02
    -0.8881187E+02     0.1407867E+02
    -0.8880877E+02     0.1407800E+02
    -0.8880340E+02     0.1407790E+02
    -0.8879653E+02     0.1407833E+02
    -0.8878373E+02     0.1407990E+02
    -0.8877425E+02     0.1408170E+02
    -0.8876452E+02     0.1408351E+02
    -0.8875993E+02     0.1408411E+02
    -0.8875590E+02     0.1408436E+02
    -0.8875375E+02     0.1408428E+02
    -0.8875172E+02     0.1408392E+02
    -0.8874770E+02     0.1408206E+02
    -0.8874322E+02     0.1407882E+02
    -0.8873958E+02     0.1407567E+02
    -0.8873708E+02     0.1407366E+02
    -0.8873347E+02     0.1406956E+02
    -0.8872903E+02     0.1406397E+02
    -0.8872903E+02     0.1406397E+02
    -0.8871651E+02     0.1404396E+02
    -0.8871048E+02     0.1403721E+02
    -0.8868771E+02     0.1401568E+02
    -0.8868065E+02     0.1401206E+02
    -0.8868029E+02     0.1401071E+02
    -0.8868029E+02     0.1401071E+02
    -0.8867464E+02     0.1400819E+02
    -0.8867158E+02     0.1400889E+02
    -0.8866194E+02     0.1401557E+02
    -0.8865347E+02     0.1401237E+02
    -0.8864970E+02     0.1401583E+02
    -0.8863982E+02     0.1401447E+02
    -0.8863630E+02     0.1401884E+02
    -0.8862853E+02     0.1401908E+02
    -0.8860754E+02     0.1400350E+02
    -0.8860236E+02     0.1400328E+02
    -0.8859695E+02     0.1400658E+02
    -0.8859695E+02     0.1400658E+02
    -0.8859518E+02     0.1400766E+02
    -0.8858911E+02     0.1400663E+02
    -0.8858554E+02     0.1400337E+02
    -0.8857839E+02     0.1399553E+02
    -0.8856947E+02     0.1398095E+02
    -0.8856500E+02     0.1397878E+02
    -0.8853757E+02     0.1398315E+02
    -0.8852731E+02     0.1398185E+02
    -0.8850768E+02     0.1397097E+02
    -0.8849787E+02     0.1396096E+02
    -0.8849764E+02     0.1395660E+02
    -0.8850034E+02     0.1395153E+02
    -0.8850462E+02     0.1394347E+02
    -0.8850763E+02     0.1394024E+02
    -0.8850763E+02     0.1394024E+02
    -0.8851183E+02     0.1392438E+02
    -0.8850876E+02     0.1391749E+02
    -0.8851181E+02     0.1391312E+02
    -0.8851227E+02     0.1390990E+02
    -0.8849597E+02     0.1387776E+02
    -0.8849455E+02     0.1387247E+02
    -0.8849666E+02     0.1386489E+02
    -0.8849480E+02     0.1385812E+02
    -0.8848855E+02     0.1385760E+02
    -0.8848253E+02     0.1385732E+02
    -0.8847530E+02     0.1385344E+02
    -0.8847530E+02     0.1385344E+02
    -0.8846648E+02     0.1385033E+02
    -0.8846517E+02     0.1385106E+02
    -0.8846349E+02     0.1385601E+02
    -0.8846349E+02     0.1386223E+02
    -0.8844511E+02     0.1386077E+02
    -0.8844044E+02     0.1386149E+02
    -0.8843912E+02     0.1386169E+02
    -0.8842825E+02     0.1387598E+02
    -0.8841905E+02     0.1387909E+02
    -0.8837687E+02     0.1388239E+02
    -0.8835326E+02     0.1386536E+02
    -0.8832641E+02     0.1387453E+02
    -0.8832641E+02     0.1387453E+02
    -0.8831711E+02     0.1387820E+02
    -0.8829474E+02     0.1388490E+02
    -0.8827848E+02     0.1388854E+02
    -0.8826377E+02     0.1389353E+02
    -0.8825498E+02     0.1389740E+02
    -0.8824570E+02     0.1390611E+02
    -0.8823404E+02     0.1391526E+02
    -0.8822071E+02     0.1392555E+02
    -0.8821428E+02     0.1393174E+02
    -0.8820667E+02     0.1393700E+02
    -0.8819955E+02     0.1393972E+02
    -0.8818699E+02     0.1394172E+02
    -0.8817562E+02     0.1394073E+02
    -0.8816379E+02     0.1394043E+02
    -0.8815053E+02     0.1393989E+02
    -0.8814058E+02     0.1393983E+02
    -0.8812826E+02     0.1394113E+02
    -0.8810693E+02     0.1394377E+02
    -0.8809270E+02     0.1394529E+02
    -0.8807848E+02     0.1394820E+02
    -0.8806425E+02     0.1395134E+02
    -0.8805601E+02     0.1394414E+02
    -0.8804875E+02     0.1393141E+02
    -0.8803013E+02     0.1390668E+02
    -0.8803013E+02     0.1390668E+02
    -0.8801562E+02     0.1388643E+02
    -0.8801080E+02     0.1386834E+02
    -0.8799889E+02     0.1387349E+02
    -0.8798080E+02     0.1388509E+02
    -0.8795864E+02     0.1389663E+02
    -0.8795694E+02     0.1389532E+02
    -0.8795694E+02     0.1389532E+02
    -0.8795090E+02     0.1389067E+02
    -0.8794714E+02     0.1389319E+02
    -0.8794338E+02     0.1389319E+02
    -0.8792950E+02     0.1388652E+02
    -0.8791186E+02     0.1389823E+02
    -0.8790739E+02     0.1389891E+02
    -0.8789751E+02     0.1389592E+02
    -0.8789139E+02     0.1389592E+02
    -0.8788315E+02     0.1389936E+02
    -0.8787374E+02     0.1389292E+02
    -0.8786739E+02     0.1389314E+02
    -0.8786151E+02     0.1389015E+02
    -0.8784998E+02     0.1389083E+02
    -0.8782952E+02     0.1388392E+02
    -0.8781987E+02     0.1388345E+02
    -0.8779987E+02     0.1388917E+02
    -0.8777544E+02     0.1387018E+02
    -0.8777544E+02     0.1387018E+02
    -0.8777494E+02     0.1386979E+02
    -0.8775652E+02     0.1386230E+02
    -0.8775036E+02     0.1385755E+02
    -0.8774729E+02     0.1385152E+02
    -0.8774518E+02     0.1383167E+02
    -0.8774207E+02     0.1382738E+02
    -0.8774207E+02     0.1382738E+02
    -0.8774135E+02     0.1382637E+02
    -0.8773500E+02     0.1382269E+02
    -0.8772889E+02     0.1381670E+02
    -0.8771972E+02     0.1381554E+02
    -0.8771032E+02     0.1380979E+02
    -0.8770892E+02     0.1380105E+02
    -0.8771105E+02     0.1377600E+02
    -0.8772165E+02     0.1375924E+02
    -0.8772840E+02     0.1375304E+02
    -0.8772840E+02     0.1375304E+02
    -0.8773013E+02     0.1375145E+02
    -0.8773434E+02     0.1374214E+02
    -0.8773392E+02     0.1373568E+02
    -0.8772777E+02     0.1373093E+02
    -0.8772690E+02     0.1372490E+02
    -0.8773311E+02     0.1370898E+02
    -0.8774944E+02     0.1369309E+02
    -0.8775343E+02     0.1368578E+02
    -0.8775477E+02     0.1367717E+02
    -0.8775174E+02     0.1365521E+02
    -0.8775388E+02     0.1363808E+02
    -0.8775439E+02     0.1363401E+02
    -0.8775655E+02     0.1362851E+02
    -0.8775727E+02     0.1361978E+02
    -0.8775681E+02     0.1360047E+02
    -0.8776363E+02     0.1359450E+02
    -0.8777469E+02     0.1357911E+02
    -0.8777681E+02     0.1356946E+02
    -0.8778645E+02     0.1356603E+02
    -0.8778621E+02     0.1356373E+02
    -0.8778081E+02     0.1356073E+02
    -0.8778574E+02     0.1355637E+02
    -0.8778786E+02     0.1355178E+02
    -0.8778670E+02     0.1354488E+02
    -0.8778928E+02     0.1353592E+02
    -0.8778506E+02     0.1352672E+02
    -0.8778694E+02     0.1352281E+02
    -0.8779141E+02     0.1351868E+02
    -0.8779094E+02     0.1351546E+02
    -0.8778342E+02     0.1351109E+02
    -0.8778179E+02     0.1350350E+02
    -0.8777638E+02     0.1350441E+02
    -0.8776582E+02     0.1350027E+02
    -0.8776253E+02     0.1350141E+02
    -0.8775359E+02     0.1350922E+02
    -0.8775124E+02     0.1350875E+02
    -0.8774890E+02     0.1350185E+02
    -0.8774609E+02     0.1350162E+02
    -0.8774091E+02     0.1350529E+02
    -0.8773598E+02     0.1350460E+02
    -0.8772260E+02     0.1349860E+02
    -0.8772166E+02     0.1349332E+02
    -0.8772495E+02     0.1348459E+02
    -0.8772452E+02     0.1348244E+02
    -0.8772238E+02     0.1347194E+02
    -0.8771816E+02     0.1346044E+02
    -0.8772311E+02     0.1344804E+02
    -0.8772359E+02     0.1344045E+02
    -0.8772570E+02     0.1343793E+02
    -0.8774049E+02     0.1343840E+02
    -0.8775037E+02     0.1343014E+02
    -0.8775413E+02     0.1343037E+02
    -0.8775694E+02     0.1343291E+02
    -0.8775694E+02     0.1343291E+02
    -0.8776252E+02     0.1342919E+02
    -0.8776708E+02     0.1342474E+02
    -0.8777164E+02     0.1342252E+02
    -0.8777393E+02     0.1341733E+02
    -0.8778683E+02     0.1341661E+02
    -0.8778989E+02     0.1341216E+02
    -0.8779218E+02     0.1340697E+02
    -0.8779521E+02     0.1340400E+02
    -0.8780053E+02     0.1340327E+02
    -0.8780660E+02     0.1340403E+02
    -0.8781343E+02     0.1340404E+02
    -0.8781824E+02     0.1340119E+02
    -0.8781824E+02     0.1340119E+02
    -0.8782812E+02     0.1340792E+02
    -0.8783775E+02     0.1340931E+02
    -0.8784032E+02     0.1341207E+02
    -0.8784196E+02     0.1341874E+02
    -0.8783797E+02     0.1342816E+02
    -0.8783797E+02     0.1343345E+02
    -0.8783585E+02     0.1343666E+02
    -0.8782340E+02     0.1343734E+02
    -0.8781730E+02     0.1344033E+02
    -0.8781424E+02     0.1344676E+02
    -0.8781119E+02     0.1344971E+02
    -0.8780296E+02     0.1344997E+02
    -0.8779803E+02     0.1344835E+02
    -0.8778934E+02     0.1345018E+02
    -0.8779874E+02     0.1345456E+02
    -0.8781283E+02     0.1345503E+02
    -0.8782011E+02     0.1344906E+02
    -0.8782317E+02     0.1344171E+02
    -0.8782481E+02     0.1344079E+02
    -0.8783891E+02     0.1344218E+02
    -0.8785113E+02     0.1342105E+02
    -0.8786663E+02     0.1340290E+02
    -0.8786993E+02     0.1339486E+02
    -0.8787180E+02     0.1337900E+02
    -0.8787629E+02     0.1338505E+02
    -0.8788049E+02     0.1339073E+02
    -0.8788495E+02     0.1339349E+02
    -0.8788754E+02     0.1339050E+02
    -0.8787862E+02     0.1337785E+02
    -0.8787698E+02     0.1337050E+02
    -0.8787181E+02     0.1336406E+02
    -0.8787064E+02     0.1335555E+02
    -0.8786900E+02     0.1335279E+02
    -0.8785632E+02     0.1334657E+02
    -0.8784201E+02     0.1333300E+02
    -0.8783192E+02     0.1333115E+02
    -0.8781853E+02     0.1332102E+02
    -0.8781713E+02     0.1331482E+02
    -0.8781653E+02     0.1331447E+02
    -0.8780821E+02     0.1330975E+02
    -0.8780587E+02     0.1330492E+02
    -0.8780188E+02     0.1330377E+02
    -0.8779671E+02     0.1329939E+02
    -0.8779061E+02     0.1330077E+02
    -0.8778827E+02     0.1329984E+02
    -0.8778709E+02     0.1329456E+02
    -0.8778499E+02     0.1329203E+02
    -0.8777771E+02     0.1328995E+02
    -0.8777724E+02     0.1328742E+02
    -0.8777842E+02     0.1328512E+02
    -0.8779016E+02     0.1327962E+02
    -0.8779275E+02     0.1327066E+02
    -0.8779885E+02     0.1326813E+02
    -0.8780003E+02     0.1326377E+02
    -0.8780660E+02     0.1325757E+02
    -0.8781083E+02     0.1324952E+02
    -0.8781599E+02     0.1324447E+02
    -0.8782468E+02     0.1324172E+02
    -0.8782757E+02     0.1323903E+02
    -0.8783478E+02     0.1323230E+02
    -0.8785825E+02     0.1322727E+02
    -0.8786247E+02     0.1322451E+02
    -0.8786717E+02     0.1321785E+02
    -0.8787679E+02     0.1321142E+02
    -0.8788008E+02     0.1320682E+02
    -0.8788783E+02     0.1320890E+02
    -0.8790214E+02     0.1319971E+02
    -0.8791669E+02     0.1319489E+02
    -0.8792654E+02     0.1319375E+02
    -0.8793508E+02     0.1318298E+02
    -0.8793546E+02     0.1318249E+02
    -0.8793406E+02     0.1317628E+02
    -0.8793077E+02     0.1317490E+02
    -0.8792632E+02     0.1317697E+02
    -0.8791576E+02     0.1318800E+02
    -0.8791223E+02     0.1318960E+02
    -0.8791129E+02     0.1318684E+02
    -0.8791576E+02     0.1317535E+02
    -0.8791318E+02     0.1316868E+02
    -0.8790872E+02     0.1316362E+02
    -0.8790121E+02     0.1315948E+02
    -0.8789675E+02     0.1315419E+02
    -0.8789957E+02     0.1314959E+02
    -0.8790497E+02     0.1314868E+02
    -0.8792022E+02     0.1315283E+02
    -0.8792515E+02     0.1314961E+02
    -0.8792647E+02     0.1314972E+02
    -0.8792796E+02     0.1314984E+02
    -0.8793687E+02     0.1315559E+02
    -0.8794485E+02     0.1315606E+02
    -0.8794931E+02     0.1315468E+02
    -0.8796268E+02     0.1315538E+02
    -0.8796761E+02     0.1314986E+02
    -0.8798638E+02     0.1315929E+02
    -0.8803963E+02     0.1316138E+02
    -0.8804850E+02     0.1316228E+02
    -0.8806005E+02     0.1316345E+02
    -0.8806287E+02     0.1316437E+02
    -0.8806334E+02     0.1316621E+02
    -0.8806075E+02     0.1316828E+02
    -0.8805489E+02     0.1316919E+02
    -0.8805935E+02     0.1317218E+02
    -0.8806358E+02     0.1317241E+02
    -0.8807507E+02     0.1316575E+02
    -0.8808023E+02     0.1316736E+02
    -0.8811730E+02     0.1316689E+02
    -0.8812949E+02     0.1316000E+02
    -0.8815279E+02     0.1316416E+02
    -0.8815390E+02     0.1316436E+02
    -0.8816586E+02     0.1316229E+02
    -0.8818018E+02     0.1316343E+02
    -0.8819331E+02     0.1316113E+02
    -0.8821302E+02     0.1315468E+02
    -0.8823766E+02     0.1315766E+02
    -0.8824869E+02     0.1316133E+02
    -0.8825613E+02     0.1316671E+02
    -0.8826089E+02     0.1316832E+02
    -0.8827370E+02     0.1316977E+02
    -0.8827663E+02     0.1316771E+02
    -0.8827354E+02     0.1316591E+02
    -0.8826155E+02     0.1316542E+02
    -0.8825643E+02     0.1316133E+02
    -0.8825736E+02     0.1315949E+02
    -0.8826299E+02     0.1315902E+02
    -0.8828083E+02     0.1316269E+02
    -0.8829115E+02     0.1316314E+02
    -0.8830078E+02     0.1316589E+02
    -0.8834395E+02     0.1316747E+02
    -0.8835332E+02     0.1316929E+02
    -0.8835332E+02     0.1316929E+02
    -0.8837227E+02     0.1316501E+02
    -0.8837227E+02     0.1316501E+02
    -0.8837492E+02     0.1316238E+02
    -0.8838031E+02     0.1316168E+02
    -0.8838689E+02     0.1316444E+02
    -0.8839369E+02     0.1316535E+02
    -0.8843427E+02     0.1315909E+02
    -0.8843990E+02     0.1316236E+02
    -0.8843990E+02     0.1316236E+02
    -0.8845795E+02     0.1315699E+02
    -0.8845795E+02     0.1315699E+02
    -0.8846006E+02     0.1315170E+02
    -0.8846616E+02     0.1315169E+02
    -0.8847603E+02     0.1315881E+02
    -0.8848753E+02     0.1316362E+02
    -0.8849763E+02     0.1317050E+02
    -0.8852065E+02     0.1318196E+02
    -0.8853357E+02     0.1318631E+02
    -0.8855775E+02     0.1318926E+02
    -0.8856268E+02     0.1319178E+02
    -0.8864641E+02     0.1320906E+02
    -0.8868523E+02     0.1321706E+02
    -0.8870330E+02     0.1321794E+02
    -0.8874416E+02     0.1322406E+02
    -0.8875637E+02     0.1322908E+02
    -0.8877304E+02     0.1323019E+02
    -0.8877586E+02     0.1323088E+02
    -0.8880357E+02     0.1323678E+02
    -0.8881078E+02     0.1324037E+02
    -0.8881078E+02     0.1324037E+02
    -0.8881896E+02     0.1324451E+02
    -0.8881896E+02     0.1324451E+02
    -0.8882471E+02     0.1324546E+02
    -0.8884095E+02     0.1325806E+02
    -0.8887762E+02     0.1327658E+02
    -0.8888261E+02     0.1328253E+02
    -0.8888261E+02     0.1328253E+02
    -0.8889506E+02     0.1328704E+02
    -0.8889506E+02     0.1328704E+02
    -0.8891988E+02     0.1329712E+02
    -0.8895818E+02     0.1331695E+02
    -0.8898646E+02     0.1332735E+02
    -0.8899261E+02     0.1333164E+02
    -0.8899966E+02     0.1333276E+02
    -0.8901260E+02     0.1333799E+02
    -0.8901377E+02     0.1333846E+02
    -0.8902718E+02     0.1334578E+02
    -0.8903847E+02     0.1334896E+02
    -0.8905447E+02     0.1335764E+02
    -0.8908411E+02     0.1337201E+02
    -0.8911965E+02     0.1339280E+02
    -0.8913283E+02     0.1339804E+02
    -0.8916344E+02     0.1341632E+02
    -0.8916627E+02     0.1341906E+02
    -0.8916644E+02     0.1341960E+02
    -0.8916794E+02     0.1342434E+02
    -0.8917567E+02     0.1342225E+02
    -0.8918698E+02     0.1342979E+02
    -0.8920393E+02     0.1343639E+02
    -0.8929267E+02     0.1347808E+02
    -0.8929879E+02     0.1348036E+02
    -0.8931970E+02     0.1348118E+02
    -0.8932719E+02     0.1347564E+02
    -0.8934366E+02     0.1348062E+02
    -0.8935845E+02     0.1347917E+02
    -0.8936575E+02     0.1348351E+02
    -0.8937869E+02     0.1348759E+02
    -0.8939867E+02     0.1348818E+02
    -0.8940218E+02     0.1348587E+02
    -0.8940994E+02     0.1348859E+02
    -0.8942262E+02     0.1348715E+02
    -0.8943978E+02     0.1348937E+02
    -0.8945789E+02     0.1349227E+02
    -0.8946848E+02     0.1349589E+02
    -0.8946947E+02     0.1349577E+02
    -0.8948045E+02     0.1349446E+02
    -0.8948818E+02     0.1349120E+02
    -0.8950134E+02     0.1349274E+02
    -0.8951331E+02     0.1349084E+02
    -0.8951917E+02     0.1348805E+02
    -0.8952505E+02     0.1349009E+02
    -0.8953187E+02     0.1349029E+02
    -0.8953941E+02     0.1349439E+02
    -0.8955352E+02     0.1349730E+02
    -0.8957423E+02     0.1350409E+02
    -0.8959398E+02     0.1350605E+02
    -0.8960645E+02     0.1350782E+02
    -0.8964953E+02     0.1352253E+02
    -0.8967305E+02     0.1352699E+02
    -0.8969865E+02     0.1352616E+02
    -0.8970151E+02     0.1353189E+02
    -0.8970734E+02     0.1352450E+02
    -0.8971556E+02     0.1352468E+02
    -0.8978395E+02     0.1352749E+02
    -0.8978911E+02     0.1352631E+02
    -0.8979494E+02     0.1352122E+02
    -0.8979941E+02     0.1352050E+02
    -0.8980224E+02     0.1352210E+02
    -0.8980574E+02     0.1351932E+02
    -0.8980927E+02     0.1351976E+02
    -0.8982393E+02     0.1353392E+02
    -0.8983011E+02     0.1354399E+02
    -0.8982919E+02     0.1354722E+02
    -0.8983019E+02     0.1355571E+02
    -0.8984387E+02     0.1359700E+02
    -0.8985473E+02     0.1360360E+02
    -0.8990430E+02     0.1363385E+02
    -0.8993683E+02     0.1365084E+02
    -0.8994001E+02     0.1365232E+02
    -0.8994001E+02     0.1365232E+02
    -0.8994431E+02     0.1365432E+02
    -0.8995251E+02     0.1365945E+02
    -0.8996652E+02     0.1366855E+02
    -0.8997256E+02     0.1367157E+02
    -0.8998655E+02     0.1367902E+02
    -0.8999451E+02     0.1368109E+02
    -0.8999740E+02     0.1368178E+02
    -0.8999740E+02     0.1368178E+02
    -0.8999920E+02     0.1368476E+02
    -0.9000000E+02     0.1368558E+02
    -0.9000628E+02     0.1369201E+02
    -0.9001360E+02     0.1369564E+02
    -0.9001712E+02     0.1369562E+02
    -0.9002071E+02     0.1370410E+02
    -0.9002283E+02     0.1370523E+02
    -0.9002681E+02     0.1370245E+02
    -0.9004000E+02     0.1370626E+02
    -0.9004209E+02     0.1370211E+02
    -0.9004491E+02     0.1370140E+02
    -0.9005221E+02     0.1370388E+02
    -0.9008574E+02     0.1372249E+02
    -0.9008131E+02     0.1372666E+02
    -0.9008884E+02     0.1372729E+02
    -0.9009046E+02     0.1372452E+02
    -0.9009626E+02     0.1372572E+02
    -0.9009800E+02     0.1372608E+02
    -0.9012866E+02     0.1373827E+02
    -0.9012866E+02     0.1373827E+02
    -0.9012333E+02     0.1374151E+02
    -0.9011871E+02     0.1374247E+02
    -0.9010796E+02     0.1373730E+02
    -0.9010410E+02     0.1373820E+02
    -0.9010144E+02     0.1374054E+02
    -0.9009791E+02     0.1374638E+02
    -0.9009557E+02     0.1375395E+02
    -0.9009681E+02     0.1376092E+02
    -0.9010435E+02     0.1377308E+02
    -0.9010435E+02     0.1377308E+02
    -0.9010616E+02     0.1377635E+02
    -0.9011366E+02     0.1377423E+02
    -0.9011580E+02     0.1377697E+02
    -0.9011430E+02     0.1379606E+02
    -0.9011150E+02     0.1379815E+02
    -0.9011224E+02     0.1380182E+02
    -0.9010616E+02     0.1380669E+02
    -0.9010690E+02     0.1381151E+02
    -0.9011215E+02     0.1382067E+02
    -0.9011267E+02     0.1382641E+02
    -0.9010944E+02     0.1383401E+02
    -0.9010379E+02     0.1383428E+02
    -0.9010025E+02     0.1383635E+02
    -0.9010025E+02     0.1383635E+02
    -0.9009492E+02     0.1383945E+02
    -0.9009179E+02     0.1384471E+02
    -0.9008814E+02     0.1385083E+02
    -0.9008260E+02     0.1387006E+02
    -0.9007936E+02     0.1387502E+02
    -0.9006658E+02     0.1387859E+02
    -0.9006336E+02     0.1388704E+02
    -0.9004254E+02     0.1389036E+02
    -0.9003513E+02     0.1389535E+02
    -0.9003309E+02     0.1390263E+02
    -0.9003703E+02     0.1391424E+02
    -0.9003526E+02     0.1391657E+02
    -0.9002783E+02     0.1391952E+02
    -0.9002637E+02     0.1392360E+02
    -0.9002701E+02     0.1393077E+02
    -0.9002701E+02     0.1393077E+02
    -0.9002671E+02     0.1393571E+02
    -0.9002106E+02     0.1393529E+02
    -0.9001709E+02     0.1393877E+02
    -0.9001076E+02     0.1394134E+02
    -0.9000658E+02     0.1394941E+02
    -0.9000097E+02     0.1395427E+02
    -0.9000000E+02     0.1395431E+02
    -0.8999344E+02     0.1395455E+02
    -0.8999041E+02     0.1395802E+02
    -0.8997794E+02     0.1395925E+02
    -0.8997493E+02     0.1396479E+02
    -0.8997328E+02     0.1396503E+02
    -0.8996858E+02     0.1396575E+02
    -0.8996437E+02     0.1396900E+02
    -0.8995973E+02     0.1397868E+02
    -0.8995362E+02     0.1397941E+02
    -0.8994143E+02     0.1398569E+02
    -0.8993818E+02     0.1399215E+02
    -0.8993303E+02     0.1399540E+02
    -0.8992921E+02     0.1400263E+02
    -0.8992921E+02     0.1400263E+02
    -0.8992792E+02     0.1400508E+02
    -0.8992504E+02     0.1400492E+02
    -0.8990897E+02     0.1401196E+02
    -0.8990072E+02     0.1403034E+02
    -0.8989761E+02     0.1403484E+02
    -0.8989346E+02     0.1403751E+02
    -0.8986217E+02     0.1404277E+02
    -0.8985800E+02     0.1404443E+02
    -0.8985283E+02     0.1405219E+02
    -0.8984825E+02     0.1405589E+02
    -0.8983513E+02     0.1405982E+02
    -0.8982303E+02     0.1406152E+02
    -0.8982028E+02     0.1406010E+02
    -0.8981380E+02     0.1405674E+02
    -0.8981380E+02     0.1405674E+02
    -0.8978671E+02     0.1403998E+02
    -0.8977652E+02     0.1403062E+02
    -0.8977251E+02     0.1403041E+02
    -0.8976383E+02     0.1403414E+02
    -0.8975842E+02     0.1403440E+02
    -0.8975111E+02     0.1403238E+02
    -0.8973770E+02     0.1403300E+02
    -0.8973770E+02     0.1403300E+02
    -0.8974285E+02     0.1405804E+02
    -0.8974288E+02     0.1406416E+02
    -0.8973670E+02     0.1408150E+02
    -0.8972615E+02     0.1410030E+02
    -0.8972435E+02     0.1410490E+02
    -0.8972017E+02     0.1411561E+02
    -0.8969797E+02     0.1414444E+02
    -0.8967179E+02     0.1417389E+02
    -0.8966119E+02     0.1418392E+02
    -0.8963827E+02     0.1419605E+02
    -0.8963244E+02     0.1419913E+02
    -0.8962556E+02     0.1420079E+02
    -0.8961720E+02     0.1420123E+02
    -0.8959442E+02     0.1419807E+02
    -0.8956791E+02     0.1420104E+02
    -0.8954665E+02     0.1421192E+02
    -0.8953143E+02     0.1421626E+02
    -0.8952309E+02     0.1422058E+02
    -0.8952058E+02     0.1422222E+02
    -0.8951943E+02     0.1422364E+02
    -0.8951943E+02     0.1422364E+02
    -0.8951681E+02     0.1423436E+02
    -0.8952911E+02     0.1426498E+02
    -0.8954193E+02     0.1428200E+02
    -0.8954193E+02     0.1428200E+02
    -0.8954733E+02     0.1429844E+02
    -0.8955654E+02     0.1430806E+02
    -0.8956350E+02     0.1431062E+02
    -0.8958421E+02     0.1431284E+02
    -0.8958541E+02     0.1431630E+02
    -0.8958459E+02     0.1433172E+02
    -0.8958051E+02     0.1434356E+02
    -0.8957578E+02     0.1434560E+02
    -0.8957269E+02     0.1434537E+02
    -0.8956838E+02     0.1434505E+02
    -0.8956573E+02     0.1434737E+02
    -0.8956516E+02     0.1435083E+02
    -0.8956517E+02     0.1435401E+02
    -0.8957543E+02     0.1436780E+02
    -0.8957648E+02     0.1437255E+02
    -0.8957732E+02     0.1439259E+02
    -0.8957499E+02     0.1440197E+02
    -0.8957234E+02     0.1440572E+02
    -0.8956393E+02     0.1441066E+02
    -0.8955772E+02     0.1441242E+02
    -0.8954516E+02     0.1441319E+02
    -0.8954190E+02     0.1441205E+02
    -0.8953639E+02     0.1440357E+02
    -0.8953187E+02     0.1439003E+02
    -0.8952995E+02     0.1438428E+02
    -0.8952699E+02     0.1438256E+02
    -0.8952136E+02     0.1438201E+02
    -0.8951797E+02     0.1438361E+02
    -0.8950900E+02     0.1439590E+02
    -0.8948673E+02     0.1441415E+02
    -0.8947993E+02     0.1441590E+02
    -0.8945893E+02     0.1441728E+02
    -0.8944486E+02     0.1441200E+02
    -0.8943568E+02     0.1441059E+02
    -0.8942548E+02     0.1441063E+02
    -0.8942252E+02     0.1441209E+02
    -0.8942194E+02     0.1441237E+02
    -0.8940793E+02     0.1442453E+02
    -0.8939881E+02     0.1443999E+02
    -0.8939395E+02     0.1444505E+02
    -0.8938951E+02     0.1444507E+02
    -0.8938640E+02     0.1444320E+02
    -0.8938476E+02     0.1444018E+02
    -0.8938442E+02     0.1442865E+02
    -0.8938249E+02     0.1442722E+02
    -0.8937821E+02     0.1443026E+02
    -0.8937525E+02     0.1442970E+02
    -0.8936102E+02     0.1441879E+02
    -0.8935628E+02     0.1441765E+02
    -0.8935303E+02     0.1441853E+02
    -0.8935007E+02     0.1442113E+02
    -0.8934995E+02     0.1442176E+02
    -0.8934995E+02     0.1442176E+02
    -0.8933125E+02     0.1440551E+02
    -0.8931702E+02     0.1439765E+02
    -0.8929831E+02     0.1438931E+02
    -0.8928076E+02     0.1438421E+02
    -0.8925897E+02     0.1437934E+02
END
END
