equatorial_guinea
1
     0.8718904E+01     0.3533525E+01
     0.8877951E+01     0.3762323E+01
     0.8881595E+01     0.3767171E+01
     0.8884570E+01     0.3767874E+01
     0.8898568E+01     0.3764026E+01
     0.8903420E+01     0.3755536E+01
     0.8909842E+01     0.3754414E+01
     0.8915600E+01     0.3748458E+01
     0.8916338E+01     0.3737648E+01
     0.8921402E+01     0.3732840E+01
     0.8922359E+01     0.3724332E+01
     0.8931560E+01     0.3717011E+01
     0.8933880E+01     0.3710809E+01
     0.8934314E+01     0.3707554E+01
     0.8936729E+01     0.3689427E+01
     0.8936097E+01     0.3677691E+01
     0.8937982E+01     0.3666656E+01
     0.8937553E+01     0.3660213E+01
     0.8931009E+01     0.3638558E+01
     0.8918271E+01     0.3618716E+01
     0.8906190E+01     0.3605319E+01
     0.8901426E+01     0.3595175E+01
     0.8898455E+01     0.3593781E+01
     0.8891190E+01     0.3579485E+01
     0.8855896E+01     0.3533315E+01
     0.8847751E+01     0.3511882E+01
     0.8826181E+01     0.3471294E+01
     0.8816854E+01     0.3457448E+01
     0.8810914E+01     0.3454200E+01
     0.8809150E+01     0.3440159E+01
     0.8810313E+01     0.3436254E+01
     0.8808504E+01     0.3431414E+01
     0.8811741E+01     0.3425218E+01
     0.8807639E+01     0.3420828E+01
     0.8799874E+01     0.3415961E+01
     0.8792825E+01     0.3405116E+01
     0.8788011E+01     0.3406013E+01
     0.8778661E+01     0.3397228E+01
     0.8770658E+01     0.3394431E+01
     0.8767235E+01     0.3391654E+01
     0.8765660E+01     0.3385665E+01
     0.8771258E+01     0.3364987E+01
     0.8769803E+01     0.3360696E+01
     0.8769226E+01     0.3358996E+01
     0.8771592E+01     0.3343594E+01
     0.8764616E+01     0.3318026E+01
     0.8760755E+01     0.3311337E+01
     0.8742988E+01     0.3291240E+01
     0.8714729E+01     0.3262351E+01
     0.8711327E+01     0.3255663E+01
     0.8701785E+01     0.3239975E+01
     0.8698858E+01     0.3229840E+01
     0.8693611E+01     0.3225674E+01
     0.8684744E+01     0.3212749E+01
     0.8677887E+01     0.3209956E+01
     0.8669626E+01     0.3213137E+01
     0.8647348E+01     0.3225683E+01
     0.8632665E+01     0.3230904E+01
     0.8628541E+01     0.3231114E+01
     0.8624435E+01     0.3227874E+01
     0.8620543E+01     0.3227625E+01
     0.8594589E+01     0.3242222E+01
     0.8569860E+01     0.3241181E+01
     0.8562553E+01     0.3236775E+01
     0.8557748E+01     0.3236061E+01
     0.8549720E+01     0.3238322E+01
     0.8517800E+01     0.3254728E+01
     0.8495354E+01     0.3255077E+01
     0.8483658E+01     0.3258009E+01
     0.8477456E+01     0.3261429E+01
     0.8465281E+01     0.3268270E+01
     0.8459559E+01     0.3267550E+01
     0.8447601E+01     0.3276692E+01
     0.8442496E+01     0.3289319E+01
     0.8443840E+01     0.3295077E+01
     0.8440598E+01     0.3298640E+01
     0.8439463E+01     0.3299886E+01
     0.8439658E+01     0.3306328E+01
     0.8429961E+01     0.3321003E+01
     0.8430836E+01     0.3328829E+01
     0.8427376E+01     0.3333412E+01
     0.8424582E+01     0.3342140E+01
     0.8425008E+01     0.3348123E+01
     0.8423114E+01     0.3359617E+01
     0.8425580E+01     0.3369751E+01
     0.8424591E+01     0.3383549E+01
     0.8430037E+01     0.3393469E+01
     0.8436095E+01     0.3417425E+01
     0.8440599E+01     0.3431942E+01
     0.8449470E+01     0.3444179E+01
     0.8455135E+01     0.3455940E+01
     0.8459461E+01     0.3461023E+01
     0.8466772E+01     0.3464741E+01
     0.8470182E+01     0.3469819E+01
     0.8477949E+01     0.3473999E+01
     0.8482756E+01     0.3474943E+01
     0.8486449E+01     0.3469440E+01
     0.8511885E+01     0.3468186E+01
     0.8519453E+01     0.3466613E+01
     0.8541675E+01     0.3466723E+01
     0.8555669E+01     0.3462881E+01
     0.8561624E+01     0.3463140E+01
     0.8573735E+01     0.3468951E+01
     0.8576921E+01     0.3473337E+01
     0.8581443E+01     0.3484862E+01
     0.8583403E+01     0.3504887E+01
     0.8582014E+01     0.3507640E+01
     0.8573506E+01     0.3513810E+01
     0.8573258E+01     0.3517490E+01
     0.8582788E+01     0.3535481E+01
     0.8587129E+01     0.3538033E+01
     0.8591242E+01     0.3540123E+01
     0.8604695E+01     0.3552842E+01
     0.8608332E+01     0.3558611E+01
     0.8609636E+01     0.3572420E+01
     0.8607998E+01     0.3579314E+01
     0.8607290E+01     0.3583222E+01
     0.8611134E+01     0.3593593E+01
     0.8608794E+01     0.3603014E+01
     0.8612303E+01     0.3634089E+01
     0.8611360E+01     0.3639376E+01
     0.8612401E+01     0.3660086E+01
     0.8616265E+01     0.3666086E+01
     0.8622432E+01     0.3670258E+01
     0.8625820E+01     0.3679936E+01
     0.8630830E+01     0.3686172E+01
     0.8649063E+01     0.3705814E+01
     0.8678411E+01     0.3748516E+01
     0.8682492E+01     0.3757277E+01
     0.8684313E+01     0.3764618E+01
     0.8685863E+01     0.3770867E+01
     0.8689963E+01     0.3775718E+01
     0.8695686E+01     0.3777125E+01
     0.8700703E+01     0.3782210E+01
     0.8719477E+01     0.3785980E+01
     0.8729139E+01     0.3778433E+01
     0.8730760E+01     0.3775220E+01
     0.8726668E+01     0.3768299E+01
     0.8728986E+01     0.3763018E+01
     0.8733124E+01     0.3760507E+01
     0.8745960E+01     0.3759877E+01
     0.8756724E+01     0.3761308E+01
     0.8762483E+01     0.3755352E+01
     0.8767297E+01     0.3754915E+01
     0.8776912E+01     0.3757030E+01
     0.8779430E+01     0.3757502E+01
     0.8783762E+01     0.3762123E+01
     0.8787199E+01     0.3762369E+01
     0.8790651E+01     0.3759164E+01
     0.8800271E+01     0.3760359E+01
     0.8806035E+01     0.3753253E+01
     0.8809244E+01     0.3753038E+01
     0.8816329E+01     0.3756982E+01
     0.8843381E+01     0.3755035E+01
     0.8856191E+01     0.3759924E+01
     0.8867648E+01     0.3760206E+01
     0.8872671E+01     0.3764140E+01
     0.8877951E+01     0.3762323E+01
END
2
     0.9504921E+01     0.9866119E+00
     0.9502096E+01     0.9739633E+00
     0.9500711E+01     0.9776339E+00
     0.9500892E+01     0.9898118E+00
     0.9502463E+01     0.9964806E+00
     0.9505209E+01     0.9953421E+00
     0.9509588E+01     0.9852492E+00
     0.9510069E+01     0.9792775E+00
     0.9505064E+01     0.9744339E+00
     0.9502096E+01     0.9739633E+00
END
3
     0.9319098E+01     0.9007306E+00
     0.9316606E+01     0.8728486E+00
     0.9309262E+01     0.8810897E+00
     0.9306293E+01     0.8813077E+00
     0.9300824E+01     0.8785290E+00
     0.9299447E+01     0.8801316E+00
     0.9303984E+01     0.8872715E+00
     0.9304219E+01     0.8902910E+00
     0.9306150E+01     0.9150785E+00
     0.9308186E+01     0.9199113E+00
     0.9319822E+01     0.9224847E+00
     0.9323491E+01     0.9190531E+00
     0.9329659E+01     0.9188479E+00
     0.9331719E+01     0.9174776E+00
     0.9333639E+01     0.8952006E+00
     0.9343517E+01     0.8814554E+00
     0.9342611E+01     0.8796140E+00
     0.9340098E+01     0.8798339E+00
     0.9332582E+01     0.8752095E+00
     0.9321386E+01     0.8763137E+00
     0.9318888E+01     0.8730875E+00
     0.9316606E+01     0.8728486E+00
END
4
     0.1049940E+02     0.1724933E+01
     0.9843795E+01     0.2257460E+01
     0.9847888E+01     0.2246572E+01
     0.9851289E+01     0.2246211E+01
     0.9867175E+01     0.2239055E+01
     0.9871077E+01     0.2235388E+01
     0.9881839E+01     0.2232204E+01
     0.9884364E+01     0.2229683E+01
     0.9888283E+01     0.2221187E+01
     0.9894689E+01     0.2220748E+01
     0.9899735E+01     0.2216626E+01
     0.9902956E+01     0.2211347E+01
     0.9904057E+01     0.2195908E+01
     0.9907693E+01     0.2191773E+01
     0.9912864E+01     0.2190762E+01
     0.9921597E+01     0.2200159E+01
     0.9925637E+01     0.2200843E+01
     0.9935264E+01     0.2195355E+01
     0.9941158E+01     0.2193359E+01
     0.9946027E+01     0.2191710E+01
     0.9963879E+01     0.2188548E+01
     0.9982674E+01     0.2177340E+01
     0.9989770E+01     0.2175523E+01
     0.9995481E+01     0.2177840E+01
     0.1000000E+02     0.2176527E+01
     0.1002524E+02     0.2169195E+01
     0.1002983E+02     0.2165990E+01
     0.1002983E+02     0.2165990E+01
     0.1004082E+02     0.2161885E+01
     0.1004607E+02     0.2165810E+01
     0.1004947E+02     0.2176168E+01
     0.1005289E+02     0.2181641E+01
     0.1005474E+02     0.2173885E+01
     0.1006071E+02     0.2165855E+01
     0.1007215E+02     0.2163131E+01
     0.1010144E+02     0.2163627E+01
     0.1010851E+02     0.2166000E+01
     0.1011377E+02     0.2165556E+01
     0.1011996E+02     0.2161436E+01
     0.1012500E+02     0.2160071E+01
     0.1013002E+02     0.2162616E+01
     0.1014239E+02     0.2174249E+01
     0.1014801E+02     0.2175465E+01
     0.1015246E+02     0.2174575E+01
     0.1015935E+02     0.2175499E+01
     0.1016201E+02     0.2173058E+01
     0.1016432E+02     0.2166396E+01
     0.1017258E+02     0.2158832E+01
     0.1019396E+02     0.2172673E+01
     0.1019790E+02     0.2172961E+01
     0.1025040E+02     0.2172880E+01
     0.1028893E+02     0.2172818E+01
     0.1030356E+02     0.2174286E+01
     0.1033033E+02     0.2172604E+01
     0.1037332E+02     0.2174007E+01
     0.1037600E+02     0.2173835E+01
     0.1038979E+02     0.2172953E+01
     0.1050173E+02     0.2172817E+01
     0.1052153E+02     0.2172791E+01
     0.1059883E+02     0.2173917E+01
     0.1062745E+02     0.2173016E+01
     0.1063612E+02     0.2172744E+01
     0.1064069E+02     0.2174149E+01
     0.1066973E+02     0.2174309E+01
     0.1075299E+02     0.2174096E+01
     0.1087874E+02     0.2173757E+01
     0.1089959E+02     0.2173699E+01
     0.1096294E+02     0.2175177E+01
     0.1096294E+02     0.2174257E+01
     0.1100356E+02     0.2173978E+01
     0.1103979E+02     0.2173728E+01
     0.1112931E+02     0.2174499E+01
     0.1116650E+02     0.2174817E+01
     0.1118245E+02     0.2186166E+01
     0.1119114E+02     0.2187128E+01
     0.1120352E+02     0.2180517E+01
     0.1122802E+02     0.2173735E+01
     0.1124887E+02     0.2173765E+01
     0.1133461E+02     0.2173887E+01
     0.1133239E+02     0.2157208E+01
     0.1133554E+02     0.2119499E+01
     0.1133422E+02     0.2109372E+01
     0.1133352E+02     0.2035035E+01
     0.1133314E+02     0.1995282E+01
     0.1133454E+02     0.1989539E+01
     0.1133297E+02     0.1983551E+01
     0.1133516E+02     0.1909009E+01
     0.1133568E+02     0.1891106E+01
     0.1133311E+02     0.1854756E+01
     0.1133456E+02     0.1837744E+01
     0.1133366E+02     0.1834291E+01
     0.1133476E+02     0.1782873E+01
     0.1133483E+02     0.1779562E+01
     0.1133360E+02     0.1748050E+01
     0.1133477E+02     0.1692865E+01
     0.1133367E+02     0.1683431E+01
     0.1133434E+02     0.1656568E+01
     0.1133479E+02     0.1638596E+01
     0.1133474E+02     0.1552367E+01
     0.1133346E+02     0.1531897E+01
     0.1133348E+02     0.1530210E+01
     0.1133493E+02     0.1412115E+01
     0.1133440E+02     0.1403843E+01
     0.1133386E+02     0.1395326E+01
     0.1133572E+02     0.1388208E+01
     0.1133422E+02     0.1367509E+01
     0.1133360E+02     0.1303135E+01
     0.1133461E+02     0.1277801E+01
     0.1133464E+02     0.1277163E+01
     0.1133339E+02     0.1152335E+01
     0.1133341E+02     0.1151441E+01
     0.1133510E+02     0.1078560E+01
     0.1133489E+02     0.1025108E+01
     0.1133478E+02     0.9992635E+00
     0.1131675E+02     0.9971103E+00
     0.1123502E+02     0.9975442E+00
     0.1120255E+02     0.9977143E+00
     0.1117698E+02     0.9962112E+00
     0.1117263E+02     0.9975690E+00
     0.1115939E+02     0.9975041E+00
     0.1115298E+02     0.9993114E+00
     0.1112490E+02     0.9973346E+00
     0.1112101E+02     0.9993838E+00
     0.1111058E+02     0.9982123E+00
     0.1110389E+02     0.9974604E+00
     0.1104839E+02     0.9978724E+00
     0.1102122E+02     0.9963562E+00
     0.1101573E+02     0.9977074E+00
     0.1099609E+02     0.9978374E+00
     0.1099609E+02     0.9969180E+00
     0.1098627E+02     0.9982683E+00
     0.1096732E+02     0.9981934E+00
     0.1084175E+02     0.9972793E+00
     0.1083531E+02     0.9972318E+00
     0.1079967E+02     0.9984215E+00
     0.1078894E+02     0.9974448E+00
     0.1071624E+02     0.9976386E+00
     0.1059067E+02     0.9979582E+00
     0.1046510E+02     0.9982582E+00
     0.1044681E+02     0.9983003E+00
     0.1044294E+02     0.9966692E+00
     0.1043334E+02     0.9977629E+00
     0.1033992E+02     0.9986155E+00
     0.1029516E+02     0.9990201E+00
     0.1028443E+02     0.9978070E+00
     0.1021442E+02     0.9972540E+00
     0.1016270E+02     0.9968414E+00
     0.1013049E+02     0.9984824E+00
     0.1012456E+02     0.9970668E+00
     0.1010948E+02     0.9981228E+00
     0.1009167E+02     0.9970932E+00
     0.1008914E+02     0.9974507E+00
     0.1007453E+02     0.9995148E+00
     0.1007134E+02     0.9978861E+00
     0.1000000E+02     0.9976503E+00
     0.9996741E+01     0.9976395E+00
     0.9997267E+01     0.9964466E+00
     0.9999027E+01     0.9924482E+00
     0.9995394E+01     0.9862334E+00
     0.9996550E+01     0.9821015E+00
     0.9989942E+01     0.9774857E+00
     0.9990138E+01     0.9720132E+00
     0.9990446E+01     0.9634722E+00
     0.9992290E+01     0.9586533E+00
     0.9997092E+01     0.9566008E+00
     0.9994371E+01     0.9508485E+00
     0.9995758E+01     0.9460281E+00
     0.9995758E+01     0.9460281E+00
     0.9989843E+01     0.9388874E+00
     0.9995790E+01     0.9363789E+00
     0.9996255E+01     0.9340829E+00
     0.9992161E+01     0.9292455E+00
     0.9986687E+01     0.9269308E+00
     0.9980971E+01     0.9287506E+00
     0.9970697E+01     0.9277990E+00
     0.9962025E+01     0.9259334E+00
     0.9956104E+01     0.9208603E+00
     0.9949936E+01     0.9213001E+00
     0.9942615E+01     0.9254118E+00
     0.9930238E+01     0.9380080E+00
     0.9908062E+01     0.9443690E+00
     0.9907272E+01     0.9447511E+00
     0.9907272E+01     0.9447511E+00
     0.9900513E+01     0.9480205E+00
     0.9894779E+01     0.9546644E+00
     0.9892340E+01     0.9650376E+00
     0.9884884E+01     0.9767078E+00
     0.9878224E+01     0.9824104E+00
     0.9842038E+01     0.9980340E+00
     0.9806890E+01     0.9971326E+00
     0.9805959E+01     0.9971088E+00
     0.9790192E+01     0.9983842E+00
     0.9788956E+01     0.1012856E+01
     0.9786138E+01     0.1024789E+01
     0.9760633E+01     0.1048064E+01
     0.9748417E+01     0.1064992E+01
     0.9743370E+01     0.1068406E+01
     0.9736285E+01     0.1069049E+01
     0.9722600E+01     0.1067503E+01
     0.9699538E+01     0.1064897E+01
     0.9671225E+01     0.1063558E+01
     0.9665299E+01     0.1061179E+01
     0.9665299E+01     0.1061179E+01
     0.9661846E+01     0.1068520E+01
     0.9661846E+01     0.1068520E+01
     0.9657051E+01     0.1067813E+01
     0.9650673E+01     0.1063195E+01
     0.9645194E+01     0.1062257E+01
     0.9642244E+01     0.1057191E+01
     0.9637234E+01     0.1053267E+01
     0.9633356E+01     0.1052358E+01
     0.9626280E+01     0.1050700E+01
     0.9618079E+01     0.1044697E+01
     0.9608260E+01     0.1043972E+01
     0.9601885E+01     0.1038664E+01
     0.9587293E+01     0.1031948E+01
     0.9580613E+01     0.1046169E+01
     0.9581272E+01     0.1053065E+01
     0.9578954E+01     0.1061787E+01
     0.9562825E+01     0.1097343E+01
     0.9560876E+01     0.1100467E+01
     0.9555240E+01     0.1109493E+01
     0.9539645E+01     0.1125061E+01
     0.9532321E+01     0.1128481E+01
     0.9525929E+01     0.1127308E+01
     0.9512876E+01     0.1135531E+01
     0.9508761E+01     0.1136206E+01
     0.9499410E+01     0.1132494E+01
     0.9495292E+01     0.1134087E+01
     0.9481124E+01     0.1135182E+01
     0.9475897E+01     0.1128499E+01
     0.9467010E+01     0.1122721E+01
     0.9460163E+01     0.1121316E+01
     0.9456995E+01     0.1118563E+01
     0.9453789E+01     0.1115777E+01
     0.9440326E+01     0.1112279E+01
     0.9421602E+01     0.1110139E+01
     0.9420251E+01     0.1105308E+01
     0.9415011E+01     0.1101841E+01
     0.9413890E+01     0.1096782E+01
     0.9412063E+01     0.1096775E+01
     0.9404718E+01     0.1105248E+01
     0.9402430E+01     0.1106159E+01
     0.9400383E+01     0.1104083E+01
     0.9396042E+01     0.1104295E+01
     0.9391482E+01     0.1101980E+01
     0.9389647E+01     0.1104041E+01
     0.9388701E+01     0.1111620E+01
     0.9376501E+01     0.1134321E+01
     0.9372163E+01     0.1133844E+01
     0.9369509E+01     0.1136871E+01
     0.9368949E+01     0.1137508E+01
     0.9366219E+01     0.1134970E+01
     0.9361853E+01     0.1140927E+01
     0.9364358E+01     0.1142776E+01
     0.9366156E+01     0.1150136E+01
     0.9364079E+01     0.1154953E+01
     0.9354425E+01     0.1169163E+01
     0.9348252E+01     0.1170287E+01
     0.9346865E+01     0.1174418E+01
     0.9348680E+01     0.1177412E+01
     0.9357811E+01     0.1179057E+01
     0.9365561E+01     0.1183224E+01
     0.9371071E+01     0.1176811E+01
     0.9371048E+01     0.1182326E+01
     0.9375366E+01     0.1187858E+01
     0.9378965E+01     0.1201430E+01
     0.9381909E+01     0.1207646E+01
     0.9387376E+01     0.1211804E+01
     0.9389857E+01     0.1219397E+01
     0.9389142E+01     0.1226748E+01
     0.9393894E+01     0.1237797E+01
     0.9393186E+01     0.1243539E+01
     0.9400432E+01     0.1259424E+01
     0.9398333E+01     0.1269758E+01
     0.9400145E+01     0.1273671E+01
     0.9410624E+01     0.1281296E+01
     0.9416106E+01     0.1281547E+01
     0.9421369E+01     0.1279729E+01
     0.9425248E+01     0.1280892E+01
     0.9431839E+01     0.1289651E+01
     0.9434535E+01     0.1300692E+01
     0.9437725E+01     0.1303003E+01
     0.9443853E+01     0.1312908E+01
     0.9455713E+01     0.1318469E+01
     0.9459354E+01     0.1322160E+01
     0.9463657E+01     0.1331599E+01
     0.9462717E+01     0.1338031E+01
     0.9463793E+01     0.1354812E+01
     0.9465846E+01     0.1355510E+01
     0.9459783E+01     0.1386054E+01
     0.9460450E+01     0.1390423E+01
     0.9467052E+01     0.1396884E+01
     0.9472743E+01     0.1408310E+01
     0.9476572E+01     0.1415996E+01
     0.9490925E+01     0.1427083E+01
     0.9515548E+01     0.1441425E+01
     0.9531711E+01     0.1457345E+01
     0.9539461E+01     0.1462430E+01
     0.9542828E+01     0.1478072E+01
     0.9545550E+01     0.1483139E+01
     0.9550111E+01     0.1485684E+01
     0.9558105E+01     0.1487093E+01
     0.9560663E+01     0.1485429E+01
     0.9561892E+01     0.1480002E+01
     0.9555696E+01     0.1460192E+01
     0.9556055E+01     0.1451547E+01
     0.9567522E+01     0.1442141E+01
     0.9564769E+01     0.1449876E+01
     0.9559761E+01     0.1452287E+01
     0.9558167E+01     0.1456727E+01
     0.9564466E+01     0.1478868E+01
     0.9563875E+01     0.1482597E+01
     0.9562215E+01     0.1486729E+01
     0.9564032E+01     0.1490980E+01
     0.9569017E+01     0.1501614E+01
     0.9578716E+01     0.1534748E+01
     0.9583715E+01     0.1542352E+01
     0.9585289E+01     0.1549024E+01
     0.9593244E+01     0.1560776E+01
     0.9594337E+01     0.1573422E+01
     0.9606639E+01     0.1583811E+01
     0.9606621E+01     0.1588638E+01
     0.9611196E+01     0.1587735E+01
     0.9613462E+01     0.1592571E+01
     0.9619634E+01     0.1592593E+01
     0.9619634E+01     0.1592593E+01
     0.9622608E+01     0.1591914E+01
     0.9628087E+01     0.1593773E+01
     0.9628087E+01     0.1593773E+01
     0.9626694E+01     0.1599285E+01
     0.9619802E+01     0.1608225E+01
     0.9615224E+01     0.1610277E+01
     0.9607411E+01     0.1620823E+01
     0.9609852E+01     0.1639911E+01
     0.9609838E+01     0.1643806E+01
     0.9609775E+01     0.1660140E+01
     0.9612033E+01     0.1667275E+01
     0.9622287E+01     0.1675817E+01
     0.9623404E+01     0.1682718E+01
     0.9630469E+01     0.1688031E+01
     0.9636408E+01     0.1689201E+01
     0.9642783E+01     0.1695891E+01
     0.9645963E+01     0.1701419E+01
     0.9649848E+01     0.1701663E+01
     0.9658287E+01     0.1706751E+01
     0.9660321E+01     0.1712965E+01
     0.9663518E+01     0.1713896E+01
     0.9663727E+01     0.1718954E+01
     0.9676255E+01     0.1738005E+01
     0.9681911E+01     0.1746606E+01
     0.9688996E+01     0.1747320E+01
     0.9696752E+01     0.1751945E+01
     0.9731371E+01     0.1787010E+01
     0.9743619E+01     0.1813491E+01
     0.9741554E+01     0.1815323E+01
     0.9742911E+01     0.1819467E+01
     0.9742192E+01     0.1828430E+01
     0.9743776E+01     0.1833322E+01
     0.9743776E+01     0.1833322E+01
     0.9742741E+01     0.1836237E+01
     0.9742741E+01     0.1836237E+01
     0.9739413E+01     0.1837847E+01
     0.9739405E+01     0.1840376E+01
     0.9749884E+01     0.1850528E+01
     0.9758097E+01     0.1855614E+01
     0.9761510E+01     0.1860224E+01
     0.9760345E+01     0.1865738E+01
     0.9763997E+01     0.1867590E+01
     0.9774969E+01     0.1868547E+01
     0.9780437E+01     0.1873854E+01
     0.9791801E+01     0.1892515E+01
     0.9792467E+01     0.1898266E+01
     0.9790392E+01     0.1903087E+01
     0.9791986E+01     0.1904931E+01
     0.9798846E+01     0.1904495E+01
     0.9802726E+01     0.1906807E+01
     0.9807507E+01     0.1912571E+01
     0.9809422E+01     0.1919633E+01
     0.9810440E+01     0.1923387E+01
     0.9813622E+01     0.1928916E+01
     0.9813622E+01     0.1928916E+01
     0.9815275E+01     0.1931235E+01
     0.9815275E+01     0.1931235E+01
     0.9810616E+01     0.1938103E+01
     0.9807757E+01     0.1946985E+01
     0.9803447E+01     0.1960381E+01
     0.9792520E+01     0.2009778E+01
     0.9788144E+01     0.2018271E+01
     0.9783748E+01     0.2032282E+01
     0.9775382E+01     0.2068814E+01
     0.9765231E+01     0.2092693E+01
     0.9767688E+01     0.2109027E+01
     0.9782738E+01     0.2121495E+01
     0.9785857E+01     0.2128129E+01
     0.9787503E+01     0.2131629E+01
     0.9790673E+01     0.2140608E+01
     0.9795597E+01     0.2170288E+01
     0.9792556E+01     0.2189134E+01
     0.9795647E+01     0.2219729E+01
     0.9789654E+01     0.2252294E+01
     0.9788880E+01     0.2256499E+01
     0.9791583E+01     0.2268007E+01
     0.9790635E+01     0.2277202E+01
     0.9779765E+01     0.2309591E+01
     0.9778591E+01     0.2317865E+01
     0.9780396E+01     0.2325001E+01
     0.9784730E+01     0.2328465E+01
     0.9793875E+01     0.2329876E+01
     0.9802311E+01     0.2337723E+01
     0.9814895E+01     0.2337536E+01
     0.9817861E+01     0.2339846E+01
     0.9822182E+01     0.2346989E+01
     0.9822182E+01     0.2346989E+01
     0.9828600E+01     0.2339253E+01
     0.9833010E+01     0.2329390E+01
     0.9834263E+01     0.2312374E+01
     0.9831374E+01     0.2299243E+01
     0.9831199E+01     0.2290960E+01
     0.9843795E+01     0.2257460E+01
END
END
