french_guiana
1
    -0.5225305E+02     0.4959836E+01
    -0.5225417E+02     0.4954973E+01
    -0.5225933E+02     0.4959937E+01
    -0.5225872E+02     0.4962216E+01
    -0.5225624E+02     0.4963667E+01
    -0.5224840E+02     0.4962432E+01
    -0.5224654E+02     0.4959328E+01
    -0.5224715E+02     0.4957464E+01
    -0.5224922E+02     0.4955598E+01
    -0.5225417E+02     0.4954973E+01
END
2
    -0.5220532E+02     0.4930688E+01
    -0.5220523E+02     0.4924992E+01
    -0.5220750E+02     0.4926646E+01
    -0.5220916E+02     0.4931614E+01
    -0.5220855E+02     0.4934928E+01
    -0.5220586E+02     0.4935137E+01
    -0.5220235E+02     0.4932448E+01
    -0.5220111E+02     0.4928515E+01
    -0.5220234E+02     0.4925201E+01
    -0.5220523E+02     0.4924992E+01
END
3
    -0.5218727E+02     0.4893146E+01
    -0.5218621E+02     0.4887943E+01
    -0.5219715E+02     0.4894560E+01
    -0.5219365E+02     0.4897255E+01
    -0.5218168E+02     0.4896437E+01
    -0.5217941E+02     0.4893540E+01
    -0.5218064E+02     0.4890640E+01
    -0.5218270E+02     0.4888153E+01
    -0.5218621E+02     0.4887943E+01
END
4
    -0.5192996E+02     0.4826719E+01
    -0.5193422E+02     0.4821021E+01
    -0.5193546E+02     0.4823920E+01
    -0.5193443E+02     0.4827026E+01
    -0.5193092E+02     0.4830134E+01
    -0.5192721E+02     0.4831171E+01
    -0.5192577E+02     0.4830136E+01
    -0.5192494E+02     0.4827859E+01
    -0.5192638E+02     0.4824131E+01
    -0.5192906E+02     0.4821438E+01
    -0.5193422E+02     0.4821021E+01
END
5
    -0.5269054E+02     0.5244320E+01
    -0.5269004E+02     0.5239570E+01
    -0.5269335E+02     0.5240186E+01
    -0.5269500E+02     0.5242876E+01
    -0.5269419E+02     0.5248053E+01
    -0.5268882E+02     0.5247853E+01
    -0.5268592E+02     0.5243717E+01
    -0.5269004E+02     0.5239570E+01
END
6
    -0.5235123E+02     0.5041314E+01
    -0.5234898E+02     0.5036669E+01
    -0.5235373E+02     0.5038734E+01
    -0.5235621E+02     0.5041838E+01
    -0.5235395E+02     0.5044946E+01
    -0.5235003E+02     0.5044536E+01
    -0.5234486E+02     0.5039572E+01
    -0.5234630E+02     0.5037086E+01
    -0.5234898E+02     0.5036669E+01
END
7
    -0.5299894E+02     0.4169857E+01
    -0.5390213E+02     0.5749091E+01
    -0.5390400E+02     0.5752190E+01
    -0.5390401E+02     0.5756536E+01
    -0.5389949E+02     0.5762966E+01
    -0.5388383E+02     0.5776258E+01
    -0.5387309E+02     0.5776496E+01
    -0.5385323E+02     0.5768481E+01
    -0.5384125E+02     0.5766652E+01
    -0.5383400E+02     0.5762740E+01
    -0.5382987E+02     0.5762958E+01
    -0.5382905E+02     0.5764410E+01
    -0.5383072E+02     0.5770200E+01
    -0.5382555E+02     0.5768766E+01
    -0.5381961E+02     0.5765263E+01
    -0.5379617E+02     0.5751461E+01
    -0.5377567E+02     0.5733303E+01
    -0.5376594E+02     0.5727742E+01
    -0.5376138E+02     0.5719267E+01
    -0.5375745E+02     0.5718243E+01
    -0.5374588E+02     0.5718895E+01
    -0.5374319E+02     0.5717661E+01
    -0.5373883E+02     0.5708565E+01
    -0.5373137E+02     0.5700720E+01
    -0.5372195E+02     0.5694251E+01
    -0.5370136E+02     0.5680101E+01
    -0.5369474E+02     0.5676600E+01
    -0.5368296E+02     0.5673319E+01
    -0.5367551E+02     0.5667542E+01
    -0.5365071E+02     0.5662019E+01
    -0.5362921E+02     0.5653795E+01
    -0.5360791E+02     0.5643292E+01
    -0.5359260E+02     0.5635051E+01
    -0.5357666E+02     0.5620808E+01
    -0.5356302E+02     0.5617116E+01
    -0.5355537E+02     0.5613410E+01
    -0.5351337E+02     0.5584325E+01
    -0.5350798E+02     0.5577714E+01
    -0.5350370E+02     0.5574553E+01
    -0.5348563E+02     0.5561208E+01
    -0.5346579E+02     0.5555252E+01
    -0.5343316E+02     0.5550568E+01
    -0.5340855E+02     0.5540068E+01
    -0.5340522E+02     0.5539558E+01
    -0.5338190E+02     0.5535988E+01
    -0.5331622E+02     0.5529511E+01
    -0.5330919E+02     0.5527663E+01
    -0.5330527E+02     0.5528293E+01
    -0.5330693E+02     0.5533050E+01
    -0.5330281E+02     0.5538441E+01
    -0.5329456E+02     0.5538252E+01
    -0.5329076E+02     0.5534462E+01
    -0.5329021E+02     0.5533915E+01
    -0.5329123E+02     0.5528737E+01
    -0.5329019E+02     0.5525427E+01
    -0.5328667E+02     0.5524193E+01
    -0.5328545E+02     0.5530613E+01
    -0.5327884E+02     0.5530834E+01
    -0.5325899E+02     0.5519284E+01
    -0.5325713E+02     0.5516804E+01
    -0.5325857E+02     0.5514730E+01
    -0.5326084E+02     0.5514312E+01
    -0.5326994E+02     0.5518847E+01
    -0.5327096E+02     0.5516153E+01
    -0.5326000E+02     0.5508517E+01
    -0.5325586E+02     0.5503143E+01
    -0.5324325E+02     0.5498409E+01
    -0.5323436E+02     0.5492010E+01
    -0.5322320E+02     0.5489549E+01
    -0.5322445E+02     0.5496378E+01
    -0.5321144E+02     0.5492472E+01
    -0.5319864E+02     0.5493533E+01
    -0.5319678E+02     0.5494986E+01
    -0.5320485E+02     0.5502008E+01
    -0.5320279E+02     0.5505739E+01
    -0.5319598E+02     0.5506374E+01
    -0.5317656E+02     0.5501859E+01
    -0.5315713E+02     0.5493824E+01
    -0.5315507E+02     0.5494450E+01
    -0.5309101E+02     0.5472631E+01
    -0.5306889E+02     0.5462944E+01
    -0.5306084E+02     0.5461717E+01
    -0.5305917E+02     0.5461003E+01
    -0.5305650E+02     0.5459862E+01
    -0.5305318E+02     0.5453451E+01
    -0.5304327E+02     0.5451813E+01
    -0.5301186E+02     0.5441727E+01
    -0.5300525E+02     0.5438220E+01
    -0.5299035E+02     0.5420443E+01
    -0.5298435E+02     0.5416313E+01
    -0.5297278E+02     0.5411986E+01
    -0.5296575E+02     0.5406616E+01
    -0.5295788E+02     0.5395037E+01
    -0.5295541E+02     0.5400010E+01
    -0.5295645E+02     0.5405390E+01
    -0.5296328E+02     0.5413245E+01
    -0.5296824E+02     0.5416549E+01
    -0.5297847E+02     0.5420390E+01
    -0.5298250E+02     0.5421906E+01
    -0.5300341E+02     0.5448367E+01
    -0.5301458E+02     0.5457248E+01
    -0.5301665E+02     0.5463041E+01
    -0.5301439E+02     0.5468842E+01
    -0.5301006E+02     0.5471334E+01
    -0.5298982E+02     0.5469507E+01
    -0.5298467E+02     0.5475934E+01
    -0.5298157E+02     0.5475111E+01
    -0.5298074E+02     0.5472629E+01
    -0.5298403E+02     0.5467448E+01
    -0.5297845E+02     0.5461247E+01
    -0.5297369E+02     0.5457736E+01
    -0.5297183E+02     0.5458153E+01
    -0.5296812E+02     0.5460851E+01
    -0.5295097E+02     0.5453429E+01
    -0.5294312E+02     0.5452821E+01
    -0.5294395E+02     0.5456132E+01
    -0.5294169E+02     0.5459655E+01
    -0.5293632E+02     0.5460079E+01
    -0.5293198E+02     0.5458016E+01
    -0.5290986E+02     0.5443977E+01
    -0.5287369E+02     0.5412809E+01
    -0.5286622E+02     0.5406372E+01
    -0.5286105E+02     0.5398306E+01
    -0.5283870E+02     0.5372672E+01
    -0.5283083E+02     0.5356951E+01
    -0.5282895E+02     0.5343083E+01
    -0.5282605E+02     0.5337290E+01
    -0.5281736E+02     0.5326332E+01
    -0.5280267E+02     0.5311449E+01
    -0.5278943E+02     0.5295321E+01
    -0.5278094E+02     0.5280014E+01
    -0.5277474E+02     0.5274019E+01
    -0.5275842E+02     0.5263900E+01
    -0.5274973E+02     0.5255217E+01
    -0.5273091E+02     0.5236612E+01
    -0.5270095E+02     0.5217815E+01
    -0.5269206E+02     0.5209754E+01
    -0.5267306E+02     0.5201913E+01
    -0.5266314E+02     0.5194474E+01
    -0.5265065E+02     0.5179468E+01
    -0.5263336E+02     0.5158696E+01
    -0.5263232E+02     0.5155385E+01
    -0.5263541E+02     0.5149377E+01
    -0.5263995E+02     0.5147507E+01
    -0.5264655E+02     0.5147084E+01
    -0.5266121E+02     0.5149134E+01
    -0.5266802E+02     0.5147882E+01
    -0.5267379E+02     0.5144561E+01
    -0.5267833E+02     0.5137722E+01
    -0.5268306E+02     0.5127985E+01
    -0.5268202E+02     0.5123224E+01
    -0.5267234E+02     0.5137524E+01
    -0.5266554E+02     0.5143952E+01
    -0.5265582E+02     0.5140487E+01
    -0.5265397E+02     0.5139827E+01
    -0.5263581E+02     0.5139645E+01
    -0.5262900E+02     0.5143589E+01
    -0.5262178E+02     0.5142563E+01
    -0.5258707E+02     0.5124389E+01
    -0.5257426E+02     0.5111775E+01
    -0.5256888E+02     0.5104536E+01
    -0.5256329E+02     0.5091499E+01
    -0.5255895E+02     0.5086949E+01
    -0.5255564E+02     0.5087161E+01
    -0.5255620E+02     0.5088049E+01
    -0.5255978E+02     0.5093781E+01
    -0.5255999E+02     0.5095851E+01
    -0.5255814E+02     0.5096061E+01
    -0.5254987E+02     0.5086133E+01
    -0.5254677E+02     0.5083652E+01
    -0.5254037E+02     0.5081797E+01
    -0.5253706E+02     0.5075797E+01
    -0.5253437E+02     0.5073729E+01
    -0.5252880E+02     0.5073943E+01
    -0.5252240E+02     0.5072087E+01
    -0.5251868E+02     0.5069193E+01
    -0.5251661E+02     0.5065469E+01
    -0.5251888E+02     0.5064431E+01
    -0.5252714E+02     0.5068355E+01
    -0.5252796E+02     0.5066490E+01
    -0.5251700E+02     0.5051182E+01
    -0.5251081E+02     0.5054916E+01
    -0.5250545E+02     0.5055130E+01
    -0.5249925E+02     0.5052238E+01
    -0.5249210E+02     0.5047368E+01
    -0.5246372E+02     0.5028056E+01
    -0.5245160E+02     0.5017792E+01
    -0.5244656E+02     0.5000744E+01
    -0.5244589E+02     0.5000000E+01
    -0.5244470E+02     0.4998675E+01
    -0.5244057E+02     0.5000000E+01
    -0.5243521E+02     0.5005312E+01
    -0.5242799E+02     0.5004077E+01
    -0.5242154E+02     0.5000000E+01
    -0.5242014E+02     0.4999117E+01
    -0.5240631E+02     0.4994784E+01
    -0.5240259E+02     0.4991682E+01
    -0.5240176E+02     0.4989820E+01
    -0.5240527E+02     0.4989194E+01
    -0.5240699E+02     0.4989956E+01
    -0.5241270E+02     0.4992499E+01
    -0.5241497E+02     0.4991876E+01
    -0.5241600E+02     0.4989182E+01
    -0.5241476E+02     0.4986493E+01
    -0.5241125E+02     0.4982562E+01
    -0.5240051E+02     0.4979468E+01
    -0.5239411E+02     0.4975333E+01
    -0.5239080E+02     0.4968090E+01
    -0.5238502E+02     0.4966233E+01
    -0.5236703E+02     0.4942854E+01
    -0.5236827E+02     0.4941403E+01
    -0.5237405E+02     0.4941812E+01
    -0.5237549E+02     0.4939739E+01
    -0.5236826E+02     0.4929808E+01
    -0.5236639E+02     0.4921528E+01
    -0.5236370E+02     0.4918010E+01
    -0.5235772E+02     0.4918224E+01
    -0.5235524E+02     0.4916777E+01
    -0.5235524E+02     0.4916777E+01
    -0.5234286E+02     0.4912027E+01
    -0.5234286E+02     0.4912027E+01
    -0.5234036E+02     0.4914539E+01
    -0.5233688E+02     0.4920315E+01
    -0.5233690E+02     0.4936673E+01
    -0.5233588E+02     0.4943507E+01
    -0.5233361E+02     0.4946822E+01
    -0.5232226E+02     0.4948283E+01
    -0.5230700E+02     0.4953474E+01
    -0.5230431E+02     0.4951820E+01
    -0.5229873E+02     0.4943750E+01
    -0.5229171E+02     0.4941479E+01
    -0.5228717E+02     0.4942519E+01
    -0.5228366E+02     0.4939830E+01
    -0.5228035E+02     0.4930102E+01
    -0.5227498E+02     0.4926172E+01
    -0.5226796E+02     0.4915826E+01
    -0.5226233E+02     0.4914057E+01
    -0.5226073E+02     0.4913555E+01
    -0.5225825E+02     0.4910658E+01
    -0.5226402E+02     0.4905477E+01
    -0.5226443E+02     0.4902991E+01
    -0.5225122E+02     0.4891408E+01
    -0.5224480E+02     0.4878368E+01
    -0.5224480E+02     0.4878368E+01
    -0.5223221E+02     0.4867405E+01
    -0.5223221E+02     0.4867405E+01
    -0.5222581E+02     0.4872588E+01
    -0.5222169E+02     0.4873419E+01
    -0.5221942E+02     0.4870108E+01
    -0.5221680E+02     0.4867588E+01
    -0.5221426E+02     0.4868042E+01
    -0.5218575E+02     0.4834728E+01
    -0.5216654E+02     0.4816522E+01
    -0.5216447E+02     0.4810312E+01
    -0.5216488E+02     0.4806377E+01
    -0.5215704E+02     0.4805140E+01
    -0.5214919E+02     0.4795208E+01
    -0.5214444E+02     0.4786307E+01
    -0.5213535E+02     0.4776168E+01
    -0.5213350E+02     0.4776376E+01
    -0.5213970E+02     0.4792523E+01
    -0.5213950E+02     0.4796664E+01
    -0.5213681E+02     0.4796045E+01
    -0.5212687E+02     0.4788435E+01
    -0.5212195E+02     0.4784667E+01
    -0.5211637E+02     0.4777424E+01
    -0.5210522E+02     0.4770599E+01
    -0.5209717E+02     0.4759837E+01
    -0.5208768E+02     0.4758809E+01
    -0.5206889E+02     0.4747433E+01
    -0.5203049E+02     0.4711013E+01
    -0.5201748E+02     0.4698182E+01
    -0.5201047E+02     0.4694666E+01
    -0.5200489E+02     0.4689079E+01
    -0.5199849E+02     0.4674173E+01
    -0.5199332E+02     0.4667964E+01
    -0.5199146E+02     0.4659060E+01
    -0.5199207E+02     0.4648293E+01
    -0.5198815E+02     0.4640012E+01
    -0.5198195E+02     0.4617237E+01
    -0.5196686E+02     0.4585977E+01
    -0.5196210E+02     0.4562372E+01
    -0.5196168E+02     0.4549119E+01
    -0.5195838E+02     0.4542288E+01
    -0.5195321E+02     0.4520961E+01
    -0.5195321E+02     0.4520961E+01
    -0.5194557E+02     0.4509990E+01
    -0.5194557E+02     0.4509990E+01
    -0.5194453E+02     0.4508541E+01
    -0.5194453E+02     0.4508541E+01
    -0.5193340E+02     0.4506683E+01
    -0.5193030E+02     0.4508341E+01
    -0.5193030E+02     0.4508341E+01
    -0.5193093E+02     0.4516417E+01
    -0.5192560E+02     0.4569432E+01
    -0.5192663E+02     0.4572745E+01
    -0.5192520E+02     0.4590140E+01
    -0.5192728E+02     0.4614781E+01
    -0.5192564E+02     0.4630105E+01
    -0.5191946E+02     0.4643362E+01
    -0.5191225E+02     0.4655790E+01
    -0.5190792E+02     0.4660141E+01
    -0.5189967E+02     0.4663250E+01
    -0.5189017E+02     0.4663669E+01
    -0.5188461E+02     0.4660772E+01
    -0.5187883E+02     0.4659946E+01
    -0.5186975E+02     0.4664506E+01
    -0.5186625E+02     0.4664300E+01
    -0.5185882E+02     0.4662647E+01
    -0.5185180E+02     0.4657473E+01
    -0.5184334E+02     0.4650022E+01
    -0.5183467E+02     0.4638843E+01
    -0.5180681E+02     0.4610691E+01
    -0.5179938E+02     0.4608623E+01
    -0.5179567E+02     0.4604897E+01
    -0.5179484E+02     0.4599306E+01
    -0.5179690E+02     0.4598270E+01
    -0.5180536E+02     0.4601994E+01
    -0.5180763E+02     0.4600751E+01
    -0.5180412E+02     0.4594954E+01
    -0.5179917E+02     0.4591642E+01
    -0.5179690E+02     0.4591022E+01
    -0.5178245E+02     0.4578395E+01
    -0.5177626E+02     0.4570942E+01
    -0.5177089E+02     0.4561832E+01
    -0.5176841E+02     0.4538226E+01
    -0.5176469E+02     0.4522903E+01
    -0.5176365E+02     0.4507165E+01
    -0.5176014E+02     0.4493292E+01
    -0.5175496E+02     0.4478301E+01
    -0.5174569E+02     0.4451466E+01
    -0.5174032E+02     0.4448775E+01
    -0.5173145E+02     0.4454161E+01
    -0.5172877E+02     0.4453127E+01
    -0.5172857E+02     0.4449813E+01
    -0.5173186E+02     0.4444842E+01
    -0.5174197E+02     0.4440077E+01
    -0.5174403E+02     0.4436763E+01
    -0.5174526E+02     0.4431792E+01
    -0.5174340E+02     0.4418540E+01
    -0.5174072E+02     0.4413570E+01
    -0.5171831E+02     0.4393302E+01
    -0.5171143E+02     0.4387071E+01
    -0.5170689E+02     0.4385001E+01
    -0.5170400E+02     0.4385416E+01
    -0.5169452E+02     0.4392252E+01
    -0.5169142E+02     0.4391632E+01
    -0.5168956E+02     0.4387076E+01
    -0.5169101E+02     0.4378585E+01
    -0.5169678E+02     0.4380862E+01
    -0.5170585E+02     0.4370506E+01
    -0.5171677E+02     0.4345860E+01
    -0.5171656E+02     0.4334470E+01
    -0.5171037E+02     0.4314177E+01
    -0.5170975E+02     0.4313049E+01
    -0.5170356E+02     0.4301753E+01
    -0.5169015E+02     0.4283532E+01
    -0.5166498E+02     0.4254752E+01
    -0.5165962E+02     0.4246055E+01
    -0.5165714E+02     0.4236322E+01
    -0.5165734E+02     0.4230524E+01
    -0.5166208E+02     0.4218719E+01
    -0.5166352E+02     0.4211264E+01
    -0.5166249E+02     0.4205051E+01
    -0.5165693E+02     0.4219134E+01
    -0.5165322E+02     0.4222655E+01
    -0.5164971E+02     0.4220999E+01
    -0.5164352E+02     0.4214994E+01
    -0.5163569E+02     0.4201535E+01
    -0.5163404E+02     0.4196772E+01
    -0.5163434E+02     0.4191585E+01
    -0.5163434E+02     0.4191585E+01
    -0.5162146E+02     0.4184556E+01
    -0.5161795E+02     0.4186627E+01
    -0.5161506E+02     0.4190925E+01
    -0.5161506E+02     0.4190925E+01
    -0.5161435E+02     0.4187130E+01
    -0.5161395E+02     0.4172863E+01
    -0.5161837E+02     0.4158157E+01
    -0.5163315E+02     0.4128544E+01
    -0.5163407E+02     0.4128549E+01
    -0.5163986E+02     0.4113850E+01
    -0.5164504E+02     0.4081660E+01
    -0.5165176E+02     0.4063974E+01
    -0.5165846E+02     0.4049279E+01
    -0.5166606E+02     0.4039650E+01
    -0.5167387E+02     0.4035545E+01
    -0.5169588E+02     0.4029895E+01
    -0.5171309E+02     0.4021921E+01
    -0.5172343E+02     0.4015296E+01
    -0.5172986E+02     0.4010033E+01
    -0.5173441E+02     0.4007584E+01
    -0.5175374E+02     0.3996106E+01
    -0.5176972E+02     0.3972860E+01
    -0.5176972E+02     0.3972860E+01
    -0.5177171E+02     0.3969957E+01
    -0.5177887E+02     0.3956184E+01
    -0.5178211E+02     0.3947915E+01
    -0.5178241E+02     0.3929968E+01
    -0.5178802E+02     0.3904453E+01
    -0.5179541E+02     0.3889529E+01
    -0.5180598E+02     0.3878993E+01
    -0.5181655E+02     0.3870526E+01
    -0.5182577E+02     0.3857222E+01
    -0.5183680E+02     0.3846457E+01
    -0.5184047E+02     0.3845093E+01
    -0.5184631E+02     0.3838153E+01
    -0.5187497E+02     0.3807279E+01
    -0.5189333E+02     0.3798616E+01
    -0.5191101E+02     0.3784658E+01
    -0.5192019E+02     0.3780786E+01
    -0.5192183E+02     0.3772280E+01
    -0.5191891E+02     0.3757540E+01
    -0.5191575E+02     0.3744871E+01
    -0.5191625E+02     0.3734749E+01
    -0.5191832E+02     0.3731307E+01
    -0.5193323E+02     0.3724699E+01
    -0.5195041E+02     0.3722702E+01
    -0.5195845E+02     0.3718135E+01
    -0.5196925E+02     0.3707367E+01
    -0.5197895E+02     0.3683939E+01
    -0.5198355E+02     0.3669798E+01
    -0.5198897E+02     0.3639803E+01
    -0.5199329E+02     0.3622783E+01
    -0.5201295E+02     0.3600208E+01
    -0.5202365E+02     0.3590674E+01
    -0.5202365E+02     0.3590674E+01
    -0.5202695E+02     0.3587773E+01
    -0.5205677E+02     0.3526042E+01
    -0.5205677E+02     0.3526042E+01
    -0.5205615E+02     0.3522936E+01
    -0.5205924E+02     0.3518999E+01
    -0.5206604E+02     0.3515267E+01
    -0.5207183E+02     0.3505048E+01
    -0.5208104E+02     0.3478189E+01
    -0.5208269E+02     0.3472389E+01
    -0.5208762E+02     0.3464931E+01
    -0.5210450E+02     0.3450008E+01
    -0.5210450E+02     0.3450008E+01
    -0.5211684E+02     0.3432605E+01
    -0.5214194E+02     0.3389098E+01
    -0.5215530E+02     0.3367344E+01
    -0.5215761E+02     0.3364389E+01
    -0.5216472E+02     0.3346938E+01
    -0.5218357E+02     0.3325156E+01
    -0.5218357E+02     0.3325156E+01
    -0.5218749E+02     0.3315509E+01
    -0.5218684E+02     0.3305613E+01
    -0.5219214E+02     0.3295740E+01
    -0.5219788E+02     0.3290471E+01
    -0.5222087E+02     0.3260192E+01
    -0.5222800E+02     0.3250557E+01
    -0.5223511E+02     0.3247365E+01
    -0.5223877E+02     0.3247379E+01
    -0.5225019E+02     0.3254327E+01
    -0.5225408E+02     0.3253652E+01
    -0.5227954E+02     0.3236496E+01
    -0.5229774E+02     0.3201365E+01
    -0.5229754E+02     0.3193081E+01
    -0.5229597E+02     0.3182721E+01
    -0.5229668E+02     0.3179043E+01
    -0.5230880E+02     0.3179090E+01
    -0.5231613E+02     0.3176818E+01
    -0.5232623E+02     0.3170184E+01
    -0.5233246E+02     0.3155478E+01
    -0.5233246E+02     0.3155478E+01
    -0.5234124E+02     0.3144569E+01
    -0.5233444E+02     0.3138777E+01
    -0.5233691E+02     0.3136290E+01
    -0.5234412E+02     0.3135662E+01
    -0.5234720E+02     0.3133795E+01
    -0.5234905E+02     0.3127788E+01
    -0.5234843E+02     0.3125925E+01
    -0.5233937E+02     0.3123657E+01
    -0.5233710E+02     0.3118896E+01
    -0.5234244E+02     0.3107709E+01
    -0.5234181E+02     0.3101912E+01
    -0.5233913E+02     0.3096737E+01
    -0.5232759E+02     0.3087224E+01
    -0.5232798E+02     0.3073557E+01
    -0.5233024E+02     0.3063822E+01
    -0.5234689E+02     0.3037715E+01
    -0.5235038E+02     0.3029843E+01
    -0.5235778E+02     0.3020517E+01
    -0.5235962E+02     0.3009127E+01
    -0.5236188E+02     0.3004776E+01
    -0.5236784E+02     0.2995659E+01
    -0.5237769E+02     0.2956201E+01
    -0.5238446E+02     0.2950088E+01
    -0.5239371E+02     0.2943452E+01
    -0.5239555E+02     0.2929991E+01
    -0.5239368E+02     0.2919225E+01
    -0.5239142E+02     0.2917986E+01
    -0.5238813E+02     0.2919439E+01
    -0.5238422E+02     0.2919028E+01
    -0.5238153E+02     0.2912198E+01
    -0.5238564E+02     0.2905361E+01
    -0.5239613E+02     0.2896653E+01
    -0.5239942E+02     0.2895407E+01
    -0.5241053E+02     0.2895602E+01
    -0.5241382E+02     0.2891251E+01
    -0.5242000E+02     0.2890416E+01
    -0.5242847E+02     0.2883019E+01
    -0.5242847E+02     0.2883019E+01
    -0.5244741E+02     0.2849238E+01
    -0.5246008E+02     0.2823288E+01
    -0.5247467E+02     0.2795247E+01
    -0.5248181E+02     0.2780192E+01
    -0.5247810E+02     0.2770879E+01
    -0.5247871E+02     0.2767979E+01
    -0.5248569E+02     0.2758447E+01
    -0.5248281E+02     0.2751825E+01
    -0.5249307E+02     0.2734006E+01
    -0.5250293E+02     0.2720951E+01
    -0.5250949E+02     0.2703137E+01
    -0.5252120E+02     0.2683867E+01
    -0.5253104E+02     0.2655283E+01
    -0.5253453E+02     0.2651759E+01
    -0.5253453E+02     0.2651759E+01
    -0.5254647E+02     0.2652573E+01
    -0.5254712E+02     0.2652269E+01
    -0.5255264E+02     0.2649666E+01
    -0.5255552E+02     0.2645522E+01
    -0.5255715E+02     0.2638688E+01
    -0.5255611E+02     0.2634755E+01
    -0.5254541E+02     0.2626901E+01
    -0.5254519E+02     0.2622139E+01
    -0.5254971E+02     0.2616750E+01
    -0.5255032E+02     0.2613437E+01
    -0.5254702E+02     0.2608058E+01
    -0.5254002E+02     0.2604548E+01
    -0.5253322E+02     0.2597517E+01
    -0.5253094E+02     0.2588203E+01
    -0.5253361E+02     0.2580954E+01
    -0.5254059E+02     0.2570800E+01
    -0.5254284E+02     0.2561274E+01
    -0.5255211E+02     0.2564575E+01
    -0.5255851E+02     0.2554482E+01
    -0.5255991E+02     0.2549451E+01
    -0.5255989E+02     0.2539721E+01
    -0.5255927E+02     0.2536409E+01
    -0.5255454E+02     0.2536001E+01
    -0.5255381E+02     0.2533173E+01
    -0.5255288E+02     0.2529585E+01
    -0.5255473E+02     0.2523372E+01
    -0.5258021E+02     0.2500566E+01
    -0.5258945E+02     0.2490617E+01
    -0.5259376E+02     0.2481709E+01
    -0.5260095E+02     0.2474039E+01
    -0.5261185E+02     0.2475267E+01
    -0.5261710E+02     0.2471663E+01
    -0.5262213E+02     0.2468214E+01
    -0.5262315E+02     0.2464694E+01
    -0.5261924E+02     0.2461386E+01
    -0.5261554E+02     0.2460770E+01
    -0.5261491E+02     0.2456010E+01
    -0.5261655E+02     0.2449589E+01
    -0.5263012E+02     0.2446052E+01
    -0.5263259E+02     0.2443150E+01
    -0.5263753E+02     0.2445214E+01
    -0.5264000E+02     0.2444589E+01
    -0.5264902E+02     0.2429671E+01
    -0.5264737E+02     0.2424291E+01
    -0.5265702E+02     0.2410407E+01
    -0.5265948E+02     0.2402951E+01
    -0.5265885E+02     0.2394464E+01
    -0.5266253E+02     0.2383901E+01
    -0.5266459E+02     0.2381828E+01
    -0.5267280E+02     0.2373743E+01
    -0.5268885E+02     0.2371236E+01
    -0.5270036E+02     0.2367493E+01
    -0.5270488E+02     0.2364588E+01
    -0.5271475E+02     0.2359606E+01
    -0.5271885E+02     0.2354010E+01
    -0.5272090E+02     0.2347796E+01
    -0.5272933E+02     0.2344058E+01
    -0.5273467E+02     0.2339495E+01
    -0.5273776E+02     0.2340526E+01
    -0.5276489E+02     0.2327236E+01
    -0.5277024E+02     0.2326193E+01
    -0.5277455E+02     0.2321839E+01
    -0.5278154E+02     0.2319551E+01
    -0.5279139E+02     0.2308564E+01
    -0.5279818E+02     0.2306691E+01
    -0.5280578E+02     0.2301711E+01
    -0.5280766E+02     0.2301186E+01
    -0.5281771E+02     0.2298379E+01
    -0.5282552E+02     0.2297746E+01
    -0.5282901E+02     0.2295049E+01
    -0.5283786E+02     0.2294000E+01
    -0.5283950E+02     0.2290064E+01
    -0.5283908E+02     0.2285097E+01
    -0.5285347E+02     0.2285073E+01
    -0.5285553E+02     0.2282586E+01
    -0.5285263E+02     0.2272447E+01
    -0.5285386E+02     0.2269340E+01
    -0.5285591E+02     0.2264990E+01
    -0.5287070E+02     0.2257720E+01
    -0.5287500E+02     0.2244879E+01
    -0.5287808E+02     0.2240941E+01
    -0.5288506E+02     0.2236996E+01
    -0.5288607E+02     0.2224988E+01
    -0.5288853E+02     0.2219188E+01
    -0.5289735E+02     0.2206960E+01
    -0.5290185E+02     0.2192049E+01
    -0.5290534E+02     0.2189559E+01
    -0.5291069E+02     0.2189757E+01
    -0.5291995E+02     0.2193467E+01
    -0.5292612E+02     0.2191386E+01
    -0.5292913E+02     0.2192431E+01
    -0.5293620E+02     0.2194888E+01
    -0.5293907E+02     0.2190329E+01
    -0.5293660E+02     0.2184744E+01
    -0.5294358E+02     0.2179557E+01
    -0.5295036E+02     0.2177475E+01
    -0.5296106E+02     0.2177249E+01
    -0.5298737E+02     0.2169751E+01
    -0.5300137E+02     0.2178212E+01
    -0.5300960E+02     0.2178818E+01
    -0.5302215E+02     0.2183970E+01
    -0.5303038E+02     0.2184783E+01
    -0.5304355E+02     0.2187036E+01
    -0.5304828E+02     0.2189303E+01
    -0.5305858E+02     0.2197357E+01
    -0.5307409E+02     0.2221689E+01
    -0.5307409E+02     0.2221689E+01
    -0.5308347E+02     0.2224297E+01
    -0.5309559E+02     0.2224792E+01
    -0.5310289E+02     0.2228034E+01
    -0.5311592E+02     0.2226691E+01
    -0.5312301E+02     0.2224642E+01
    -0.5312964E+02     0.2226271E+01
    -0.5313993E+02     0.2224461E+01
    -0.5314656E+02     0.2221030E+01
    -0.5315593E+02     0.2223127E+01
    -0.5316051E+02     0.2220150E+01
    -0.5317651E+02     0.2220196E+01
    -0.5318839E+02     0.2222989E+01
    -0.5319843E+02     0.2228077E+01
    -0.5320458E+02     0.2236374E+01
    -0.5322188E+02     0.2266552E+01
    -0.5322644E+02     0.2271855E+01
    -0.5323762E+02     0.2278095E+01
    -0.5324493E+02     0.2280186E+01
    -0.5325613E+02     0.2282286E+01
    -0.5327348E+02     0.2292224E+01
    -0.5328810E+02     0.2293873E+01
    -0.5330570E+02     0.2292080E+01
    -0.5331005E+02     0.2289792E+01
    -0.5331622E+02     0.2289119E+01
    -0.5333841E+02     0.2281817E+01
    -0.5336174E+02     0.2273598E+01
    -0.5337592E+02     0.2271335E+01
    -0.5339169E+02     0.2271835E+01
    -0.5339740E+02     0.2272310E+01
    -0.5340676E+02     0.2275784E+01
    -0.5342252E+02     0.2284564E+01
    -0.5343278E+02     0.2298160E+01
    -0.5344576E+02     0.2317973E+01
    -0.5345261E+02     0.2324430E+01
    -0.5346105E+02     0.2329971E+01
    -0.5347179E+02     0.2332068E+01
    -0.5348528E+02     0.2330491E+01
    -0.5349969E+02     0.2325006E+01
    -0.5352166E+02     0.2311489E+01
    -0.5354362E+02     0.2304641E+01
    -0.5356008E+02     0.2302840E+01
    -0.5356740E+02     0.2301478E+01
    -0.5357975E+02     0.2296216E+01
    -0.5360285E+02     0.2290060E+01
    -0.5364056E+02     0.2290146E+01
    -0.5367920E+02     0.2284482E+01
    -0.5369428E+02     0.2286815E+01
    -0.5370296E+02     0.2289824E+01
    -0.5372078E+02     0.2299753E+01
    -0.5372488E+02     0.2302752E+01
    -0.5374748E+02     0.2320281E+01
    -0.5375318E+02     0.2329494E+01
    -0.5376160E+02     0.2351132E+01
    -0.5376480E+02     0.2355049E+01
    -0.5377621E+02     0.2363123E+01
    -0.5378421E+02     0.2364060E+01
    -0.5378970E+02     0.2363611E+01
    -0.5379771E+02     0.2359258E+01
    -0.5380366E+02     0.2353750E+01
    -0.5381007E+02     0.2345253E+01
    -0.5381330E+02     0.2329389E+01
    -0.5381331E+02     0.2321568E+01
    -0.5381858E+02     0.2316059E+01
    -0.5383001E+02     0.2313092E+01
    -0.5385927E+02     0.2313611E+01
    -0.5387665E+02     0.2308585E+01
    -0.5388992E+02     0.2299411E+01
    -0.5390113E+02     0.2288623E+01
    -0.5391006E+02     0.2282890E+01
    -0.5391440E+02     0.2284739E+01
    -0.5392238E+02     0.2296944E+01
    -0.5393038E+02     0.2296269E+01
    -0.5393702E+02     0.2293982E+01
    -0.5394342E+02     0.2287094E+01
    -0.5394503E+02     0.2281347E+01
    -0.5394573E+02     0.2274678E+01
    -0.5394438E+02     0.2258806E+01
    -0.5394691E+02     0.2250071E+01
    -0.5396019E+02     0.2235375E+01
    -0.5397574E+02     0.2227814E+01
    -0.5398808E+02     0.2225077E+01
    -0.5400021E+02     0.2219782E+01
    -0.5400587E+02     0.2217313E+01
    -0.5401828E+02     0.2204663E+01
    -0.5403017E+02     0.2198474E+01
    -0.5403589E+02     0.2197334E+01
    -0.5404160E+02     0.2199184E+01
    -0.5405233E+02     0.2205643E+01
    -0.5406102E+02     0.2205658E+01
    -0.5406948E+02     0.2202913E+01
    -0.5407814E+02     0.2196785E+01
    -0.5408549E+02     0.2189601E+01
    -0.5409261E+02     0.2168224E+01
    -0.5409583E+02     0.2153051E+01
    -0.5410201E+02     0.2138572E+01
    -0.5411071E+02     0.2127317E+01
    -0.5411460E+02     0.2127094E+01
    -0.5412556E+02     0.2135852E+01
    -0.5413607E+02     0.2137939E+01
    -0.5415435E+02     0.2138659E+01
    -0.5416621E+02     0.2151788E+01
    -0.5417419E+02     0.2171579E+01
    -0.5418172E+02     0.2177571E+01
    -0.5418949E+02     0.2178963E+01
    -0.5420252E+02     0.2177374E+01
    -0.5423247E+02     0.2167761E+01
    -0.5424710E+02     0.2163414E+01
    -0.5427293E+02     0.2155403E+01
    -0.5428916E+02     0.2154737E+01
    -0.5431430E+02     0.2157763E+01
    -0.5433281E+02     0.2162159E+01
    -0.5433920E+02     0.2167688E+01
    -0.5434581E+02     0.2182186E+01
    -0.5435906E+02     0.2189334E+01
    -0.5436066E+02     0.2193246E+01
    -0.5436133E+02     0.2204517E+01
    -0.5437297E+02     0.2214883E+01
    -0.5438783E+02     0.2214443E+01
    -0.5440977E+02     0.2212862E+01
    -0.5442577E+02     0.2217023E+01
    -0.5445708E+02     0.2221203E+01
    -0.5447033E+02     0.2226049E+01
    -0.5449088E+02     0.2251834E+01
    -0.5449362E+02     0.2255287E+01
    -0.5450230E+02     0.2261048E+01
    -0.5450984E+02     0.2263127E+01
    -0.5451350E+02     0.2263131E+01
    -0.5451646E+02     0.2265435E+01
    -0.5452698E+02     0.2266367E+01
    -0.5453360E+02     0.2268215E+01
    -0.5454137E+02     0.2274894E+01
    -0.5454251E+02     0.2280185E+01
    -0.5453930E+02     0.2287542E+01
    -0.5453748E+02     0.2289609E+01
    -0.5452444E+02     0.2290745E+01
    -0.5451759E+02     0.2290736E+01
    -0.5451644E+02     0.2293035E+01
    -0.5451804E+02     0.2297867E+01
    -0.5452573E+02     0.2303486E+01
    -0.5452283E+02     0.2307073E+01
    -0.5449037E+02     0.2309334E+01
    -0.5447779E+02     0.2316679E+01
    -0.5447299E+02     0.2322193E+01
    -0.5446819E+02     0.2324487E+01
    -0.5445676E+02     0.2324473E+01
    -0.5445013E+02     0.2326535E+01
    -0.5444006E+02     0.2333882E+01
    -0.5443297E+02     0.2340313E+01
    -0.5443114E+02     0.2345601E+01
    -0.5443365E+02     0.2353425E+01
    -0.5443456E+02     0.2353426E+01
    -0.5444461E+02     0.2368159E+01
    -0.5444573E+02     0.2388171E+01
    -0.5444456E+02     0.2422903E+01
    -0.5444180E+02     0.2434860E+01
    -0.5443814E+02     0.2438536E+01
    -0.5442534E+02     0.2435759E+01
    -0.5441665E+02     0.2440118E+01
    -0.5440795E+02     0.2452758E+01
    -0.5439835E+02     0.2467156E+01
    -0.5439835E+02     0.2467156E+01
    -0.5438763E+02     0.2473234E+01
    -0.5438683E+02     0.2480896E+01
    -0.5438294E+02     0.2485051E+01
    -0.5437534E+02     0.2488597E+01
    -0.5436283E+02     0.2499406E+01
    -0.5436063E+02     0.2502875E+01
    -0.5435730E+02     0.2508121E+01
    -0.5434385E+02     0.2544190E+01
    -0.5434576E+02     0.2559090E+01
    -0.5434453E+02     0.2562200E+01
    -0.5433427E+02     0.2568654E+01
    -0.5433017E+02     0.2574672E+01
    -0.5432327E+02     0.2598711E+01
    -0.5431918E+02     0.2608457E+01
    -0.5431361E+02     0.2614649E+01
    -0.5431760E+02     0.2626681E+01
    -0.5431658E+02     0.2628962E+01
    -0.5429876E+02     0.2651798E+01
    -0.5428440E+02     0.2664890E+01
    -0.5428009E+02     0.2670495E+01
    -0.5427654E+02     0.2677282E+01
    -0.5427314E+02     0.2683769E+01
    -0.5426583E+02     0.2710917E+01
    -0.5426194E+02     0.2718177E+01
    -0.5425620E+02     0.2722544E+01
    -0.5425231E+02     0.2728976E+01
    -0.5424429E+02     0.2732315E+01
    -0.5423508E+02     0.2746218E+01
    -0.5423159E+02     0.2748300E+01
    -0.5422893E+02     0.2752243E+01
    -0.5422071E+02     0.2756204E+01
    -0.5422175E+02     0.2760548E+01
    -0.5422053E+02     0.2764694E+01
    -0.5421682E+02     0.2763463E+01
    -0.5421415E+02     0.2764508E+01
    -0.5420944E+02     0.2772184E+01
    -0.5420699E+02     0.2776747E+01
    -0.5420661E+02     0.2786480E+01
    -0.5420416E+02     0.2792700E+01
    -0.5419822E+02     0.2800380E+01
    -0.5419844E+02     0.2804521E+01
    -0.5420155E+02     0.2811757E+01
    -0.5419952E+02     0.2819425E+01
    -0.5420098E+02     0.2827081E+01
    -0.5419956E+02     0.2831641E+01
    -0.5419648E+02     0.2834136E+01
    -0.5419010E+02     0.2834571E+01
    -0.5418414E+02     0.2837282E+01
    -0.5418169E+02     0.2841431E+01
    -0.5418027E+02     0.2850132E+01
    -0.5417700E+02     0.2856147E+01
    -0.5417701E+02     0.2859046E+01
    -0.5418073E+02     0.2864003E+01
    -0.5418753E+02     0.2864809E+01
    -0.5419165E+02     0.2867695E+01
    -0.5419245E+02     0.2871731E+01
    -0.5419312E+02     0.2875144E+01
    -0.5419212E+02     0.2882395E+01
    -0.5418436E+02     0.2903954E+01
    -0.5418460E+02     0.2912028E+01
    -0.5418689E+02     0.2918233E+01
    -0.5418484E+02     0.2921139E+01
    -0.5417970E+02     0.2922398E+01
    -0.5417518E+02     0.2927589E+01
    -0.5417233E+02     0.2935259E+01
    -0.5417255E+02     0.2942299E+01
    -0.5416990E+02     0.2948312E+01
    -0.5417218E+02     0.2954310E+01
    -0.5416768E+02     0.2959915E+01
    -0.5415944E+02     0.2959942E+01
    -0.5415801E+02     0.2963052E+01
    -0.5416194E+02     0.2968630E+01
    -0.5416791E+02     0.2969853E+01
    -0.5416963E+02     0.2971263E+01
    -0.5417844E+02     0.2978516E+01
    -0.5418301E+02     0.2989890E+01
    -0.5418077E+02     0.2996730E+01
    -0.5417234E+02     0.3001313E+01
    -0.5416948E+02     0.3007120E+01
    -0.5417488E+02     0.3021597E+01
    -0.5417906E+02     0.3039806E+01
    -0.5418879E+02     0.3055304E+01
    -0.5418860E+02     0.3059446E+01
    -0.5418737E+02     0.3062142E+01
    -0.5417525E+02     0.3070878E+01
    -0.5417279E+02     0.3073371E+01
    -0.5417301E+02     0.3078547E+01
    -0.5417655E+02     0.3088268E+01
    -0.5417102E+02     0.3097397E+01
    -0.5417540E+02     0.3114363E+01
    -0.5418037E+02     0.3124286E+01
    -0.5418739E+02     0.3129854E+01
    -0.5419378E+02     0.3129005E+01
    -0.5419890E+02     0.3122983E+01
    -0.5420301E+02     0.3121727E+01
    -0.5420838E+02     0.3125023E+01
    -0.5421025E+02     0.3128951E+01
    -0.5420717E+02     0.3133310E+01
    -0.5419896E+02     0.3138514E+01
    -0.5420350E+02     0.3142640E+01
    -0.5420885E+02     0.3143451E+01
    -0.5421017E+02     0.3146235E+01
    -0.5421051E+02     0.3146966E+01
    -0.5420806E+02     0.3150908E+01
    -0.5420230E+02     0.3154240E+01
    -0.5419682E+02     0.3176829E+01
    -0.5418966E+02     0.3190934E+01
    -0.5419298E+02     0.3197963E+01
    -0.5419134E+02     0.3200454E+01
    -0.5418805E+02     0.3202121E+01
    -0.5417323E+02     0.3202377E+01
    -0.5417056E+02     0.3204456E+01
    -0.5416503E+02     0.3215863E+01
    -0.5416092E+02     0.3219328E+01
    -0.5416092E+02     0.3219328E+01
    -0.5415919E+02     0.3224453E+01
    -0.5415025E+02     0.3238934E+01
    -0.5414543E+02     0.3251350E+01
    -0.5413901E+02     0.3258012E+01
    -0.5412962E+02     0.3265359E+01
    -0.5411793E+02     0.3281905E+01
    -0.5410075E+02     0.3292230E+01
    -0.5409182E+02     0.3294286E+01
    -0.5408564E+02     0.3294275E+01
    -0.5407648E+02     0.3298861E+01
    -0.5406686E+02     0.3308968E+01
    -0.5406227E+02     0.3319775E+01
    -0.5405214E+02     0.3359791E+01
    -0.5405074E+02     0.3378426E+01
    -0.5404753E+02     0.3384863E+01
    -0.5404662E+02     0.3384861E+01
    -0.5403704E+02     0.3394956E+01
    -0.5403184E+02     0.3399811E+01
    -0.5402294E+02     0.3410831E+01
    -0.5401402E+02     0.3425174E+01
    -0.5401175E+02     0.3435131E+01
    -0.5401272E+02     0.3452865E+01
    -0.5400933E+02     0.3463922E+01
    -0.5400367E+02     0.3486043E+01
    -0.5400242E+02     0.3507087E+01
    -0.5400114E+02     0.3532562E+01
    -0.5399992E+02     0.3549174E+01
    -0.5399534E+02     0.3572411E+01
    -0.5399088E+02     0.3580136E+01
    -0.5398199E+02     0.3588940E+01
    -0.5397749E+02     0.3601097E+01
    -0.5397854E+02     0.3608860E+01
    -0.5398618E+02     0.3621101E+01
    -0.5399157E+02     0.3638865E+01
    -0.5400142E+02     0.3648905E+01
    -0.5401054E+02     0.3651068E+01
    -0.5402613E+02     0.3634014E+01
    -0.5403620E+02     0.3634952E+01
    -0.5404421E+02     0.3640949E+01
    -0.5404945E+02     0.3657525E+01
    -0.5406455E+02     0.3668136E+01
    -0.5407179E+02     0.3679411E+01
    -0.5407757E+02     0.3688406E+01
    -0.5407755E+02     0.3700832E+01
    -0.5407570E+02     0.3714864E+01
    -0.5408895E+02     0.3737437E+01
    -0.5409991E+02     0.3762305E+01
    -0.5412299E+02     0.3798930E+01
    -0.5412757E+02     0.3803079E+01
    -0.5413718E+02     0.3804015E+01
    -0.5415917E+02     0.3803822E+01
    -0.5417634E+02     0.3804079E+01
    -0.5418161E+02     0.3804087E+01
    -0.5418664E+02     0.3805476E+01
    -0.5419282E+02     0.3809397E+01
    -0.5419533E+02     0.3816765E+01
    -0.5419395E+02     0.3825276E+01
    -0.5418706E+02     0.3838611E+01
    -0.5418774E+02     0.3847816E+01
    -0.5419274E+02     0.3851380E+01
    -0.5419274E+02     0.3851380E+01
    -0.5419712E+02     0.3854503E+01
    -0.5420583E+02     0.3856892E+01
    -0.5422757E+02     0.3863755E+01
    -0.5424175E+02     0.3874821E+01
    -0.5424998E+02     0.3889100E+01
    -0.5425318E+02     0.3898538E+01
    -0.5425981E+02     0.3908673E+01
    -0.5427171E+02     0.3917664E+01
    -0.5428246E+02     0.3929185E+01
    -0.5429000E+02     0.3940931E+01
    -0.5429731E+02     0.3957739E+01
    -0.5429640E+02     0.3957737E+01
    -0.5430118E+02     0.3985126E+01
    -0.5431124E+02     0.4001087E+01
    -0.5431513E+02     0.4007696E+01
    -0.5431696E+02     0.4012070E+01
    -0.5432702E+02     0.4021748E+01
    -0.5433298E+02     0.4023828E+01
    -0.5434030E+02     0.4026139E+01
    -0.5435015E+02     0.4031215E+01
    -0.5435838E+02     0.4039740E+01
    -0.5436250E+02     0.4046188E+01
    -0.5436272E+02     0.4057463E+01
    -0.5435790E+02     0.4063900E+01
    -0.5434896E+02     0.4077463E+01
    -0.5434368E+02     0.4088039E+01
    -0.5433884E+02     0.4113803E+01
    -0.5433884E+02     0.4113803E+01
    -0.5432462E+02     0.4131501E+01
    -0.5432117E+02     0.4143001E+01
    -0.5432346E+02     0.4148757E+01
    -0.5433353E+02     0.4156594E+01
    -0.5434727E+02     0.4161215E+01
    -0.5435276E+02     0.4166055E+01
    -0.5436283E+02     0.4172972E+01
    -0.5437177E+02     0.4175975E+01
    -0.5438367E+02     0.4181973E+01
    -0.5438916E+02     0.4189804E+01
    -0.5438869E+02     0.4205220E+01
    -0.5438134E+02     0.4227299E+01
    -0.5438018E+02     0.4240873E+01
    -0.5438176E+02     0.4262734E+01
    -0.5438999E+02     0.4286675E+01
    -0.5439067E+02     0.4294729E+01
    -0.5439019E+02     0.4314517E+01
    -0.5438904E+02     0.4322568E+01
    -0.5439075E+02     0.4332997E+01
    -0.5439805E+02     0.4348573E+01
    -0.5440336E+02     0.4360086E+01
    -0.5440873E+02     0.4362145E+01
    -0.5441342E+02     0.4364876E+01
    -0.5441875E+02     0.4373012E+01
    -0.5441922E+02     0.4387723E+01
    -0.5442952E+02     0.4411206E+01
    -0.5443225E+02     0.4424325E+01
    -0.5443361E+02     0.4446185E+01
    -0.5443062E+02     0.4454464E+01
    -0.5443061E+02     0.4467809E+01
    -0.5443861E+02     0.4492899E+01
    -0.5444638E+02     0.4521899E+01
    -0.5443992E+02     0.4531822E+01
    -0.5442978E+02     0.4539186E+01
    -0.5442166E+02     0.4546562E+01
    -0.5441688E+02     0.4556660E+01
    -0.5441136E+02     0.4577557E+01
    -0.5441126E+02     0.4593086E+01
    -0.5441317E+02     0.4610653E+01
    -0.5441849E+02     0.4619464E+01
    -0.5443344E+02     0.4636924E+01
    -0.5442953E+02     0.4655786E+01
    -0.5442447E+02     0.4665903E+01
    -0.5442722E+02     0.4676029E+01
    -0.5442834E+02     0.4700879E+01
    -0.5442466E+02     0.4710537E+01
    -0.5442558E+02     0.4714220E+01
    -0.5443932E+02     0.4726892E+01
    -0.5444299E+02     0.4728507E+01
    -0.5445262E+02     0.4726908E+01
    -0.5446018E+02     0.4728988E+01
    -0.5446636E+02     0.4739120E+01
    -0.5446060E+02     0.4771323E+01
    -0.5445967E+02     0.4783745E+01
    -0.5446538E+02     0.4809290E+01
    -0.5446719E+02     0.4844953E+01
    -0.5446648E+02     0.4865888E+01
    -0.5447494E+02     0.4896267E+01
    -0.5447425E+02     0.4903628E+01
    -0.5446713E+02     0.4912822E+01
    -0.5445978E+02     0.4927767E+01
    -0.5444807E+02     0.4938335E+01
    -0.5444371E+02     0.4948222E+01
    -0.5444186E+02     0.4961793E+01
    -0.5444299E+02     0.4979739E+01
    -0.5444091E+02     0.4996070E+01
    -0.5443986E+02     0.5000000E+01
    -0.5443796E+02     0.5007124E+01
    -0.5443577E+02     0.5012317E+01
    -0.5443608E+02     0.5013779E+01
    -0.5442436E+02     0.5040910E+01
    -0.5441540E+02     0.5066204E+01
    -0.5440299E+02     0.5086432E+01
    -0.5439795E+02     0.5088956E+01
    -0.5438578E+02     0.5097452E+01
    -0.5437430E+02     0.5113080E+01
    -0.5436878E+02     0.5131015E+01
    -0.5436304E+02     0.5138139E+01
    -0.5435363E+02     0.5143647E+01
    -0.5434834E+02     0.5156752E+01
    -0.5433846E+02     0.5173761E+01
    -0.5432559E+02     0.5198128E+01
    -0.5431295E+02     0.5218813E+01
    -0.5430077E+02     0.5239499E+01
    -0.5427368E+02     0.5265913E+01
    -0.5426311E+02     0.5273029E+01
    -0.5424666E+02     0.5284518E+01
    -0.5424666E+02     0.5284518E+01
    -0.5423419E+02     0.5293228E+01
    -0.5421560E+02     0.5302630E+01
    -0.5420366E+02     0.5311583E+01
    -0.5418045E+02     0.5337999E+01
    -0.5417540E+02     0.5341671E+01
    -0.5415291E+02     0.5348536E+01
    -0.5414074E+02     0.5357257E+01
    -0.5413614E+02     0.5365531E+01
    -0.5413544E+02     0.5373350E+01
    -0.5413267E+02     0.5393588E+01
    -0.5412669E+02     0.5405309E+01
    -0.5411773E+02     0.5416105E+01
    -0.5409681E+02     0.5441601E+01
    -0.5407681E+02     0.5469859E+01
    -0.5406188E+02     0.5485014E+01
    -0.5403683E+02     0.5509351E+01
    -0.5402419E+02     0.5525429E+01
    -0.5401453E+02     0.5543812E+01
    -0.5401336E+02     0.5549604E+01
    -0.5401024E+02     0.5571884E+01
    -0.5401007E+02     0.5596631E+01
    -0.5401162E+02     0.5621387E+01
    -0.5401162E+02     0.5621387E+01
    -0.5400997E+02     0.5622296E+01
    -0.5400378E+02     0.5625006E+01
    -0.5400378E+02     0.5625006E+01
    -0.5400420E+02     0.5628110E+01
    -0.5399952E+02     0.5649445E+01
    -0.5399522E+02     0.5663120E+01
    -0.5398865E+02     0.5674939E+01
    -0.5397898E+02     0.5686973E+01
    -0.5397506E+02     0.5688641E+01
    -0.5397343E+02     0.5687481E+01
    -0.5397343E+02     0.5687481E+01
    -0.5397131E+02     0.5692757E+01
    -0.5397131E+02     0.5692757E+01
    -0.5397303E+02     0.5697340E+01
    -0.5397245E+02     0.5710176E+01
    -0.5397019E+02     0.5715564E+01
    -0.5395928E+02     0.5727396E+01
    -0.5395354E+02     0.5742936E+01
    -0.5394943E+02     0.5747088E+01
    -0.5393745E+02     0.5749608E+01
    -0.5391576E+02     0.5746153E+01
    -0.5390955E+02     0.5743273E+01
    -0.5390955E+02     0.5743273E+01
    -0.5390213E+02     0.5749091E+01
END
END
