gabon
1
     0.8828814E+01    -0.9227783E+00
     0.8838093E+01    -0.9376779E+00
     0.8835810E+01    -0.9374358E+00
     0.8830829E+01    -0.9286763E+00
     0.8818117E+01    -0.9129818E+00
     0.8819953E+01    -0.9111533E+00
     0.8831544E+01    -0.9227061E+00
     0.8838093E+01    -0.9376779E+00
END
2
     0.9389998E+01     0.7988594E+00
     0.9394337E+01     0.7964267E+00
     0.9386112E+01     0.7973136E+00
     0.9384051E+01     0.7986838E+00
     0.9385641E+01     0.8007575E+00
     0.9395462E+01     0.8003361E+00
     0.9396151E+01     0.7994201E+00
     0.9394337E+01     0.7964267E+00
END
3
     0.9554902E+01     0.2706707E+00
     0.9552860E+01     0.2589524E+00
     0.9549665E+01     0.2589406E+00
     0.9546688E+01     0.2616847E+00
     0.9546425E+01     0.2704080E+00
     0.9542754E+01     0.2754453E+00
     0.9546844E+01     0.2798228E+00
     0.9563074E+01     0.2729948E+00
     0.9564004E+01     0.2686360E+00
     0.9561977E+01     0.2617410E+00
     0.9554443E+01     0.2626316E+00
     0.9552860E+01     0.2589524E+00
END
4
     0.9910471E+01     0.1832902E+00
     0.9905951E+01     0.1747772E+00
     0.9899569E+01     0.1726903E+00
     0.9898194E+01     0.1742927E+00
     0.9903191E+01     0.1809663E+00
     0.9913651E+01     0.1915604E+00
     0.9920497E+01     0.1911236E+00
     0.9921646E+01     0.1888316E+00
     0.9905951E+01     0.1747772E+00
END
5
     0.1184146E+02    -0.1685631E+01
     0.1218572E+02     0.2279349E+01
     0.1220219E+02     0.2276309E+01
     0.1220745E+02     0.2279531E+01
     0.1221340E+02     0.2277234E+01
     0.1222027E+02     0.2268728E+01
     0.1222256E+02     0.2261141E+01
     0.1222554E+02     0.2258382E+01
     0.1224179E+02     0.2249880E+01
     0.1225414E+02     0.2252414E+01
     0.1225688E+02     0.2256555E+01
     0.1225962E+02     0.2257705E+01
     0.1226877E+02     0.2255869E+01
     0.1227975E+02     0.2257253E+01
     0.1228250E+02     0.2258864E+01
     0.1228570E+02     0.2262774E+01
     0.1229110E+02     0.2276392E+01
     0.1230079E+02     0.2277102E+01
     0.1231634E+02     0.2277617E+01
     0.1232686E+02     0.2276733E+01
     0.1233040E+02     0.2275781E+01
     0.1235388E+02     0.2269465E+01
     0.1238248E+02     0.2266572E+01
     0.1239119E+02     0.2262461E+01
     0.1242460E+02     0.2255673E+01
     0.1245343E+02     0.2252548E+01
     0.1246739E+02     0.2253284E+01
     0.1247516E+02     0.2254230E+01
     0.1249229E+02     0.2260727E+01
     0.1250419E+02     0.2260766E+01
     0.1252815E+02     0.2254101E+01
     0.1254419E+02     0.2255922E+01
     0.1257644E+02     0.2269030E+01
     0.1258582E+02     0.2265580E+01
     0.1258559E+02     0.2263333E+01
     0.1258514E+02     0.2258911E+01
     0.1258948E+02     0.2254772E+01
     0.1260092E+02     0.2253161E+01
     0.1260092E+02     0.2253161E+01
     0.1260870E+02     0.2255231E+01
     0.1261190E+02     0.2254771E+01
     0.1261487E+02     0.2250861E+01
     0.1262609E+02     0.2244421E+01
     0.1265925E+02     0.2238669E+01
     0.1267115E+02     0.2240278E+01
     0.1267504E+02     0.2243496E+01
     0.1268968E+02     0.2242344E+01
     0.1271141E+02     0.2228313E+01
     0.1271575E+02     0.2228772E+01
     0.1271919E+02     0.2231071E+01
     0.1272102E+02     0.2229921E+01
     0.1273497E+02     0.2228998E+01
     0.1273886E+02     0.2225088E+01
     0.1274298E+02     0.2223248E+01
     0.1275007E+02     0.2223476E+01
     0.1277683E+02     0.2229908E+01
     0.1279284E+02     0.2238642E+01
     0.1279467E+02     0.2241401E+01
     0.1279421E+02     0.2245541E+01
     0.1279543E+02     0.2248147E+01
     0.1279604E+02     0.2249449E+01
     0.1280199E+02     0.2246918E+01
     0.1280863E+02     0.2246226E+01
     0.1281549E+02     0.2248524E+01
     0.1281846E+02     0.2252662E+01
     0.1281823E+02     0.2257031E+01
     0.1282052E+02     0.2257721E+01
     0.1282670E+02     0.2252889E+01
     0.1282715E+02     0.2242081E+01
     0.1282875E+02     0.2239781E+01
     0.1284522E+02     0.2239316E+01
     0.1285049E+02     0.2236094E+01
     0.1285552E+02     0.2236093E+01
     0.1285918E+02     0.2228963E+01
     0.1286352E+02     0.2228501E+01
     0.1286810E+02     0.2230569E+01
     0.1287267E+02     0.2228498E+01
     0.1287519E+02     0.2230796E+01
     0.1287702E+02     0.2241143E+01
     0.1287862E+02     0.2243903E+01
     0.1288205E+02     0.2245281E+01
     0.1288823E+02     0.2241599E+01
     0.1289166E+02     0.2235849E+01
     0.1290035E+02     0.2235385E+01
     0.1292117E+02     0.2243425E+01
     0.1291614E+02     0.2248026E+01
     0.1291591E+02     0.2250326E+01
     0.1292026E+02     0.2252854E+01
     0.1293535E+02     0.2253307E+01
     0.1294587E+02     0.2243874E+01
     0.1295228E+02     0.2242491E+01
     0.1296486E+02     0.2244095E+01
     0.1297218E+02     0.2241561E+01
     0.1298522E+02     0.2247304E+01
     0.1299483E+02     0.2249138E+01
     0.1299963E+02     0.2247066E+01
     0.1300192E+02     0.2249365E+01
     0.1300832E+02     0.2247751E+01
     0.1301564E+02     0.2248897E+01
     0.1302136E+02     0.2249584E+01
     0.1302616E+02     0.2244292E+01
     0.1303143E+02     0.2243829E+01
     0.1303417E+02     0.2247507E+01
     0.1303646E+02     0.2247736E+01
     0.1303783E+02     0.2238076E+01
     0.1304217E+02     0.2236464E+01
     0.1304561E+02     0.2237842E+01
     0.1305087E+02     0.2237149E+01
     0.1305499E+02     0.2239906E+01
     0.1306070E+02     0.2239213E+01
     0.1306574E+02     0.2247028E+01
     0.1307123E+02     0.2246335E+01
     0.1307695E+02     0.2249551E+01
     0.1307924E+02     0.2249089E+01
     0.1308221E+02     0.2244488E+01
     0.1308609E+02     0.2241726E+01
     0.1308792E+02     0.2237126E+01
     0.1308884E+02     0.2238967E+01
     0.1309044E+02     0.2242183E+01
     0.1309296E+02     0.2242182E+01
     0.1309982E+02     0.2246087E+01
     0.1310097E+02     0.2252525E+01
     0.1310646E+02     0.2252521E+01
     0.1310829E+02     0.2255049E+01
     0.1311790E+02     0.2251364E+01
     0.1311538E+02     0.2257574E+01
     0.1311744E+02     0.2260102E+01
     0.1311447E+02     0.2268383E+01
     0.1312522E+02     0.2272975E+01
     0.1316274E+02     0.2283986E+01
     0.1317872E+02     0.2278279E+01
     0.1318081E+02     0.2277534E+01
     0.1318745E+02     0.2281668E+01
     0.1319408E+02     0.2281433E+01
     0.1319705E+02     0.2277751E+01
     0.1319745E+02     0.2273414E+01
     0.1319648E+02     0.2272336E+01
     0.1319059E+02     0.2275235E+01
     0.1318781E+02     0.2274909E+01
     0.1318834E+02     0.2272109E+01
     0.1319362E+02     0.2268785E+01
     0.1319499E+02     0.2264875E+01
     0.1319773E+02     0.2264413E+01
     0.1320025E+02     0.2267630E+01
     0.1320551E+02     0.2267856E+01
     0.1320505E+02     0.2262568E+01
     0.1320734E+02     0.2259346E+01
     0.1320734E+02     0.2259346E+01
     0.1321214E+02     0.2259573E+01
     0.1321352E+02     0.2261641E+01
     0.1321718E+02     0.2262328E+01
     0.1322015E+02     0.2259106E+01
     0.1322381E+02     0.2259333E+01
     0.1322610E+02     0.2261401E+01
     0.1323319E+02     0.2263235E+01
     0.1323548E+02     0.2268982E+01
     0.1324189E+02     0.2267367E+01
     0.1324784E+02     0.2273341E+01
     0.1325195E+02     0.2273338E+01
     0.1325675E+02     0.2266895E+01
     0.1326521E+02     0.2260908E+01
     0.1326361E+02     0.2255391E+01
     0.1326590E+02     0.2251019E+01
     0.1327253E+02     0.2251473E+01
     0.1327459E+02     0.2249862E+01
     0.1327458E+02     0.2244113E+01
     0.1327710E+02     0.2244341E+01
     0.1328214E+02     0.2250775E+01
     0.1328694E+02     0.2250081E+01
     0.1329128E+02     0.2234210E+01
     0.1329333E+02     0.2231219E+01
     0.1330019E+02     0.2228453E+01
     0.1329996E+02     0.2220175E+01
     0.1330613E+02     0.2210741E+01
     0.1330659E+02     0.2207981E+01
     0.1330384E+02     0.2203844E+01
     0.1330041E+02     0.2201548E+01
     0.1329599E+02     0.2195346E+01
     0.1329468E+02     0.2193505E+01
     0.1328988E+02     0.2191669E+01
     0.1328896E+02     0.2188681E+01
     0.1330017E+02     0.2182692E+01
     0.1329896E+02     0.2170563E+01
     0.1329809E+02     0.2161768E+01
     0.1329603E+02     0.2159471E+01
     0.1329169E+02     0.2159015E+01
     0.1329123E+02     0.2156486E+01
     0.1329397E+02     0.2154184E+01
     0.1329900E+02     0.2142912E+01
     0.1329716E+02     0.2139234E+01
     0.1329190E+02     0.2139009E+01
     0.1328733E+02     0.2133265E+01
     0.1329441E+02     0.2128889E+01
     0.1329487E+02     0.2125669E+01
     0.1329144E+02     0.2121994E+01
     0.1329098E+02     0.2118315E+01
     0.1329372E+02     0.2108195E+01
     0.1329829E+02     0.2108191E+01
     0.1329896E+02     0.2104373E+01
     0.1329783E+02     0.2100833E+01
     0.1329943E+02     0.2098072E+01
     0.1329599E+02     0.2093936E+01
     0.1329737E+02     0.2091636E+01
     0.1329439E+02     0.2088649E+01
     0.1329347E+02     0.2084051E+01
     0.1329530E+02     0.2075082E+01
     0.1329346E+02     0.2068185E+01
     0.1329552E+02     0.2064734E+01
     0.1329437E+02     0.2061286E+01
     0.1329002E+02     0.2057152E+01
     0.1328979E+02     0.2050253E+01
     0.1328979E+02     0.2050253E+01
     0.1328682E+02     0.2050946E+01
     0.1328316E+02     0.2054628E+01
     0.1328133E+02     0.2054170E+01
     0.1328110E+02     0.2050951E+01
     0.1328864E+02     0.2043357E+01
     0.1328658E+02     0.2039219E+01
     0.1327789E+02     0.2035088E+01
     0.1327377E+02     0.2024975E+01
     0.1326897E+02     0.2025669E+01
     0.1326302E+02     0.2023375E+01
     0.1325410E+02     0.2024762E+01
     0.1325090E+02     0.2019476E+01
     0.1324632E+02     0.2020400E+01
     0.1323740E+02     0.2010980E+01
     0.1323991E+02     0.2007299E+01
     0.1323602E+02     0.2005003E+01
     0.1323511E+02     0.1998336E+01
     0.1323282E+02     0.1996498E+01
     0.1323159E+02     0.1996411E+01
     0.1322962E+02     0.1996271E+01
     0.1322481E+02     0.1991216E+01
     0.1321864E+02     0.1987773E+01
     0.1321772E+02     0.1982945E+01
     0.1320971E+02     0.1981802E+01
     0.1320720E+02     0.1975136E+01
     0.1320879E+02     0.1965478E+01
     0.1321679E+02     0.1949836E+01
     0.1321656E+02     0.1946388E+01
     0.1320741E+02     0.1938808E+01
     0.1320420E+02     0.1938121E+01
     0.1320123E+02     0.1933755E+01
     0.1319391E+02     0.1931921E+01
     0.1319094E+02     0.1928934E+01
     0.1318773E+02     0.1921809E+01
     0.1318384E+02     0.1917904E+01
     0.1318293E+02     0.1914685E+01
     0.1318475E+02     0.1910545E+01
     0.1318132E+02     0.1907099E+01
     0.1317263E+02     0.1900898E+01
     0.1316760E+02     0.1902741E+01
     0.1316349E+02     0.1901825E+01
     0.1316189E+02     0.1901366E+01
     0.1315822E+02     0.1893322E+01
     0.1316074E+02     0.1886652E+01
     0.1315753E+02     0.1881827E+01
     0.1315959E+02     0.1875618E+01
     0.1316324E+02     0.1872856E+01
     0.1317170E+02     0.1869401E+01
     0.1317216E+02     0.1865492E+01
     0.1317078E+02     0.1861355E+01
     0.1317284E+02     0.1858364E+01
     0.1318724E+02     0.1857894E+01
     0.1319204E+02     0.1853752E+01
     0.1319387E+02     0.1849152E+01
     0.1319363E+02     0.1834898E+01
     0.1319501E+02     0.1832598E+01
     0.1319592E+02     0.1829838E+01
     0.1319043E+02     0.1823175E+01
     0.1319227E+02     0.1817104E+01
     0.1319546E+02     0.1816504E+01
     0.1319708E+02     0.1812004E+01
     0.1320036E+02     0.1809454E+01
     0.1320139E+02     0.1806844E+01
     0.1319911E+02     0.1801788E+01
     0.1319865E+02     0.1796270E+01
     0.1319567E+02     0.1791445E+01
     0.1318835E+02     0.1788462E+01
     0.1318630E+02     0.1793291E+01
     0.1318310E+02     0.1793983E+01
     0.1318173E+02     0.1791226E+01
     0.1318173E+02     0.1791226E+01
     0.1318241E+02     0.1783409E+01
     0.1317920E+02     0.1773526E+01
     0.1318240E+02     0.1769155E+01
     0.1318148E+02     0.1762029E+01
     0.1318239E+02     0.1756971E+01
     0.1318034E+02     0.1753984E+01
     0.1317508E+02     0.1750999E+01
     0.1317142E+02     0.1745714E+01
     0.1315907E+02     0.1741815E+01
     0.1315655E+02     0.1732851E+01
     0.1315883E+02     0.1725723E+01
     0.1315769E+02     0.1723195E+01
     0.1315536E+02     0.1722344E+01
     0.1315266E+02     0.1721360E+01
     0.1314511E+02     0.1708492E+01
     0.1313711E+02     0.1701831E+01
     0.1313870E+02     0.1697232E+01
     0.1313642E+02     0.1691946E+01
     0.1313984E+02     0.1684128E+01
     0.1313938E+02     0.1677001E+01
     0.1314304E+02     0.1672631E+01
     0.1314304E+02     0.1672631E+01
     0.1314006E+02     0.1663438E+01
     0.1314235E+02     0.1658149E+01
     0.1314006E+02     0.1652864E+01
     0.1314531E+02     0.1640677E+01
     0.1315034E+02     0.1641133E+01
     0.1315079E+02     0.1634926E+01
     0.1314713E+02     0.1633779E+01
     0.1314622E+02     0.1631251E+01
     0.1314919E+02     0.1628950E+01
     0.1315102E+02     0.1624811E+01
     0.1314969E+02     0.1619501E+01
     0.1314919E+02     0.1617457E+01
     0.1314507E+02     0.1615850E+01
     0.1314324E+02     0.1610565E+01
     0.1314552E+02     0.1606885E+01
     0.1314209E+02     0.1598153E+01
     0.1314278E+02     0.1595394E+01
     0.1314597E+02     0.1592403E+01
     0.1314552E+02     0.1589415E+01
     0.1314140E+02     0.1591027E+01
     0.1313660E+02     0.1589652E+01
     0.1313226E+02     0.1591034E+01
     0.1313089E+02     0.1586897E+01
     0.1313317E+02     0.1583218E+01
     0.1313820E+02     0.1581605E+01
     0.1314071E+02     0.1577466E+01
     0.1314116E+02     0.1570110E+01
     0.1313956E+02     0.1563445E+01
     0.1313728E+02     0.1561378E+01
     0.1313910E+02     0.1559078E+01
     0.1314459E+02     0.1559994E+01
     0.1314527E+02     0.1555166E+01
     0.1314824E+02     0.1551026E+01
     0.1315373E+02     0.1551482E+01
     0.1315441E+02     0.1549642E+01
     0.1315212E+02     0.1543438E+01
     0.1315920E+02     0.1530331E+01
     0.1316156E+02     0.1527839E+01
     0.1316377E+02     0.1525501E+01
     0.1316926E+02     0.1529864E+01
     0.1317292E+02     0.1529631E+01
     0.1317292E+02     0.1532160E+01
     0.1317543E+02     0.1535146E+01
     0.1317863E+02     0.1535833E+01
     0.1318389E+02     0.1527554E+01
     0.1319005E+02     0.1524102E+01
     0.1319165E+02     0.1515366E+01
     0.1319462E+02     0.1515364E+01
     0.1319828E+02     0.1512143E+01
     0.1319530E+02     0.1508927E+01
     0.1319278E+02     0.1498356E+01
     0.1319827E+02     0.1500420E+01
     0.1319918E+02     0.1498121E+01
     0.1319850E+02     0.1495134E+01
     0.1319392E+02     0.1489621E+01
     0.1319484E+02     0.1487551E+01
     0.1320009E+02     0.1487317E+01
     0.1320604E+02     0.1490071E+01
     0.1320809E+02     0.1481105E+01
     0.1321380E+02     0.1482020E+01
     0.1321791E+02     0.1479259E+01
     0.1321838E+02     0.1478354E+01
     0.1322065E+02     0.1473970E+01
     0.1322019E+02     0.1470752E+01
     0.1321631E+02     0.1465699E+01
     0.1321791E+02     0.1462940E+01
     0.1322270E+02     0.1462016E+01
     0.1322316E+02     0.1460177E+01
     0.1322110E+02     0.1456501E+01
     0.1322338E+02     0.1451443E+01
     0.1322132E+02     0.1447997E+01
     0.1322155E+02     0.1443859E+01
     0.1322658E+02     0.1439259E+01
     0.1322886E+02     0.1443394E+01
     0.1323412E+02     0.1438333E+01
     0.1323891E+02     0.1427757E+01
     0.1323662E+02     0.1422013E+01
     0.1323753E+02     0.1418564E+01
     0.1324188E+02     0.1415802E+01
     0.1324370E+02     0.1411204E+01
     0.1324896E+02     0.1411200E+01
     0.1325261E+02     0.1405451E+01
     0.1324918E+02     0.1396490E+01
     0.1324940E+02     0.1391663E+01
     0.1325626E+02     0.1392347E+01
     0.1325717E+02     0.1388899E+01
     0.1324642E+02     0.1367534E+01
     0.1324733E+02     0.1364545E+01
     0.1325395E+02     0.1358794E+01
     0.1325418E+02     0.1356496E+01
     0.1324481E+02     0.1348919E+01
     0.1324389E+02     0.1344783E+01
     0.1324549E+02     0.1340185E+01
     0.1325029E+02     0.1336734E+01
     0.1325417E+02     0.1338110E+01
     0.1325760E+02     0.1341784E+01
     0.1326171E+02     0.1342010E+01
     0.1326308E+02     0.1340630E+01
     0.1326400E+02     0.1336493E+01
     0.1325736E+02     0.1316044E+01
     0.1324351E+02     0.1307261E+01
     0.1323999E+02     0.1305027E+01
     0.1323130E+02     0.1303656E+01
     0.1322902E+02     0.1300440E+01
     0.1322970E+02     0.1290098E+01
     0.1322398E+02     0.1285047E+01
     0.1322033E+02     0.1285279E+01
     0.1321393E+02     0.1291260E+01
     0.1320530E+02     0.1288944E+01
     0.1320530E+02     0.1288944E+01
     0.1319771E+02     0.1286906E+01
     0.1319451E+02     0.1289207E+01
     0.1319291E+02     0.1293804E+01
     0.1318880E+02     0.1292429E+01
     0.1318491E+02     0.1286916E+01
     0.1318285E+02     0.1280023E+01
     0.1318399E+02     0.1271979E+01
     0.1318307E+02     0.1268073E+01
     0.1317828E+02     0.1264170E+01
     0.1317713E+02     0.1259804E+01
     0.1318055E+02     0.1251069E+01
     0.1317951E+02     0.1248670E+01
     0.1317895E+02     0.1247393E+01
     0.1317553E+02     0.1246936E+01
     0.1317119E+02     0.1251306E+01
     0.1316799E+02     0.1250619E+01
     0.1315633E+02     0.1239597E+01
     0.1315633E+02     0.1234311E+01
     0.1316775E+02     0.1233154E+01
     0.1318169E+02     0.1228547E+01
     0.1318945E+02     0.1224635E+01
     0.1319562E+02     0.1217966E+01
     0.1319562E+02     0.1217966E+01
     0.1321824E+02     0.1226910E+01
     0.1322646E+02     0.1225295E+01
     0.1323652E+02     0.1225976E+01
     0.1324109E+02     0.1224593E+01
     0.1324291E+02     0.1223902E+01
     0.1325548E+02     0.1228258E+01
     0.1325799E+02     0.1223890E+01
     0.1326096E+02     0.1223198E+01
     0.1326530E+02     0.1227790E+01
     0.1327124E+02     0.1227555E+01
     0.1327467E+02     0.1224795E+01
     0.1327810E+02     0.1224792E+01
     0.1328747E+02     0.1229609E+01
     0.1329318E+02     0.1227536E+01
     0.1329957E+02     0.1229828E+01
     0.1330574E+02     0.1221320E+01
     0.1330939E+02     0.1221087E+01
     0.1331328E+02     0.1225219E+01
     0.1331412E+02     0.1233935E+01
     0.1331466E+02     0.1239466E+01
     0.1332357E+02     0.1235781E+01
     0.1332494E+02     0.1238077E+01
     0.1332540E+02     0.1243133E+01
     0.1332198E+02     0.1249111E+01
     0.1332199E+02     0.1262210E+01
     0.1333501E+02     0.1262887E+01
     0.1334003E+02     0.1258057E+01
     0.1334300E+02     0.1257594E+01
     0.1334666E+02     0.1258510E+01
     0.1335192E+02     0.1266088E+01
     0.1337248E+02     0.1265379E+01
     0.1337454E+02     0.1267675E+01
     0.1337317E+02     0.1270434E+01
     0.1336632E+02     0.1275726E+01
     0.1336609E+02     0.1279174E+01
     0.1337112E+02     0.1285604E+01
     0.1337501E+02     0.1290885E+01
     0.1337775E+02     0.1291112E+01
     0.1338415E+02     0.1286739E+01
     0.1338805E+02     0.1285473E+01
     0.1339763E+02     0.1282359E+01
     0.1340014E+02     0.1283736E+01
     0.1340220E+02     0.1290168E+01
     0.1340974E+02     0.1291080E+01
     0.1341386E+02     0.1297510E+01
     0.1342231E+02     0.1295203E+01
     0.1343145E+02     0.1299560E+01
     0.1343671E+02     0.1300244E+01
     0.1343853E+02     0.1292888E+01
     0.1344265E+02     0.1294722E+01
     0.1344630E+02     0.1294028E+01
     0.1345772E+02     0.1285973E+01
     0.1346480E+02     0.1284356E+01
     0.1347005E+02     0.1280673E+01
     0.1347508E+02     0.1279978E+01
     0.1347736E+02     0.1274460E+01
     0.1348216E+02     0.1273765E+01
     0.1348855E+02     0.1270081E+01
     0.1349472E+02     0.1269155E+01
     0.1349610E+02     0.1275358E+01
     0.1350089E+02     0.1275123E+01
     0.1351025E+02     0.1266609E+01
     0.1351437E+02     0.1265915E+01
     0.1351528E+02     0.1267293E+01
     0.1351163E+02     0.1271663E+01
     0.1351300E+02     0.1273730E+01
     0.1352443E+02     0.1276015E+01
     0.1354111E+02     0.1284038E+01
     0.1354751E+02     0.1282881E+01
     0.1355208E+02     0.1278280E+01
     0.1355665E+02     0.1278734E+01
     0.1357333E+02     0.1289285E+01
     0.1357608E+02     0.1290430E+01
     0.1357769E+02     0.1298472E+01
     0.1358843E+02     0.1304434E+01
     0.1359049E+02     0.1307419E+01
     0.1359073E+02     0.1316841E+01
     0.1360421E+02     0.1320501E+01
     0.1360833E+02     0.1329459E+01
     0.1362936E+02     0.1330351E+01
     0.1363438E+02     0.1329195E+01
     0.1363257E+02     0.1341148E+01
     0.1363348E+02     0.1344135E+01
     0.1363920E+02     0.1345046E+01
     0.1364765E+02     0.1349402E+01
     0.1365473E+02     0.1345485E+01
     0.1366502E+02     0.1352596E+01
     0.1367874E+02     0.1353956E+01
     0.1368330E+02     0.1349354E+01
     0.1368764E+02     0.1348428E+01
     0.1368993E+02     0.1354860E+01
     0.1369404E+02     0.1349798E+01
     0.1370181E+02     0.1349788E+01
     0.1370775E+02     0.1350929E+01
     0.1370981E+02     0.1354603E+01
     0.1372536E+02     0.1361705E+01
     0.1372742E+02     0.1368367E+01
     0.1373131E+02     0.1369971E+01
     0.1373908E+02     0.1370419E+01
     0.1374433E+02     0.1368113E+01
     0.1374524E+02     0.1366273E+01
     0.1374181E+02     0.1362371E+01
     0.1374250E+02     0.1360532E+01
     0.1375095E+02     0.1360979E+01
     0.1375438E+02     0.1359135E+01
     0.1375917E+02     0.1352923E+01
     0.1376237E+02     0.1352459E+01
     0.1376534E+02     0.1358660E+01
     0.1376809E+02     0.1360724E+01
     0.1377860E+02     0.1361398E+01
     0.1378546E+02     0.1366214E+01
     0.1378889E+02     0.1371035E+01
     0.1378913E+02     0.1379998E+01
     0.1378366E+02     0.1391039E+01
     0.1378573E+02     0.1397011E+01
     0.1379098E+02     0.1394245E+01
     0.1379418E+02     0.1395619E+01
     0.1379715E+02     0.1398832E+01
     0.1379670E+02     0.1404119E+01
     0.1379968E+02     0.1408022E+01
     0.1380722E+02     0.1407551E+01
     0.1380773E+02     0.1408249E+01
     0.1381042E+02     0.1411913E+01
     0.1380769E+02     0.1417203E+01
     0.1380838E+02     0.1423638E+01
     0.1380244E+02     0.1420429E+01
     0.1380084E+02     0.1422500E+01
     0.1380084E+02     0.1422500E+01
     0.1380199E+02     0.1430313E+01
     0.1380588E+02     0.1436972E+01
     0.1381023E+02     0.1437655E+01
     0.1381274E+02     0.1435583E+01
     0.1381387E+02     0.1428686E+01
     0.1381707E+02     0.1427762E+01
     0.1382462E+02     0.1430738E+01
     0.1383421E+02     0.1427735E+01
     0.1383992E+02     0.1428645E+01
     0.1385067E+02     0.1433915E+01
     0.1385638E+02     0.1433676E+01
     0.1386186E+02     0.1425853E+01
     0.1386643E+02     0.1425386E+01
     0.1387580E+02     0.1429508E+01
     0.1389203E+02     0.1432699E+01
     0.1389683E+02     0.1432232E+01
     0.1392629E+02     0.1417243E+01
     0.1394891E+02     0.1417665E+01
     0.1396652E+02     0.1422232E+01
     0.1397200E+02     0.1421992E+01
     0.1397771E+02     0.1417845E+01
     0.1398342E+02     0.1416227E+01
     0.1399526E+02     0.1418154E+01
     0.1399599E+02     0.1418273E+01
     0.1399942E+02     0.1420106E+01
     0.1400446E+02     0.1432048E+01
     0.1400927E+02     0.1434108E+01
     0.1401156E+02     0.1438241E+01
     0.1401772E+02     0.1433864E+01
     0.1402457E+02     0.1431323E+01
     0.1402845E+02     0.1427639E+01
     0.1403027E+02     0.1421430E+01
     0.1402866E+02     0.1413618E+01
     0.1403026E+02     0.1410398E+01
     0.1404258E+02     0.1398654E+01
     0.1404989E+02     0.1397491E+01
     0.1405855E+02     0.1385064E+01
     0.1405855E+02     0.1385064E+01
     0.1406654E+02     0.1380683E+01
     0.1407454E+02     0.1378829E+01
     0.1408345E+02     0.1378813E+01
     0.1410310E+02     0.1375558E+01
     0.1410927E+02     0.1380143E+01
     0.1411889E+02     0.1391846E+01
     0.1412529E+02     0.1392524E+01
     0.1412963E+02     0.1394814E+01
     0.1414222E+02     0.1394984E+01
     0.1414449E+02     0.1395015E+01
     0.1416002E+02     0.1391537E+01
     0.1417030E+02     0.1391287E+01
     0.1417534E+02     0.1394955E+01
     0.1418722E+02     0.1395620E+01
     0.1419110E+02     0.1393314E+01
     0.1419794E+02     0.1382499E+01
     0.1420547E+02     0.1374669E+01
     0.1421688E+02     0.1370049E+01
     0.1422534E+02     0.1370952E+01
     0.1423014E+02     0.1369563E+01
     0.1423721E+02     0.1362194E+01
     0.1424726E+02     0.1361484E+01
     0.1425160E+02     0.1359177E+01
     0.1425889E+02     0.1351117E+01
     0.1427168E+02     0.1346264E+01
     0.1427899E+02     0.1341193E+01
     0.1428764E+02     0.1326696E+01
     0.1429674E+02     0.1305303E+01
     0.1430382E+02     0.1299543E+01
     0.1430542E+02     0.1299769E+01
     0.1430678E+02     0.1294251E+01
     0.1430356E+02     0.1283226E+01
     0.1430559E+02     0.1269663E+01
     0.1430397E+02     0.1260704E+01
     0.1429755E+02     0.1249227E+01
     0.1429503E+02     0.1241190E+01
     0.1429615E+02     0.1233604E+01
     0.1430094E+02     0.1228768E+01
     0.1430916E+02     0.1226452E+01
     0.1431029E+02     0.1217257E+01
     0.1432399E+02     0.1210334E+01
     0.1432900E+02     0.1204119E+01
     0.1433537E+02     0.1188249E+01
     0.1434380E+02     0.1177430E+01
     0.1434490E+02     0.1153759E+01
     0.1434671E+02     0.1145713E+01
     0.1435985E+02     0.1132685E+01
     0.1437179E+02     0.1120841E+01
     0.1438728E+02     0.1099437E+01
     0.1439641E+02     0.1093672E+01
     0.1439868E+02     0.1089760E+01
     0.1439867E+02     0.1084016E+01
     0.1440185E+02     0.1071831E+01
     0.1439909E+02     0.1061727E+01
     0.1439977E+02     0.1057360E+01
     0.1441228E+02     0.1035274E+01
     0.1441370E+02     0.1026446E+01
     0.1442024E+02     0.1016415E+01
     0.1442409E+02     0.1001472E+01
     0.1443229E+02     0.9892766E+00
     0.1443796E+02     0.9699643E+00
     0.1444038E+02     0.9668316E+00
     0.1444038E+02     0.9668316E+00
     0.1444525E+02     0.9605278E+00
     0.1445165E+02     0.9593642E+00
     0.1446762E+02     0.9510560E+00
     0.1447718E+02     0.9377086E+00
     0.1448558E+02     0.9333833E+00
     0.1449342E+02     0.9325523E+00
     0.1449799E+02     0.9286491E+00
     0.1449845E+02     0.9262426E+00
     0.1450235E+02     0.9059011E+00
     0.1450007E+02     0.8985455E+00
     0.1449323E+02     0.8904966E+00
     0.1449163E+02     0.8799244E+00
     0.1448776E+02     0.8767040E+00
     0.1446538E+02     0.8743873E+00
     0.1446584E+02     0.8707110E+00
     0.1447110E+02     0.8647405E+00
     0.1447703E+02     0.8629070E+00
     0.1448367E+02     0.8486649E+00
     0.1448551E+02     0.8353383E+00
     0.1448605E+02     0.8336111E+00
     0.1448871E+02     0.8252302E+00
     0.1448506E+02     0.8199419E+00
     0.1447274E+02     0.8128082E+00
     0.1446408E+02     0.7893627E+00
     0.1446111E+02     0.7868325E+00
     0.1443852E+02     0.7803791E+00
     0.1443099E+02     0.7753174E+00
     0.1441457E+02     0.7525546E+00
     0.1441504E+02     0.7455803E+00
     0.1441526E+02     0.7422154E+00
     0.1440203E+02     0.7302552E+00
     0.1439336E+02     0.7272601E+00
     0.1439267E+02     0.7242725E+00
     0.1438811E+02     0.7212812E+00
     0.1437854E+02     0.7031206E+00
     0.1436804E+02     0.6985152E+00
     0.1435962E+02     0.6725441E+00
     0.1437059E+02     0.6612966E+00
     0.1437669E+02     0.6508515E+00
     0.1438454E+02     0.6374155E+00
     0.1436560E+02     0.6291266E+00
     0.1435830E+02     0.6171728E+00
     0.1434986E+02     0.6107317E+00
     0.1433891E+02     0.6100315E+00
     0.1432249E+02     0.5930141E+00
     0.1431085E+02     0.5916238E+00
     0.1429571E+02     0.5807835E+00
     0.1429511E+02     0.5803503E+00
     0.1429351E+02     0.5769025E+00
     0.1429375E+02     0.5700107E+00
     0.1428349E+02     0.5557565E+00
     0.1428921E+02     0.5438167E+00
     0.1428099E+02     0.5435781E+00
     0.1425793E+02     0.5483776E+00
     0.1423489E+02     0.5366358E+00
     0.1422280E+02     0.5363923E+00
     0.1421549E+02     0.5402892E+00
     0.1421248E+02     0.5449280E+00
     0.1420954E+02     0.5494715E+00
     0.1419881E+02     0.5508374E+00
     0.1418307E+02     0.5432377E+00
     0.1417873E+02     0.5430030E+00
     0.1416960E+02     0.5487353E+00
     0.1415201E+02     0.5551461E+00
     0.1413694E+02     0.5576546E+00
     0.1411960E+02     0.5583221E+00
     0.1410660E+02     0.5498054E+00
     0.1410022E+02     0.5422090E+00
     0.1408267E+02     0.5212883E+00
     0.1407083E+02     0.4939362E+00
     0.1407221E+02     0.4895735E+00
     0.1408112E+02     0.4817750E+00
     0.1408569E+02     0.4799433E+00
     0.1409254E+02     0.4744392E+00
     0.1409300E+02     0.4693862E+00
     0.1409164E+02     0.4666277E+00
     0.1408503E+02     0.4615656E+00
     0.1407454E+02     0.4473101E+00
     0.1407419E+02     0.4427304E+00
     0.1407320E+02     0.4298508E+00
     0.1406636E+02     0.4197351E+00
     0.1406021E+02     0.4162813E+00
     0.1405132E+02     0.4070816E+00
     0.1403809E+02     0.4045370E+00
     0.1402258E+02     0.3909638E+00
     0.1401027E+02     0.3881904E+00
     0.1398951E+02     0.3762173E+00
     0.1398415E+02     0.3675591E+00
     0.1398268E+02     0.3651826E+00
     0.1397767E+02     0.3621895E+00
     0.1397129E+02     0.3509258E+00
     0.1396743E+02     0.3364506E+00
     0.1396150E+02     0.3366716E+00
     0.1395740E+02     0.3293159E+00
     0.1394783E+02     0.3253974E+00
     0.1394168E+02     0.3157420E+00
     0.1394214E+02     0.3106900E+00
     0.1394922E+02     0.3072555E+00
     0.1393783E+02     0.2964441E+00
     0.1394491E+02     0.2897944E+00
     0.1393487E+02     0.2886312E+00
     0.1393374E+02     0.2858734E+00
     0.1393467E+02     0.2844215E+00
     0.1393579E+02     0.2826612E+00
     0.1393603E+02     0.2780685E+00
     0.1394198E+02     0.2679721E+00
     0.1393400E+02     0.2642858E+00
     0.1392601E+02     0.2642737E+00
     0.1392123E+02     0.2537023E+00
     0.1391257E+02     0.2461107E+00
     0.1389775E+02     0.2380501E+00
     0.1389593E+02     0.2352915E+00
     0.1389640E+02     0.2284028E+00
     0.1389367E+02     0.2203609E+00
     0.1389437E+02     0.2155394E+00
     0.1390076E+02     0.2100378E+00
     0.1388868E+02     0.2026706E+00
     0.1389165E+02     0.1992247E+00
     0.1389737E+02     0.1925798E+00
     0.1390606E+02     0.1781260E+00
     0.1390539E+02     0.1682507E+00
     0.1391224E+02     0.1618315E+00
     0.1391705E+02     0.1544906E+00
     0.1392644E+02     0.1313125E+00
     0.1392782E+02     0.1207521E+00
     0.1392328E+02     0.1028350E+00
     0.1391463E+02     0.9065245E-01
     0.1391475E+02     0.8736745E-01
     0.1391487E+02     0.8422361E-01
     0.1392173E+02     0.7298319E-01
     0.1392175E+02     0.6173257E-01
     0.1392382E+02     0.5048513E-01
     0.1392885E+02     0.4475270E-01
     0.1393432E+02     0.4797536E-01
     0.1394116E+02     0.4867427E-01
     0.1395394E+02     0.4570841E-01
     0.1395851E+02     0.4135275E-01
     0.1395852E+02     0.3079128E-01
     0.1395352E+02     0.2137060E-01
     0.1394921E+02     0.4374486E-02
     0.1393354E+02     0.0000000E+00
     0.1393311E+02    -0.2409593E-02
     0.1393482E+02    -0.3224870E-01
     0.1393084E+02    -0.6463408E-01
     0.1392855E+02    -0.7535980E-01
     0.1392681E+02    -0.8347560E-01
     0.1391530E+02    -0.1161190E+00
     0.1390918E+02    -0.1271622E+00
     0.1389328E+02    -0.1444393E+00
     0.1388763E+02    -0.1584657E+00
     0.1388563E+02    -0.1720205E+00
     0.1388683E+02    -0.1880889E+00
     0.1388756E+02    -0.1901286E+00
     0.1389537E+02    -0.2121694E+00
     0.1390477E+02    -0.2245363E+00
     0.1392651E+02    -0.2425993E+00
     0.1393955E+02    -0.2501302E+00
     0.1394616E+02    -0.2482694E+00
     0.1395362E+02    -0.2305608E+00
     0.1396089E+02    -0.2231859E+00
     0.1396799E+02    -0.2218884E+00
     0.1397115E+02    -0.2213115E+00
     0.1398485E+02    -0.2230990E+00
     0.1401867E+02    -0.2356043E+00
     0.1402279E+02    -0.2388041E+00
     0.1404450E+02    -0.2488268E+00
     0.1404977E+02    -0.2531700E+00
     0.1408262E+02    -0.2692483E+00
     0.1410098E+02    -0.2782376E+00
     0.1411974E+02    -0.2891890E+00
     0.1415018E+02    -0.3124969E+00
     0.1416281E+02    -0.3299018E+00
     0.1416812E+02    -0.3441204E+00
     0.1416957E+02    -0.3526695E+00
     0.1417139E+02    -0.3633994E+00
     0.1417230E+02    -0.3633958E+00
     0.1417301E+02    -0.4231086E+00
     0.1417673E+02    -0.4396314E+00
     0.1418290E+02    -0.4421334E+00
     0.1419203E+02    -0.4416383E+00
     0.1421323E+02    -0.4365453E+00
     0.1422896E+02    -0.4327647E+00
     0.1425293E+02    -0.4328994E+00
     0.1426505E+02    -0.4390526E+00
     0.1431443E+02    -0.4576881E+00
     0.1432631E+02    -0.4594769E+00
     0.1433336E+02    -0.4593894E+00
     0.1435369E+02    -0.4591348E+00
     0.1436488E+02    -0.4609266E+00
     0.1438614E+02    -0.4686483E+00
     0.1440079E+02    -0.4770861E+00
     0.1441226E+02    -0.4905902E+00
     0.1442965E+02    -0.5182171E+00
     0.1443273E+02    -0.5211111E+00
     0.1445632E+02    -0.5432369E+00
     0.1446321E+02    -0.5517070E+00
     0.1448255E+02    -0.5888392E+00
     0.1448510E+02    -0.5980166E+00
     0.1449294E+02    -0.6159017E+00
     0.1449576E+02    -0.6274750E+00
     0.1449713E+02    -0.6331142E+00
     0.1449953E+02    -0.6572255E+00
     0.1449872E+02    -0.6808927E+00
     0.1448655E+02    -0.7160966E+00
     0.1447091E+02    -0.7412067E+00
     0.1446926E+02    -0.7466584E+00
     0.1446484E+02    -0.7612216E+00
     0.1445863E+02    -0.8012274E+00
     0.1444082E+02    -0.8525426E+00
     0.1443333E+02    -0.8669583E+00
     0.1443041E+02    -0.8725776E+00
     0.1441564E+02    -0.8880357E+00
     0.1441025E+02    -0.9089695E+00
     0.1441953E+02    -0.9429407E+00
     0.1442203E+02    -0.9845737E+00
     0.1442299E+02    -0.1000608E+01
     0.1444758E+02    -0.1108099E+01
     0.1446516E+02    -0.1184985E+01
     0.1447075E+02    -0.1207946E+01
     0.1447840E+02    -0.1230515E+01
     0.1448071E+02    -0.1237326E+01
     0.1448561E+02    -0.1260061E+01
     0.1448297E+02    -0.1283519E+01
     0.1447278E+02    -0.1303562E+01
     0.1445962E+02    -0.1323617E+01
     0.1445308E+02    -0.1340886E+01
     0.1445283E+02    -0.1348182E+01
     0.1445227E+02    -0.1365026E+01
     0.1445735E+02    -0.1376039E+01
     0.1446768E+02    -0.1386570E+01
     0.1449565E+02    -0.1406911E+01
     0.1450094E+02    -0.1414705E+01
     0.1450167E+02    -0.1425277E+01
     0.1449851E+02    -0.1432877E+01
     0.1449328E+02    -0.1439337E+01
     0.1448394E+02    -0.1445597E+01
     0.1447187E+02    -0.1453682E+01
     0.1446618E+02    -0.1459453E+01
     0.1446257E+02    -0.1469814E+01
     0.1446420E+02    -0.1477164E+01
     0.1448217E+02    -0.1507665E+01
     0.1448565E+02    -0.1520525E+01
     0.1448526E+02    -0.1533632E+01
     0.1448005E+02    -0.1544690E+01
     0.1447369E+02    -0.1552535E+01
     0.1447288E+02    -0.1553004E+01
     0.1445021E+02    -0.1566199E+01
     0.1441076E+02    -0.1585679E+01
     0.1438430E+02    -0.1597056E+01
     0.1437701E+02    -0.1601684E+01
     0.1437453E+02    -0.1609972E+01
     0.1437656E+02    -0.1619355E+01
     0.1437686E+02    -0.1620769E+01
     0.1438125E+02    -0.1629947E+01
     0.1439182E+02    -0.1644620E+01
     0.1440238E+02    -0.1654692E+01
     0.1441384E+02    -0.1660852E+01
     0.1442139E+02    -0.1662890E+01
     0.1443881E+02    -0.1674084E+01
     0.1444754E+02    -0.1683244E+01
     0.1445124E+02    -0.1692426E+01
     0.1444875E+02    -0.1698646E+01
     0.1444195E+02    -0.1707285E+01
     0.1444195E+02    -0.1707285E+01
     0.1442670E+02    -0.1719687E+01
     0.1442077E+02    -0.1728656E+01
     0.1441677E+02    -0.1753277E+01
     0.1441379E+02    -0.1803880E+01
     0.1441265E+02    -0.1807023E+01
     0.1440498E+02    -0.1828061E+01
     0.1440185E+02    -0.1843713E+01
     0.1440306E+02    -0.1858655E+01
     0.1440061E+02    -0.1872003E+01
     0.1439857E+02    -0.1875691E+01
     0.1438695E+02    -0.1885168E+01
     0.1435288E+02    -0.1906271E+01
     0.1431330E+02    -0.1930775E+01
     0.1430442E+02    -0.1937940E+01
     0.1430237E+02    -0.1941168E+01
     0.1429416E+02    -0.1946031E+01
     0.1425728E+02    -0.1983206E+01
     0.1425626E+02    -0.1985312E+01
     0.1425048E+02    -0.1997262E+01
     0.1424737E+02    -0.2018664E+01
     0.1424698E+02    -0.2033384E+01
     0.1425544E+02    -0.2087859E+01
     0.1425323E+02    -0.2105577E+01
     0.1425059E+02    -0.2108325E+01
     0.1424458E+02    -0.2114582E+01
     0.1423317E+02    -0.2120377E+01
     0.1422520E+02    -0.2127079E+01
     0.1421591E+02    -0.2149426E+01
     0.1421092E+02    -0.2157496E+01
     0.1419723E+02    -0.2165370E+01
     0.1417416E+02    -0.2171670E+01
     0.1416411E+02    -0.2176999E+01
     0.1415940E+02    -0.2185148E+01
     0.1415798E+02    -0.2187603E+01
     0.1415641E+02    -0.2194279E+01
     0.1416448E+02    -0.2208969E+01
     0.1421694E+02    -0.2284899E+01
     0.1421959E+02    -0.2291948E+01
     0.1422134E+02    -0.2296613E+01
     0.1422023E+02    -0.2303748E+01
     0.1421364E+02    -0.2314126E+01
     0.1417899E+02    -0.2342094E+01
     0.1416602E+02    -0.2360087E+01
     0.1414982E+02    -0.2391140E+01
     0.1411972E+02    -0.2448828E+01
     0.1410289E+02    -0.2473967E+01
     0.1408302E+02    -0.2481633E+01
     0.1407460E+02    -0.2477017E+01
     0.1406926E+02    -0.2474094E+01
     0.1405616E+02    -0.2459651E+01
     0.1405020E+02    -0.2455532E+01
     0.1404448E+02    -0.2455554E+01
     0.1402853E+02    -0.2470795E+01
     0.1402464E+02    -0.2471730E+01
     0.1401845E+02    -0.2468302E+01
     0.1399800E+02    -0.2446524E+01
     0.1398678E+02    -0.2443115E+01
     0.1397763E+02    -0.2443608E+01
     0.1397423E+02    -0.2444793E+01
     0.1396963E+02    -0.2446398E+01
     0.1394773E+02    -0.2461200E+01
     0.1393721E+02    -0.2464458E+01
     0.1392257E+02    -0.2464971E+01
     0.1389165E+02    -0.2454039E+01
     0.1388546E+02    -0.2450150E+01
     0.1387190E+02    -0.2436166E+01
     0.1386867E+02    -0.2428816E+01
     0.1386863E+02    -0.2427396E+01
     0.1386841E+02    -0.2420535E+01
     0.1387067E+02    -0.2412476E+01
     0.1387453E+02    -0.2404872E+01
     0.1388318E+02    -0.2393569E+01
     0.1390460E+02    -0.2372561E+01
     0.1391644E+02    -0.2358716E+01
     0.1391890E+02    -0.2343756E+01
     0.1391658E+02    -0.2333873E+01
     0.1391336E+02    -0.2329744E+01
     0.1390587E+02    -0.2323894E+01
     0.1389225E+02    -0.2313257E+01
     0.1388673E+02    -0.2304536E+01
     0.1388038E+02    -0.2260624E+01
     0.1384979E+02    -0.2215728E+01
     0.1383691E+02    -0.2196833E+01
     0.1381388E+02    -0.2153441E+01
     0.1379047E+02    -0.2132361E+01
     0.1377212E+02    -0.2118999E+01
     0.1377098E+02    -0.2118167E+01
     0.1375816E+02    -0.2113381E+01
     0.1375358E+02    -0.2113856E+01
     0.1374881E+02    -0.2120313E+01
     0.1372927E+02    -0.2156259E+01
     0.1372472E+02    -0.2162254E+01
     0.1369144E+02    -0.2195255E+01
     0.1368955E+02    -0.2197731E+01
     0.1367483E+02    -0.2216931E+01
     0.1364498E+02    -0.2250611E+01
     0.1363816E+02    -0.2261214E+01
     0.1362882E+02    -0.2270674E+01
     0.1360926E+02    -0.2294850E+01
     0.1359169E+02    -0.2316567E+01
     0.1358394E+02    -0.2324413E+01
     0.1357119E+02    -0.2342165E+01
     0.1353611E+02    -0.2384140E+01
     0.1353021E+02    -0.2393055E+01
     0.1350607E+02    -0.2429549E+01
     0.1350310E+02    -0.2431169E+01
     0.1349281E+02    -0.2433501E+01
     0.1348434E+02    -0.2430536E+01
     0.1347081E+02    -0.2421146E+01
     0.1345386E+02    -0.2414986E+01
     0.1344242E+02    -0.2414100E+01
     0.1343052E+02    -0.2415286E+01
     0.1342917E+02    -0.2415766E+01
     0.1339990E+02    -0.2426188E+01
     0.1339144E+02    -0.2426673E+01
     0.1338480E+02    -0.2424622E+01
     0.1337403E+02    -0.2420743E+01
     0.1335615E+02    -0.2407223E+01
     0.1333644E+02    -0.2396928E+01
     0.1333208E+02    -0.2392339E+01
     0.1331627E+02    -0.2385944E+01
     0.1326318E+02    -0.2379192E+01
     0.1325012E+02    -0.2374167E+01
     0.1323981E+02    -0.2367755E+01
     0.1323178E+02    -0.2359266E+01
     0.1322326E+02    -0.2342037E+01
     0.1321593E+02    -0.2337917E+01
     0.1320999E+02    -0.2339313E+01
     0.1320943E+02    -0.2339966E+01
     0.1319973E+02    -0.2351302E+01
     0.1318903E+02    -0.2369273E+01
     0.1318196E+02    -0.2376423E+01
     0.1317556E+02    -0.2379430E+01
     0.1316641E+02    -0.2378764E+01
     0.1315542E+02    -0.2373733E+01
     0.1313044E+02    -0.2360227E+01
     0.1312173E+02    -0.2353808E+01
     0.1310978E+02    -0.2349809E+01
     0.1308899E+02    -0.2342852E+01
     0.1307229E+02    -0.2343124E+01
     0.1305718E+02    -0.2337412E+01
     0.1304780E+02    -0.2336516E+01
     0.1304093E+02    -0.2333772E+01
     0.1303106E+02    -0.2324596E+01
     0.1302692E+02    -0.2314255E+01
     0.1303181E+02    -0.2284802E+01
     0.1303479E+02    -0.2266851E+01
     0.1303383E+02    -0.2251672E+01
     0.1302554E+02    -0.2229842E+01
     0.1300716E+02    -0.2202285E+01
     0.1299868E+02    -0.2195176E+01
     0.1297555E+02    -0.2184942E+01
     0.1296662E+02    -0.2180994E+01
     0.1293065E+02    -0.2155088E+01
     0.1291322E+02    -0.2137189E+01
     0.1290334E+02    -0.2122033E+01
     0.1288521E+02    -0.2099488E+01
     0.1288197E+02    -0.2080452E+01
     0.1287573E+02    -0.2058388E+01
     0.1287385E+02    -0.2035393E+01
     0.1286944E+02    -0.2013554E+01
     0.1286414E+02    -0.1997928E+01
     0.1285679E+02    -0.1983226E+01
     0.1285503E+02    -0.1977617E+01
     0.1284734E+02    -0.1953120E+01
     0.1284159E+02    -0.1939564E+01
     0.1282898E+02    -0.1926024E+01
     0.1277951E+02    -0.1893707E+01
     0.1277308E+02    -0.1888744E+01
     0.1276348E+02    -0.1881324E+01
     0.1274333E+02    -0.1868949E+01
     0.1273326E+02    -0.1864831E+01
     0.1272205E+02    -0.1864395E+01
     0.1268550E+02    -0.1874360E+01
     0.1268367E+02    -0.1876663E+01
     0.1265688E+02    -0.1880936E+01
     0.1265008E+02    -0.1882021E+01
     0.1262607E+02    -0.1879080E+01
     0.1261440E+02    -0.1875423E+01
     0.1259083E+02    -0.1864431E+01
     0.1257184E+02    -0.1858259E+01
     0.1256178E+02    -0.1859198E+01
     0.1255631E+02    -0.1866107E+01
     0.1255102E+02    -0.1883002E+01
     0.1255041E+02    -0.1884977E+01
     0.1254357E+02    -0.1896488E+01
     0.1253512E+02    -0.1900873E+01
     0.1252072E+02    -0.1901360E+01
     0.1248503E+02    -0.1888547E+01
     0.1247151E+02    -0.1874314E+01
     0.1246213E+02    -0.1869962E+01
     0.1244544E+02    -0.1869991E+01
     0.1244489E+02    -0.1871856E+01
     0.1244407E+02    -0.1874593E+01
     0.1246731E+02    -0.1943543E+01
     0.1247103E+02    -0.1970673E+01
     0.1247062E+02    -0.1991832E+01
     0.1247099E+02    -0.1994041E+01
     0.1247525E+02    -0.2018962E+01
     0.1248238E+02    -0.2038498E+01
     0.1249408E+02    -0.2059406E+01
     0.1251998E+02    -0.2086727E+01
     0.1252366E+02    -0.2095231E+01
     0.1252296E+02    -0.2104553E+01
     0.1252210E+02    -0.2115933E+01
     0.1251076E+02    -0.2158735E+01
     0.1251261E+02    -0.2164942E+01
     0.1252729E+02    -0.2186075E+01
     0.1253215E+02    -0.2213897E+01
     0.1252874E+02    -0.2221954E+01
     0.1252785E+02    -0.2223149E+01
     0.1250480E+02    -0.2253970E+01
     0.1249705E+02    -0.2268015E+01
     0.1249799E+02    -0.2279514E+01
     0.1251175E+02    -0.2296741E+01
     0.1252667E+02    -0.2318794E+01
     0.1252920E+02    -0.2326381E+01
     0.1252784E+02    -0.2329653E+01
     0.1252078E+02    -0.2346639E+01
     0.1250619E+02    -0.2368058E+01
     0.1250164E+02    -0.2379798E+01
     0.1250605E+02    -0.2413145E+01
     0.1250287E+02    -0.2422352E+01
     0.1249761E+02    -0.2423972E+01
     0.1247722E+02    -0.2422087E+01
     0.1246832E+02    -0.2421265E+01
     0.1235144E+02    -0.2420353E+01
     0.1229926E+02    -0.2419941E+01
     0.1228462E+02    -0.2421344E+01
     0.1222569E+02    -0.2421310E+01
     0.1217664E+02    -0.2421277E+01
     0.1214806E+02    -0.2427989E+01
     0.1211009E+02    -0.2434253E+01
     0.1210167E+02    -0.2437270E+01
     0.1209591E+02    -0.2439333E+01
     0.1209225E+02    -0.2439337E+01
     0.1207759E+02    -0.2425325E+01
     0.1206956E+02    -0.2410383E+01
     0.1206473E+02    -0.2397738E+01
     0.1205762E+02    -0.2386015E+01
     0.1204846E+02    -0.2379586E+01
     0.1202257E+02    -0.2354546E+01
     0.1201874E+02    -0.2351831E+01
     0.1200539E+02    -0.2342376E+01
     0.1199670E+02    -0.2339856E+01
     0.1197474E+02    -0.2341263E+01
     0.1194022E+02    -0.2358325E+01
     0.1191486E+02    -0.2374686E+01
     0.1190562E+02    -0.2378058E+01
     0.1190411E+02    -0.2378609E+01
     0.1189199E+02    -0.2378162E+01
     0.1186704E+02    -0.2371518E+01
     0.1185812E+02    -0.2371527E+01
     0.1184761E+02    -0.2378670E+01
     0.1183114E+02    -0.2380757E+01
     0.1182085E+02    -0.2387438E+01
     0.1180670E+02    -0.2410915E+01
     0.1180288E+02    -0.2418557E+01
     0.1179438E+02    -0.2435541E+01
     0.1177519E+02    -0.2456493E+01
     0.1177130E+02    -0.2456957E+01
     0.1176192E+02    -0.2453515E+01
     0.1174016E+02    -0.2437662E+01
     0.1172963E+02    -0.2426860E+01
     0.1171880E+02    -0.2406741E+01
     0.1171082E+02    -0.2391912E+01
     0.1169776E+02    -0.2372831E+01
     0.1167898E+02    -0.2353524E+01
     0.1166639E+02    -0.2344563E+01
     0.1164854E+02    -0.2339287E+01
     0.1162809E+02    -0.2324651E+01
     0.1162221E+02    -0.2320446E+01
     0.1161306E+02    -0.2319992E+01
     0.1160872E+02    -0.2322756E+01
     0.1160712E+02    -0.2325057E+01
     0.1160967E+02    -0.2356799E+01
     0.1161380E+02    -0.2367378E+01
     0.1163236E+02    -0.2391056E+01
     0.1164731E+02    -0.2415495E+01
     0.1165092E+02    -0.2421406E+01
     0.1165322E+02    -0.2430375E+01
     0.1165301E+02    -0.2444638E+01
     0.1164161E+02    -0.2480073E+01
     0.1163706E+02    -0.2504001E+01
     0.1163616E+02    -0.2520795E+01
     0.1164314E+02    -0.2536935E+01
     0.1165337E+02    -0.2560579E+01
     0.1166187E+02    -0.2591169E+01
     0.1166898E+02    -0.2605426E+01
     0.1168525E+02    -0.2627728E+01
     0.1169626E+02    -0.2647274E+01
     0.1169735E+02    -0.2649939E+01
     0.1170268E+02    -0.2662912E+01
     0.1170384E+02    -0.2673034E+01
     0.1170157E+02    -0.2687069E+01
     0.1169654E+02    -0.2691215E+01
     0.1168624E+02    -0.2692374E+01
     0.1166839E+02    -0.2689168E+01
     0.1165603E+02    -0.2688947E+01
     0.1164802E+02    -0.2691945E+01
     0.1164139E+02    -0.2698162E+01
     0.1163806E+02    -0.2720665E+01
     0.1163799E+02    -0.2721171E+01
     0.1163229E+02    -0.2742571E+01
     0.1162065E+02    -0.2769037E+01
     0.1161609E+02    -0.2784225E+01
     0.1161747E+02    -0.2789746E+01
     0.1162274E+02    -0.2798945E+01
     0.1163007E+02    -0.2805841E+01
     0.1164244E+02    -0.2810893E+01
     0.1165595E+02    -0.2820776E+01
     0.1165808E+02    -0.2821903E+01
     0.1167290E+02    -0.2829735E+01
     0.1168847E+02    -0.2835703E+01
     0.1171159E+02    -0.2837754E+01
     0.1176059E+02    -0.2853125E+01
     0.1177807E+02    -0.2857137E+01
     0.1179654E+02    -0.2861373E+01
     0.1186662E+02    -0.2892132E+01
     0.1189456E+02    -0.2900155E+01
     0.1189585E+02    -0.2900731E+01
     0.1193831E+02    -0.2919662E+01
     0.1201115E+02    -0.2948796E+01
     0.1201217E+02    -0.2949036E+01
     0.1204321E+02    -0.2956348E+01
     0.1205695E+02    -0.2961622E+01
     0.1206658E+02    -0.2969432E+01
     0.1206751E+02    -0.2973495E+01
     0.1206751E+02    -0.2973495E+01
     0.1206843E+02    -0.2977483E+01
     0.1206569E+02    -0.2986460E+01
     0.1205062E+02    -0.3011098E+01
     0.1204207E+02    -0.3029916E+01
     0.1203032E+02    -0.3055761E+01
     0.1202485E+02    -0.3074405E+01
     0.1201824E+02    -0.3087988E+01
     0.1201350E+02    -0.3135163E+01
     0.1201077E+02    -0.3142299E+01
     0.1200556E+02    -0.3148969E+01
     0.1200231E+02    -0.3153124E+01
     0.1199133E+02    -0.3159580E+01
     0.1197142E+02    -0.3166277E+01
     0.1194738E+02    -0.3171827E+01
     0.1193938E+02    -0.3178279E+01
     0.1193504E+02    -0.3187948E+01
     0.1193666E+02    -0.3193929E+01
     0.1194354E+02    -0.3204275E+01
     0.1196435E+02    -0.3213928E+01
     0.1196531E+02    -0.3214374E+01
     0.1200176E+02    -0.3241942E+01
     0.1202221E+02    -0.3284485E+01
     0.1203759E+02    -0.3312935E+01
     0.1204334E+02    -0.3323575E+01
     0.1204841E+02    -0.3339446E+01
     0.1204545E+02    -0.3352566E+01
     0.1202786E+02    -0.3383652E+01
     0.1200707E+02    -0.3414972E+01
     0.1200048E+02    -0.3423628E+01
     0.1195884E+02    -0.3478309E+01
     0.1194328E+02    -0.3489372E+01
     0.1191970E+02    -0.3498834E+01
     0.1190835E+02    -0.3505157E+01
     0.1189818E+02    -0.3510823E+01
     0.1188743E+02    -0.3522801E+01
     0.1188058E+02    -0.3535694E+01
     0.1187695E+02    -0.3564922E+01
     0.1187789E+02    -0.3576887E+01
     0.1188936E+02    -0.3590911E+01
     0.1190449E+02    -0.3599409E+01
     0.1191094E+02    -0.3602288E+01
     0.1194049E+02    -0.3615476E+01
     0.1194645E+02    -0.3620992E+01
     0.1194679E+02    -0.3622294E+01
     0.1194679E+02    -0.3622294E+01
     0.1194783E+02    -0.3626282E+01
     0.1191541E+02    -0.3699845E+01
     0.1191404E+02    -0.3702948E+01
     0.1189575E+02    -0.3734264E+01
     0.1188431E+02    -0.3747393E+01
     0.1187607E+02    -0.3750393E+01
     0.1186277E+02    -0.3747416E+01
     0.1182998E+02    -0.3729271E+01
     0.1182156E+02    -0.3725366E+01
     0.1179284E+02    -0.3712049E+01
     0.1178665E+02    -0.3707683E+01
     0.1171353E+02    -0.3684279E+01
     0.1170512E+02    -0.3678722E+01
     0.1170275E+02    -0.3677155E+01
     0.1169633E+02    -0.3670717E+01
     0.1168095E+02    -0.3646799E+01
     0.1167751E+02    -0.3644270E+01
     0.1166925E+02    -0.3632311E+01
     0.1164629E+02    -0.3590679E+01
     0.1163484E+02    -0.3574722E+01
     0.1163160E+02    -0.3570211E+01
     0.1162587E+02    -0.3566764E+01
     0.1162128E+02    -0.3560554E+01
     0.1160959E+02    -0.3551819E+01
     0.1158552E+02    -0.3538721E+01
     0.1156467E+02    -0.3529531E+01
     0.1153739E+02    -0.3513902E+01
     0.1152937E+02    -0.3512756E+01
     0.1152779E+02    -0.3513705E+01
     0.1151976E+02    -0.3518515E+01
     0.1150809E+02    -0.3529798E+01
     0.1148681E+02    -0.3556734E+01
     0.1145842E+02    -0.3583903E+01
     0.1144216E+02    -0.3589665E+01
     0.1143242E+02    -0.3589997E+01
     0.1142842E+02    -0.3590132E+01
     0.1141176E+02    -0.3587724E+01
     0.1141176E+02    -0.3587724E+01
     0.1140780E+02    -0.3587152E+01
     0.1139314E+02    -0.3586929E+01
     0.1136153E+02    -0.3595227E+01
     0.1134550E+02    -0.3603518E+01
     0.1133428E+02    -0.3613878E+01
     0.1132223E+02    -0.3630594E+01
     0.1130292E+02    -0.3657381E+01
     0.1126995E+02    -0.3688458E+01
     0.1125621E+02    -0.3705951E+01
     0.1124958E+02    -0.3718149E+01
     0.1124737E+02    -0.3729816E+01
     0.1124501E+02    -0.3742312E+01
     0.1124548E+02    -0.3764863E+01
     0.1125147E+02    -0.3811805E+01
     0.1124919E+02    -0.3826533E+01
     0.1123329E+02    -0.3850769E+01
     0.1122790E+02    -0.3858985E+01
     0.1122424E+02    -0.3878775E+01
     0.1122723E+02    -0.3898795E+01
     0.1122701E+02    -0.3907539E+01
     0.1122358E+02    -0.3917665E+01
     0.1121350E+02    -0.3932165E+01
     0.1121237E+02    -0.3955177E+01
     0.1120501E+02    -0.3978806E+01
     0.1120501E+02    -0.3978806E+01
     0.1120378E+02    -0.3978757E+01
     0.1115960E+02    -0.3951494E+01
     0.1115824E+02    -0.3949402E+01
     0.1115961E+02    -0.3947122E+01
     0.1117382E+02    -0.3947157E+01
     0.1117429E+02    -0.3944627E+01
     0.1117109E+02    -0.3941397E+01
     0.1116078E+02    -0.3938840E+01
     0.1115458E+02    -0.3943657E+01
     0.1115068E+02    -0.3942957E+01
     0.1110354E+02    -0.3908549E+01
     0.1108844E+02    -0.3895623E+01
     0.1108913E+02    -0.3894249E+01
     0.1109074E+02    -0.3891027E+01
     0.1109877E+02    -0.3890357E+01
     0.1110198E+02    -0.3887374E+01
     0.1110267E+02    -0.3885305E+01
     0.1109695E+02    -0.3880458E+01
     0.1109077E+02    -0.3876299E+01
     0.1108732E+02    -0.3883194E+01
     0.1107609E+02    -0.3883625E+01
     0.1107105E+02    -0.3881081E+01
     0.1105893E+02    -0.3870923E+01
     0.1103812E+02    -0.3849007E+01
     0.1102149E+02    -0.3833942E+01
     0.1101799E+02    -0.3830774E+01
     0.1101343E+02    -0.3822938E+01
     0.1101552E+02    -0.3811668E+01
     0.1101347E+02    -0.3803378E+01
     0.1099978E+02    -0.3779179E+01
     0.1099934E+02    -0.3772044E+01
     0.1100535E+02    -0.3748589E+01
     0.1100377E+02    -0.3739610E+01
     0.1099486E+02    -0.3724858E+01
     0.1099042E+02    -0.3719273E+01
     0.1095123E+02    -0.3669971E+01
     0.1093591E+02    -0.3655201E+01
     0.1090343E+02    -0.3630488E+01
     0.1090265E+02    -0.3629587E+01
     0.1087236E+02    -0.3594962E+01
     0.1086413E+02    -0.3587805E+01
     0.1081677E+02    -0.3560974E+01
     0.1080593E+02    -0.3550800E+01
     0.1077472E+02    -0.3521500E+01
     0.1072716E+02    -0.3485920E+01
     0.1070686E+02    -0.3473145E+01
     0.1068050E+02    -0.3456552E+01
     0.1064526E+02    -0.3443096E+01
     0.1064298E+02    -0.3439867E+01
     0.1064276E+02    -0.3434804E+01
     0.1065708E+02    -0.3392509E+01
     0.1065664E+02    -0.3388826E+01
     0.1065664E+02    -0.3388826E+01
     0.1065597E+02    -0.3380770E+01
     0.1065805E+02    -0.3375484E+01
     0.1065805E+02    -0.3375484E+01
     0.1065875E+02    -0.3370194E+01
     0.1066059E+02    -0.3367438E+01
     0.1066059E+02    -0.3367438E+01
     0.1066358E+02    -0.3363076E+01
     0.1066358E+02    -0.3363076E+01
     0.1065857E+02    -0.3353396E+01
     0.1065699E+02    -0.3343266E+01
     0.1065104E+02    -0.3340946E+01
     0.1063161E+02    -0.3326849E+01
     0.1060899E+02    -0.3306988E+01
     0.1057904E+02    -0.3286643E+01
     0.1057306E+02    -0.3280813E+01
     0.1055392E+02    -0.3262171E+01
     0.1053221E+02    -0.3244842E+01
     0.1052973E+02    -0.3233559E+01
     0.1052540E+02    -0.3223881E+01
     0.1052518E+02    -0.3220428E+01
     0.1052771E+02    -0.3216985E+01
     0.1052316E+02    -0.3208917E+01
     0.1050398E+02    -0.3189295E+01
     0.1049415E+02    -0.3182589E+01
     0.1048904E+02    -0.3178224E+01
     0.1044549E+02    -0.3141008E+01
     0.1041330E+02    -0.3111216E+01
     0.1040349E+02    -0.3099448E+01
     0.1039530E+02    -0.3094217E+01
     0.1037995E+02    -0.3084410E+01
     0.1034662E+02    -0.3052311E+01
     0.1031353E+02    -0.3016300E+01
     0.1030367E+02    -0.3008138E+01
     0.1030097E+02    -0.3005902E+01
     0.1028660E+02    -0.2989744E+01
     0.1025621E+02    -0.2970077E+01
     0.1025316E+02    -0.2965501E+01
     0.1025528E+02    -0.2962305E+01
     0.1026093E+02    -0.2968163E+01
     0.1026894E+02    -0.2971417E+01
     0.1028031E+02    -0.2980707E+01
     0.1028402E+02    -0.2981890E+01
     0.1030335E+02    -0.2976459E+01
     0.1029901E+02    -0.2974143E+01
     0.1029260E+02    -0.2973889E+01
     0.1028550E+02    -0.2976165E+01
     0.1027925E+02    -0.2975263E+01
     0.1025282E+02    -0.2955570E+01
     0.1022926E+02    -0.2949041E+01
     0.1021966E+02    -0.2943944E+01
     0.1020847E+02    -0.2935850E+01
     0.1019457E+02    -0.2923117E+01
     0.1019409E+02    -0.2922682E+01
     0.1015048E+02    -0.2890078E+01
     0.1014672E+02    -0.2888551E+01
     0.1013562E+02    -0.2884041E+01
     0.1009500E+02    -0.2846383E+01
     0.1005321E+02    -0.2816773E+01
     0.1004865E+02    -0.2810773E+01
     0.1004865E+02    -0.2810773E+01
     0.1004386E+02    -0.2807304E+01
     0.1004386E+02    -0.2807304E+01
     0.1004336E+02    -0.2807016E+01
     0.1001119E+02    -0.2788310E+01
     0.1000000E+02    -0.2779900E+01
     0.9997035E+01    -0.2777671E+01
     0.9953016E+01    -0.2733783E+01
     0.9946162E+01    -0.2727887E+01
     0.9924267E+01    -0.2709050E+01
     0.9915358E+01    -0.2704413E+01
     0.9895268E+01    -0.2690298E+01
     0.9884295E+01    -0.2686572E+01
     0.9876531E+01    -0.2682169E+01
     0.9871750E+01    -0.2675248E+01
     0.9873819E+01    -0.2672726E+01
     0.9878850E+01    -0.2673897E+01
     0.9892550E+01    -0.2682695E+01
     0.9901474E+01    -0.2683191E+01
     0.9901474E+01    -0.2683191E+01
     0.9901946E+01    -0.2679052E+01
     0.9901946E+01    -0.2679052E+01
     0.9896225E+01    -0.2678799E+01
     0.9871799E+01    -0.2662134E+01
     0.9871350E+01    -0.2659602E+01
     0.9874112E+01    -0.2655242E+01
     0.9871391E+01    -0.2648329E+01
     0.9873931E+01    -0.2642588E+01
     0.9872566E+01    -0.2640282E+01
     0.9866384E+01    -0.2641176E+01
     0.9860022E+01    -0.2628727E+01
     0.9840389E+01    -0.2615533E+01
     0.9824813E+01    -0.2598804E+01
     0.9794805E+01    -0.2566572E+01
     0.9782491E+01    -0.2555248E+01
     0.9762173E+01    -0.2542509E+01
     0.9738010E+01    -0.2518251E+01
     0.9733390E+01    -0.2512788E+01
     0.9712044E+01    -0.2487544E+01
     0.9702012E+01    -0.2478299E+01
     0.9700660E+01    -0.2473002E+01
     0.9700660E+01    -0.2473002E+01
     0.9694044E+01    -0.2467913E+01
     0.9692455E+01    -0.2464685E+01
     0.9692455E+01    -0.2464685E+01
     0.9689475E+01    -0.2466283E+01
     0.9686735E+01    -0.2464661E+01
     0.9674953E+01    -0.2453534E+01
     0.9670094E+01    -0.2448946E+01
     0.9656623E+01    -0.2441756E+01
     0.9635212E+01    -0.2417508E+01
     0.9624951E+01    -0.2408721E+01
     0.9614727E+01    -0.2390964E+01
     0.9606077E+01    -0.2379884E+01
     0.9594530E+01    -0.2359025E+01
     0.9588589E+01    -0.2348292E+01
     0.9584283E+01    -0.2338151E+01
     0.9582498E+01    -0.2327102E+01
     0.9583789E+01    -0.2290764E+01
     0.9586573E+01    -0.2281115E+01
     0.9586140E+01    -0.2275132E+01
     0.9578686E+01    -0.2251638E+01
     0.9571403E+01    -0.2238658E+01
     0.9567557E+01    -0.2231806E+01
     0.9553218E+01    -0.2214261E+01
     0.9546184E+01    -0.2200428E+01
     0.9512916E+01    -0.2169687E+01
     0.9489696E+01    -0.2143713E+01
     0.9479676E+01    -0.2132504E+01
     0.9466449E+01    -0.2123473E+01
     0.9449128E+01    -0.2108673E+01
     0.9440263E+01    -0.2095752E+01
     0.9431371E+01    -0.2089271E+01
     0.9419762E+01    -0.2076337E+01
     0.9408391E+01    -0.2061334E+01
     0.9417071E+01    -0.2057761E+01
     0.9417784E+01    -0.2057468E+01
     0.9418712E+01    -0.2054482E+01
     0.9416676E+01    -0.2049183E+01
     0.9414391E+01    -0.2048712E+01
     0.9411639E+01    -0.2050310E+01
     0.9404098E+01    -0.2049125E+01
     0.9403614E+01    -0.2055332E+01
     0.9401555E+01    -0.2055322E+01
     0.9396771E+01    -0.2050931E+01
     0.9365150E+01    -0.2012143E+01
     0.9358602E+01    -0.1992793E+01
     0.9353375E+01    -0.1985180E+01
     0.9347147E+01    -0.1978715E+01
     0.9313310E+01    -0.1943592E+01
     0.9297587E+01    -0.1930867E+01
     0.9290988E+01    -0.1923706E+01
     0.9278956E+01    -0.1903871E+01
     0.9270535E+01    -0.1895091E+01
     0.9280397E+01    -0.1888239E+01
     0.9280397E+01    -0.1888239E+01
     0.9276996E+01    -0.1882014E+01
     0.9276996E+01    -0.1882014E+01
     0.9268737E+01    -0.1888183E+01
     0.9264412E+01    -0.1883792E+01
     0.9262156E+01    -0.1876883E+01
     0.9261280E+01    -0.1868140E+01
     0.9259469E+01    -0.1863991E+01
     0.9260174E+01    -0.1859855E+01
     0.9256549E+01    -0.1852249E+01
     0.9254795E+01    -0.1835453E+01
     0.9249818E+01    -0.1823470E+01
     0.9248707E+01    -0.1816337E+01
     0.9252622E+01    -0.1809916E+01
     0.9253111E+01    -0.1802790E+01
     0.9254258E+01    -0.1801876E+01
     0.9259982E+01    -0.1800064E+01
     0.9263446E+01    -0.1792262E+01
     0.9263036E+01    -0.1781682E+01
     0.9259379E+01    -0.1766049E+01
     0.9257651E+01    -0.1758660E+01
     0.9259941E+01    -0.1757752E+01
     0.9266321E+01    -0.1762612E+01
     0.9265231E+01    -0.1750649E+01
     0.9260870E+01    -0.1754537E+01
     0.9255842E+01    -0.1754053E+01
     0.9245693E+01    -0.1722961E+01
     0.9246392E+01    -0.1719975E+01
     0.9248916E+01    -0.1718147E+01
     0.9243233E+01    -0.1710992E+01
     0.9239407E+01    -0.1697406E+01
     0.9243596E+01    -0.1680641E+01
     0.9242250E+01    -0.1674919E+01
     0.9242026E+01    -0.1673964E+01
     0.9234993E+01    -0.1661974E+01
     0.9234356E+01    -0.1651164E+01
     0.9231869E+01    -0.1644943E+01
     0.9225736E+01    -0.1636406E+01
     0.9223031E+01    -0.1627885E+01
     0.9215302E+01    -0.1618190E+01
     0.9213963E+01    -0.1611285E+01
     0.9210329E+01    -0.1605980E+01
     0.9205812E+01    -0.1593771E+01
     0.9199213E+01    -0.1587300E+01
     0.9193547E+01    -0.1576696E+01
     0.9184426E+01    -0.1565765E+01
     0.9182180E+01    -0.1563074E+01
     0.9176284E+01    -0.1552929E+01
     0.9158792E+01    -0.1529620E+01
     0.9144460E+01    -0.1515064E+01
     0.9130384E+01    -0.1494302E+01
     0.9114240E+01    -0.1476748E+01
     0.9106934E+01    -0.1466743E+01
     0.9103793E+01    -0.1462441E+01
     0.9094497E+01    -0.1446531E+01
     0.9077455E+01    -0.1425524E+01
     0.9056114E+01    -0.1395529E+01
     0.9043822E+01    -0.1385351E+01
     0.9041105E+01    -0.1380050E+01
     0.9030099E+01    -0.1367635E+01
     0.9014284E+01    -0.1349796E+01
     0.9009753E+01    -0.1341498E+01
     0.9009132E+01    -0.1327931E+01
     0.8999826E+01    -0.1314780E+01
     0.8992579E+01    -0.1301410E+01
     0.8984673E+01    -0.1282290E+01
     0.8982668E+01    -0.1271475E+01
     0.8983819E+01    -0.1269642E+01
     0.8989697E+01    -0.1282545E+01
     0.8989697E+01    -0.1282545E+01
     0.9000279E+01    -0.1267658E+01
     0.9000279E+01    -0.1267658E+01
     0.8996172E+01    -0.1266488E+01
     0.8991396E+01    -0.1261866E+01
     0.8990044E+01    -0.1257951E+01
     0.8993488E+01    -0.1254291E+01
     0.8993975E+01    -0.1248088E+01
     0.8993585E+01    -0.1234063E+01
     0.8990677E+01    -0.1220946E+01
     0.8988407E+01    -0.1217946E+01
     0.8987247E+01    -0.1221388E+01
     0.8987881E+01    -0.1232425E+01
     0.8987164E+01    -0.1239087E+01
     0.8985334E+01    -0.1239307E+01
     0.8981977E+01    -0.1224809E+01
     0.8985016E+01    -0.1210344E+01
     0.8983242E+01    -0.1199071E+01
     0.8979535E+01    -0.1191470E+01
     0.8966500E+01    -0.1164736E+01
     0.8954937E+01    -0.1146518E+01
     0.8943180E+01    -0.1121174E+01
     0.8931592E+01    -0.1108242E+01
     0.8914188E+01    -0.1084370E+01
     0.8907538E+01    -0.1075249E+01
     0.8858696E+01    -0.1020521E+01
     0.8859395E+01    -0.1017767E+01
     0.8862814E+01    -0.1019164E+01
     0.8886903E+01    -0.1044343E+01
     0.8886903E+01    -0.1044343E+01
     0.8894306E+01    -0.1025076E+01
     0.8894306E+01    -0.1025076E+01
     0.8889745E+01    -0.1023674E+01
     0.8885879E+01    -0.1020206E+01
     0.8873165E+01    -0.1004510E+01
     0.8867684E+01    -0.1004252E+01
     0.8867253E+01    -0.9989635E+00
     0.8866695E+01    -0.9974718E+00
     0.8861392E+01    -0.9833050E+00
     0.8863688E+01    -0.9810187E+00
     0.8866391E+01    -0.9886170E+00
     0.8872297E+01    -0.9950830E+00
     0.8876176E+01    -0.9960234E+00
     0.8868698E+01    -0.9838032E+00
     0.8862892E+01    -0.9568844E+00
     0.8853615E+01    -0.9393702E+00
     0.8852910E+01    -0.9432723E+00
     0.8855615E+01    -0.9506408E+00
     0.8853088E+01    -0.9533850E+00
     0.8858089E+01    -0.9582377E+00
     0.8857106E+01    -0.9608679E+00
     0.8855775E+01    -0.9644299E+00
     0.8860982E+01    -0.9738805E+00
     0.8860734E+01    -0.9777853E+00
     0.8858676E+01    -0.9782342E+00
     0.8847384E+01    -0.9522058E+00
     0.8846446E+01    -0.9572565E+00
     0.8848223E+01    -0.9676068E+00
     0.8852754E+01    -0.9749855E+00
     0.8855001E+01    -0.9823517E+00
     0.8848616E+01    -0.9804789E+00
     0.8849772E+01    -0.9774976E+00
     0.8845259E+01    -0.9664425E+00
     0.8840390E+01    -0.9435288E+00
     0.8841739E+01    -0.9393061E+00
     0.8836101E+01    -0.9247984E+00
     0.8816354E+01    -0.9001038E+00
     0.8813159E+01    -0.8996270E+00
     0.8809977E+01    -0.8966219E+00
     0.8787336E+01    -0.8572059E+00
     0.8781267E+01    -0.8366168E+00
     0.8768476E+01    -0.7932245E+00
     0.8760127E+01    -0.7734185E+00
     0.8753103E+01    -0.7625815E+00
     0.8743618E+01    -0.7418506E+00
     0.8729971E+01    -0.7224119E+00
     0.8713015E+01    -0.6982580E+00
     0.8704875E+01    -0.6825901E+00
     0.8700375E+01    -0.6697001E+00
     0.8695471E+01    -0.6464686E+00
     0.8695731E+01    -0.6402671E+00
     0.8698975E+01    -0.6310959E+00
     0.8706750E+01    -0.6283818E+00
     0.8708153E+01    -0.6219573E+00
     0.8713418E+01    -0.6192299E+00
     0.8715058E+01    -0.6238428E+00
     0.8716119E+01    -0.6268260E+00
     0.8708307E+01    -0.6364316E+00
     0.8711705E+01    -0.6417337E+00
     0.8717159E+01    -0.6465884E+00
     0.8710998E+01    -0.6460955E+00
     0.8707563E+01    -0.6479142E+00
     0.8707094E+01    -0.6504384E+00
     0.8717367E+01    -0.6507249E+00
     0.8718954E+01    -0.6528015E+00
     0.8715053E+01    -0.6569149E+00
     0.8715495E+01    -0.6596746E+00
     0.8721450E+01    -0.6560318E+00
     0.8724168E+01    -0.6601816E+00
     0.8725556E+01    -0.6565140E+00
     0.8724203E+01    -0.6532902E+00
     0.8724896E+01    -0.6516855E+00
     0.8730612E+01    -0.6501090E+00
     0.8734261E+01    -0.6510476E+00
     0.8735614E+01    -0.6542715E+00
     0.8740180E+01    -0.6542971E+00
     0.8741540E+01    -0.6561420E+00
     0.8749742E+01    -0.6596329E+00
     0.8751529E+01    -0.6674545E+00
     0.8750245E+01    -0.6719583E+00
     0.8749436E+01    -0.6747946E+00
     0.8750339E+01    -0.6770970E+00
     0.8755132E+01    -0.6773533E+00
     0.8749158E+01    -0.6849022E+00
     0.8744131E+01    -0.6855636E+00
     0.8744577E+01    -0.6876339E+00
     0.8747766E+01    -0.6890299E+00
     0.8756930E+01    -0.6828770E+00
     0.8759015E+01    -0.6769150E+00
     0.8775213E+01    -0.6795303E+00
     0.8777029E+01    -0.6816081E+00
     0.8775153E+01    -0.6914773E+00
     0.8776484E+01    -0.6992958E+00
     0.8783501E+01    -0.7115110E+00
     0.8787781E+01    -0.7230216E+00
     0.8793921E+01    -0.7281095E+00
     0.8794593E+01    -0.7306411E+00
     0.8794020E+01    -0.7346215E+00
     0.8791517E+01    -0.7519913E+00
     0.8792402E+01    -0.7577407E+00
     0.8800811E+01    -0.7655979E+00
     0.8796162E+01    -0.7821165E+00
     0.8796589E+01    -0.7880923E+00
     0.8800435E+01    -0.7952366E+00
     0.8821130E+01    -0.8123512E+00
     0.8831390E+01    -0.8153939E+00
     0.8836397E+01    -0.8188668E+00
     0.8842259E+01    -0.8340639E+00
     0.8842259E+01    -0.8340639E+00
     0.8847981E+01    -0.8313376E+00
     0.8851887E+01    -0.8267628E+00
     0.8851887E+01    -0.8267628E+00
     0.8850782E+01    -0.8191743E+00
     0.8852174E+01    -0.8148163E+00
     0.8859303E+01    -0.8045144E+00
     0.8858705E+01    -0.7870482E+00
     0.8863572E+01    -0.7723687E+00
     0.8864326E+01    -0.7583575E+00
     0.8867307E+01    -0.7558458E+00
     0.8886444E+01    -0.7646788E+00
     0.8901058E+01    -0.7645266E+00
     0.8901058E+01    -0.7645266E+00
     0.8908163E+01    -0.7592795E+00
     0.8908163E+01    -0.7592795E+00
     0.8902931E+01    -0.7551164E+00
     0.8888346E+01    -0.7492948E+00
     0.8885391E+01    -0.7465221E+00
     0.8884961E+01    -0.7410049E+00
     0.8887987E+01    -0.7293038E+00
     0.8891425E+01    -0.7265651E+00
     0.8904660E+01    -0.7282436E+00
     0.8912891E+01    -0.7259889E+00
     0.8918597E+01    -0.7264787E+00
     0.8920189E+01    -0.7278655E+00
     0.8921025E+01    -0.7437232E+00
     0.8922606E+01    -0.7474083E+00
     0.8922606E+01    -0.7474083E+00
     0.8925811E+01    -0.7455864E+00
     0.8925811E+01    -0.7455864E+00
     0.8923782E+01    -0.7400615E+00
     0.8926572E+01    -0.7299668E+00
     0.8928401E+01    -0.7295175E+00
     0.8935890E+01    -0.7389769E+00
     0.8935890E+01    -0.7389769E+00
     0.8947811E+01    -0.7289302E+00
     0.8947811E+01    -0.7289302E+00
     0.8943735E+01    -0.7220153E+00
     0.8940359E+01    -0.7118887E+00
     0.8940157E+01    -0.7063738E+00
     0.8944783E+01    -0.6939919E+00
     0.8941621E+01    -0.6868526E+00
     0.8943707E+01    -0.6806605E+00
     0.8948049E+01    -0.6797638E+00
     0.8949856E+01    -0.6836794E+00
     0.8952369E+01    -0.6834624E+00
     0.8952621E+01    -0.6786396E+00
     0.8952316E+01    -0.6776447E+00
     0.8951496E+01    -0.6749573E+00
     0.8952205E+01    -0.6701369E+00
     0.8956786E+01    -0.6669442E+00
     0.8961618E+01    -0.6591583E+00
     0.8971226E+01    -0.6553028E+00
     0.8981034E+01    -0.6571912E+00
     0.8986294E+01    -0.6553810E+00
     0.8998897E+01    -0.6457971E+00
     0.9001860E+01    -0.6467318E+00
     0.9002991E+01    -0.6490350E+00
     0.9002506E+01    -0.6547755E+00
     0.8999051E+01    -0.6611907E+00
     0.8997875E+01    -0.6685362E+00
     0.8995100E+01    -0.6758733E+00
     0.8991664E+01    -0.6783828E+00
     0.8990049E+01    -0.6818211E+00
     0.8993872E+01    -0.6942469E+00
     0.8990646E+01    -0.7002036E+00
     0.8994992E+01    -0.6986179E+00
     0.8996379E+01    -0.6951793E+00
     0.8994374E+01    -0.6846004E+00
     0.8995310E+01    -0.6797803E+00
     0.8998063E+01    -0.6770376E+00
     0.9010185E+01    -0.6725053E+00
     0.9017943E+01    -0.6734644E+00
     0.9021128E+01    -0.6760079E+00
     0.9027468E+01    -0.6872981E+00
     0.9037930E+01    -0.6956231E+00
     0.9040424E+01    -0.6995413E+00
     0.9040854E+01    -0.7050573E+00
     0.9036681E+01    -0.7185917E+00
     0.9028854E+01    -0.7321072E+00
     0.9028854E+01    -0.7321072E+00
     0.9043929E+01    -0.7310358E+00
     0.9043929E+01    -0.7310358E+00
     0.9054222E+01    -0.7271826E+00
     0.9058350E+01    -0.7235276E+00
     0.9063890E+01    -0.7106895E+00
     0.9068007E+01    -0.7088718E+00
     0.9070729E+01    -0.7127920E+00
     0.9072273E+01    -0.7245173E+00
     0.9072273E+01    -0.7245173E+00
     0.9078690E+01    -0.7194950E+00
     0.9079384E+01    -0.7174308E+00
     0.9079384E+01    -0.7174308E+00
     0.9082865E+01    -0.7055012E+00
     0.9088356E+01    -0.7030019E+00
     0.9091780E+01    -0.7032492E+00
     0.9096106E+01    -0.7057984E+00
     0.9096106E+01    -0.7057984E+00
     0.9100704E+01    -0.6989293E+00
     0.9100704E+01    -0.6989293E+00
     0.9099584E+01    -0.6943280E+00
     0.9089128E+01    -0.6841665E+00
     0.9091555E+01    -0.6533930E+00
     0.9096383E+01    -0.6460664E+00
     0.9101216E+01    -0.6375903E+00
     0.9113374E+01    -0.6252454E+00
     0.9147983E+01    -0.5965387E+00
     0.9157146E+01    -0.5889381E+00
     0.9162889E+01    -0.5811563E+00
     0.9163133E+01    -0.5774815E+00
     0.9160881E+01    -0.5708085E+00
     0.9163181E+01    -0.5669147E+00
     0.9169818E+01    -0.5632716E+00
     0.9177810E+01    -0.5628522E+00
     0.9181705E+01    -0.5598855E+00
     0.9188836E+01    -0.5477454E+00
     0.9198929E+01    -0.5369983E+00
     0.9204452E+01    -0.5271481E+00
     0.9212250E+01    -0.5191473E+00
     0.9217278E+01    -0.5175633E+00
     0.9224798E+01    -0.5080869E+00
     0.9257222E+01    -0.4672244E+00
     0.9277223E+01    -0.4349344E+00
     0.9280457E+01    -0.4259923E+00
     0.9292971E+01    -0.4027413E+00
     0.9294266E+01    -0.4003348E+00
     0.9299343E+01    -0.3874973E+00
     0.9300757E+01    -0.3771689E+00
     0.9300646E+01    -0.3507566E+00
     0.9294914E+01    -0.3047964E+00
     0.9298644E+01    -0.2869020E+00
     0.9298223E+01    -0.2786325E+00
     0.9297695E+01    -0.2430353E+00
     0.9302875E+01    -0.2067776E+00
     0.9307477E+01    -0.1980738E+00
     0.9317112E+01    -0.1864094E+00
     0.9318804E+01    -0.1646037E+00
     0.9324316E+01    -0.1563635E+00
     0.9324880E+01    -0.1469133E+00
     0.9326778E+01    -0.1150453E+00
     0.9330455E+01    -0.1090934E+00
     0.9326455E+01    -0.8450716E-01
     0.9327960E+01    -0.5328994E-01
     0.9330501E+01    -0.4618499E-01
     0.9339427E+01    -0.3956911E-01
     0.9346074E+01    -0.3225395E-01
     0.9346559E+01    -0.2978024E-01
     0.9347240E+01    -0.2629027E-01
     0.9346210E+01    -0.8026208E-03
     0.9346297E+01     0.0000000E+00
     0.9349893E+01     0.7966010E-02
     0.9349149E+01     0.1696571E-01
     0.9345569E+01     0.6028083E-01
     0.9334666E+01     0.1031616E+00
     0.9332090E+01     0.1189901E+00
     0.9332979E+01     0.1247323E+00
     0.9329345E+01     0.1409644E+00
     0.9320190E+01     0.1818415E+00
     0.9315489E+01     0.2148809E+00
     0.9317713E+01     0.2284348E+00
     0.9313053E+01     0.2513742E+00
     0.9311323E+01     0.2650693E+00
     0.9309748E+01     0.2775340E+00
     0.9306276E+01     0.2889997E+00
     0.9306936E+01     0.2949718E+00
     0.9304626E+01     0.3016209E+00
     0.9304830E+01     0.3073617E+00
     0.9310302E+01     0.3087611E+00
     0.9313014E+01     0.3149711E+00
     0.9312743E+01     0.3250725E+00
     0.9315249E+01     0.3260009E+00
     0.9320472E+01     0.3324506E+00
     0.9330973E+01     0.3318034E+00
     0.9347106E+01     0.3486284E+00
     0.9350728E+01     0.3557608E+00
     0.9353463E+01     0.3566898E+00
     0.9355983E+01     0.3544037E+00
     0.9356034E+01     0.3533635E+00
     0.9356233E+01     0.3493533E+00
     0.9360588E+01     0.3445485E+00
     0.9364739E+01     0.3342326E+00
     0.9368180E+01     0.3298837E+00
     0.9370273E+01     0.3207078E+00
     0.9378284E+01     0.3149990E+00
     0.9377846E+01     0.3104053E+00
     0.9379468E+01     0.3044420E+00
     0.9377665E+01     0.2989246E+00
     0.9370157E+01     0.2933851E+00
     0.9370620E+01     0.2917797E+00
     0.9377014E+01     0.2908863E+00
     0.9382785E+01     0.2748374E+00
     0.9382400E+01     0.2576168E+00
     0.9384705E+01     0.2518861E+00
     0.9383813E+01     0.2468319E+00
     0.9388835E+01     0.2463922E+00
     0.9394826E+01     0.2324110E+00
     0.9391437E+01     0.2241331E+00
     0.9391437E+01     0.2241331E+00
     0.9412247E+01     0.2131942E+00
     0.9412247E+01     0.2131942E+00
     0.9416595E+01     0.2102266E+00
     0.9416595E+01     0.2102266E+00
     0.9422319E+01     0.2051980E+00
     0.9422319E+01     0.2051980E+00
     0.9425738E+01     0.2061294E+00
     0.9431463E+01     0.2013304E+00
     0.9431931E+01     0.1983478E+00
     0.9437883E+01     0.1935497E+00
     0.9438332E+01     0.1647789E+00
     0.9440273E+01     0.1669292E+00
     0.9443870E+01     0.1802577E+00
     0.9448672E+01     0.1777509E+00
     0.9451853E+01     0.1812065E+00
     0.9455729E+01     0.1819099E+00
     0.9458931E+01     0.1800856E+00
     0.9460084E+01     0.1771057E+00
     0.9459415E+01     0.1729710E+00
     0.9463529E+01     0.1716093E+00
     0.9476711E+01     0.1454737E+00
     0.9476711E+01     0.1454737E+00
     0.9498552E+01     0.1430467E+00
     0.9498552E+01     0.1430467E+00
     0.9498316E+01     0.1453413E+00
     0.9501488E+01     0.1508626E+00
     0.9506500E+01     0.1527178E+00
     0.9507633E+01     0.1547881E+00
     0.9506466E+01     0.1614409E+00
     0.9508046E+01     0.1655790E+00
     0.9515778E+01     0.1722652E+00
     0.9518058E+01     0.1727328E+00
     0.9523782E+01     0.1679333E+00
     0.9533381E+01     0.1636074E+00
     0.9541601E+01     0.1622605E+00
     0.9545702E+01     0.1638826E+00
     0.9549810E+01     0.1636683E+00
     0.9577906E+01     0.1559666E+00
     0.9586388E+01     0.1456675E+00
     0.9588926E+01     0.1381014E+00
     0.9588926E+01     0.1381014E+00
     0.9599220E+01     0.1312523E+00
     0.9599220E+01     0.1312523E+00
     0.9605597E+01     0.1347187E+00
     0.9609259E+01     0.1315182E+00
     0.9614717E+01     0.1363586E+00
     0.9616289E+01     0.1427918E+00
     0.9627202E+01     0.1529317E+00
     0.9635643E+01     0.1534210E+00
     0.9639992E+01     0.1497637E+00
     0.9647526E+01     0.1486430E+00
     0.9650273E+01     0.1461276E+00
     0.9655352E+01     0.1305361E+00
     0.9658547E+01     0.1300884E+00
     0.9667966E+01     0.1133647E+00
     0.9670941E+01     0.1108504E+00
     0.9675045E+01     0.1117831E+00
     0.9668865E+01     0.1168111E+00
     0.9664955E+01     0.1252906E+00
     0.9666764E+01     0.1294289E+00
     0.9671083E+01     0.1335762E+00
     0.9695041E+01     0.1336607E+00
     0.9706247E+01     0.1265840E+00
     0.9715156E+01     0.1240901E+00
     0.9718361E+01     0.1211171E+00
     0.9742565E+01     0.1156920E+00
     0.9749143E+01     0.1097850E+00
     0.9749143E+01     0.1097850E+00
     0.9751246E+01     0.1127378E+00
     0.9761269E+01     0.1173633E+00
     0.9761269E+01     0.1173633E+00
     0.9758732E+01     0.1247002E+00
     0.9759624E+01     0.1302124E+00
     0.9764630E+01     0.1339024E+00
     0.9783797E+01     0.1337385E+00
     0.9797250E+01     0.1363092E+00
     0.9807274E+01     0.1404751E+00
     0.9815031E+01     0.1405012E+00
     0.9815031E+01     0.1405012E+00
     0.9821183E+01     0.1428176E+00
     0.9833502E+01     0.1435475E+00
     0.9833502E+01     0.1435475E+00
     0.9847851E+01     0.1507116E+00
     0.9859711E+01     0.1521284E+00
     0.9889090E+01     0.1678353E+00
     0.9902549E+01     0.1687974E+00
     0.9908468E+01     0.1727193E+00
     0.9926897E+01     0.1881598E+00
     0.9926897E+01     0.1881598E+00
     0.9922059E+01     0.2014593E+00
     0.9922059E+01     0.2014593E+00
     0.9915790E+01     0.1975650E+00
     0.9915000E+01     0.1970745E+00
     0.9904286E+01     0.1940553E+00
     0.9878775E+01     0.1813455E+00
     0.9860080E+01     0.1766925E+00
     0.9840466E+01     0.1743317E+00
     0.9820848E+01     0.1728886E+00
     0.9814908E+01     0.1749346E+00
     0.9812616E+01     0.1774522E+00
     0.9814645E+01     0.1845755E+00
     0.9814167E+01     0.1905426E+00
     0.9811195E+01     0.1919100E+00
     0.9810766E+01     0.1907266E+00
     0.9805773E+01     0.1769699E+00
     0.9802135E+01     0.1732845E+00
     0.9793235E+01     0.1739432E+00
     0.9776549E+01     0.1816915E+00
     0.9764676E+01     0.1839465E+00
     0.9742510E+01     0.1928233E+00
     0.9731515E+01     0.2040341E+00
     0.9724653E+01     0.2083721E+00
     0.9718237E+01     0.2156961E+00
     0.9716163E+01     0.2211986E+00
     0.9717293E+01     0.2241871E+00
     0.9717293E+01     0.2241871E+00
     0.9710437E+01     0.2269181E+00
     0.9710437E+01     0.2269181E+00
     0.9685843E+01     0.2132867E+00
     0.9678997E+01     0.2134922E+00
     0.9673729E+01     0.2187537E+00
     0.9666647E+01     0.2210244E+00
     0.9664814E+01     0.2228544E+00
     0.9664207E+01     0.2244868E+00
     0.9662509E+01     0.2290448E+00
     0.9657001E+01     0.2372901E+00
     0.9644914E+01     0.2354104E+00
     0.9630712E+01     0.2495934E+00
     0.9625460E+01     0.2504928E+00
     0.9621103E+01     0.2559872E+00
     0.9613571E+01     0.2564192E+00
     0.9606939E+01     0.2598389E+00
     0.9598927E+01     0.2662383E+00
     0.9597082E+01     0.2715122E+00
     0.9592285E+01     0.2726425E+00
     0.9584492E+01     0.2815681E+00
     0.9573502E+01     0.2909413E+00
     0.9572345E+01     0.2950697E+00
     0.9572345E+01     0.2950697E+00
     0.9561843E+01     0.2959496E+00
     0.9561843E+01     0.2959496E+00
     0.9557303E+01     0.2897339E+00
     0.9553427E+01     0.2890307E+00
     0.9543606E+01     0.2910608E+00
     0.9531439E+01     0.3091538E+00
     0.9518700E+01     0.2990041E+00
     0.9516213E+01     0.2927957E+00
     0.9510312E+01     0.2847377E+00
     0.9502525E+01     0.2915965E+00
     0.9497705E+01     0.2986958E+00
     0.9493320E+01     0.3113071E+00
     0.9484363E+01     0.3252791E+00
     0.9484226E+01     0.3258460E+00
     0.9479257E+01     0.3466132E+00
     0.9473043E+01     0.3592181E+00
     0.9452648E+01     0.3798058E+00
     0.9443910E+01     0.3960754E+00
     0.9433127E+01     0.4098115E+00
     0.9423460E+01     0.4297519E+00
     0.9422602E+01     0.4332097E+00
     0.9420443E+01     0.4419107E+00
     0.9414919E+01     0.4531414E+00
     0.9397941E+01     0.4744319E+00
     0.9393331E+01     0.4854368E+00
     0.9384833E+01     0.4980341E+00
     0.9376354E+01     0.5060387E+00
     0.9344103E+01     0.5217580E+00
     0.9341585E+01     0.5219506E+00
     0.9338394E+01     0.5221947E+00
     0.9334980E+01     0.5196551E+00
     0.9331366E+01     0.5106845E+00
     0.9322948E+01     0.5037616E+00
     0.9314243E+01     0.5110757E+00
     0.9310792E+01     0.5177218E+00
     0.9313715E+01     0.5282973E+00
     0.9313222E+01     0.5370223E+00
     0.9310205E+01     0.5484931E+00
     0.9312455E+01     0.5565402E+00
     0.9310576E+01     0.5689343E+00
     0.9310704E+01     0.5928200E+00
     0.9312564E+01     0.5950376E+00
     0.9319790E+01     0.6036507E+00
     0.9320899E+01     0.6114641E+00
     0.9327949E+01     0.6181525E+00
     0.9333211E+01     0.6151876E+00
     0.9340059E+01     0.6154445E+00
     0.9347802E+01     0.6200683E+00
     0.9351681E+01     0.6207727E+00
     0.9356258E+01     0.6178051E+00
     0.9377718E+01     0.6181188E+00
     0.9385467E+01     0.6213644E+00
     0.9405455E+01     0.6464769E+00
     0.9409137E+01     0.6466236E+00
     0.9411845E+01     0.6467313E+00
     0.9438811E+01     0.6406337E+00
     0.9438059E+01     0.6383093E+00
     0.9434247E+01     0.6372386E+00
     0.9438420E+01     0.6358668E+00
     0.9448631E+01     0.6397525E+00
     0.9453856E+01     0.6464332E+00
     0.9464355E+01     0.6469325E+00
     0.9467085E+01     0.6494694E+00
     0.9469117E+01     0.6552190E+00
     0.9476418E+01     0.6563951E+00
     0.9484164E+01     0.6605588E+00
     0.9498535E+01     0.6638284E+00
     0.9500115E+01     0.6681985E+00
     0.9503311E+01     0.6684399E+00
     0.9508210E+01     0.6649473E+00
     0.9509722E+01     0.6638703E+00
     0.9517715E+01     0.6634408E+00
     0.9522324E+01     0.6526629E+00
     0.9526218E+01     0.6492323E+00
     0.9525321E+01     0.6450946E+00
     0.9530816E+01     0.6409808E+00
     0.9537034E+01     0.6274528E+00
     0.9537759E+01     0.6173499E+00
     0.9540759E+01     0.6090928E+00
     0.9540759E+01     0.6090928E+00
     0.9548097E+01     0.6008518E+00
     0.9548097E+01     0.6008518E+00
     0.9549702E+01     0.5990204E+00
     0.9549702E+01     0.5990204E+00
     0.9554277E+01     0.5967404E+00
     0.9554277E+01     0.5967404E+00
     0.9560440E+01     0.5969929E+00
     0.9561823E+01     0.5935530E+00
     0.9559569E+01     0.5861953E+00
     0.9561633E+01     0.5836765E+00
     0.9565287E+01     0.5834603E+00
     0.9572006E+01     0.5579923E+00
     0.9572265E+01     0.5501849E+00
     0.9572265E+01     0.5501849E+00
     0.9576182E+01     0.5407833E+00
     0.9576182E+01     0.5407833E+00
     0.9578701E+01     0.5387256E+00
     0.9580092E+01     0.5332190E+00
     0.9578075E+01     0.5235663E+00
     0.9579707E+01     0.5148456E+00
     0.9579707E+01     0.5148456E+00
     0.9591150E+01     0.5070792E+00
     0.9591150E+01     0.5070792E+00
     0.9596373E+01     0.5144470E+00
     0.9599110E+01     0.5149161E+00
     0.9603456E+01     0.5126354E+00
     0.9606193E+01     0.5133343E+00
     0.9606193E+01     0.5133343E+00
     0.9613253E+01     0.5174937E+00
     0.9613253E+01     0.5174937E+00
     0.9611872E+01     0.5204740E+00
     0.9614126E+01     0.5278311E+00
     0.9616400E+01     0.5301359E+00
     0.9616143E+01     0.5377135E+00
     0.9619322E+01     0.5420884E+00
     0.9619454E+01     0.5668921E+00
     0.9623093E+01     0.5708096E+00
     0.9623767E+01     0.5735679E+00
     0.9620771E+01     0.5809063E+00
     0.9621878E+01     0.5900970E+00
     0.9616797E+01     0.6050072E+00
     0.9617245E+01     0.6075352E+00
     0.9614954E+01     0.6093642E+00
     0.9611987E+01     0.6093535E+00
     0.9608766E+01     0.6157727E+00
     0.9609203E+01     0.6208270E+00
     0.9613505E+01     0.6300298E+00
     0.9613681E+01     0.6321884E+00
     0.9614160E+01     0.6380709E+00
     0.9612724E+01     0.6550620E+00
     0.9614033E+01     0.6709150E+00
     0.9616296E+01     0.6762061E+00
     0.9613985E+01     0.6833180E+00
     0.9615314E+01     0.6941181E+00
     0.9612534E+01     0.7046741E+00
     0.9618813E+01     0.7343276E+00
     0.9615774E+01     0.7526929E+00
     0.9611387E+01     0.7653109E+00
     0.9612742E+01     0.7692209E+00
     0.9605850E+01     0.7799923E+00
     0.9602592E+01     0.7962902E+00
     0.9592215E+01     0.8222104E+00
     0.9583965E+01     0.8295316E+00
     0.9580043E+01     0.8400843E+00
     0.9578271E+01     0.8570569E+00
     0.9577909E+01     0.8605223E+00
     0.9570685E+01     0.8974827E+00
     0.9572918E+01     0.9105860E+00
     0.9569001E+01     0.9193019E+00
     0.9561442E+01     0.9250176E+00
     0.9554084E+01     0.9378561E+00
     0.9554049E+01     0.9465863E+00
     0.9555619E+01     0.9541739E+00
     0.9564260E+01     0.9640849E+00
     0.9568171E+01     0.9714162E+00
     0.9573102E+01     0.9806595E+00
     0.9579870E+01     0.1002282E+01
     0.9583735E+01     0.1006661E+01
     0.9587161E+01     0.1006903E+01
     0.9592854E+01     0.1011289E+01
     0.9596523E+01     0.1007627E+01
     0.9599954E+01     0.1006490E+01
     0.9602920E+01     0.1007190E+01
     0.9608374E+01     0.1014562E+01
     0.9611339E+01     0.1015722E+01
     0.9616832E+01     0.1012525E+01
     0.9624593E+01     0.1013932E+01
     0.9626206E+01     0.1010032E+01
     0.9631445E+01     0.1013956E+01
     0.9640574E+01     0.1015827E+01
     0.9649009E+01     0.1020223E+01
     0.9653802E+01     0.1021159E+01
     0.9656322E+01     0.1018870E+01
     0.9659049E+01     0.1022786E+01
     0.9659939E+01     0.1028993E+01
     0.9662210E+01     0.1032447E+01
     0.9663528E+01     0.1046468E+01
     0.9662816E+01     0.1053588E+01
     0.9665299E+01     0.1061179E+01
     0.9665299E+01     0.1061179E+01
     0.9671225E+01     0.1063558E+01
     0.9699538E+01     0.1064897E+01
     0.9722600E+01     0.1067503E+01
     0.9736285E+01     0.1069049E+01
     0.9743370E+01     0.1068406E+01
     0.9748417E+01     0.1064992E+01
     0.9760633E+01     0.1048064E+01
     0.9786138E+01     0.1024789E+01
     0.9788956E+01     0.1012856E+01
     0.9790192E+01     0.9983842E+00
     0.9805959E+01     0.9971088E+00
     0.9806890E+01     0.9971326E+00
     0.9842038E+01     0.9980340E+00
     0.9878224E+01     0.9824104E+00
     0.9884884E+01     0.9767078E+00
     0.9892340E+01     0.9650376E+00
     0.9894779E+01     0.9546644E+00
     0.9900513E+01     0.9480205E+00
     0.9907272E+01     0.9447511E+00
     0.9907272E+01     0.9447511E+00
     0.9908062E+01     0.9443690E+00
     0.9930238E+01     0.9380080E+00
     0.9942615E+01     0.9254118E+00
     0.9949936E+01     0.9213001E+00
     0.9956104E+01     0.9208603E+00
     0.9962025E+01     0.9259334E+00
     0.9970697E+01     0.9277990E+00
     0.9980971E+01     0.9287506E+00
     0.9986687E+01     0.9269308E+00
     0.9992161E+01     0.9292455E+00
     0.9996255E+01     0.9340829E+00
     0.9995790E+01     0.9363789E+00
     0.9989843E+01     0.9388874E+00
     0.9995758E+01     0.9460281E+00
     0.9995758E+01     0.9460281E+00
     0.9994371E+01     0.9508485E+00
     0.9997092E+01     0.9566008E+00
     0.9992290E+01     0.9586533E+00
     0.9990446E+01     0.9634722E+00
     0.9990138E+01     0.9720132E+00
     0.9989942E+01     0.9774857E+00
     0.9996550E+01     0.9821015E+00
     0.9995394E+01     0.9862334E+00
     0.9999027E+01     0.9924482E+00
     0.9997267E+01     0.9964466E+00
     0.9996741E+01     0.9976395E+00
     0.1000000E+02     0.9976503E+00
     0.1007134E+02     0.9978861E+00
     0.1007453E+02     0.9995148E+00
     0.1008914E+02     0.9974507E+00
     0.1009167E+02     0.9970932E+00
     0.1010948E+02     0.9981228E+00
     0.1012456E+02     0.9970668E+00
     0.1013049E+02     0.9984824E+00
     0.1016270E+02     0.9968414E+00
     0.1021442E+02     0.9972540E+00
     0.1028443E+02     0.9978070E+00
     0.1029516E+02     0.9990201E+00
     0.1033992E+02     0.9986155E+00
     0.1043334E+02     0.9977629E+00
     0.1044294E+02     0.9966692E+00
     0.1044681E+02     0.9983003E+00
     0.1046510E+02     0.9982582E+00
     0.1059067E+02     0.9979582E+00
     0.1071624E+02     0.9976386E+00
     0.1078894E+02     0.9974448E+00
     0.1079967E+02     0.9984215E+00
     0.1083531E+02     0.9972318E+00
     0.1084175E+02     0.9972793E+00
     0.1096732E+02     0.9981934E+00
     0.1098627E+02     0.9982683E+00
     0.1099609E+02     0.9969180E+00
     0.1099609E+02     0.9978374E+00
     0.1101573E+02     0.9977074E+00
     0.1102122E+02     0.9963562E+00
     0.1104839E+02     0.9978724E+00
     0.1110389E+02     0.9974604E+00
     0.1111058E+02     0.9982123E+00
     0.1112101E+02     0.9993838E+00
     0.1112490E+02     0.9973346E+00
     0.1115298E+02     0.9993114E+00
     0.1115939E+02     0.9975041E+00
     0.1117263E+02     0.9975690E+00
     0.1117698E+02     0.9962112E+00
     0.1120255E+02     0.9977143E+00
     0.1123502E+02     0.9975442E+00
     0.1131675E+02     0.9971103E+00
     0.1133478E+02     0.9992635E+00
     0.1133489E+02     0.1025108E+01
     0.1133510E+02     0.1078560E+01
     0.1133341E+02     0.1151441E+01
     0.1133339E+02     0.1152335E+01
     0.1133464E+02     0.1277163E+01
     0.1133461E+02     0.1277801E+01
     0.1133360E+02     0.1303135E+01
     0.1133422E+02     0.1367509E+01
     0.1133572E+02     0.1388208E+01
     0.1133386E+02     0.1395326E+01
     0.1133440E+02     0.1403843E+01
     0.1133493E+02     0.1412115E+01
     0.1133348E+02     0.1530210E+01
     0.1133346E+02     0.1531897E+01
     0.1133474E+02     0.1552367E+01
     0.1133479E+02     0.1638596E+01
     0.1133434E+02     0.1656568E+01
     0.1133367E+02     0.1683431E+01
     0.1133477E+02     0.1692865E+01
     0.1133360E+02     0.1748050E+01
     0.1133483E+02     0.1779562E+01
     0.1133476E+02     0.1782873E+01
     0.1133366E+02     0.1834291E+01
     0.1133456E+02     0.1837744E+01
     0.1133311E+02     0.1854756E+01
     0.1133568E+02     0.1891106E+01
     0.1133516E+02     0.1909009E+01
     0.1133297E+02     0.1983551E+01
     0.1133454E+02     0.1989539E+01
     0.1133314E+02     0.1995282E+01
     0.1133352E+02     0.2035035E+01
     0.1133422E+02     0.2109372E+01
     0.1133554E+02     0.2119499E+01
     0.1133239E+02     0.2157208E+01
     0.1133461E+02     0.2173887E+01
     0.1135744E+02     0.2174149E+01
     0.1135207E+02     0.2179599E+01
     0.1135046E+02     0.2184426E+01
     0.1135160E+02     0.2190176E+01
     0.1135684E+02     0.2198922E+01
     0.1135615E+02     0.2201681E+01
     0.1135295E+02     0.2203975E+01
     0.1135400E+02     0.2206523E+01
     0.1135591E+02     0.2211109E+01
     0.1135406E+02     0.2218234E+01
     0.1135680E+02     0.2221458E+01
     0.1135085E+02     0.2224209E+01
     0.1135016E+02     0.2226737E+01
     0.1135747E+02     0.2233876E+01
     0.1135997E+02     0.2242849E+01
     0.1136431E+02     0.2247914E+01
     0.1137025E+02     0.2249992E+01
     0.1137025E+02     0.2249992E+01
     0.1137755E+02     0.2260351E+01
     0.1137709E+02     0.2263110E+01
     0.1137434E+02     0.2264256E+01
     0.1137251E+02     0.2267933E+01
     0.1137799E+02     0.2273690E+01
     0.1137730E+02     0.2276219E+01
     0.1137524E+02     0.2277365E+01
     0.1137317E+02     0.2283341E+01
     0.1136630E+02     0.2286091E+01
     0.1136469E+02     0.2288388E+01
     0.1137064E+02     0.2292306E+01
     0.1137611E+02     0.2299213E+01
     0.1138344E+02     0.2298994E+01
     0.1139098E+02     0.2303374E+01
     0.1141364E+02     0.2296737E+01
     0.1142485E+02     0.2296523E+01
     0.1143285E+02     0.2299524E+01
     0.1143399E+02     0.2301825E+01
     0.1144063E+02     0.2299074E+01
     0.1144658E+02     0.2292874E+01
     0.1145299E+02     0.2293113E+01
     0.1145687E+02     0.2296337E+01
     0.1145595E+02     0.2299095E+01
     0.1145114E+02     0.2303228E+01
     0.1145755E+02     0.2304617E+01
     0.1147402E+02     0.2303949E+01
     0.1148661E+02     0.2295227E+01
     0.1149576E+02     0.2297769E+01
     0.1150033E+02     0.2301914E+01
     0.1150513E+02     0.2303760E+01
     0.1151337E+02     0.2302161E+01
     0.1152137E+02     0.2303781E+01
     0.1152755E+02     0.2300799E+01
     0.1152755E+02     0.2300799E+01
     0.1153190E+02     0.2298505E+01
     0.1153602E+02     0.2298740E+01
     0.1153945E+02     0.2300814E+01
     0.1154449E+02     0.2298521E+01
     0.1154792E+02     0.2299215E+01
     0.1155248E+02     0.2302900E+01
     0.1155728E+02     0.2309805E+01
     0.1155728E+02     0.2309805E+01
     0.1156734E+02     0.2309587E+01
     0.1157764E+02     0.2312129E+01
     0.1158793E+02     0.2311222E+01
     0.1160258E+02     0.2305260E+01
     0.1160693E+02     0.2300436E+01
     0.1161220E+02     0.2299752E+01
     0.1162680E+02     0.2307840E+01
     0.1163872E+02     0.2305992E+01
     0.1164399E+02     0.2306688E+01
     0.1164673E+02     0.2308530E+01
     0.1165198E+02     0.2315435E+01
     0.1166432E+02     0.2321888E+01
     0.1166822E+02     0.2317753E+01
     0.1167394E+02     0.2317759E+01
     0.1168903E+02     0.2320075E+01
     0.1169521E+02     0.2322612E+01
     0.1169956E+02     0.2322156E+01
     0.1170666E+02     0.2310435E+01
     0.1171124E+02     0.2306761E+01
     0.1172200E+02     0.2304012E+01
     0.1173070E+02     0.2295282E+01
     0.1173436E+02     0.2294826E+01
     0.1174054E+02     0.2297592E+01
     0.1174488E+02     0.2297826E+01
     0.1174557E+02     0.2294147E+01
     0.1174398E+02     0.2289777E+01
     0.1174811E+02     0.2281962E+01
     0.1175016E+02     0.2281044E+01
     0.1175040E+02     0.2273225E+01
     0.1175345E+02     0.2274154E+01
     0.1176024E+02     0.2276225E+01
     0.1177351E+02     0.2275318E+01
     0.1178151E+02     0.2272796E+01
     0.1178380E+02     0.2277857E+01
     0.1178723E+02     0.2278321E+01
     0.1179065E+02     0.2281773E+01
     0.1179386E+02     0.2282236E+01
     0.1179889E+02     0.2279251E+01
     0.1181285E+02     0.2279034E+01
     0.1182154E+02     0.2277432E+01
     0.1182154E+02     0.2282952E+01
     0.1182382E+02     0.2285253E+01
     0.1182839E+02     0.2285028E+01
     0.1183412E+02     0.2282043E+01
     0.1183893E+02     0.2277218E+01
     0.1184693E+02     0.2280905E+01
     0.1185311E+02     0.2280910E+01
     0.1185357E+02     0.2273552E+01
     0.1185598E+02     0.2273494E+01
     0.1186295E+02     0.2273330E+01
     0.1186637E+02     0.2283221E+01
     0.1187712E+02     0.2283920E+01
     0.1188582E+02     0.2279558E+01
     0.1189382E+02     0.2285774E+01
     0.1189725E+02     0.2285546E+01
     0.1190252E+02     0.2281411E+01
     0.1190915E+02     0.2280267E+01
     0.1191556E+02     0.2282342E+01
     0.1191806E+02     0.2289012E+01
     0.1192287E+02     0.2288557E+01
     0.1193020E+02     0.2282123E+01
     0.1193386E+02     0.2281896E+01
     0.1193523E+02     0.2283507E+01
     0.1194232E+02     0.2284432E+01
     0.1194620E+02     0.2288115E+01
     0.1195055E+02     0.2288348E+01
     0.1195307E+02     0.2286510E+01
     0.1196428E+02     0.2285138E+01
     0.1196953E+02     0.2289971E+01
     0.1197297E+02     0.2287214E+01
     0.1198120E+02     0.2291359E+01
     0.1198738E+02     0.2285845E+01
     0.1199173E+02     0.2284698E+01
     0.1200134E+02     0.2286314E+01
     0.1200362E+02     0.2284246E+01
     0.1201049E+02     0.2283101E+01
     0.1201255E+02     0.2285172E+01
     0.1201414E+02     0.2291152E+01
     0.1202009E+02     0.2287937E+01
     0.1203016E+02     0.2286564E+01
     0.1203908E+02     0.2282200E+01
     0.1204443E+02     0.2281920E+01
     0.1204778E+02     0.2281746E+01
     0.1205029E+02     0.2287036E+01
     0.1205349E+02     0.2287498E+01
     0.1206608E+02     0.2284517E+01
     0.1207408E+02     0.2285441E+01
     0.1207889E+02     0.2280845E+01
     0.1208278E+02     0.2279927E+01
     0.1208667E+02     0.2281080E+01
     0.1209696E+02     0.2278785E+01
     0.1210840E+02     0.2279252E+01
     0.1212120E+02     0.2290068E+01
     0.1212532E+02     0.2290990E+01
     0.1213974E+02     0.2282718E+01
     0.1214867E+02     0.2273294E+01
     0.1215439E+02     0.2272377E+01
     0.1216102E+02     0.2274451E+01
     0.1216811E+02     0.2281353E+01
     0.1217359E+02     0.2281585E+01
     0.1217467E+02     0.2281387E+01
     0.1218572E+02     0.2279349E+01
END
END
