georgia
1
        -81.066902         31.854027
        -81.062042         31.844391
        -81.065269         31.844803
        -81.081337         31.855793
        -81.079575         31.861546
        -81.075005         31.861383
        -81.065254         31.857401
        -81.055862         31.857536
        -81.054214         31.855728
        -81.057823         31.848347
        -81.062042         31.844391
END
2
        -83.257759         32.964844
        -85.215454         33.001385
        -85.225288         33.052231
        -85.227112         33.064335
        -85.227966         33.070015
        -85.232193         33.097603
        -85.234924         33.116074
        -85.236893         33.135277
        -85.239677         33.147705
        -85.243332         33.159531
        -85.244339         33.169361
        -85.256760         33.229847
        -85.259216         33.248104
        -85.262146         33.254387
        -85.268143         33.287170
        -85.273621         33.312859
        -85.283417         33.367596
        -85.289154         33.399620
        -85.291870         33.410282
        -85.298233         33.436611
        -85.299759         33.442280
        -85.301933         33.460323
        -85.304131         33.478600
        -85.314903         33.537804
        -85.317734         33.553516
        -85.326660         33.595348
        -85.344460         33.685223
        -85.344902         33.698303
        -85.347893         33.705044
        -85.360306         33.756119
        -85.359955         33.762348
        -85.364723         33.787994
        -85.371895         33.826576
        -85.373970         33.837711
        -85.379402         33.858349
        -85.383873         33.888004
        -85.387680         33.905277
        -85.396126         33.943462
        -85.397766         33.953262
        -85.400208         33.967850
        -85.408165         34.005955
        -85.408951         34.009697
        -85.414238         34.031723
        -85.429932         34.102638
        -85.432968         34.120415
        -85.437668         34.141781
        -85.443863         34.171806
        -85.458061         34.240505
        -85.463875         34.268944
        -85.472038         34.309677
        -85.474831         34.313438
        -85.475204         34.325375
        -85.480576         34.351124
        -85.488068         34.387016
        -85.497330         34.434364
        -85.504906         34.465054
        -85.506294         34.470684
        -85.515953         34.515709
        -85.517136         34.522591
        -85.522598         34.554226
        -85.534210         34.612022
        -85.536530         34.617882
        -85.536430         34.623638
        -85.547432         34.675957
        -85.546036         34.678097
        -85.552940         34.698429
        -85.557930         34.726223
        -85.560997         34.747223
        -85.568321         34.779720
        -85.579506         34.832489
        -85.582085         34.847301
        -85.590240         34.882977
        -85.597961         34.920059
        -85.609421         34.975800
        -85.607895         35.000000
        -85.585098         35.000000
        -85.501801         35.000000
        -85.418503         35.000000
        -85.335197         35.000000
        -85.251900         35.000000
        -85.168602         35.000000
        -85.085297         35.000000
        -85.001999         35.000000
        -85.000000         35.000000
        -84.916702         35.000000
        -84.833397         35.000000
        -84.750099         35.000000
        -84.666801         35.000000
        -84.583504         35.000000
        -84.500198         35.000000
        -84.416901         35.000000
        -84.333603         35.000000
        -84.317627         35.000000
        -84.250298         35.000000
        -84.167000         35.000000
        -84.083702         35.000000
        -84.000397         35.000000
        -83.917099         35.000000
        -83.833801         35.000000
        -83.750504         35.000000
        -83.667198         35.000000
        -83.583900         35.000000
        -83.500603         35.000000
        -83.417297         35.000000
        -83.334000         35.000000
        -83.250702         35.000000
        -83.167397         35.000000
        -83.096649         35.000000
        -83.100189         34.999168
        -83.100189         34.999168
        -83.109734         34.984638
        -83.114769         34.979843
        -83.121887         34.967617
        -83.123787         34.961796
        -83.122673         34.952190
        -83.127525         34.949242
        -83.127914         34.946239
        -83.120361         34.936424
        -83.121056         34.933868
        -83.127090         34.932022
        -83.132309         34.935268
        -83.136444         34.934414
        -83.143517         34.926327
        -83.151840         34.925308
        -83.156746         34.928104
        -83.159813         34.927982
        -83.163010         34.925327
        -83.161865         34.920090
        -83.163033         34.916134
        -83.168739         34.918209
        -83.172058         34.917618
        -83.172501         34.917278
        -83.186485         34.906475
        -83.194107         34.898361
        -83.198578         34.898415
        -83.202164         34.892986
        -83.206024         34.892143
        -83.207611         34.885876
        -83.211235         34.881134
        -83.215935         34.880257
        -83.218636         34.888191
        -83.220261         34.887440
        -83.222351         34.880230
        -83.228386         34.883209
        -83.234573         34.879284
        -83.244034         34.878674
        -83.246109         34.876064
        -83.242798         34.872059
        -83.243698         34.868347
        -83.246078         34.866180
        -83.249741         34.866726
        -83.252403         34.864548
        -83.253304         34.856239
        -83.255203         34.855244
        -83.255653         34.848793
        -83.258553         34.845917
        -83.272125         34.844219
        -83.275078         34.842262
        -83.276169         34.837162
        -83.273445         34.833595
        -83.272942         34.828762
        -83.272781         34.827187
        -83.274582         34.819992
        -83.278343         34.817539
        -83.282852         34.818279
        -83.287422         34.824757
        -83.293053         34.825680
        -83.296326         34.824398
        -83.297554         34.816994
        -83.299683         34.815296
        -83.302704         34.814484
        -83.305016         34.815769
        -83.306725         34.820988
        -83.310051         34.820621
        -83.308411         34.807358
        -83.310410         34.803371
        -83.325836         34.795616
        -83.327774         34.786114
        -83.324631         34.757057
        -83.324631         34.757057
        -83.326607         34.753918
        -83.327362         34.752880
        -83.330101         34.750755
        -83.333221         34.748283
        -83.335915         34.745487
        -83.340225         34.742298
        -83.343788         34.740479
        -83.347763         34.738644
        -83.350479         34.736187
        -83.353081         34.731716
        -83.356514         34.727547
        -83.357872         34.722786
        -83.356468         34.719479
        -83.354851         34.712479
        -83.353867         34.709492
        -83.353127         34.703465
        -83.349907         34.696865
        -83.347610         34.692245
        -83.345634         34.684952
        -83.345634         34.684952
        -83.342712         34.682774
        -83.328094         34.680386
        -83.316452         34.676723
        -83.307541         34.672031
        -83.299286         34.659729
        -83.292274         34.658863
        -83.288460         34.655571
        -83.286034         34.652222
        -83.288940         34.649578
        -83.284668         34.647911
        -83.282524         34.649338
        -83.282524         34.649338
        -83.264503         34.647331
        -83.261177         34.646111
        -83.256973         34.643581
        -83.253502         34.639675
        -83.251213         34.635056
        -83.250160         34.630726
        -83.248688         34.626072
        -83.245277         34.623177
        -83.239464         34.621040
        -83.234444         34.618538
        -83.226654         34.617485
        -83.218071         34.616798
        -83.211540         34.616371
        -83.207809         34.615166
        -83.201927         34.611687
        -83.197830         34.611164
        -83.191742         34.611393
        -83.184837         34.611649
        -83.176697         34.611614
        -83.170998         34.611492
        -83.168098         34.610588
        -83.166756         34.608284
        -83.166611         34.605602
        -83.170120         34.602779
        -83.173668         34.600632
        -83.174339         34.597916
        -83.173607         34.595760
        -83.170906         34.594681
        -83.168228         34.593941
        -83.165138         34.593216
        -83.163033         34.591946
        -83.162521         34.589951
        -83.162804         34.587585
        -83.161842         34.584930
        -83.160156         34.583817
        -83.155724         34.580788
        -83.148628         34.577351
        -83.145576         34.573425
        -83.140732         34.566544
        -83.130676         34.560863
        -83.125252         34.558372
        -83.120964         34.554157
        -83.117027         34.548923
        -83.110962         34.541748
        -83.104713         34.538948
        -83.100502         34.539944
        -83.097870         34.540207
        -83.094940         34.538635
        -83.090271         34.534767
        -83.086388         34.530540
        -83.083107         34.522255
        -83.079842         34.514301
        -83.077515         34.508671
        -83.074448         34.504414
        -83.069717         34.503239
        -83.062363         34.502495
        -83.057304         34.498981
        -83.051720         34.493130
        -83.043808         34.489380
        -83.037994         34.486900
        -83.035118         34.486332
        -83.029335         34.484524
        -83.025551         34.481968
        -83.020531         34.479122
        -83.015121         34.476627
        -83.008568         34.475517
        -83.004074         34.475006
        -82.998856         34.476200
        -82.995308         34.478344
        -82.992584         34.480625
        -82.991013         34.481689
        -82.987816         34.482643
        -82.978455         34.482304
        -82.969299         34.481956
        -82.959549         34.481964
        -82.948219         34.482700
        -82.932022         34.483772
        -82.918304         34.485596
        -82.910164         34.485207
        -82.898254         34.482597
        -82.890923         34.478146
        -82.887497         34.474567
        -82.883072         34.467323
        -82.880798         34.462360
        -82.874763         34.459541
        -82.869400         34.457710
        -82.867607         34.454411
        -82.866211         34.446728
        -82.862709         34.433403
        -82.856918         34.423180
        -82.846855         34.410099
        -82.844269         34.403633
        -82.841011         34.394848
        -82.837456         34.379986
        -82.828453         34.357819
        -82.823990         34.353291
        -82.819916         34.350842
        -82.819916         34.350842
        -82.802017         34.338299
        -82.795082         34.326584
        -82.788353         34.310291
        -82.785965         34.304749
        -82.775299         34.285778
        -82.770828         34.281010
        -82.762436         34.273911
        -82.752731         34.265804
        -82.747894         34.262100
        -82.742043         34.246128
        -82.738777         34.239910
        -82.732750         34.211292
        -82.732765         34.194069
        -82.726685         34.181969
        -82.727180         34.174572
        -82.726028         34.168285
        -82.713402         34.143051
        -82.705086         34.137001
        -82.684906         34.130642
        -82.677483         34.125614
        -82.673370         34.119072
        -82.668968         34.115353
        -82.665321         34.109848
        -82.656662         34.096428
        -82.649704         34.090015
        -82.649704         34.090015
        -82.648705         34.078724
        -82.643150         34.068142
        -82.637291         34.063183
        -82.631538         34.060562
        -82.627495         34.058353
        -82.625122         34.055622
        -82.614395         34.042866
        -82.604362         34.032658
        -82.602303         34.022419
        -82.602303         34.022419
        -82.591644         34.006454
        -82.587379         34.003445
        -82.563095         33.961285
        -82.560310         33.953072
        -82.557755         33.949718
        -82.545364         33.941811
        -82.539536         33.941998
        -82.533066         33.943352
        -82.525398         33.941017
        -82.513741         33.933945
        -82.510231         33.932339
        -82.490494         33.913498
        -82.475868         33.901360
        -82.453568         33.886314
        -82.449005         33.884167
        -82.439430         33.877308
        -82.430923         33.871277
        -82.415260         33.866322
        -82.407936         33.863686
        -82.396423         33.859459
        -82.394623         33.857510
        -82.387283         33.854588
        -82.381630         33.850754
        -82.365036         33.840096
        -82.347939         33.833462
        -82.329849         33.819695
        -82.323898         33.817013
        -82.301445         33.797081
        -82.299942         33.785961
        -82.296028         33.782642
        -82.284927         33.779541
        -82.275764         33.773804
        -82.266441         33.764061
        -82.252182         33.751030
        -82.238815         33.726238
        -82.236092         33.701992
        -82.218170         33.682770
        -82.212021         33.674934
        -82.207703         33.669910
        -82.204079         33.659027
        -82.204079         33.659027
        -82.204041         33.646172
        -82.200966         33.632950
        -82.195946         33.625301
        -82.188766         33.618412
        -82.176781         33.614658
        -82.175301         33.612179
        -82.175301         33.612179
        -82.169052         33.611511
        -82.167130         33.611038
        -82.161652         33.608807
        -82.158356         33.605721
        -82.156944         33.602310
        -82.154282         33.599205
        -82.145187         33.593895
        -82.139412         33.592205
        -82.134323         33.591820
        -82.129616         33.593014
        -82.123016         33.594528
        -82.120224         33.595936
        -82.115112         33.595020
        -82.112831         33.593491
        -82.103378         33.587128
        -82.093330         33.581577
        -82.081787         33.578190
        -82.068947         33.574306
        -82.058891         33.568485
        -82.049706         33.560520
        -82.041786         33.552517
        -82.030846         33.540089
        -82.022964         33.533146
        -82.016197         33.530151
        -82.012299         33.527607
        -82.008598         33.522137
        -82.003662         33.517235
        -81.999657         33.512039
        -81.996216         33.504974
        -81.995163         33.494129
        -81.994148         33.492298
        -81.991425         33.487335
        -81.988823         33.485550
        -81.970238         33.479954
        -81.962151         33.475403
        -81.948067         33.471275
        -81.941689         33.470119
        -81.936874         33.468391
        -81.931686         33.465084
        -81.929337         33.461700
        -81.924255         33.452820
        -81.922142         33.447041
        -81.921036         33.442825
        -81.921219         33.439373
        -81.922401         33.437222
        -81.924850         33.435032
        -81.928551         33.432281
        -81.932259         33.430061
        -81.935303         33.426796
        -81.935181         33.423618
        -81.932892         33.421558
        -81.931534         33.419209
        -81.936234         33.409534
        -81.939095         33.409988
        -81.944153         33.409851
        -81.948517         33.408142
        -81.950058         33.407040
        -81.949966         33.404655
        -81.948296         33.402313
        -81.944321         33.397648
        -81.941933         33.392937
        -81.938400         33.383221
        -81.934708         33.377487
        -81.932747         33.375946
        -81.933304         33.373810
        -81.935654         33.369240
        -81.940689         33.368572
        -81.949036         33.371796
        -81.950928         33.371742
        -81.952072         33.368530
        -81.951347         33.366161
        -81.944397         33.357864
        -81.942360         33.354206
        -81.946213         33.347473
        -81.944901         33.346184
        -81.941696         33.344944
        -81.933746         33.343830
        -81.929573         33.342087
        -81.919632         33.329891
        -81.917641         33.327290
        -81.916946         33.325718
        -81.914085         33.325264
        -81.911682         33.328510
        -81.911392         33.329315
        -81.907982         33.330997
        -81.906006         33.328930
        -81.905289         33.326561
        -81.904518         33.322868
        -81.901016         33.322166
        -81.898766         33.321167
        -81.898727         33.320107
        -81.898354         33.318523
        -81.897011         33.316441
        -81.893211         33.316277
        -81.889984         33.314503
        -81.889809         33.309734
        -81.888367         33.305000
        -81.883972         33.305649
        -81.881554         33.308628
        -81.881012         33.311031
        -81.875999         33.312222
        -81.873100         33.310707
        -81.871788         33.309418
        -81.872322         33.306751
        -81.871620         33.304913
        -81.870644         33.304142
        -81.867828         33.304749
        -81.865654         33.305866
        -81.861252         33.306511
        -81.859055         33.306835
        -81.857445         33.306084
        -81.856735         33.303978
        -81.856323         33.301338
        -81.859978         33.297531
        -81.867195         33.296280
        -81.866882         33.287800
        -81.860741         33.283985
        -81.857498         33.281685
        -81.853035         33.280476
        -81.849159         33.278191
        -81.846878         33.276394
        -81.844597         33.274334
        -81.842010         33.272808
        -81.841812         33.267246
        -81.842995         33.265095
        -81.846130         33.264481
        -81.849564         33.263332
        -81.852325         33.261135
        -81.853447         33.257397
        -81.853333         33.254215
        -81.854828         33.252056
        -81.855957         33.248314
        -81.854866         33.244366
        -81.851936         33.242054
        -81.846107         33.237965
        -81.837357         33.231831
        -81.831566         33.228798
        -81.826378         33.224957
        -81.818710         33.222504
        -81.816460         33.221237
        -81.814667         33.215450
        -81.811943         33.209953
        -81.805840         33.206928
        -81.794731         33.205093
        -81.789688         33.205223
        -81.785332         33.206924
        -81.784782         33.209328
        -81.784271         33.212521
        -81.783157         33.216793
        -81.781326         33.218430
        -81.777496         33.217205
        -81.775574         33.216457
        -81.773643         33.215446
        -81.770988         33.211800
        -81.770088         33.204136
        -81.767776         33.201279
        -81.765747         33.197617
        -81.765015         33.194717
        -81.766418         33.189911
        -81.768745         33.184284
        -81.771469         33.181030
        -81.773170         33.175686
        -81.773659         33.171696
        -81.771500         33.164326
        -81.769173         33.160938
        -81.764282         33.156292
        -81.756035         33.146160
        -81.747200         33.137104
        -81.739456         33.132000
        -81.731995         33.126087
        -81.729088         33.124043
        -81.725555         33.122272
        -81.721725         33.120781
        -81.718529         33.119534
        -81.713699         33.116737
        -81.707283         33.113453
        -81.698349         33.110229
        -81.691994         33.108795
        -81.686279         33.107613
        -81.679596         33.105659
        -81.671608         33.102673
        -81.666183         33.100689
        -81.660408         33.097649
        -81.653923         33.092239
        -81.649452         33.090496
        -81.646576         33.089241
        -81.634018         33.090607
        -81.625534         33.091343
        -81.622070         33.091427
        -81.620781         33.090664
        -81.619492         33.089634
        -81.619400         33.086987
        -81.618645         33.083294
        -81.616974         33.080418
        -81.614120         33.079956
        -81.610954         33.079502
        -81.607567         33.081703
        -81.604362         33.080193
        -81.604256         33.077011
        -81.604790         33.074085
        -81.606308         33.072456
        -81.605942         33.070873
        -81.602119         33.069641
        -81.598946         33.068924
        -81.593903         33.068779
        -81.589088         33.066242
        -81.586166         33.063663
        -81.583580         33.061604
        -81.581650         33.060326
        -81.578621         33.054565
        -81.576042         33.052769
        -81.573524         33.052830
        -81.569481         33.054253
        -81.568184         33.053223
        -81.568077         33.050045
        -81.567940         33.045807
        -81.567543         33.043430
        -81.564346         33.041916
        -81.560249         33.041748
        -81.554924         33.042667
        -81.552780         33.044575
        -81.548973         33.043606
        -81.544731         33.039200
        -81.538971         33.036419
        -81.535789         33.035435
        -81.531898         33.031815
        -81.528656         33.028973
        -81.521942         33.025951
        -81.520454         33.018826
        -81.515450         33.010197
        -81.507927         33.011166
        -81.500832         33.005764
        -81.503471         32.999870
        -81.501221         32.998333
        -81.498985         32.997326
        -81.496269         32.991291
        -81.498894         32.984867
        -81.498871         32.984074
        -81.500534         32.977142
        -81.500328         32.970783
        -81.502068         32.966236
        -81.503250         32.963825
        -81.511459         32.964695
        -81.513382         32.965973
        -81.514336         32.966217
        -81.515556         32.965126
        -81.515114         32.961163
        -81.515610         32.956909
        -81.514267         32.954288
        -81.512222         32.949566
        -81.508652         32.946201
        -81.507561         32.941456
        -81.504402         32.931458
        -81.500229         32.928638
        -81.494781         32.925583
        -81.492531         32.924046
        -81.492188         32.923260
        -81.490822         32.919846
        -81.489090         32.914848
        -81.486755         32.910660
        -81.485985         32.906174
        -81.485153         32.899830
        -81.482536         32.896709
        -81.480927         32.895420
        -81.477196         32.896832
        -81.473160         32.898518
        -81.471924         32.899075
        -81.470619         32.897514
        -81.471436         32.893520
        -81.472847         32.888718
        -81.476891         32.887299
        -81.481865         32.885593
        -81.484329         32.883945
        -81.483543         32.879192
        -81.482246         32.877895
        -81.477165         32.876160
        -81.474304         32.875164
        -81.469978         32.877384
        -81.465546         32.876427
        -81.462608         32.873047
        -81.459946         32.868340
        -81.458542         32.863598
        -81.459305         32.858017
        -81.463364         32.847321
        -81.464539         32.844906
        -81.464516         32.844112
        -81.461342         32.843124
        -81.458809         32.842388
        -81.457275         32.843483
        -81.454201         32.845673
        -81.451759         32.847851
        -81.449875         32.847893
        -81.447922         32.845818
        -81.447243         32.844242
        -81.445610         32.842159
        -81.440559         32.841480
        -81.436447         32.840515
        -81.435158         32.839481
        -81.430984         32.836662
        -81.430275         32.834026
        -81.430786         32.830303
        -81.431908         32.826038
        -81.431145         32.821815
        -81.427246         32.817661
        -81.425888         32.814247
        -81.427673         32.811291
        -81.428764         32.805965
        -81.432365         32.800583
        -81.431610         32.796623
        -81.428375         32.793518
        -81.427338         32.790359
        -81.429054         32.785019
        -81.428871         32.779194
        -81.426857         32.774998
        -81.427979         32.770733
        -81.426941         32.767841
        -81.420456         32.761097
        -81.417557         32.758778
        -81.414932         32.755127
        -81.416748         32.752964
        -81.421021         32.749157
        -81.421616         32.748085
        -81.420654         32.747311
        -81.414993         32.746906
        -81.412125         32.745384
        -81.411446         32.743809
        -81.410751         32.741703
        -81.414696         32.737373
        -81.419533         32.731434
        -81.420670         32.727695
        -81.418694         32.724827
        -81.418892         32.721111
        -81.421982         32.719452
        -81.423729         32.715172
        -81.424896         32.712494
        -81.427025         32.710327
        -81.429436         32.707092
        -81.428963         32.702065
        -81.423485         32.697418
        -81.419983         32.695644
        -81.416817         32.694656
        -81.413338         32.693676
        -81.412041         32.692379
        -81.411987         32.690788
        -81.412514         32.687332
        -81.410835         32.683926
        -81.408592         32.682384
        -81.407372         32.673401
        -81.407623         32.661205
        -81.407196         32.657505
        -81.405266         32.655960
        -81.402054         32.653381
        -81.401360         32.651276
        -81.404114         32.649094
        -81.412666         32.642010
        -81.418152         32.637115
        -81.419334         32.634705
        -81.418816         32.630215
        -81.419052         32.626598
        -81.415337         32.621269
        -81.412689         32.616211
        -81.402802         32.607109
        -81.399117         32.602978
        -81.392494         32.595905
        -81.386642         32.590622
        -81.383438         32.590393
        -81.378845         32.591396
        -81.376373         32.591755
        -81.374580         32.591492
        -81.370079         32.583771
        -81.368210         32.580803
        -81.365715         32.580559
        -81.361099         32.580662
        -81.359612         32.578587
        -81.359840         32.574371
        -81.356552         32.571434
        -81.338585         32.564911
        -81.328880         32.561512
        -81.319984         32.561108
        -81.316093         32.561794
        -81.311127         32.561901
        -81.305466         32.562927
        -81.302612         32.562386
        -81.301483         32.560307
        -81.297859         32.557976
        -81.293243         32.558075
        -81.287880         32.556988
        -81.284615         32.554955
        -81.282227         32.546280
        -81.280640         32.540596
        -81.280190         32.537296
        -81.275421         32.532284
        -81.258781         32.522110
        -81.254829         32.520691
        -81.249153         32.520813
        -81.243431         32.519428
        -81.240547         32.517986
        -81.237610         32.514740
        -81.237915         32.512928
        -81.238518         32.509304
        -81.239166         32.507183
        -81.237961         32.502396
        -81.213478         32.478241
        -81.208031         32.474144
        -81.201492         32.468864
        -81.195732         32.465977
        -81.193214         32.464825
        -81.193146         32.462421
        -81.195602         32.461468
        -81.199669         32.454765
        -81.202423         32.451698
        -81.205223         32.450439
        -81.206985         32.449799
        -81.207657         32.448582
        -81.206154         32.445606
        -81.206421         32.442593
        -81.207405         32.439865
        -81.209381         32.434406
        -81.209251         32.429897
        -81.207306         32.423923
        -81.203903         32.417431
        -81.194504         32.408222
        -81.188469         32.402260
        -81.182411         32.395744
        -81.180977         32.391346
        -81.182144         32.386341
        -81.183372         32.383549
        -81.183273         32.380230
        -81.181213         32.376400
        -81.176537         32.372623
        -81.175789         32.369320
        -81.175003         32.364353
        -81.174271         32.361603
        -81.172890         32.358864
        -81.166306         32.356785
        -81.163574         32.352417
        -81.162834         32.349110
        -81.162758         32.346348
        -81.163315         32.343014
        -81.158722         32.342003
        -81.156830         32.344254
        -81.153648         32.347084
        -81.150452         32.349365
        -81.148521         32.350510
        -81.147224         32.350536
        -81.145874         32.348904
        -81.141159         32.343468
        -81.134483         32.338070
        -81.134407         32.335304
        -81.138229         32.331905
        -81.139458         32.329113
        -81.138046         32.325272
        -81.136543         32.318108
        -81.135643         32.309273
        -81.129738         32.307732
        -81.128357         32.304993
        -81.127235         32.287865
        -81.127777         32.283978
        -81.130310         32.281162
        -81.130867         32.277832
        -81.132774         32.276131
        -81.137306         32.274933
        -81.139229         32.273788
        -81.142479         32.273720
        -81.145088         32.273670
        -81.146294         32.270325
        -81.147430         32.264214
        -81.151169         32.258053
        -81.153633         32.253021
        -81.158669         32.246834
        -81.160591         32.245686
        -81.161087         32.240143
        -81.157684         32.234680
        -81.153580         32.227573
        -81.155914         32.218117
        -81.157066         32.212563
        -81.156944         32.208138
        -81.158752         32.203121
        -81.161201         32.197540
        -81.162338         32.191429
        -81.162254         32.188667
        -81.160851         32.184822
        -81.160629         32.177082
        -81.156517         32.169418
        -81.156517         32.169418
        -81.152550         32.168701
        -81.148361         32.166676
        -81.145752         32.162155
        -81.144333         32.155849
        -81.140694         32.143959
        -81.139427         32.142929
        -81.132309         32.139908
        -81.128914         32.136810
        -81.126740         32.132984
        -81.124084         32.126705
        -81.122299         32.121815
        -81.120476         32.115871
        -81.117012         32.109959
        -81.110229         32.104115
        -81.097313         32.100502
        -81.084763         32.095123
        -81.051346         32.082413
        -81.046341         32.080750
        -81.038925         32.081600
        -81.032387         32.084541
        -81.026642         32.086060
        -81.019577         32.084789
        -81.013313         32.082447
        -81.007439         32.079041
        -81.000725         32.075302
        -80.989037         32.070950
        -80.983597         32.068237
        -80.978981         32.065514
        -80.972687         32.061760
        -80.963860         32.055946
        -80.960037         32.052147
        -80.951118         32.042465
        -80.941887         32.037010
        -80.933098         32.032597
        -80.915993         32.025879
        -80.901413         32.020870
        -80.896431         32.019905
        -80.888390         32.016510
        -80.888390         32.016510
        -80.875992         32.016582
        -80.851967         32.023956
        -80.850044         32.022621
        -80.846443         32.009628
        -80.845078         32.000000
        -80.846764         31.996447
        -80.847466         31.990484
        -80.850723         31.992502
        -80.850723         31.992502
        -80.854454         31.990622
        -80.856651         31.992884
        -80.856651         31.992884
        -80.859749         31.985973
        -80.855545         31.976408
        -80.857079         31.972267
        -80.895088         31.948864
        -80.897263         31.950209
        -80.894661         31.954596
        -80.900589         31.955433
        -80.905945         31.954445
        -80.911163         31.946131
        -80.920784         31.943253
        -80.927513         31.943619
        -80.922577         31.952847
        -80.929436         31.960312
        -80.925758         31.964714
        -80.921898         31.973927
        -80.921989         31.978506
        -80.921989         31.978506
        -80.927635         31.978659
        -80.927635         31.978659
        -80.929176         31.974745
        -80.933411         31.971252
        -80.947250         31.964193
        -80.963318         31.974737
        -80.964615         31.972200
        -80.958542         31.964039
        -80.951782         31.962070
        -80.947968         31.959145
        -80.954315         31.954020
        -80.959671         31.953030
        -80.963333         31.947712
        -80.966553         31.947208
        -80.970245         31.943724
        -80.972923         31.943228
        -80.983009         31.950645
        -80.983009         31.950645
        -80.989609         31.944370
        -80.989609         31.944370
        -80.986076         31.942358
        -80.985207         31.939163
        -80.986710         31.933645
        -80.993385         31.931263
        -80.989281         31.927425
        -80.988609         31.920565
        -80.981964         31.924551
        -80.978470         31.924141
        -80.971039         31.918129
        -80.964272         31.912657
        -80.947891         31.912882
        -80.940666         31.914583
        -80.932030         31.912411
        -80.930893         31.909218
        -80.932411         31.904160
        -80.940056         31.896498
        -80.983253         31.866125
        -80.988777         31.860092
        -80.993851         31.858648
        -80.999283         31.861778
        -81.003136         31.866535
        -81.003136         31.866535
        -81.011475         31.865641
        -81.011475         31.865641
        -81.017326         31.864273
        -81.024055         31.865093
        -81.036797         31.871325
        -81.054100         31.876804
        -81.067520         31.876381
        -81.077377         31.885857
        -81.077377         31.885857
        -81.088036         31.881350
        -81.088036         31.881350
        -81.080215         31.866575
        -81.081772         31.864033
        -81.086288         31.861675
        -81.088898         31.857744
        -81.093147         31.855619
        -81.093147         31.855619
        -81.083817         31.845678
        -81.082924         31.841339
        -81.074974         31.833437
        -81.071358         31.827305
        -81.071358         31.827305
        -81.066490         31.825542
        -81.055595         31.817682
        -81.048431         31.821680
        -81.044090         31.819452
        -81.038902         31.814945
        -81.039307         31.808296
        -81.052322         31.783703
        -81.054817         31.778980
        -81.060562         31.770880
        -81.066895         31.765518
        -81.074364         31.763577
        -81.079666         31.760292
        -81.086914         31.760645
        -81.130096         31.721058
        -81.138916         31.719551
        -81.143463         31.731853
        -81.149284         31.741159
        -81.156700         31.749294
        -81.168526         31.755651
        -81.168526         31.755651
        -81.174080         31.753965
        -81.174080         31.753965
        -81.161003         31.737087
        -81.166954         31.726686
        -81.175270         31.726789
        -81.188507         31.731169
        -81.193954         31.734980
        -81.202286         31.735996
        -81.202286         31.735996
        -81.205170         31.720371
        -81.205170         31.720371
        -81.190765         31.711201
        -81.187683         31.705063
        -81.186523         31.700956
        -81.191414         31.691486
        -81.191414         31.691486
        -81.186394         31.682171
        -81.186394         31.682171
        -81.170753         31.690659
        -81.154373         31.689533
        -81.153397         31.694130
        -81.148628         31.696951
        -81.140625         31.698677
        -81.134941         31.696241
        -81.132393         31.689863
        -81.135025         31.674473
        -81.131775         31.659859
        -81.131203         31.645432
        -81.132088         31.636253
        -81.135757         31.632303
        -81.128960         31.627823
        -81.136520         31.617628
        -81.153740         31.582539
        -81.167175         31.559189
        -81.178551         31.552828
        -81.181572         31.556219
        -81.183090         31.564903
        -81.187019         31.573093
        -81.181450         31.588303
        -81.185387         31.597408
        -81.185387         31.597408
        -81.196579         31.594484
        -81.199921         31.600391
        -81.208405         31.608738
        -81.217621         31.613636
        -81.222008         31.618380
        -81.222008         31.618380
        -81.233528         31.618427
        -81.238152         31.621563
        -81.242111         31.631124
        -81.246071         31.628311
        -81.248627         31.622772
        -81.247429         31.616835
        -81.244408         31.613674
        -81.235519         31.611292
        -81.233597         31.609261
        -81.234566         31.604662
        -81.233139         31.600332
        -81.228233         31.596514
        -81.221329         31.599371
        -81.213562         31.599493
        -81.206512         31.595705
        -81.199257         31.581841
        -81.198273         31.573606
        -81.201370         31.568060
        -81.214760         31.555706
        -81.219566         31.554943
        -81.224953         31.556463
        -81.228149         31.555496
        -81.229439         31.553413
        -81.236099         31.551704
        -81.244659         31.551569
        -81.244659         31.551569
        -81.244667         31.539654
        -81.247894         31.540060
        -81.250267         31.538649
        -81.259125         31.527279
        -81.259125         31.527279
        -81.258240         31.522717
        -81.258240         31.522717
        -81.248886         31.524233
        -81.242691         31.522497
        -81.242691         31.522497
        -81.234222         31.526985
        -81.232056         31.525873
        -81.220558         31.526512
        -81.216721         31.522446
        -81.214142         31.524324
        -81.202225         31.532984
        -81.194473         31.533564
        -81.183891         31.526852
        -81.173500         31.516470
        -81.183006         31.510365
        -81.189262         31.502478
        -81.207016         31.469200
        -81.211243         31.466614
        -81.220863         31.453857
        -81.225609         31.450804
        -81.229042         31.448689
        -81.229401         31.440432
        -81.232788         31.436253
        -81.239601         31.429728
        -81.244774         31.421854
        -81.253227         31.416906
        -81.261009         31.393862
        -81.269051         31.382732
        -81.278671         31.382578
        -81.282204         31.385042
        -81.290237         31.397749
        -81.290237         31.397749
        -81.298317         31.376301
        -81.298317         31.376301
        -81.294243         31.373388
        -81.294151         31.369492
        -81.298088         31.365990
        -81.285439         31.362070
        -81.282066         31.354559
        -81.280060         31.336483
        -81.281502         31.329126
        -81.285645         31.323328
        -81.292351         31.324366
        -81.299278         31.323566
        -81.299278         31.323566
        -81.301437         31.312529
        -81.301437         31.312529
        -81.298950         31.308901
        -81.295723         31.308037
        -81.288910         31.301958
        -81.288315         31.299217
        -81.292702         31.292269
        -81.285133         31.288034
        -81.285324         31.272444
        -81.279381         31.269331
        -81.277420         31.265236
        -81.280930         31.254864
        -81.281944         31.240633
        -81.288445         31.232735
        -81.291939         31.221674
        -81.296669         31.218388
        -81.304703         31.219633
        -81.306343         31.221439
        -81.306343         31.221439
        -81.309456         31.217262
        -81.309456         31.217262
        -81.308281         31.212467
        -81.324577         31.201426
        -81.334801         31.191927
        -81.337387         31.189522
        -81.361549         31.160923
        -81.366127         31.150988
        -81.376640         31.144390
        -81.381310         31.138580
        -81.393250         31.135857
        -81.399918         31.135973
        -81.410652         31.138771
        -81.417175         31.155396
        -81.416481         31.159765
        -81.409744         31.168592
        -81.415062         31.167814
        -81.421638         31.163803
        -81.426155         31.162809
        -81.431824         31.165693
        -81.436317         31.152775
        -81.442711         31.152435
        -81.436104         31.143608
        -81.437874         31.139450
        -81.435089         31.134455
        -81.440544         31.128399
        -81.444588         31.118929
        -81.452942         31.111217
        -81.458527         31.110662
        -81.468224         31.114849
        -81.468224         31.114849
        -81.472687         31.111792
        -81.475487         31.106239
        -81.475487         31.106239
        -81.476440         31.101408
        -81.470802         31.099901
        -81.463707         31.092916
        -81.463707         31.092916
        -81.458412         31.094614
        -81.440720         31.090565
        -81.440720         31.090565
        -81.438133         31.094048
        -81.426338         31.102505
        -81.420181         31.112928
        -81.411598         31.122017
        -81.407310         31.121174
        -81.403160         31.114824
        -81.400612         31.085289
        -81.403816         31.062763
        -81.410385         31.047060
        -81.411751         31.041927
        -81.415039         31.029554
        -81.422981         31.016117
        -81.427765         31.015577
        -81.435059         31.019808
        -81.435059         31.019808
        -81.445358         31.016190
        -81.448746         31.012691
        -81.455643         31.011656
        -81.455643         31.011656
        -81.464066         30.996145
        -81.473328         30.993460
        -81.481979         30.987804
        -81.481979         30.987804
        -81.478508         30.976170
        -81.474915         30.970730
        -81.474915         30.970730
        -81.472015         30.972157
        -81.467209         30.971554
        -81.454071         30.967653
        -81.449791         30.967041
        -81.447586         30.963867
        -81.444801         30.947405
        -81.444801         30.947405
        -81.436028         30.936548
        -81.436028         30.936548
        -81.432358         30.938906
        -81.422371         30.967054
        -81.418266         30.974005
        -81.413040         30.978222
        -81.408791         30.978523
        -81.406624         30.976955
        -81.404335         30.970116
        -81.405670         30.958857
        -81.404449         30.952227
        -81.411324         30.938808
        -81.416763         30.932293
        -81.416176         30.929781
        -81.413521         30.930285
        -81.407143         30.942089
        -81.402702         30.945606
        -81.401924         30.944073
        -81.400749         30.941740
        -81.400879         30.936005
        -81.403397         30.929770
        -81.402687         30.922215
        -81.405029         30.908415
        -81.421524         30.851255
        -81.430405         30.832985
        -81.435608         30.827848
        -81.437767         30.824123
        -81.443527         30.814178
        -81.458199         30.771263
        -81.460518         30.757002
        -81.459671         30.743711
        -81.450066         30.719566
        -81.451813         30.714489
        -81.451813         30.714489
        -81.447380         30.708223
        -81.447380         30.708223
        -81.478172         30.709528
        -81.493950         30.724842
        -81.530579         30.723263
        -81.535835         30.720873
        -81.534355         30.714937
        -81.537987         30.711199
        -81.543831         30.711323
        -81.547920         30.715605
        -81.552193         30.716215
        -81.560349         30.713083
        -81.560349         30.713083
        -81.561989         30.712999
        -81.565163         30.716991
        -81.569313         30.718128
        -81.582138         30.721106
        -81.585945         30.724476
        -81.594543         30.717896
        -81.597740         30.718296
        -81.600311         30.725359
        -81.603264         30.726681
        -81.607162         30.723167
        -81.608009         30.720190
        -81.608871         30.717173
        -81.611786         30.716888
        -81.616661         30.720469
        -81.621971         30.720369
        -81.624359         30.730877
        -81.627083         30.733349
        -81.634361         30.727020
        -81.638428         30.730385
        -81.649002         30.728352
        -81.653564         30.730101
        -81.655533         30.734192
        -81.655113         30.738787
        -81.659439         30.741688
        -81.663872         30.748714
        -81.669228         30.750219
        -81.674004         30.749899
        -81.677666         30.747536
        -81.676796         30.744801
        -81.670326         30.741253
        -81.673698         30.738207
        -81.680618         30.738533
        -81.689201         30.741583
        -81.694801         30.745802
        -81.695435         30.746279
        -81.704185         30.745270
        -81.704185         30.745270
        -81.714554         30.737680
        -81.722267         30.737759
        -81.734077         30.742344
        -81.758568         30.763651
        -81.768974         30.765051
        -81.777733         30.754784
        -81.784348         30.753735
        -81.788132         30.755951
        -81.796349         30.774595
        -81.799789         30.782782
        -81.799789         30.782782
        -81.808701         30.787880
        -81.813232         30.788477
        -81.837662         30.787300
        -81.848145         30.791676
        -81.860725         30.794861
        -81.868721         30.795387
        -81.882553         30.805197
        -81.891510         30.821529
        -81.898575         30.826889
        -81.903381         30.827478
        -81.904961         30.817352
        -81.913200         30.817530
        -81.926781         30.817820
        -81.937592         30.824018
        -81.943207         30.825277
        -81.950905         30.824657
        -81.955887         30.822260
        -81.960228         30.815975
        -81.967232         30.791054
        -81.972290         30.782001
        -81.978226         30.775682
        -81.984360         30.776470
        -81.999336         30.788769
        -82.004715         30.790949
        -82.012939         30.790314
        -82.016899         30.789312
        -82.019989         30.785805
        -82.014603         30.774221
        -82.014114         30.766661
        -82.016792         30.758118
        -82.023575         30.753447
        -82.023575         30.753447
        -82.038132         30.743151
        -82.040627         30.728874
        -82.036362         30.701439
        -82.049286         30.653440
        -82.049286         30.653440
        -82.047943         30.651001
        -82.039658         30.639938
        -82.030045         30.619726
        -82.028198         30.617008
        -82.015343         30.598017
        -82.008179         30.579588
        -82.006790         30.568146
        -82.008530         30.554800
        -82.017159         30.523182
        -82.015045         30.514278
        -82.018478         30.504568
        -82.017632         30.496580
        -82.016655         30.487398
        -82.018639         30.479856
        -82.019073         30.465740
        -82.019073         30.465740
        -82.021111         30.453764
        -82.030960         30.437258
        -82.032379         30.431492
        -82.031693         30.417051
        -82.038971         30.403353
        -82.037575         30.374477
        -82.037575         30.374477
        -82.038963         30.370119
        -82.049820         30.361162
        -82.056938         30.360090
        -82.061363         30.357470
        -82.074905         30.358780
        -82.081062         30.360939
        -82.092392         30.359083
        -82.103363         30.362972
        -82.106361         30.365889
        -82.114525         30.364332
        -82.121201         30.366249
        -82.135628         30.361795
        -82.148880         30.362188
        -82.157562         30.360157
        -82.166573         30.360413
        -82.175163         30.364349
        -82.184937         30.372389
        -82.196228         30.386362
        -82.202377         30.397007
        -82.207123         30.416029
        -82.208420         30.421194
        -82.203621         30.441874
        -82.203621         30.441874
        -82.208244         30.488346
        -82.210983         30.499525
        -82.223152         30.507046
        -82.229942         30.517794
        -82.241028         30.535999
        -82.229729         30.564713
        -82.230385         30.568827
        -82.311852         30.574543
        -82.335701         30.576208
        -82.471069         30.583891
        -82.497658         30.585491
        -82.643166         30.594166
        -82.788696         30.602690
        -82.891304         30.608608
        -82.913971         30.611187
        -82.940292         30.612032
        -82.999924         30.614779
        -83.021675         30.615925
        -83.037971         30.618437
        -83.069855         30.618889
        -83.080528         30.620413
        -83.087982         30.620882
        -83.093285         30.620300
        -83.097282         30.621069
        -83.116241         30.621691
        -83.201324         30.626467
        -83.206680         30.627453
        -83.210442         30.628487
        -83.224518         30.628521
        -83.251122         30.629778
        -83.289032         30.628160
        -83.328209         30.631540
        -83.353157         30.632200
        -83.374260         30.634008
        -83.374306         30.635155
        -83.410988         30.635836
        -83.419853         30.638309
        -83.426643         30.637733
        -83.432823         30.637211
        -83.572159         30.646173
        -83.689972         30.652618
        -83.750816         30.655907
        -83.768478         30.658749
        -83.773743         30.657652
        -83.835251         30.660587
        -83.837219         30.660694
        -83.889328         30.663527
        -83.903831         30.666920
        -83.911209         30.665514
        -83.982491         30.669161
        -84.023598         30.670933
        -84.039009         30.670919
        -84.056282         30.670902
        -84.062737         30.672506
        -84.078323         30.670563
        -84.108391         30.671305
        -84.184387         30.675562
        -84.187538         30.675737
        -84.201721         30.677736
        -84.250908         30.678194
        -84.252045         30.679529
        -84.257027         30.678194
        -84.271187         30.679728
        -84.281731         30.677952
        -84.292549         30.681675
        -84.327950         30.683531
        -84.473679         30.691074
        -84.485809         30.691652
        -84.626228         30.698275
        -84.631584         30.698626
        -84.739098         30.705633
        -84.759758         30.704325
        -84.776917         30.707190
        -84.779266         30.706047
        -84.797462         30.708050
        -84.803215         30.706434
        -84.831825         30.709148
        -84.838158         30.713017
        -84.845093         30.713417
        -84.872795         30.704912
        -84.873596         30.709492
        -84.875549         30.720638
        -84.917648         30.764093
        -84.921745         30.770578
        -84.926682         30.787130
        -84.932182         30.794933
        -84.933784         30.806265
        -84.933784         30.806265
        -84.934410         30.810680
        -84.933350         30.810724
        -84.933708         30.818504
        -84.934441         30.834553
        -84.939774         30.885750
        -84.967957         30.921972
        -84.973961         30.925913
        -84.973961         30.925913
        -84.981819         30.931068
        -84.980324         30.942335
        -84.981583         30.959497
        -85.000000         30.967186
        -85.000000         30.967186
        -85.000000         30.999006
        -85.000000         30.999599
        -85.000000         30.999599
        -84.998230         31.000980
        -84.992241         31.007662
        -85.000000         31.019085
        -85.004280         31.025318
        -85.008186         31.034210
        -85.010582         31.048824
        -85.017532         31.062696
        -85.022766         31.076967
        -85.027473         31.090727
        -85.036995         31.108107
        -85.052193         31.124796
        -85.063126         31.146589
        -85.073570         31.158695
        -85.080383         31.165552
        -85.080383         31.165552
        -85.085175         31.170372
        -85.093689         31.186245
        -85.092178         31.200666
        -85.090416         31.218939
        -85.090523         31.234404
        -85.097588         31.246824
        -85.100136         31.259508
        -85.100372         31.273046
        -85.100372         31.273046
        -85.094254         31.280479
        -85.089386         31.286041
        -85.085724         31.298906
        -85.081810         31.315624
        -85.080666         31.332958
        -85.081154         31.342644
        -85.085014         31.352493
        -85.085014         31.352493
        -85.080620         31.376431
        -85.079002         31.400988
        -85.072739         31.419039
        -85.068665         31.429466
        -85.066978         31.454983
        -85.065773         31.473278
        -85.058037         31.487873
        -85.050018         31.506804
        -85.045624         31.538946
        -85.045624         31.538946
        -85.040886         31.550791
        -85.047821         31.556923
        -85.051682         31.566769
        -85.053230         31.577469
        -85.054588         31.591057
        -85.051910         31.605898
        -85.060234         31.625134
        -85.066765         31.628832
        -85.067795         31.630329
        -85.067795         31.630329
        -85.079460         31.658903
        -85.096237         31.687235
        -85.112091         31.738214
        -85.131638         31.785017
        -85.136253         31.818068
        -85.130211         31.858328
        -85.115005         31.900078
        -85.099129         31.943239
        -85.085777         31.965282
        -85.065430         31.998569
        -85.065262         32.000000
        -85.065262         32.000000
        -85.064270         32.007030
        -85.058548         32.018562
        -85.059639         32.025131
        -85.060478         32.036308
        -85.061508         32.050022
        -85.058250         32.054535
        -85.057419         32.059425
        -85.056427         32.070190
        -85.054962         32.078682
        -85.053261         32.087955
        -85.052635         32.095642
        -85.056046         32.101067
        -85.058365         32.108078
        -85.058380         32.116238
        -85.059990         32.121761
        -85.063454         32.126419
        -85.063454         32.126419
        -85.064964         32.131844
        -85.059967         32.143845
        -85.059113         32.146652
        -85.049400         32.157082
        -85.038246         32.166451
        -85.016876         32.179924
        -85.013016         32.182358
        -85.000000         32.188080
        -84.976425         32.198444
        -84.974846         32.202438
        -84.985184         32.213570
        -84.980736         32.218876
        -84.974564         32.219452
        -84.957634         32.217422
        -84.938118         32.223804
        -84.931328         32.230385
        -84.925720         32.241726
        -84.927315         32.244854
        -84.925224         32.250179
        -84.919502         32.254055
        -84.908852         32.256153
        -84.900063         32.259174
        -84.898415         32.261299
        -84.899216         32.264065
        -84.900879         32.266777
        -84.903877         32.270512
        -84.912926         32.275520
        -84.931007         32.292194
        -84.943253         32.300007
        -84.957481         32.305408
        -85.000000         32.318905
        -85.006638         32.321011
        -85.010971         32.327885
        -85.008026         32.342064
        -85.003838         32.347359
        -85.000000         32.349319
        -84.994728         32.352009
        -84.990501         32.356842
        -84.988220         32.362255
        -84.988617         32.370731
        -84.977821         32.374790
        -84.975845         32.377197
        -84.980957         32.380127
        -84.988289         32.380402
        -84.990524         32.384640
        -84.989372         32.387230
        -84.977539         32.388359
        -84.972809         32.390236
        -84.972801         32.393681
        -84.982430         32.398880
        -84.984734         32.404034
        -84.983490         32.408928
        -84.975739         32.413731
        -84.968521         32.421951
        -84.965530         32.428780
        -84.967186         32.432594
        -84.974274         32.440006
        -84.993500         32.449947
        -84.998436         32.454037
        -84.999069         32.458797
        -85.000000         32.464069
        -84.997475         32.500271
        -85.000000         32.509346
        -85.000000         32.509346
        -85.000000         32.509960
        -85.000000         32.509960
        -85.001976         32.512653
        -85.001976         32.512653
        -85.007584         32.521660
        -85.015396         32.526993
        -85.024025         32.534901
        -85.028618         32.546688
        -85.033775         32.549549
        -85.041672         32.555923
        -85.051994         32.561646
        -85.059555         32.571701
        -85.062332         32.575737
        -85.068108         32.578560
        -85.074463         32.580833
        -85.080139         32.590466
        -85.081802         32.596130
        -85.084518         32.607498
        -85.086067         32.611599
        -85.089043         32.618240
        -85.091866         32.622799
        -85.093216         32.624294
        -85.090332         32.627068
        -85.088028         32.629288
        -85.087685         32.632969
        -85.089195         32.636551
        -85.093468         32.635796
        -85.101601         32.636921
        -85.105492         32.639324
        -85.106964         32.642384
        -85.104774         32.646168
        -85.099007         32.651718
        -85.095665         32.656609
        -85.096024         32.661301
        -85.098389         32.667976
        -85.102798         32.677155
        -85.108704         32.681541
        -85.115311         32.686939
        -85.119957         32.699245
        -85.124893         32.715202
        -85.122444         32.723709
        -85.122208         32.736809
        -85.125191         32.743450
        -85.134682         32.746071
        -85.141136         32.749378
        -85.143959         32.753933
        -85.146034         32.764812
        -85.144341         32.766998
        -85.129189         32.771496
        -85.127541         32.774204
        -85.128059         32.780983
        -85.131424         32.784462
        -85.143448         32.795841
        -85.153847         32.802071
        -85.161743         32.807919
        -85.169090         32.814842
        -85.170235         32.821587
        -85.170097         32.827873
        -85.168030         32.833225
        -85.163483         32.838707
        -85.160721         32.843048
        -85.159920         32.848850
        -85.161522         32.853474
        -85.163536         32.855457
        -85.166862         32.858414
        -85.171120         32.859619
        -85.176071         32.856148
        -85.179817         32.855537
        -85.183838         32.858517
        -85.185150         32.863243
        -85.185768         32.871212
        -85.184410         32.890488
        -85.185844         32.896809
        -85.191658         32.904488
        -85.193001         32.909615
        -85.192520         32.915638
        -85.190636         32.928146
        -85.194489         32.941132
        -85.197006         32.961395
        -85.198799         32.984501
        -85.199440         32.992867
        -85.207062         32.999245
        -85.215454         33.001385
END
END
