gibraltar
1
    -0.5347020E+01     0.3613627E+02
    -0.5340027E+01     0.3615975E+02
    -0.5341638E+01     0.3614482E+02
    -0.5339688E+01     0.3613821E+02
    -0.5343073E+01     0.3612344E+02
    -0.5339652E+01     0.3611526E+02
    -0.5343778E+01     0.3611240E+02
    -0.5349032E+01     0.3611686E+02
    -0.5351071E+01     0.3612576E+02
    -0.5355525E+01     0.3613139E+02
    -0.5356637E+01     0.3613824E+02
    -0.5355369E+01     0.3614194E+02
    -0.5357257E+01     0.3614695E+02
    -0.5352488E+01     0.3615510E+02
    -0.5353222E+01     0.3615980E+02
    -0.5340027E+01     0.3615975E+02
END
END
