grenada
1
    -0.6158301E+02     0.1230761E+02
    -0.6158962E+02     0.1229253E+02
    -0.6159288E+02     0.1229347E+02
    -0.6159334E+02     0.1229554E+02
    -0.6158767E+02     0.1230516E+02
    -0.6158948E+02     0.1231483E+02
    -0.6158735E+02     0.1231804E+02
    -0.6158384E+02     0.1231939E+02
    -0.6158059E+02     0.1231615E+02
    -0.6157615E+02     0.1231566E+02
    -0.6157383E+02     0.1231243E+02
    -0.6157853E+02     0.1230855E+02
    -0.6157621E+02     0.1230509E+02
    -0.6158048E+02     0.1229638E+02
    -0.6158469E+02     0.1229618E+02
    -0.6158962E+02     0.1229253E+02
END
2
    -0.6157787E+02     0.1228636E+02
    -0.6157707E+02     0.1228003E+02
    -0.6158548E+02     0.1228215E+02
    -0.6158662E+02     0.1228584E+02
    -0.6158426E+02     0.1228904E+02
    -0.6157747E+02     0.1229130E+02
    -0.6157000E+02     0.1228987E+02
    -0.6156908E+02     0.1228779E+02
    -0.6157122E+02     0.1228091E+02
    -0.6157707E+02     0.1228003E+02
END
3
    -0.6167342E+02     0.1212742E+02
    -0.6160883E+02     0.1213537E+02
    -0.6160606E+02     0.1213007E+02
    -0.6159791E+02     0.1212541E+02
    -0.6160120E+02     0.1212176E+02
    -0.6160401E+02     0.1212086E+02
    -0.6161779E+02     0.1212141E+02
    -0.6162062E+02     0.1211683E+02
    -0.6162210E+02     0.1210350E+02
    -0.6162172E+02     0.1209016E+02
    -0.6161547E+02     0.1208000E+02
    -0.6161691E+02     0.1207541E+02
    -0.6162486E+02     0.1207385E+02
    -0.6162674E+02     0.1207203E+02
    -0.6163004E+02     0.1205867E+02
    -0.6163344E+02     0.1204494E+02
    -0.6163814E+02     0.1204014E+02
    -0.6165080E+02     0.1203263E+02
    -0.6165997E+02     0.1202257E+02
    -0.6167261E+02     0.1201714E+02
    -0.6167586E+02     0.1202107E+02
    -0.6168193E+02     0.1202018E+02
    -0.6167987E+02     0.1201373E+02
    -0.6168105E+02     0.1201121E+02
    -0.6168386E+02     0.1201077E+02
    -0.6169365E+02     0.1201428E+02
    -0.6169785E+02     0.1201408E+02
    -0.6170020E+02     0.1201225E+02
    -0.6169697E+02     0.1200556E+02
    -0.6170143E+02     0.1200145E+02
    -0.6170591E+02     0.1199412E+02
    -0.6170712E+02     0.1199380E+02
    -0.6170848E+02     0.1199345E+02
    -0.6170960E+02     0.1200150E+02
    -0.6171099E+02     0.1200312E+02
    -0.6172289E+02     0.1200527E+02
    -0.6173056E+02     0.1201129E+02
    -0.6173500E+02     0.1201063E+02
    -0.6174182E+02     0.1200285E+02
    -0.6174884E+02     0.1200083E+02
    -0.6175472E+02     0.1199281E+02
    -0.6175799E+02     0.1199237E+02
    -0.6175962E+02     0.1199399E+02
    -0.6175818E+02     0.1199973E+02
    -0.6175885E+02     0.1200526E+02
    -0.6176235E+02     0.1200597E+02
    -0.6177056E+02     0.1200050E+02
    -0.6177570E+02     0.1199961E+02
    -0.6178503E+02     0.1200174E+02
    -0.6179718E+02     0.1199928E+02
    -0.6179998E+02     0.1200091E+02
    -0.6179968E+02     0.1200208E+02
    -0.6179878E+02     0.1200573E+02
    -0.6179503E+02     0.1200823E+02
    -0.6178498E+02     0.1201047E+02
    -0.6177911E+02     0.1201619E+02
    -0.6176857E+02     0.1202233E+02
    -0.6174883E+02     0.1204245E+02
    -0.6174764E+02     0.1204658E+02
    -0.6175205E+02     0.1205166E+02
    -0.6175342E+02     0.1205696E+02
    -0.6175222E+02     0.1206293E+02
    -0.6175958E+02     0.1208298E+02
    -0.6175932E+02     0.1208896E+02
    -0.6175250E+02     0.1209651E+02
    -0.6174632E+02     0.1211487E+02
    -0.6174932E+02     0.1212040E+02
    -0.6174459E+02     0.1213049E+02
    -0.6174525E+02     0.1213762E+02
    -0.6174195E+02     0.1214289E+02
    -0.6173515E+02     0.1214837E+02
    -0.6173014E+02     0.1216604E+02
    -0.6171809E+02     0.1218919E+02
    -0.6170190E+02     0.1220036E+02
    -0.6169944E+02     0.1220342E+02
    -0.6168919E+02     0.1221615E+02
    -0.6167233E+02     0.1222179E+02
    -0.6166809E+02     0.1222751E+02
    -0.6166011E+02     0.1223298E+02
    -0.6165263E+02     0.1223178E+02
    -0.6163773E+02     0.1222294E+02
    -0.6163283E+02     0.1222245E+02
    -0.6162205E+02     0.1222652E+02
    -0.6161224E+02     0.1222554E+02
    -0.6160969E+02     0.1222184E+02
    -0.6160771E+02     0.1220251E+02
    -0.6160690E+02     0.1220103E+02
    -0.6160378E+02     0.1219536E+02
    -0.6160316E+02     0.1218317E+02
    -0.6159924E+02     0.1217348E+02
    -0.6160022E+02     0.1216705E+02
    -0.6160521E+02     0.1215421E+02
    -0.6160883E+02     0.1213537E+02
END
END
