guam
1
     0.1447893E+03     0.1347202E+02
     0.1446891E+03     0.1346358E+02
     0.1447005E+03     0.1346579E+02
     0.1447105E+03     0.1347376E+02
     0.1447171E+03     0.1347231E+02
     0.1447242E+03     0.1347823E+02
     0.1447280E+03     0.1347912E+02
     0.1447365E+03     0.1347755E+02
     0.1447461E+03     0.1347572E+02
     0.1447506E+03     0.1347982E+02
     0.1447539E+03     0.1348048E+02
     0.1447616E+03     0.1347810E+02
     0.1447671E+03     0.1347966E+02
     0.1447726E+03     0.1348605E+02
     0.1447721E+03     0.1348951E+02
     0.1447677E+03     0.1349462E+02
     0.1447704E+03     0.1350127E+02
     0.1447794E+03     0.1350671E+02
     0.1447846E+03     0.1350689E+02
     0.1447911E+03     0.1350406E+02
     0.1448004E+03     0.1350789E+02
     0.1448035E+03     0.1351407E+02
     0.1448010E+03     0.1352607E+02
     0.1448030E+03     0.1353549E+02
     0.1448066E+03     0.1354238E+02
     0.1448134E+03     0.1355542E+02
     0.1448174E+03     0.1355999E+02
     0.1448246E+03     0.1357281E+02
     0.1448287E+03     0.1357622E+02
     0.1448352E+03     0.1359227E+02
     0.1448357E+03     0.1359826E+02
     0.1448340E+03     0.1361094E+02
     0.1448364E+03     0.1361989E+02
     0.1448509E+03     0.1364669E+02
     0.1448566E+03     0.1365123E+02
     0.1448599E+03     0.1365166E+02
     0.1448627E+03     0.1365232E+02
     0.1448634E+03     0.1365217E+02
     0.1448690E+03     0.1365088E+02
     0.1448723E+03     0.1364900E+02
     0.1448763E+03     0.1364275E+02
     0.1448875E+03     0.1363619E+02
     0.1448895E+03     0.1362718E+02
     0.1448920E+03     0.1362389E+02
     0.1449026E+03     0.1361669E+02
     0.1449077E+03     0.1360398E+02
     0.1449116E+03     0.1359933E+02
     0.1449225E+03     0.1359735E+02
     0.1449533E+03     0.1359821E+02
     0.1449540E+03     0.1359590E+02
     0.1449523E+03     0.1358800E+02
     0.1449517E+03     0.1358556E+02
     0.1449471E+03     0.1357180E+02
     0.1449411E+03     0.1356173E+02
     0.1449371E+03     0.1354450E+02
     0.1449297E+03     0.1352869E+02
     0.1449211E+03     0.1351680E+02
     0.1449005E+03     0.1350918E+02
     0.1448943E+03     0.1350211E+02
     0.1448902E+03     0.1349225E+02
     0.1448839E+03     0.1348930E+02
     0.1448771E+03     0.1348617E+02
     0.1448643E+03     0.1347593E+02
     0.1448535E+03     0.1346038E+02
     0.1448436E+03     0.1345795E+02
     0.1448379E+03     0.1345386E+02
     0.1448286E+03     0.1344129E+02
     0.1448229E+03     0.1343697E+02
     0.1448142E+03     0.1343499E+02
     0.1448104E+03     0.1343111E+02
     0.1448067E+03     0.1342355E+02
     0.1448044E+03     0.1342196E+02
     0.1447938E+03     0.1342367E+02
     0.1447878E+03     0.1341673E+02
     0.1447875E+03     0.1340762E+02
     0.1447813E+03     0.1340100E+02
     0.1447755E+03     0.1338787E+02
     0.1447699E+03     0.1336335E+02
     0.1447719E+03     0.1335389E+02
     0.1447719E+03     0.1333800E+02
     0.1447705E+03     0.1333548E+02
     0.1447655E+03     0.1333276E+02
     0.1447711E+03     0.1332856E+02
     0.1447704E+03     0.1330347E+02
     0.1447686E+03     0.1329335E+02
     0.1447643E+03     0.1328718E+02
     0.1447633E+03     0.1327890E+02
     0.1447581E+03     0.1327642E+02
     0.1447545E+03     0.1327254E+02
     0.1447512E+03     0.1327326E+02
     0.1447484E+03     0.1327190E+02
     0.1447486E+03     0.1326868E+02
     0.1447382E+03     0.1326394E+02
     0.1447407E+03     0.1325862E+02
     0.1447391E+03     0.1325609E+02
     0.1447331E+03     0.1324672E+02
     0.1447231E+03     0.1324060E+02
     0.1447210E+03     0.1324062E+02
     0.1447201E+03     0.1324500E+02
     0.1447137E+03     0.1324230E+02
     0.1447017E+03     0.1324195E+02
     0.1446849E+03     0.1324994E+02
     0.1446743E+03     0.1325212E+02
     0.1446622E+03     0.1326351E+02
     0.1446576E+03     0.1327737E+02
     0.1446555E+03     0.1327900E+02
     0.1446546E+03     0.1328477E+02
     0.1446584E+03     0.1329467E+02
     0.1446595E+03     0.1329739E+02
     0.1446541E+03     0.1330043E+02
     0.1446527E+03     0.1330620E+02
     0.1446552E+03     0.1331263E+02
     0.1446514E+03     0.1331681E+02
     0.1446496E+03     0.1332627E+02
     0.1446427E+03     0.1333692E+02
     0.1446349E+03     0.1333861E+02
     0.1446411E+03     0.1334546E+02
     0.1446484E+03     0.1336473E+02
     0.1446509E+03     0.1338129E+02
     0.1446592E+03     0.1338812E+02
     0.1446602E+03     0.1339180E+02
     0.1446585E+03     0.1340007E+02
     0.1446584E+03     0.1340056E+02
     0.1446510E+03     0.1341030E+02
     0.1446395E+03     0.1341732E+02
     0.1446356E+03     0.1342749E+02
     0.1446314E+03     0.1343144E+02
     0.1446199E+03     0.1343776E+02
     0.1446192E+03     0.1344099E+02
     0.1446195E+03     0.1344444E+02
     0.1446252E+03     0.1344600E+02
     0.1446384E+03     0.1344335E+02
     0.1446447E+03     0.1343984E+02
     0.1446515E+03     0.1344046E+02
     0.1446562E+03     0.1343789E+02
     0.1446590E+03     0.1343947E+02
     0.1446623E+03     0.1343898E+02
     0.1446613E+03     0.1342840E+02
     0.1446641E+03     0.1341934E+02
     0.1446662E+03     0.1341643E+02
     0.1446673E+03     0.1341522E+02
     0.1446685E+03     0.1341774E+02
     0.1446717E+03     0.1343360E+02
     0.1446656E+03     0.1343596E+02
     0.1446647E+03     0.1343827E+02
     0.1446657E+03     0.1344310E+02
     0.1446744E+03     0.1344094E+02
     0.1446791E+03     0.1344205E+02
     0.1446815E+03     0.1345543E+02
     0.1446852E+03     0.1346225E+02
     0.1446891E+03     0.1346358E+02
END
END
