guatemala
1
    -0.9029446E+02     0.1381170E+02
    -0.9028490E+02     0.1380558E+02
    -0.9029858E+02     0.1380984E+02
    -0.9030425E+02     0.1381370E+02
    -0.9030193E+02     0.1381648E+02
    -0.9029887E+02     0.1381650E+02
    -0.9028187E+02     0.1380928E+02
    -0.9027997E+02     0.1380677E+02
    -0.9028490E+02     0.1380558E+02
END
2
    -0.9092232E+02     0.1587758E+02
    -0.9137288E+02     0.1720786E+02
    -0.9137511E+02     0.1720968E+02
    -0.9138490E+02     0.1721311E+02
    -0.9139994E+02     0.1720872E+02
    -0.9141547E+02     0.1721145E+02
    -0.9142458E+02     0.1722038E+02
    -0.9143755E+02     0.1725004E+02
    -0.9142935E+02     0.1725146E+02
    -0.9099025E+02     0.1725850E+02
    -0.9098163E+02     0.1781522E+02
    -0.9000000E+02     0.1781216E+02
    -0.8914696E+02     0.1780950E+02
    -0.8914571E+02     0.1704897E+02
    -0.8921568E+02     0.1601715E+02
    -0.8921686E+02     0.1600000E+02
    -0.8921986E+02     0.1596866E+02
    -0.8922482E+02     0.1592554E+02
    -0.8922346E+02     0.1589967E+02
    -0.8922174E+02     0.1589188E+02
    -0.8921664E+02     0.1588943E+02
    -0.8920600E+02     0.1589328E+02
    -0.8919376E+02     0.1589771E+02
    -0.8918612E+02     0.1589773E+02
    -0.8918510E+02     0.1590234E+02
    -0.8918510E+02     0.1590234E+02
    -0.8918408E+02     0.1590631E+02
    -0.8918125E+02     0.1590953E+02
    -0.8917793E+02     0.1590978E+02
    -0.8917342E+02     0.1590865E+02
    -0.8916081E+02     0.1589791E+02
    -0.8915037E+02     0.1589406E+02
    -0.8914445E+02     0.1589568E+02
    -0.8913429E+02     0.1590375E+02
    -0.8912691E+02     0.1589735E+02
    -0.8911958E+02     0.1589853E+02
    -0.8911696E+02     0.1589624E+02
    -0.8911292E+02     0.1589534E+02
    -0.8911222E+02     0.1589718E+02
    -0.8911485E+02     0.1590313E+02
    -0.8910941E+02     0.1590659E+02
    -0.8910184E+02     0.1590868E+02
    -0.8909260E+02     0.1590895E+02
    -0.8908808E+02     0.1590667E+02
    -0.8908618E+02     0.1590322E+02
    -0.8908115E+02     0.1589408E+02
    -0.8907832E+02     0.1589432E+02
    -0.8907764E+02     0.1590487E+02
    -0.8907576E+02     0.1590717E+02
    -0.8907339E+02     0.1590672E+02
    -0.8906553E+02     0.1589803E+02
    -0.8906245E+02     0.1589712E+02
    -0.8906293E+02     0.1590148E+02
    -0.8906129E+02     0.1590561E+02
    -0.8906250E+02     0.1591020E+02
    -0.8906085E+02     0.1591318E+02
    -0.8905824E+02     0.1591388E+02
    -0.8905563E+02     0.1591228E+02
    -0.8905251E+02     0.1590152E+02
    -0.8905013E+02     0.1589992E+02
    -0.8904188E+02     0.1591073E+02
    -0.8903587E+02     0.1591143E+02
    -0.8903587E+02     0.1591143E+02
    -0.8903326E+02     0.1591174E+02
    -0.8902324E+02     0.1590792E+02
    -0.8901923E+02     0.1590461E+02
    -0.8901579E+02     0.1589551E+02
    -0.8901151E+02     0.1589524E+02
    -0.8900039E+02     0.1590134E+02
    -0.8899668E+02     0.1590163E+02
    -0.8898412E+02     0.1589516E+02
    -0.8896756E+02     0.1589354E+02
    -0.8894872E+02     0.1588930E+02
    -0.8893882E+02     0.1589004E+02
    -0.8893882E+02     0.1589004E+02
    -0.8894366E+02     0.1588856E+02
    -0.8895575E+02     0.1588784E+02
    -0.8895885E+02     0.1588908E+02
    -0.8896880E+02     0.1589307E+02
    -0.8897354E+02     0.1589283E+02
    -0.8897827E+02     0.1589029E+02
    -0.8899104E+02     0.1588245E+02
    -0.8898629E+02     0.1587880E+02
    -0.8897966E+02     0.1588019E+02
    -0.8898251E+02     0.1588385E+02
    -0.8897234E+02     0.1588870E+02
    -0.8896358E+02     0.1588557E+02
    -0.8895834E+02     0.1588370E+02
    -0.8895289E+02     0.1588349E+02
    -0.8894460E+02     0.1588604E+02
    -0.8892397E+02     0.1588380E+02
    -0.8892065E+02     0.1588450E+02
    -0.8891547E+02     0.1589094E+02
    -0.8891167E+02     0.1589164E+02
    -0.8890265E+02     0.1588593E+02
    -0.8889478E+02     0.1587082E+02
    -0.8888596E+02     0.1585914E+02
    -0.8888122E+02     0.1585824E+02
    -0.8887626E+02     0.1586192E+02
    -0.8887055E+02     0.1585804E+02
    -0.8886558E+02     0.1585828E+02
    -0.8886345E+02     0.1585989E+02
    -0.8885895E+02     0.1585922E+02
    -0.8885847E+02     0.1585962E+02
    -0.8885564E+02     0.1586198E+02
    -0.8883928E+02     0.1585950E+02
    -0.8882865E+02     0.1587077E+02
    -0.8881867E+02     0.1586254E+02
    -0.8880088E+02     0.1585891E+02
    -0.8879043E+02     0.1585091E+02
    -0.8876931E+02     0.1584064E+02
    -0.8875862E+02     0.1583355E+02
    -0.8875291E+02     0.1582737E+02
    -0.8875153E+02     0.1582324E+02
    -0.8875153E+02     0.1582324E+02
    -0.8873180E+02     0.1581213E+02
    -0.8873180E+02     0.1581213E+02
    -0.8872918E+02     0.1581321E+02
    -0.8872491E+02     0.1581046E+02
    -0.8872347E+02     0.1580542E+02
    -0.8872264E+02     0.1580425E+02
    -0.8871990E+02     0.1580038E+02
    -0.8868811E+02     0.1578394E+02
    -0.8867386E+02     0.1577066E+02
    -0.8864633E+02     0.1575214E+02
    -0.8863401E+02     0.1575101E+02
    -0.8862784E+02     0.1574758E+02
    -0.8862592E+02     0.1573956E+02
    -0.8862948E+02     0.1573932E+02
    -0.8863255E+02     0.1573610E+02
    -0.8862661E+02     0.1572809E+02
    -0.8863182E+02     0.1572900E+02
    -0.8863419E+02     0.1572807E+02
    -0.8863347E+02     0.1572440E+02
    -0.8863536E+02     0.1572348E+02
    -0.8863725E+02     0.1571958E+02
    -0.8863605E+02     0.1571499E+02
    -0.8863960E+02     0.1571407E+02
    -0.8864669E+02     0.1570878E+02
    -0.8864787E+02     0.1570625E+02
    -0.8864809E+02     0.1569937E+02
    -0.8864310E+02     0.1569181E+02
    -0.8863599E+02     0.1569251E+02
    -0.8863219E+02     0.1569022E+02
    -0.8862652E+02     0.1569184E+02
    -0.8861941E+02     0.1569048E+02
    -0.8861586E+02     0.1569140E+02
    -0.8861089E+02     0.1569531E+02
    -0.8860449E+02     0.1569418E+02
    -0.8860143E+02     0.1569648E+02
    -0.8860120E+02     0.1570336E+02
    -0.8859718E+02     0.1570474E+02
    -0.8860275E+02     0.1571085E+02
    -0.8860406E+02     0.1571230E+02
    -0.8860503E+02     0.1571643E+02
    -0.8860504E+02     0.1572262E+02
    -0.8860151E+02     0.1573433E+02
    -0.8859773E+02     0.1573755E+02
    -0.8858991E+02     0.1573825E+02
    -0.8858636E+02     0.1574009E+02
    -0.8857574E+02     0.1575295E+02
    -0.8857669E+02     0.1575548E+02
    -0.8858237E+02     0.1575134E+02
    -0.8858473E+02     0.1575179E+02
    -0.8858735E+02     0.1575615E+02
    -0.8858500E+02     0.1576234E+02
    -0.8857791E+02     0.1577245E+02
    -0.8856680E+02     0.1578486E+02
    -0.8856087E+02     0.1580039E+02
    -0.8855550E+02     0.1581447E+02
    -0.8855670E+02     0.1582203E+02
    -0.8855907E+02     0.1582272E+02
    -0.8856048E+02     0.1581744E+02
    -0.8856451E+02     0.1581858E+02
    -0.8856570E+02     0.1582316E+02
    -0.8856364E+02     0.1585230E+02
    -0.8855888E+02     0.1584359E+02
    -0.8855153E+02     0.1584039E+02
    -0.8855151E+02     0.1583512E+02
    -0.8854915E+02     0.1583604E+02
    -0.8854443E+02     0.1584361E+02
    -0.8854063E+02     0.1584431E+02
    -0.8852592E+02     0.1583607E+02
    -0.8852271E+02     0.1583682E+02
    -0.8852095E+02     0.1583723E+02
    -0.8851550E+02     0.1583609E+02
    -0.8851193E+02     0.1583288E+02
    -0.8850340E+02     0.1583129E+02
    -0.8849512E+02     0.1583566E+02
    -0.8849204E+02     0.1583934E+02
    -0.8849514E+02     0.1584598E+02
    -0.8850012E+02     0.1585079E+02
    -0.8851127E+02     0.1585376E+02
    -0.8851293E+02     0.1585697E+02
    -0.8851224E+02     0.1586614E+02
    -0.8852457E+02     0.1587117E+02
    -0.8854401E+02     0.1587389E+02
    -0.8854209E+02     0.1586243E+02
    -0.8854588E+02     0.1585967E+02
    -0.8854754E+02     0.1586081E+02
    -0.8854980E+02     0.1588476E+02
    -0.8855021E+02     0.1588902E+02
    -0.8855259E+02     0.1589314E+02
    -0.8856161E+02     0.1589932E+02
    -0.8856376E+02     0.1590666E+02
    -0.8857372E+02     0.1591146E+02
    -0.8857848E+02     0.1591787E+02
    -0.8859081E+02     0.1591945E+02
    -0.8859556E+02     0.1592312E+02
    -0.8859866E+02     0.1592861E+02
    -0.8860435E+02     0.1593227E+02
    -0.8861479E+02     0.1593386E+02
    -0.8861907E+02     0.1594027E+02
    -0.8862266E+02     0.1595242E+02
    -0.8862338E+02     0.1595770E+02
    -0.8862173E+02     0.1596068E+02
    -0.8861136E+02     0.1596219E+02
    -0.8860419E+02     0.1596323E+02
    -0.8859233E+02     0.1596096E+02
    -0.8857904E+02     0.1595548E+02
    -0.8854961E+02     0.1593718E+02
    -0.8853274E+02     0.1591886E+02
    -0.8852039E+02     0.1591063E+02
    -0.8850485E+02     0.1589664E+02
    -0.8849902E+02     0.1589139E+02
    -0.8844183E+02     0.1585064E+02
    -0.8842166E+02     0.1583966E+02
    -0.8839611E+02     0.1582813E+02
    -0.8838870E+02     0.1582479E+02
    -0.8836806E+02     0.1581036E+02
    -0.8834767E+02     0.1580005E+02
    -0.8831684E+02     0.1578058E+02
    -0.8830286E+02     0.1577348E+02
    -0.8828919E+02     0.1575798E+02
    -0.8828246E+02     0.1575033E+02
    -0.8826562E+02     0.1573520E+02
    -0.8824358E+02     0.1572397E+02
    -0.8822533E+02     0.1572329E+02
    -0.8822320E+02     0.1572008E+02
    -0.8822320E+02     0.1572008E+02
    -0.8823702E+02     0.1571710E+02
    -0.8824590E+02     0.1571822E+02
    -0.8824988E+02     0.1571741E+02
    -0.8825197E+02     0.1571559E+02
    -0.8825260E+02     0.1571255E+02
    -0.8824633E+02     0.1570546E+02
    -0.8824445E+02     0.1569938E+02
    -0.8824655E+02     0.1569371E+02
    -0.8825193E+02     0.1568726E+02
    -0.8825607E+02     0.1568387E+02
    -0.8825957E+02     0.1568294E+02
    -0.8826881E+02     0.1568387E+02
    -0.8827391E+02     0.1568264E+02
    -0.8827678E+02     0.1568110E+02
    -0.8828411E+02     0.1567123E+02
    -0.8828793E+02     0.1566969E+02
    -0.8829971E+02     0.1566969E+02
    -0.8830608E+02     0.1566599E+02
    -0.8830757E+02     0.1566475E+02
    -0.8831310E+02     0.1566013E+02
    -0.8834081E+02     0.1562003E+02
    -0.8835483E+02     0.1560399E+02
    -0.8839523E+02     0.1557318E+02
    -0.8841309E+02     0.1555956E+02
    -0.8849461E+02     0.1549171E+02
    -0.8854102E+02     0.1545306E+02
    -0.8856265E+02     0.1543360E+02
    -0.8857632E+02     0.1541878E+02
    -0.8859223E+02     0.1541877E+02
    -0.8859473E+02     0.1541710E+02
    -0.8860146E+02     0.1541259E+02
    -0.8864183E+02     0.1537151E+02
    -0.8868252E+02     0.1533783E+02
    -0.8869078E+02     0.1533251E+02
    -0.8873147E+02     0.1530629E+02
    -0.8879820E+02     0.1526731E+02
    -0.8880116E+02     0.1526581E+02
    -0.8881822E+02     0.1525710E+02
    -0.8882616E+02     0.1525523E+02
    -0.8888237E+02     0.1520946E+02
    -0.8890430E+02     0.1519073E+02
    -0.8896711E+02     0.1513706E+02
    -0.8901016E+02     0.1512046E+02
    -0.8904841E+02     0.1510570E+02
    -0.8911795E+02     0.1508207E+02
    -0.8913187E+02     0.1507631E+02
    -0.8914874E+02     0.1506933E+02
    -0.8915445E+02     0.1506530E+02
    -0.8915855E+02     0.1505294E+02
    -0.8917025E+02     0.1503408E+02
    -0.8917180E+02     0.1502080E+02
    -0.8917845E+02     0.1501399E+02
    -0.8918155E+02     0.1500000E+02
    -0.8918221E+02     0.1499700E+02
    -0.8918092E+02     0.1499082E+02
    -0.8917773E+02     0.1498713E+02
    -0.8916286E+02     0.1498210E+02
    -0.8915961E+02     0.1498100E+02
    -0.8915833E+02     0.1497854E+02
    -0.8916587E+02     0.1494764E+02
    -0.8917378E+02     0.1493712E+02
    -0.8917956E+02     0.1491644E+02
    -0.8918312E+02     0.1490907E+02
    -0.8918828E+02     0.1490325E+02
    -0.8921770E+02     0.1488806E+02
    -0.8922204E+02     0.1488418E+02
    -0.8922247E+02     0.1488379E+02
    -0.8922445E+02     0.1487991E+02
    -0.8922522E+02     0.1487255E+02
    -0.8922393E+02     0.1483964E+02
    -0.8922192E+02     0.1483345E+02
    -0.8920393E+02     0.1480873E+02
    -0.8919514E+02     0.1479907E+02
    -0.8917159E+02     0.1477784E+02
    -0.8916840E+02     0.1477320E+02
    -0.8916679E+02     0.1476817E+02
    -0.8916868E+02     0.1473293E+02
    -0.8916588E+02     0.1472712E+02
    -0.8916149E+02     0.1472288E+02
    -0.8913838E+02     0.1471248E+02
    -0.8913479E+02     0.1470940E+02
    -0.8913319E+02     0.1470553E+02
    -0.8913396E+02     0.1469972E+02
    -0.8914703E+02     0.1467683E+02
    -0.8914789E+02     0.1467483E+02
    -0.8915297E+02     0.1466287E+02
    -0.8915189E+02     0.1464788E+02
    -0.8914769E+02     0.1462743E+02
    -0.8914629E+02     0.1460250E+02
    -0.8915538E+02     0.1457221E+02
    -0.8916854E+02     0.1456958E+02
    -0.8917653E+02     0.1457069E+02
    -0.8917773E+02     0.1457085E+02
    -0.8921758E+02     0.1458371E+02
    -0.8922734E+02     0.1458281E+02
    -0.8923872E+02     0.1457745E+02
    -0.8924905E+02     0.1456805E+02
    -0.8925198E+02     0.1455694E+02
    -0.8925537E+02     0.1455189E+02
    -0.8927279E+02     0.1453742E+02
    -0.8927860E+02     0.1453066E+02
    -0.8928075E+02     0.1452817E+02
    -0.8928912E+02     0.1451099E+02
    -0.8930167E+02     0.1450259E+02
    -0.8930946E+02     0.1448527E+02
    -0.8933946E+02     0.1447580E+02
    -0.8934331E+02     0.1447391E+02
    -0.8934831E+02     0.1446813E+02
    -0.8935008E+02     0.1446495E+02
    -0.8935079E+02     0.1445746E+02
    -0.8934997E+02     0.1444080E+02
    -0.8934921E+02     0.1442546E+02
    -0.8934995E+02     0.1442176E+02
    -0.8935007E+02     0.1442113E+02
    -0.8935303E+02     0.1441853E+02
    -0.8935628E+02     0.1441765E+02
    -0.8936102E+02     0.1441879E+02
    -0.8937525E+02     0.1442970E+02
    -0.8937821E+02     0.1443026E+02
    -0.8938249E+02     0.1442722E+02
    -0.8938442E+02     0.1442865E+02
    -0.8938476E+02     0.1444018E+02
    -0.8938640E+02     0.1444320E+02
    -0.8938951E+02     0.1444507E+02
    -0.8939395E+02     0.1444505E+02
    -0.8939881E+02     0.1443999E+02
    -0.8940793E+02     0.1442453E+02
    -0.8942194E+02     0.1441237E+02
    -0.8942252E+02     0.1441209E+02
    -0.8942548E+02     0.1441063E+02
    -0.8943568E+02     0.1441059E+02
    -0.8944486E+02     0.1441200E+02
    -0.8945893E+02     0.1441728E+02
    -0.8947993E+02     0.1441590E+02
    -0.8948673E+02     0.1441415E+02
    -0.8950900E+02     0.1439590E+02
    -0.8951797E+02     0.1438361E+02
    -0.8952136E+02     0.1438201E+02
    -0.8952699E+02     0.1438256E+02
    -0.8952995E+02     0.1438428E+02
    -0.8953187E+02     0.1439003E+02
    -0.8953639E+02     0.1440357E+02
    -0.8954190E+02     0.1441205E+02
    -0.8954516E+02     0.1441319E+02
    -0.8955772E+02     0.1441242E+02
    -0.8956393E+02     0.1441066E+02
    -0.8957234E+02     0.1440572E+02
    -0.8957499E+02     0.1440197E+02
    -0.8957732E+02     0.1439259E+02
    -0.8957648E+02     0.1437255E+02
    -0.8957543E+02     0.1436780E+02
    -0.8956517E+02     0.1435401E+02
    -0.8956516E+02     0.1435083E+02
    -0.8956573E+02     0.1434737E+02
    -0.8956838E+02     0.1434505E+02
    -0.8957269E+02     0.1434537E+02
    -0.8957578E+02     0.1434560E+02
    -0.8958051E+02     0.1434356E+02
    -0.8958459E+02     0.1433172E+02
    -0.8958541E+02     0.1431630E+02
    -0.8958421E+02     0.1431284E+02
    -0.8956350E+02     0.1431062E+02
    -0.8955654E+02     0.1430806E+02
    -0.8954733E+02     0.1429844E+02
    -0.8954193E+02     0.1428200E+02
    -0.8954193E+02     0.1428200E+02
    -0.8952911E+02     0.1426498E+02
    -0.8951681E+02     0.1423436E+02
    -0.8951943E+02     0.1422364E+02
    -0.8951943E+02     0.1422364E+02
    -0.8952058E+02     0.1422222E+02
    -0.8952309E+02     0.1422058E+02
    -0.8953143E+02     0.1421626E+02
    -0.8954665E+02     0.1421192E+02
    -0.8956791E+02     0.1420104E+02
    -0.8959442E+02     0.1419807E+02
    -0.8961720E+02     0.1420123E+02
    -0.8962556E+02     0.1420079E+02
    -0.8963244E+02     0.1419913E+02
    -0.8963827E+02     0.1419605E+02
    -0.8966119E+02     0.1418392E+02
    -0.8967179E+02     0.1417389E+02
    -0.8969797E+02     0.1414444E+02
    -0.8972017E+02     0.1411561E+02
    -0.8972435E+02     0.1410490E+02
    -0.8972615E+02     0.1410030E+02
    -0.8973670E+02     0.1408150E+02
    -0.8974288E+02     0.1406416E+02
    -0.8974285E+02     0.1405804E+02
    -0.8973770E+02     0.1403300E+02
    -0.8973770E+02     0.1403300E+02
    -0.8975111E+02     0.1403238E+02
    -0.8975842E+02     0.1403440E+02
    -0.8976383E+02     0.1403414E+02
    -0.8977251E+02     0.1403041E+02
    -0.8977652E+02     0.1403062E+02
    -0.8978671E+02     0.1403998E+02
    -0.8981380E+02     0.1405674E+02
    -0.8981380E+02     0.1405674E+02
    -0.8982028E+02     0.1406010E+02
    -0.8982303E+02     0.1406152E+02
    -0.8983513E+02     0.1405982E+02
    -0.8984825E+02     0.1405589E+02
    -0.8985283E+02     0.1405219E+02
    -0.8985800E+02     0.1404443E+02
    -0.8986217E+02     0.1404277E+02
    -0.8989346E+02     0.1403751E+02
    -0.8989761E+02     0.1403484E+02
    -0.8990072E+02     0.1403034E+02
    -0.8990897E+02     0.1401196E+02
    -0.8992504E+02     0.1400492E+02
    -0.8992792E+02     0.1400508E+02
    -0.8992921E+02     0.1400263E+02
    -0.8992921E+02     0.1400263E+02
    -0.8993303E+02     0.1399540E+02
    -0.8993818E+02     0.1399215E+02
    -0.8994143E+02     0.1398569E+02
    -0.8995362E+02     0.1397941E+02
    -0.8995973E+02     0.1397868E+02
    -0.8996437E+02     0.1396900E+02
    -0.8996858E+02     0.1396575E+02
    -0.8997328E+02     0.1396503E+02
    -0.8997493E+02     0.1396479E+02
    -0.8997794E+02     0.1395925E+02
    -0.8999041E+02     0.1395802E+02
    -0.8999344E+02     0.1395455E+02
    -0.9000000E+02     0.1395431E+02
    -0.9000097E+02     0.1395427E+02
    -0.9000658E+02     0.1394941E+02
    -0.9001076E+02     0.1394134E+02
    -0.9001709E+02     0.1393877E+02
    -0.9002106E+02     0.1393529E+02
    -0.9002671E+02     0.1393571E+02
    -0.9002701E+02     0.1393077E+02
    -0.9002701E+02     0.1393077E+02
    -0.9002637E+02     0.1392360E+02
    -0.9002783E+02     0.1391952E+02
    -0.9003526E+02     0.1391657E+02
    -0.9003703E+02     0.1391424E+02
    -0.9003309E+02     0.1390263E+02
    -0.9003513E+02     0.1389535E+02
    -0.9004254E+02     0.1389036E+02
    -0.9006336E+02     0.1388704E+02
    -0.9006658E+02     0.1387859E+02
    -0.9007936E+02     0.1387502E+02
    -0.9008260E+02     0.1387006E+02
    -0.9008814E+02     0.1385083E+02
    -0.9009179E+02     0.1384471E+02
    -0.9009492E+02     0.1383945E+02
    -0.9010025E+02     0.1383635E+02
    -0.9010025E+02     0.1383635E+02
    -0.9010379E+02     0.1383428E+02
    -0.9010944E+02     0.1383401E+02
    -0.9011267E+02     0.1382641E+02
    -0.9011215E+02     0.1382067E+02
    -0.9010690E+02     0.1381151E+02
    -0.9010616E+02     0.1380669E+02
    -0.9011224E+02     0.1380182E+02
    -0.9011150E+02     0.1379815E+02
    -0.9011430E+02     0.1379606E+02
    -0.9011580E+02     0.1377697E+02
    -0.9011366E+02     0.1377423E+02
    -0.9010616E+02     0.1377635E+02
    -0.9010435E+02     0.1377308E+02
    -0.9010435E+02     0.1377308E+02
    -0.9009681E+02     0.1376092E+02
    -0.9009557E+02     0.1375395E+02
    -0.9009791E+02     0.1374638E+02
    -0.9010144E+02     0.1374054E+02
    -0.9010410E+02     0.1373820E+02
    -0.9010796E+02     0.1373730E+02
    -0.9011871E+02     0.1374247E+02
    -0.9012333E+02     0.1374151E+02
    -0.9012866E+02     0.1373827E+02
    -0.9012866E+02     0.1373827E+02
    -0.9021456E+02     0.1377578E+02
    -0.9023981E+02     0.1378639E+02
    -0.9027097E+02     0.1379925E+02
    -0.9027148E+02     0.1380408E+02
    -0.9027930E+02     0.1381183E+02
    -0.9029678E+02     0.1381951E+02
    -0.9030973E+02     0.1382147E+02
    -0.9031008E+02     0.1381871E+02
    -0.9031091E+02     0.1381900E+02
    -0.9031091E+02     0.1381900E+02
    -0.9032911E+02     0.1382529E+02
    -0.9035100E+02     0.1383501E+02
    -0.9037979E+02     0.1385059E+02
    -0.9040108E+02     0.1385728E+02
    -0.9040794E+02     0.1386205E+02
    -0.9042587E+02     0.1386679E+02
    -0.9044331E+02     0.1387141E+02
    -0.9047379E+02     0.1388494E+02
    -0.9047527E+02     0.1388485E+02
    -0.9047527E+02     0.1388485E+02
    -0.9047826E+02     0.1388467E+02
    -0.9049617E+02     0.1388820E+02
    -0.9052403E+02     0.1389876E+02
    -0.9054845E+02     0.1390472E+02
    -0.9057308E+02     0.1391074E+02
    -0.9062165E+02     0.1392042E+02
    -0.9067088E+02     0.1392594E+02
    -0.9067575E+02     0.1392581E+02
    -0.9073204E+02     0.1392423E+02
    -0.9075482E+02     0.1392033E+02
    -0.9075977E+02     0.1392121E+02
    -0.9076382E+02     0.1392485E+02
    -0.9077787E+02     0.1391920E+02
    -0.9079033E+02     0.1391793E+02
    -0.9080202E+02     0.1391824E+02
    -0.9081551E+02     0.1391860E+02
    -0.9083383E+02     0.1391567E+02
    -0.9087969E+02     0.1391338E+02
    -0.9089594E+02     0.1391391E+02
    -0.9089991E+02     0.1391203E+02
    -0.9091100E+02     0.1391468E+02
    -0.9091404E+02     0.1391304E+02
    -0.9091759E+02     0.1391530E+02
    -0.9091968E+02     0.1391183E+02
    -0.9094981E+02     0.1391314E+02
    -0.9098598E+02     0.1391207E+02
    -0.9103354E+02     0.1391066E+02
    -0.9108376E+02     0.1391255E+02
    -0.9110759E+02     0.1391496E+02
    -0.9111425E+02     0.1391849E+02
    -0.9111425E+02     0.1391849E+02
    -0.9116379E+02     0.1392191E+02
    -0.9118289E+02     0.1392515E+02
    -0.9119068E+02     0.1392547E+02
    -0.9120949E+02     0.1392623E+02
    -0.9124206E+02     0.1393414E+02
    -0.9125996E+02     0.1393532E+02
    -0.9127439E+02     0.1394182E+02
    -0.9130152E+02     0.1394749E+02
    -0.9131594E+02     0.1395284E+02
    -0.9138783E+02     0.1398028E+02
    -0.9143426E+02     0.1400294E+02
    -0.9143426E+02     0.1400294E+02
    -0.9145103E+02     0.1400802E+02
    -0.9145247E+02     0.1400961E+02
    -0.9145789E+02     0.1401024E+02
    -0.9148225E+02     0.1401891E+02
    -0.9152865E+02     0.1403926E+02
    -0.9153690E+02     0.1404404E+02
    -0.9153922E+02     0.1404527E+02
    -0.9154262E+02     0.1404529E+02
    -0.9155305E+02     0.1405022E+02
    -0.9155939E+02     0.1405426E+02
    -0.9157536E+02     0.1406442E+02
    -0.9160120E+02     0.1407766E+02
    -0.9161334E+02     0.1408716E+02
    -0.9163779E+02     0.1410133E+02
    -0.9165680E+02     0.1411442E+02
    -0.9165800E+02     0.1411647E+02
    -0.9166227E+02     0.1411825E+02
    -0.9166142E+02     0.1412493E+02
    -0.9166964E+02     0.1412344E+02
    -0.9167295E+02     0.1412455E+02
    -0.9169057E+02     0.1413788E+02
    -0.9170194E+02     0.1414348E+02
    -0.9171401E+02     0.1414723E+02
    -0.9171854E+02     0.1415177E+02
    -0.9171669E+02     0.1415363E+02
    -0.9170815E+02     0.1414961E+02
    -0.9170225E+02     0.1414990E+02
    -0.9171131E+02     0.1415669E+02
    -0.9172459E+02     0.1416272E+02
    -0.9172672E+02     0.1416191E+02
    -0.9172717E+02     0.1415954E+02
    -0.9172225E+02     0.1415439E+02
    -0.9174919E+02     0.1417045E+02
    -0.9175961E+02     0.1417422E+02
    -0.9176768E+02     0.1417940E+02
    -0.9178070E+02     0.1418359E+02
    -0.9178403E+02     0.1418631E+02
    -0.9178339E+02     0.1418761E+02
    -0.9178339E+02     0.1418761E+02
    -0.9178639E+02     0.1419015E+02
    -0.9178639E+02     0.1419015E+02
    -0.9179021E+02     0.1418990E+02
    -0.9180695E+02     0.1420691E+02
    -0.9180650E+02     0.1420922E+02
    -0.9179874E+02     0.1420955E+02
    -0.9179476E+02     0.1421167E+02
    -0.9179604E+02     0.1421411E+02
    -0.9179994E+02     0.1421524E+02
    -0.9180818E+02     0.1421420E+02
    -0.9181898E+02     0.1422377E+02
    -0.9182017E+02     0.1422139E+02
    -0.9181628E+02     0.1421713E+02
    -0.9181670E+02     0.1421391E+02
    -0.9181760E+02     0.1421440E+02
    -0.9182121E+02     0.1421638E+02
    -0.9183533E+02     0.1423181E+02
    -0.9189837E+02     0.1427348E+02
    -0.9191937E+02     0.1429157E+02
    -0.9194913E+02     0.1431253E+02
    -0.9197491E+02     0.1433401E+02
    -0.9198613E+02     0.1434396E+02
    -0.9198855E+02     0.1434806E+02
    -0.9198770E+02     0.1435023E+02
    -0.9198770E+02     0.1435023E+02
    -0.9199071E+02     0.1435266E+02
    -0.9199071E+02     0.1435266E+02
    -0.9199616E+02     0.1435278E+02
    -0.9203573E+02     0.1438187E+02
    -0.9203861E+02     0.1438527E+02
    -0.9203819E+02     0.1439042E+02
    -0.9203819E+02     0.1439042E+02
    -0.9204426E+02     0.1439172E+02
    -0.9204426E+02     0.1439172E+02
    -0.9204506E+02     0.1439116E+02
    -0.9208252E+02     0.1441791E+02
    -0.9209216E+02     0.1442479E+02
    -0.9214096E+02     0.1446423E+02
    -0.9218491E+02     0.1449525E+02
    -0.9218491E+02     0.1449525E+02
    -0.9218961E+02     0.1450034E+02
    -0.9218961E+02     0.1450034E+02
    -0.9219244E+02     0.1449955E+02
    -0.9219673E+02     0.1450225E+02
    -0.9221345E+02     0.1451533E+02
    -0.9222402E+02     0.1452781E+02
    -0.9222915E+02     0.1453045E+02
    -0.9223615E+02     0.1453406E+02
    -0.9224149E+02     0.1453962E+02
    -0.9224149E+02     0.1453962E+02
    -0.9223629E+02     0.1453531E+02
    -0.9223036E+02     0.1453293E+02
    -0.9222004E+02     0.1453287E+02
    -0.9221754E+02     0.1453495E+02
    -0.9221042E+02     0.1455227E+02
    -0.9220751E+02     0.1455560E+02
    -0.9219159E+02     0.1456114E+02
    -0.9218993E+02     0.1456281E+02
    -0.9218939E+02     0.1456999E+02
    -0.9218230E+02     0.1458155E+02
    -0.9218178E+02     0.1458240E+02
    -0.9217611E+02     0.1459868E+02
    -0.9217535E+02     0.1460484E+02
    -0.9217684E+02     0.1462123E+02
    -0.9217522E+02     0.1462576E+02
    -0.9217318E+02     0.1463030E+02
    -0.9216176E+02     0.1464194E+02
    -0.9216055E+02     0.1464605E+02
    -0.9214999E+02     0.1465973E+02
    -0.9214756E+02     0.1466653E+02
    -0.9214666E+02     0.1469259E+02
    -0.9214725E+02     0.1469750E+02
    -0.9214952E+02     0.1471654E+02
    -0.9215173E+02     0.1472369E+02
    -0.9215582E+02     0.1473020E+02
    -0.9216736E+02     0.1474091E+02
    -0.9216911E+02     0.1474622E+02
    -0.9216962E+02     0.1475236E+02
    -0.9216962E+02     0.1475236E+02
    -0.9216673E+02     0.1475418E+02
    -0.9216467E+02     0.1475565E+02
    -0.9216206E+02     0.1476030E+02
    -0.9216093E+02     0.1476465E+02
    -0.9216254E+02     0.1477328E+02
    -0.9216532E+02     0.1478133E+02
    -0.9216991E+02     0.1479108E+02
    -0.9217357E+02     0.1479796E+02
    -0.9217605E+02     0.1480543E+02
    -0.9217672E+02     0.1481120E+02
    -0.9217859E+02     0.1481880E+02
    -0.9217975E+02     0.1482302E+02
    -0.9218260E+02     0.1483344E+02
    -0.9218105E+02     0.1483989E+02
    -0.9217804E+02     0.1484407E+02
    -0.9217345E+02     0.1485194E+02
    -0.9216925E+02     0.1485568E+02
    -0.9216171E+02     0.1485670E+02
    -0.9216007E+02     0.1485776E+02
    -0.9216007E+02     0.1485776E+02
    -0.9214580E+02     0.1487263E+02
    -0.9214252E+02     0.1487965E+02
    -0.9214051E+02     0.1488685E+02
    -0.9214041E+02     0.1489485E+02
    -0.9214402E+02     0.1491161E+02
    -0.9214283E+02     0.1491846E+02
    -0.9214151E+02     0.1492428E+02
    -0.9214370E+02     0.1492838E+02
    -0.9214284E+02     0.1493344E+02
    -0.9214676E+02     0.1494280E+02
    -0.9214665E+02     0.1494888E+02
    -0.9214514E+02     0.1496203E+02
    -0.9214683E+02     0.1497698E+02
    -0.9214608E+02     0.1498396E+02
    -0.9214194E+02     0.1499042E+02
    -0.9214194E+02     0.1499042E+02
    -0.9214099E+02     0.1499172E+02
    -0.9213583E+02     0.1499876E+02
    -0.9213544E+02     0.1500000E+02
    -0.9213177E+02     0.1501167E+02
    -0.9212850E+02     0.1501425E+02
    -0.9212308E+02     0.1501478E+02
    -0.9211738E+02     0.1501303E+02
    -0.9210744E+02     0.1501248E+02
    -0.9210361E+02     0.1500863E+02
    -0.9209840E+02     0.1500825E+02
    -0.9209328E+02     0.1501268E+02
    -0.9207780E+02     0.1503609E+02
    -0.9207628E+02     0.1504461E+02
    -0.9207352E+02     0.1504947E+02
    -0.9206836E+02     0.1505184E+02
    -0.9206732E+02     0.1506126E+02
    -0.9206403E+02     0.1506522E+02
    -0.9206403E+02     0.1506522E+02
    -0.9206060E+02     0.1506984E+02
    -0.9205993E+02     0.1507075E+02
    -0.9213885E+02     0.1516961E+02
    -0.9217622E+02     0.1521636E+02
    -0.9221432E+02     0.1526208E+02
    -0.9220988E+02     0.1526908E+02
    -0.9215736E+02     0.1535161E+02
    -0.9214204E+02     0.1537675E+02
    -0.9210165E+02     0.1544295E+02
    -0.9207619E+02     0.1548560E+02
    -0.9201093E+02     0.1559478E+02
    -0.9197421E+02     0.1565616E+02
    -0.9194613E+02     0.1570420E+02
    -0.9188190E+02     0.1581396E+02
    -0.9181763E+02     0.1592368E+02
    -0.9178204E+02     0.1598441E+02
    -0.9177104E+02     0.1600000E+02
    -0.9172518E+02     0.1608010E+02
    -0.9044367E+02     0.1606804E+02
    -0.9044141E+02     0.1606801E+02
    -0.9044102E+02     0.1606953E+02
    -0.9044037E+02     0.1607204E+02
    -0.9044463E+02     0.1607572E+02
    -0.9044508E+02     0.1607940E+02
    -0.9044318E+02     0.1608214E+02
    -0.9043748E+02     0.1608464E+02
    -0.9043150E+02     0.1609348E+02
    -0.9042336E+02     0.1609669E+02
    -0.9042222E+02     0.1609980E+02
    -0.9042558E+02     0.1610118E+02
    -0.9043288E+02     0.1609877E+02
    -0.9044171E+02     0.1608912E+02
    -0.9044387E+02     0.1608677E+02
    -0.9044653E+02     0.1608705E+02
    -0.9045100E+02     0.1609033E+02
    -0.9045584E+02     0.1610241E+02
    -0.9045294E+02     0.1612015E+02
    -0.9045083E+02     0.1612312E+02
    -0.9044508E+02     0.1612404E+02
    -0.9043850E+02     0.1612197E+02
    -0.9043194E+02     0.1611720E+02
    -0.9042928E+02     0.1611664E+02
    -0.9042759E+02     0.1611799E+02
    -0.9042904E+02     0.1612635E+02
    -0.9042641E+02     0.1613391E+02
    -0.9042796E+02     0.1613474E+02
    -0.9042796E+02     0.1613474E+02
    -0.9042901E+02     0.1613529E+02
    -0.9044348E+02     0.1613672E+02
    -0.9044727E+02     0.1614018E+02
    -0.9044867E+02     0.1614500E+02
    -0.9044676E+02     0.1614935E+02
    -0.9044296E+02     0.1615163E+02
    -0.9043995E+02     0.1615213E+02
    -0.9043227E+02     0.1615342E+02
    -0.9042728E+02     0.1615799E+02
    -0.9042371E+02     0.1615867E+02
    -0.9042228E+02     0.1616187E+02
    -0.9042487E+02     0.1616945E+02
    -0.9042912E+02     0.1617291E+02
    -0.9044548E+02     0.1617824E+02
    -0.9044903E+02     0.1618284E+02
    -0.9045163E+02     0.1618583E+02
    -0.9045091E+02     0.1618767E+02
    -0.9045393E+02     0.1620181E+02
    -0.9045419E+02     0.1620304E+02
    -0.9045296E+02     0.1621313E+02
    -0.9044986E+02     0.1622023E+02
    -0.9044367E+02     0.1622480E+02
    -0.9043250E+02     0.1622842E+02
    -0.9042633E+02     0.1622886E+02
    -0.9043320E+02     0.1623439E+02
    -0.9043626E+02     0.1623968E+02
    -0.9043911E+02     0.1624015E+02
    -0.9044363E+02     0.1623557E+02
    -0.9044743E+02     0.1623559E+02
    -0.9045122E+02     0.1623973E+02
    -0.9045073E+02     0.1624546E+02
    -0.9044523E+02     0.1625623E+02
    -0.9044213E+02     0.1625942E+02
    -0.9043690E+02     0.1626170E+02
    -0.9043192E+02     0.1626007E+02
    -0.9042292E+02     0.1625293E+02
    -0.9042149E+02     0.1625705E+02
    -0.9042165E+02     0.1625779E+02
    -0.9042336E+02     0.1626578E+02
    -0.9043402E+02     0.1627155E+02
    -0.9043780E+02     0.1627936E+02
    -0.9043612E+02     0.1628417E+02
    -0.9043207E+02     0.1628783E+02
    -0.9043633E+02     0.1629312E+02
    -0.9043655E+02     0.1629679E+02
    -0.9043488E+02     0.1630114E+02
    -0.9043059E+02     0.1630388E+02
    -0.9040850E+02     0.1630517E+02
    -0.9040587E+02     0.1630998E+02
    -0.9041033E+02     0.1632468E+02
    -0.9040818E+02     0.1632811E+02
    -0.9040034E+02     0.1633037E+02
    -0.9039560E+02     0.1633916E+02
    -0.9039243E+02     0.1634000E+02
    -0.9039427E+02     0.1634255E+02
    -0.9039675E+02     0.1634598E+02
    -0.9039857E+02     0.1635322E+02
    -0.9040157E+02     0.1635255E+02
    -0.9040286E+02     0.1634031E+02
    -0.9040638E+02     0.1634118E+02
    -0.9040987E+02     0.1634758E+02
    -0.9040902E+02     0.1635914E+02
    -0.9040044E+02     0.1636960E+02
    -0.9039472E+02     0.1637279E+02
    -0.9038593E+02     0.1637252E+02
    -0.9038000E+02     0.1636906E+02
    -0.9037410E+02     0.1635802E+02
    -0.9037025E+02     0.1635809E+02
    -0.9036790E+02     0.1636328E+02
    -0.9036884E+02     0.1636718E+02
    -0.9037192E+02     0.1636971E+02
    -0.9038256E+02     0.1637467E+02
    -0.9038256E+02     0.1637467E+02
    -0.9038338E+02     0.1637506E+02
    -0.9038782E+02     0.1637712E+02
    -0.9039445E+02     0.1638219E+02
    -0.9039870E+02     0.1638932E+02
    -0.9039940E+02     0.1639529E+02
    -0.9038853E+02     0.1639971E+02
    -0.9038558E+02     0.1640418E+02
    -0.9038557E+02     0.1640808E+02
    -0.9039317E+02     0.1641041E+02
    -0.9039914E+02     0.1639965E+02
    -0.9040414E+02     0.1639898E+02
    -0.9040769E+02     0.1640197E+02
    -0.9041121E+02     0.1641438E+02
    -0.9041429E+02     0.1641806E+02
    -0.9043426E+02     0.1641790E+02
    -0.9044676E+02     0.1641599E+02
    -0.9045328E+02     0.1641499E+02
    -0.9046159E+02     0.1641778E+02
    -0.9048251E+02     0.1641808E+02
    -0.9048392E+02     0.1642061E+02
    -0.9048367E+02     0.1642519E+02
    -0.9047651E+02     0.1643664E+02
    -0.9047385E+02     0.1645200E+02
    -0.9047526E+02     0.1645591E+02
    -0.9048479E+02     0.1644883E+02
    -0.9049002E+02     0.1644839E+02
    -0.9049137E+02     0.1644961E+02
    -0.9049137E+02     0.1644961E+02
    -0.9049334E+02     0.1645138E+02
    -0.9049499E+02     0.1645758E+02
    -0.9049806E+02     0.1646241E+02
    -0.9050210E+02     0.1646426E+02
    -0.9051042E+02     0.1646337E+02
    -0.9051400E+02     0.1645971E+02
    -0.9051830E+02     0.1645261E+02
    -0.9052068E+02     0.1645170E+02
    -0.9053613E+02     0.1645846E+02
    -0.9053706E+02     0.1645886E+02
    -0.9054299E+02     0.1646301E+02
    -0.9054488E+02     0.1646715E+02
    -0.9054154E+02     0.1647402E+02
    -0.9054307E+02     0.1647633E+02
    -0.9057841E+02     0.1646404E+02
    -0.9058484E+02     0.1646428E+02
    -0.9058839E+02     0.1646590E+02
    -0.9059148E+02     0.1647027E+02
    -0.9059287E+02     0.1648404E+02
    -0.9060644E+02     0.1648086E+02
    -0.9061549E+02     0.1647102E+02
    -0.9062334E+02     0.1647104E+02
    -0.9062638E+02     0.1647326E+02
    -0.9063094E+02     0.1647657E+02
    -0.9063378E+02     0.1648071E+02
    -0.9063401E+02     0.1648415E+02
    -0.9063234E+02     0.1648644E+02
    -0.9062758E+02     0.1648826E+02
    -0.9061427E+02     0.1648891E+02
    -0.9060927E+02     0.1649096E+02
    -0.9060593E+02     0.1649508E+02
    -0.9060543E+02     0.1650472E+02
    -0.9060826E+02     0.1651368E+02
    -0.9061040E+02     0.1651620E+02
    -0.9061563E+02     0.1651599E+02
    -0.9063158E+02     0.1650777E+02
    -0.9063847E+02     0.1650894E+02
    -0.9064299E+02     0.1651239E+02
    -0.9064201E+02     0.1652501E+02
    -0.9064247E+02     0.1653143E+02
    -0.9064423E+02     0.1653613E+02
    -0.9064626E+02     0.1654154E+02
    -0.9064529E+02     0.1655232E+02
    -0.9064265E+02     0.1656011E+02
    -0.9063837E+02     0.1656492E+02
    -0.9062788E+02     0.1657155E+02
    -0.9062621E+02     0.1657430E+02
    -0.9062716E+02     0.1657705E+02
    -0.9063618E+02     0.1658625E+02
    -0.9063571E+02     0.1658120E+02
    -0.9063786E+02     0.1657616E+02
    -0.9064001E+02     0.1657456E+02
    -0.9065858E+02     0.1657071E+02
    -0.9066309E+02     0.1657324E+02
    -0.9066712E+02     0.1658128E+02
    -0.9066425E+02     0.1658884E+02
    -0.9067473E+02     0.1658520E+02
    -0.9067686E+02     0.1658842E+02
    -0.9067400E+02     0.1659139E+02
    -0.9067019E+02     0.1659276E+02
    -0.9066787E+02     0.1659254E+02
    -0.9065259E+02     0.1659111E+02
    -0.9065163E+02     0.1659409E+02
    -0.9065374E+02     0.1660855E+02
    -0.9065943E+02     0.1661935E+02
    -0.9065942E+02     0.1662463E+02
    -0.9065607E+02     0.1663265E+02
    -0.9065702E+02     0.1663701E+02
    -0.9065863E+02     0.1663866E+02
    -0.9065863E+02     0.1663866E+02
    -0.9067294E+02     0.1665334E+02
    -0.9068027E+02     0.1668319E+02
    -0.9068431E+02     0.1668343E+02
    -0.9068890E+02     0.1668774E+02
    -0.9069215E+02     0.1669079E+02
    -0.9070000E+02     0.1669402E+02
    -0.9070405E+02     0.1669747E+02
    -0.9070618E+02     0.1670252E+02
    -0.9070545E+02     0.1671239E+02
    -0.9071210E+02     0.1672135E+02
    -0.9072186E+02     0.1672344E+02
    -0.9074851E+02     0.1674162E+02
    -0.9075350E+02     0.1675173E+02
    -0.9075731E+02     0.1675495E+02
    -0.9078207E+02     0.1676188E+02
    -0.9079730E+02     0.1676947E+02
    -0.9079815E+02     0.1677069E+02
    -0.9079815E+02     0.1677069E+02
    -0.9079921E+02     0.1677223E+02
    -0.9080039E+02     0.1677705E+02
    -0.9079800E+02     0.1678623E+02
    -0.9079895E+02     0.1679082E+02
    -0.9080276E+02     0.1679220E+02
    -0.9080991E+02     0.1679129E+02
    -0.9081372E+02     0.1678855E+02
    -0.9081896E+02     0.1678993E+02
    -0.9084374E+02     0.1678813E+02
    -0.9084922E+02     0.1678997E+02
    -0.9085279E+02     0.1679365E+02
    -0.9085612E+02     0.1680352E+02
    -0.9086778E+02     0.1681295E+02
    -0.9087374E+02     0.1681479E+02
    -0.9087898E+02     0.1681594E+02
    -0.9090162E+02     0.1681482E+02
    -0.9091210E+02     0.1681277E+02
    -0.9091639E+02     0.1681300E+02
    -0.9091972E+02     0.1681576E+02
    -0.9092258E+02     0.1682425E+02
    -0.9092812E+02     0.1683389E+02
    -0.9092997E+02     0.1683711E+02
    -0.9092949E+02     0.1684881E+02
    -0.9093330E+02     0.1685272E+02
    -0.9094260E+02     0.1685617E+02
    -0.9095094E+02     0.1685549E+02
    -0.9096047E+02     0.1685182E+02
    -0.9096452E+02     0.1685205E+02
    -0.9096786E+02     0.1685481E+02
    -0.9096905E+02     0.1685894E+02
    -0.9096730E+02     0.1686473E+02
    -0.9095332E+02     0.1687706E+02
    -0.9095189E+02     0.1688303E+02
    -0.9095260E+02     0.1688647E+02
    -0.9095570E+02     0.1689037E+02
    -0.9096214E+02     0.1689313E+02
    -0.9097072E+02     0.1689314E+02
    -0.9097763E+02     0.1688855E+02
    -0.9097849E+02     0.1688513E+02
    -0.9097906E+02     0.1688281E+02
    -0.9097286E+02     0.1686629E+02
    -0.9097596E+02     0.1685550E+02
    -0.9097954E+02     0.1685390E+02
    -0.9098406E+02     0.1685459E+02
    -0.9098518E+02     0.1685567E+02
    -0.9098518E+02     0.1685567E+02
    -0.9098692E+02     0.1685735E+02
    -0.9098931E+02     0.1686676E+02
    -0.9099837E+02     0.1687502E+02
    -0.9100504E+02     0.1687847E+02
    -0.9104509E+02     0.1688881E+02
    -0.9105868E+02     0.1689386E+02
    -0.9106679E+02     0.1690189E+02
    -0.9107013E+02     0.1690901E+02
    -0.9106775E+02     0.1691337E+02
    -0.9106203E+02     0.1691475E+02
    -0.9106251E+02     0.1691911E+02
    -0.9107205E+02     0.1692852E+02
    -0.9107683E+02     0.1693747E+02
    -0.9108995E+02     0.1694412E+02
    -0.9109616E+02     0.1695606E+02
    -0.9110380E+02     0.1696524E+02
    -0.9111405E+02     0.1696822E+02
    -0.9111787E+02     0.1697143E+02
    -0.9112103E+02     0.1698553E+02
    -0.9112363E+02     0.1699714E+02
    -0.9112355E+02     0.1699876E+02
    -0.9112355E+02     0.1699876E+02
    -0.9112339E+02     0.1700219E+02
    -0.9112148E+02     0.1700494E+02
    -0.9112459E+02     0.1700953E+02
    -0.9112984E+02     0.1701137E+02
    -0.9114510E+02     0.1700930E+02
    -0.9115250E+02     0.1700998E+02
    -0.9116491E+02     0.1701480E+02
    -0.9117207E+02     0.1701984E+02
    -0.9120098E+02     0.1704668E+02
    -0.9120985E+02     0.1705660E+02
    -0.9121700E+02     0.1706457E+02
    -0.9122274E+02     0.1707582E+02
    -0.9122611E+02     0.1709349E+02
    -0.9122971E+02     0.1710152E+02
    -0.9123425E+02     0.1710634E+02
    -0.9124094E+02     0.1710954E+02
    -0.9125478E+02     0.1711137E+02
    -0.9126076E+02     0.1711549E+02
    -0.9126962E+02     0.1712650E+02
    -0.9127632E+02     0.1714004E+02
    -0.9127634E+02     0.1714692E+02
    -0.9127482E+02     0.1715322E+02
    -0.9127207E+02     0.1716460E+02
    -0.9127519E+02     0.1717172E+02
    -0.9128332E+02     0.1717630E+02
    -0.9129240E+02     0.1717927E+02
    -0.9131247E+02     0.1718384E+02
    -0.9132154E+02     0.1718337E+02
    -0.9132751E+02     0.1717992E+02
    -0.9133751E+02     0.1716773E+02
    -0.9134229E+02     0.1716727E+02
    -0.9134563E+02     0.1717002E+02
    -0.9135307E+02     0.1718699E+02
    -0.9135940E+02     0.1719557E+02
    -0.9136170E+02     0.1719869E+02
    -0.9137288E+02     0.1720786E+02
END
END
