guernsey
1
    -0.2598562E+01     0.4945119E+02
    -0.2524834E+01     0.4948867E+02
    -0.2520338E+01     0.4948544E+02
    -0.2527059E+01     0.4948253E+02
    -0.2534636E+01     0.4947998E+02
    -0.2541603E+01     0.4947431E+02
    -0.2539372E+01     0.4946709E+02
    -0.2542208E+01     0.4945990E+02
    -0.2540571E+01     0.4945458E+02
    -0.2538167E+01     0.4945205E+02
    -0.2542420E+01     0.4944957E+02
    -0.2541864E+01     0.4944204E+02
    -0.2544360E+01     0.4943978E+02
    -0.2538873E+01     0.4943357E+02
    -0.2538983E+01     0.4942788E+02
    -0.2545033E+01     0.4942290E+02
    -0.2548829E+01     0.4942590E+02
    -0.2546990E+01     0.4943045E+02
    -0.2552214E+01     0.4943209E+02
    -0.2564209E+01     0.4942762E+02
    -0.2566015E+01     0.4942467E+02
    -0.2570960E+01     0.4942242E+02
    -0.2574774E+01     0.4942451E+02
    -0.2576121E+01     0.4942749E+02
    -0.2590085E+01     0.4943010E+02
    -0.2592260E+01     0.4942601E+02
    -0.2598589E+01     0.4942469E+02
    -0.2601082E+01     0.4942243E+02
    -0.2608745E+01     0.4942477E+02
    -0.2617509E+01     0.4942438E+02
    -0.2619984E+01     0.4942303E+02
    -0.2639868E+01     0.4942774E+02
    -0.2647223E+01     0.4942779E+02
    -0.2649167E+01     0.4942881E+02
    -0.2653820E+01     0.4943126E+02
    -0.2672425E+01     0.4942888E+02
    -0.2682483E+01     0.4943511E+02
    -0.2682029E+01     0.4944149E+02
    -0.2678879E+01     0.4944125E+02
    -0.2666229E+01     0.4943904E+02
    -0.2662069E+01     0.4944143E+02
    -0.2657872E+01     0.4944862E+02
    -0.2656904E+01     0.4945493E+02
    -0.2659610E+01     0.4946244E+02
    -0.2651754E+01     0.4946602E+02
    -0.2643009E+01     0.4946539E+02
    -0.2640675E+01     0.4946929E+02
    -0.2619948E+01     0.4946952E+02
    -0.2613928E+01     0.4947340E+02
    -0.2615305E+01     0.4947700E+02
    -0.2621042E+01     0.4948042E+02
    -0.2615266E+01     0.4948165E+02
    -0.2610616E+01     0.4947966E+02
    -0.2595868E+01     0.4948414E+02
    -0.2594899E+01     0.4948954E+02
    -0.2597023E+01     0.4949221E+02
    -0.2597695E+01     0.4949381E+02
    -0.2590350E+01     0.4949261E+02
    -0.2583962E+01     0.4949667E+02
    -0.2586013E+01     0.4949965E+02
    -0.2579678E+01     0.4950075E+02
    -0.2578596E+01     0.4950233E+02
    -0.2568436E+01     0.4950157E+02
    -0.2562755E+01     0.4950518E+02
    -0.2560741E+01     0.4950037E+02
    -0.2553088E+01     0.4949689E+02
    -0.2549888E+01     0.4949914E+02
    -0.2549342E+01     0.4950940E+02
    -0.2556350E+01     0.4950991E+02
    -0.2557372E+01     0.4951152E+02
    -0.2547146E+01     0.4951418E+02
    -0.2541553E+01     0.4951299E+02
    -0.2541264E+01     0.4950980E+02
    -0.2535331E+01     0.4950815E+02
    -0.2531805E+01     0.4950903E+02
    -0.2527133E+01     0.4951470E+02
    -0.2524374E+01     0.4951217E+02
    -0.2519831E+01     0.4951122E+02
    -0.2513134E+01     0.4951276E+02
    -0.2509118E+01     0.4950291E+02
    -0.2511314E+01     0.4949837E+02
    -0.2514650E+01     0.4949671E+02
    -0.2515632E+01     0.4949101E+02
    -0.2524834E+01     0.4948867E+02
END
2
    -0.2456557E+01     0.4947906E+02
    -0.2455059E+01     0.4948762E+02
    -0.2455145E+01     0.4948351E+02
    -0.2450404E+01     0.4947548E+02
    -0.2451192E+01     0.4947138E+02
    -0.2459327E+01     0.4946803E+02
    -0.2462387E+01     0.4947262E+02
    -0.2460490E+01     0.4947945E+02
    -0.2465328E+01     0.4948292E+02
    -0.2464579E+01     0.4948519E+02
    -0.2459617E+01     0.4948766E+02
    -0.2455059E+01     0.4948762E+02
END
3
    -0.2368108E+01     0.4943580E+02
    -0.2369922E+01     0.4945284E+02
    -0.2359854E+01     0.4944863E+02
    -0.2358913E+01     0.4944383E+02
    -0.2351274E+01     0.4944079E+02
    -0.2351858E+01     0.4943076E+02
    -0.2355063E+01     0.4942850E+02
    -0.2357822E+01     0.4943036E+02
    -0.2360322E+01     0.4942833E+02
    -0.2366286E+01     0.4942793E+02
    -0.2373399E+01     0.4942321E+02
    -0.2375676E+01     0.4941547E+02
    -0.2380290E+01     0.4941278E+02
    -0.2385536E+01     0.4941306E+02
    -0.2390300E+01     0.4941926E+02
    -0.2375433E+01     0.4942619E+02
    -0.2376071E+01     0.4942894E+02
    -0.2385085E+01     0.4943313E+02
    -0.2384272E+01     0.4943814E+02
    -0.2380387E+01     0.4943947E+02
    -0.2376081E+01     0.4944400E+02
    -0.2374482E+01     0.4945265E+02
    -0.2372003E+01     0.4945377E+02
    -0.2369922E+01     0.4945284E+02
END
END
