haiti
1
    -0.7217818E+02     0.1910520E+02
    -0.7175780E+02     0.1970272E+02
    -0.7175821E+02     0.1969996E+02
    -0.7175565E+02     0.1969566E+02
    -0.7175793E+02     0.1969077E+02
    -0.7175414E+02     0.1968582E+02
    -0.7175214E+02     0.1967623E+02
    -0.7174911E+02     0.1967240E+02
    -0.7173547E+02     0.1966243E+02
    -0.7173354E+02     0.1965468E+02
    -0.7173458E+02     0.1964913E+02
    -0.7173898E+02     0.1964212E+02
    -0.7173952E+02     0.1963637E+02
    -0.7173997E+02     0.1963518E+02
    -0.7173997E+02     0.1963518E+02
    -0.7174267E+02     0.1962797E+02
    -0.7174039E+02     0.1961800E+02
    -0.7174116E+02     0.1959917E+02
    -0.7173875E+02     0.1958481E+02
    -0.7172765E+02     0.1957071E+02
    -0.7172565E+02     0.1956277E+02
    -0.7172140E+02     0.1955852E+02
    -0.7171429E+02     0.1955572E+02
    -0.7171091E+02     0.1954846E+02
    -0.7171091E+02     0.1954846E+02
    -0.7171006E+02     0.1953631E+02
    -0.7170658E+02     0.1953341E+02
    -0.7170218E+02     0.1953215E+02
    -0.7169942E+02     0.1952901E+02
    -0.7169958E+02     0.1951844E+02
    -0.7169551E+02     0.1951212E+02
    -0.7168726E+02     0.1951188E+02
    -0.7168526E+02     0.1950963E+02
    -0.7168610E+02     0.1950525E+02
    -0.7169252E+02     0.1949313E+02
    -0.7169401E+02     0.1947839E+02
    -0.7169143E+02     0.1947317E+02
    -0.7168850E+02     0.1947267E+02
    -0.7168850E+02     0.1947267E+02
    -0.7167597E+02     0.1945106E+02
    -0.7167503E+02     0.1944168E+02
    -0.7168818E+02     0.1941625E+02
    -0.7168792E+02     0.1940748E+02
    -0.7169484E+02     0.1939539E+02
    -0.7169395E+02     0.1938901E+02
    -0.7169067E+02     0.1936541E+02
    -0.7170330E+02     0.1936821E+02
    -0.7171317E+02     0.1936669E+02
    -0.7173209E+02     0.1935867E+02
    -0.7174438E+02     0.1934956E+02
    -0.7175006E+02     0.1934063E+02
    -0.7176167E+02     0.1933844E+02
    -0.7176167E+02     0.1933844E+02
    -0.7178707E+02     0.1933363E+02
    -0.7177835E+02     0.1932840E+02
    -0.7176489E+02     0.1931567E+02
    -0.7175542E+02     0.1929893E+02
    -0.7175541E+02     0.1929066E+02
    -0.7175219E+02     0.1928822E+02
    -0.7174708E+02     0.1927917E+02
    -0.7174386E+02     0.1927695E+02
    -0.7173583E+02     0.1927556E+02
    -0.7173511E+02     0.1926686E+02
    -0.7173382E+02     0.1926505E+02
    -0.7172946E+02     0.1926494E+02
    -0.7172584E+02     0.1927308E+02
    -0.7172055E+02     0.1927437E+02
    -0.7171863E+02     0.1926684E+02
    -0.7171274E+02     0.1926424E+02
    -0.7170724E+02     0.1925818E+02
    -0.7170379E+02     0.1924817E+02
    -0.7169830E+02     0.1924280E+02
    -0.7168922E+02     0.1923845E+02
    -0.7166958E+02     0.1923714E+02
    -0.7166195E+02     0.1923275E+02
    -0.7165122E+02     0.1923027E+02
    -0.7163842E+02     0.1923084E+02
    -0.7163229E+02     0.1922802E+02
    -0.7161857E+02     0.1921414E+02
    -0.7161767E+02     0.1920819E+02
    -0.7161345E+02     0.1920462E+02
    -0.7161336E+02     0.1920164E+02
    -0.7162048E+02     0.1919709E+02
    -0.7162965E+02     0.1919639E+02
    -0.7163128E+02     0.1919405E+02
    -0.7162926E+02     0.1919111E+02
    -0.7162488E+02     0.1919031E+02
    -0.7162106E+02     0.1918375E+02
    -0.7162094E+02     0.1917985E+02
    -0.7162496E+02     0.1917675E+02
    -0.7162782E+02     0.1916726E+02
    -0.7163719E+02     0.1915691E+02
    -0.7163421E+02     0.1914596E+02
    -0.7162840E+02     0.1914565E+02
    -0.7162807E+02     0.1914290E+02
    -0.7163276E+02     0.1913886E+02
    -0.7163467E+02     0.1913722E+02
    -0.7163523E+02     0.1913169E+02
    -0.7163396E+02     0.1912943E+02
    -0.7163767E+02     0.1912427E+02
    -0.7164081E+02     0.1911592E+02
    -0.7164833E+02     0.1910860E+02
    -0.7165571E+02     0.1910473E+02
    -0.7167094E+02     0.1910501E+02
    -0.7168066E+02     0.1909855E+02
    -0.7168501E+02     0.1909821E+02
    -0.7169339E+02     0.1910372E+02
    -0.7170065E+02     0.1910376E+02
    -0.7170374E+02     0.1910207E+02
    -0.7170581E+02     0.1909857E+02
    -0.7169910E+02     0.1909278E+02
    -0.7169805E+02     0.1908982E+02
    -0.7170100E+02     0.1908353E+02
    -0.7170871E+02     0.1908241E+02
    -0.7171149E+02     0.1907843E+02
    -0.7171094E+02     0.1907615E+02
    -0.7170563E+02     0.1907306E+02
    -0.7170469E+02     0.1906942E+02
    -0.7170652E+02     0.1906593E+02
    -0.7171475E+02     0.1906640E+02
    -0.7171613E+02     0.1906406E+02
    -0.7171529E+02     0.1906018E+02
    -0.7171945E+02     0.1905409E+02
    -0.7172514E+02     0.1905027E+02
    -0.7173544E+02     0.1904700E+02
    -0.7173606E+02     0.1904377E+02
    -0.7173911E+02     0.1904047E+02
    -0.7174334E+02     0.1904472E+02
    -0.7174773E+02     0.1904621E+02
    -0.7174955E+02     0.1904226E+02
    -0.7176185E+02     0.1903342E+02
    -0.7176307E+02     0.1902604E+02
    -0.7176891E+02     0.1902726E+02
    -0.7177248E+02     0.1902555E+02
    -0.7177924E+02     0.1901733E+02
    -0.7177639E+02     0.1901120E+02
    -0.7177875E+02     0.1900907E+02
    -0.7178254E+02     0.1900775E+02
    -0.7178735E+02     0.1900608E+02
    -0.7178960E+02     0.1900051E+02
    -0.7178745E+02     0.1899367E+02
    -0.7178883E+02     0.1899111E+02
    -0.7179145E+02     0.1899012E+02
    -0.7179612E+02     0.1899252E+02
    -0.7179762E+02     0.1900235E+02
    -0.7180100E+02     0.1900203E+02
    -0.7180591E+02     0.1899661E+02
    -0.7181567E+02     0.1899175E+02
    -0.7182314E+02     0.1899155E+02
    -0.7183257E+02     0.1899933E+02
    -0.7183667E+02     0.1899921E+02
    -0.7184096E+02     0.1899726E+02
    -0.7185455E+02     0.1897598E+02
    -0.7185814E+02     0.1897473E+02
    -0.7186240E+02     0.1897989E+02
    -0.7186701E+02     0.1898046E+02
    -0.7186639E+02     0.1897588E+02
    -0.7186845E+02     0.1897215E+02
    -0.7187341E+02     0.1896879E+02
    -0.7187429E+02     0.1896578E+02
    -0.7187241E+02     0.1895986E+02
    -0.7187422E+02     0.1895590E+02
    -0.7188121E+02     0.1895548E+02
    -0.7188239E+02     0.1895430E+02
    -0.7188345E+02     0.1894209E+02
    -0.7187886E+02     0.1894199E+02
    -0.7187463E+02     0.1894579E+02
    -0.7186154E+02     0.1894431E+02
    -0.7185966E+02     0.1894620E+02
    -0.7185812E+02     0.1895865E+02
    -0.7185429E+02     0.1895990E+02
    -0.7184550E+02     0.1895670E+02
    -0.7184399E+02     0.1895490E+02
    -0.7183944E+02     0.1895595E+02
    -0.7183930E+02     0.1896721E+02
    -0.7183035E+02     0.1896677E+02
    -0.7181051E+02     0.1895767E+02
    -0.7180180E+02     0.1895722E+02
    -0.7179247E+02     0.1895219E+02
    -0.7178282E+02     0.1895291E+02
    -0.7178240E+02     0.1895231E+02
    -0.7177929E+02     0.1894795E+02
    -0.7177641E+02     0.1894715E+02
    -0.7177161E+02     0.1892962E+02
    -0.7177161E+02     0.1892962E+02
    -0.7176581E+02     0.1890844E+02
    -0.7174909E+02     0.1889869E+02
    -0.7173956E+02     0.1889011E+02
    -0.7173200E+02     0.1887604E+02
    -0.7172057E+02     0.1887567E+02
    -0.7172290E+02     0.1885793E+02
    -0.7172203E+02     0.1884836E+02
    -0.7172185E+02     0.1884641E+02
    -0.7171696E+02     0.1882547E+02
    -0.7172153E+02     0.1878661E+02
    -0.7173109E+02     0.1874762E+02
    -0.7173773E+02     0.1873045E+02
    -0.7174192E+02     0.1872676E+02
    -0.7174886E+02     0.1872063E+02
    -0.7177567E+02     0.1871040E+02
    -0.7178525E+02     0.1869655E+02
    -0.7179586E+02     0.1869354E+02
    -0.7180548E+02     0.1865726E+02
    -0.7180373E+02     0.1864643E+02
    -0.7180772E+02     0.1863681E+02
    -0.7181114E+02     0.1863465E+02
    -0.7181332E+02     0.1863326E+02
    -0.7182051E+02     0.1863511E+02
    -0.7183464E+02     0.1863064E+02
    -0.7185912E+02     0.1863813E+02
    -0.7187027E+02     0.1862966E+02
    -0.7187748E+02     0.1863218E+02
    -0.7189721E+02     0.1864795E+02
    -0.7190649E+02     0.1864837E+02
    -0.7191908E+02     0.1863987E+02
    -0.7192693E+02     0.1864033E+02
    -0.7192826E+02     0.1864115E+02
    -0.7194583E+02     0.1865203E+02
    -0.7195734E+02     0.1865511E+02
    -0.7196585E+02     0.1865351E+02
    -0.7197683E+02     0.1863961E+02
    -0.7198452E+02     0.1863464E+02
    -0.7199802E+02     0.1863289E+02
    -0.7200349E+02     0.1862527E+02
    -0.7199762E+02     0.1861999E+02
    -0.7198557E+02     0.1862237E+02
    -0.7197906E+02     0.1861916E+02
    -0.7197306E+02     0.1860981E+02
    -0.7197227E+02     0.1860951E+02
    -0.7196296E+02     0.1860602E+02
    -0.7195924E+02     0.1860069E+02
    -0.7195806E+02     0.1858577E+02
    -0.7195224E+02     0.1858185E+02
    -0.7188923E+02     0.1851677E+02
    -0.7187792E+02     0.1850508E+02
    -0.7187763E+02     0.1849558E+02
    -0.7188625E+02     0.1848967E+02
    -0.7190446E+02     0.1848462E+02
    -0.7190025E+02     0.1845815E+02
    -0.7185748E+02     0.1843719E+02
    -0.7183883E+02     0.1842805E+02
    -0.7182587E+02     0.1840375E+02
    -0.7180804E+02     0.1839840E+02
    -0.7179956E+02     0.1838760E+02
    -0.7178638E+02     0.1837888E+02
    -0.7175516E+02     0.1836629E+02
    -0.7169286E+02     0.1834117E+02
    -0.7172414E+02     0.1828717E+02
    -0.7175430E+02     0.1823509E+02
    -0.7175541E+02     0.1822663E+02
    -0.7176532E+02     0.1821728E+02
    -0.7176818E+02     0.1819904E+02
    -0.7177986E+02     0.1817503E+02
    -0.7177986E+02     0.1817503E+02
    -0.7177481E+02     0.1816806E+02
    -0.7176626E+02     0.1816347E+02
    -0.7176328E+02     0.1816033E+02
    -0.7176112E+02     0.1815258E+02
    -0.7175454E+02     0.1814955E+02
    -0.7175072E+02     0.1814276E+02
    -0.7174282E+02     0.1814344E+02
    -0.7174299E+02     0.1814286E+02
    -0.7174391E+02     0.1813973E+02
    -0.7174123E+02     0.1813039E+02
    -0.7174395E+02     0.1811723E+02
    -0.7174291E+02     0.1810669E+02
    -0.7174080E+02     0.1810032E+02
    -0.7173330E+02     0.1809869E+02
    -0.7173177E+02     0.1809597E+02
    -0.7173406E+02     0.1809200E+02
    -0.7173154E+02     0.1808013E+02
    -0.7173369E+02     0.1807181E+02
    -0.7173914E+02     0.1806133E+02
    -0.7174097E+02     0.1805048E+02
    -0.7174863E+02     0.1804155E+02
    -0.7175013E+02     0.1803554E+02
    -0.7175405E+02     0.1803015E+02
    -0.7175405E+02     0.1803015E+02
    -0.7175889E+02     0.1803139E+02
    -0.7176515E+02     0.1803995E+02
    -0.7177317E+02     0.1804294E+02
    -0.7179386E+02     0.1805983E+02
    -0.7180289E+02     0.1806463E+02
    -0.7180517E+02     0.1806824E+02
    -0.7181254E+02     0.1807378E+02
    -0.7181484E+02     0.1807831E+02
    -0.7181345E+02     0.1808753E+02
    -0.7182057E+02     0.1810066E+02
    -0.7183879E+02     0.1811508E+02
    -0.7184022E+02     0.1811646E+02
    -0.7185192E+02     0.1812781E+02
    -0.7185631E+02     0.1813756E+02
    -0.7187203E+02     0.1814860E+02
    -0.7188499E+02     0.1815582E+02
    -0.7189056E+02     0.1815704E+02
    -0.7190370E+02     0.1816999E+02
    -0.7192467E+02     0.1818708E+02
    -0.7194002E+02     0.1819377E+02
    -0.7194081E+02     0.1819381E+02
    -0.7196844E+02     0.1819526E+02
    -0.7198401E+02     0.1820125E+02
    -0.7199271E+02     0.1821018E+02
    -0.7199945E+02     0.1821045E+02
    -0.7200527E+02     0.1820454E+02
    -0.7200838E+02     0.1820399E+02
    -0.7202448E+02     0.1821111E+02
    -0.7203098E+02     0.1821161E+02
    -0.7203558E+02     0.1822021E+02
    -0.7203941E+02     0.1822676E+02
    -0.7205796E+02     0.1823564E+02
    -0.7206753E+02     0.1823398E+02
    -0.7207407E+02     0.1823540E+02
    -0.7211591E+02     0.1822797E+02
    -0.7213110E+02     0.1822914E+02
    -0.7215751E+02     0.1822790E+02
    -0.7216026E+02     0.1822702E+02
    -0.7216702E+02     0.1822486E+02
    -0.7218574E+02     0.1822362E+02
    -0.7219478E+02     0.1822059E+02
    -0.7222943E+02     0.1822139E+02
    -0.7223888E+02     0.1822364E+02
    -0.7225668E+02     0.1822379E+02
    -0.7226348E+02     0.1822588E+02
    -0.7227309E+02     0.1822536E+02
    -0.7228931E+02     0.1822143E+02
    -0.7229723E+02     0.1822119E+02
    -0.7231067E+02     0.1822744E+02
    -0.7231934E+02     0.1822786E+02
    -0.7233099E+02     0.1823095E+02
    -0.7235284E+02     0.1823005E+02
    -0.7237332E+02     0.1823126E+02
    -0.7238244E+02     0.1823075E+02
    -0.7241006E+02     0.1822278E+02
    -0.7241761E+02     0.1822180E+02
    -0.7242179E+02     0.1822126E+02
    -0.7242718E+02     0.1822408E+02
    -0.7243200E+02     0.1822439E+02
    -0.7243793E+02     0.1822191E+02
    -0.7245884E+02     0.1822172E+02
    -0.7247245E+02     0.1821899E+02
    -0.7247751E+02     0.1821930E+02
    -0.7248411E+02     0.1822230E+02
    -0.7248866E+02     0.1822170E+02
    -0.7250449E+02     0.1821362E+02
    -0.7251314E+02     0.1821358E+02
    -0.7252969E+02     0.1822592E+02
    -0.7254077E+02     0.1822672E+02
    -0.7254934E+02     0.1822415E+02
    -0.7255029E+02     0.1821700E+02
    -0.7254795E+02     0.1819823E+02
    -0.7254414E+02     0.1819238E+02
    -0.7253776E+02     0.1818891E+02
    -0.7253497E+02     0.1818487E+02
    -0.7253459E+02     0.1818074E+02
    -0.7254222E+02     0.1817223E+02
    -0.7254840E+02     0.1817020E+02
    -0.7255899E+02     0.1817055E+02
    -0.7256579E+02     0.1817240E+02
    -0.7257174E+02     0.1817083E+02
    -0.7257992E+02     0.1817769E+02
    -0.7259878E+02     0.1817644E+02
    -0.7259982E+02     0.1817636E+02
    -0.7261393E+02     0.1818097E+02
    -0.7262616E+02     0.1818677E+02
    -0.7263219E+02     0.1818750E+02
    -0.7265284E+02     0.1817994E+02
    -0.7268120E+02     0.1817948E+02
    -0.7271580E+02     0.1817237E+02
    -0.7272633E+02     0.1817337E+02
    -0.7274393E+02     0.1817903E+02
    -0.7274722E+02     0.1817686E+02
    -0.7275008E+02     0.1816987E+02
    -0.7274895E+02     0.1816531E+02
    -0.7274002E+02     0.1815757E+02
    -0.7274208E+02     0.1815475E+02
    -0.7274516E+02     0.1815326E+02
    -0.7275536E+02     0.1815615E+02
    -0.7276085E+02     0.1815662E+02
    -0.7276693E+02     0.1815714E+02
    -0.7277355E+02     0.1815417E+02
    -0.7277666E+02     0.1814740E+02
    -0.7278563E+02     0.1814274E+02
    -0.7279663E+02     0.1814123E+02
    -0.7280964E+02     0.1814194E+02
    -0.7281287E+02     0.1813816E+02
    -0.7283142E+02     0.1814604E+02
    -0.7283868E+02     0.1814740E+02
    -0.7284693E+02     0.1814299E+02
    -0.7286685E+02     0.1814210E+02
    -0.7288065E+02     0.1814602E+02
    -0.7289139E+02     0.1814908E+02
    -0.7290900E+02     0.1815721E+02
    -0.7291893E+02     0.1815917E+02
    -0.7292826E+02     0.1816437E+02
    -0.7295228E+02     0.1816378E+02
    -0.7296812E+02     0.1816967E+02
    -0.7298306E+02     0.1817031E+02
    -0.7298939E+02     0.1817239E+02
    -0.7300000E+02     0.1817912E+02
    -0.7300646E+02     0.1818868E+02
    -0.7301271E+02     0.1818890E+02
    -0.7301862E+02     0.1818565E+02
    -0.7302267E+02     0.1818648E+02
    -0.7303049E+02     0.1818377E+02
    -0.7303503E+02     0.1818528E+02
    -0.7303667E+02     0.1818582E+02
    -0.7305115E+02     0.1818494E+02
    -0.7305925E+02     0.1818707E+02
    -0.7307876E+02     0.1818705E+02
    -0.7311029E+02     0.1819389E+02
    -0.7312139E+02     0.1819312E+02
    -0.7312849E+02     0.1819636E+02
    -0.7313995E+02     0.1819905E+02
    -0.7316270E+02     0.1820903E+02
    -0.7317072E+02     0.1821390E+02
    -0.7317455E+02     0.1821449E+02
    -0.7317707E+02     0.1821136E+02
    -0.7318780E+02     0.1821425E+02
    -0.7320610E+02     0.1821418E+02
    -0.7322217E+02     0.1821611E+02
    -0.7323209E+02     0.1821460E+02
    -0.7323473E+02     0.1821515E+02
    -0.7323845E+02     0.1821873E+02
    -0.7324541E+02     0.1821919E+02
    -0.7325101E+02     0.1821777E+02
    -0.7326690E+02     0.1821784E+02
    -0.7326852E+02     0.1821973E+02
    -0.7327100E+02     0.1823109E+02
    -0.7328890E+02     0.1823537E+02
    -0.7330151E+02     0.1823326E+02
    -0.7331834E+02     0.1822715E+02
    -0.7332246E+02     0.1822367E+02
    -0.7332808E+02     0.1822425E+02
    -0.7333230E+02     0.1822071E+02
    -0.7334626E+02     0.1822094E+02
    -0.7334953E+02     0.1822381E+02
    -0.7335388E+02     0.1822326E+02
    -0.7335839E+02     0.1821835E+02
    -0.7336609E+02     0.1821860E+02
    -0.7336913E+02     0.1822123E+02
    -0.7336951E+02     0.1822400E+02
    -0.7336192E+02     0.1824101E+02
    -0.7335576E+02     0.1824495E+02
    -0.7335584E+02     0.1824932E+02
    -0.7334958E+02     0.1824935E+02
    -0.7334049E+02     0.1825411E+02
    -0.7333475E+02     0.1825323E+02
    -0.7332752E+02     0.1824655E+02
    -0.7331522E+02     0.1824683E+02
    -0.7330810E+02     0.1824406E+02
    -0.7330489E+02     0.1824626E+02
    -0.7330408E+02     0.1824853E+02
    -0.7330540E+02     0.1825202E+02
    -0.7330943E+02     0.1825400E+02
    -0.7333163E+02     0.1825934E+02
    -0.7333863E+02     0.1825911E+02
    -0.7335012E+02     0.1825443E+02
    -0.7335397E+02     0.1825455E+02
    -0.7335594E+02     0.1825566E+02
    -0.7336838E+02     0.1826262E+02
    -0.7336838E+02     0.1826262E+02
    -0.7337051E+02     0.1826338E+02
    -0.7337646E+02     0.1826565E+02
    -0.7338131E+02     0.1827156E+02
    -0.7338584E+02     0.1827442E+02
    -0.7338750E+02     0.1827337E+02
    -0.7338887E+02     0.1826881E+02
    -0.7338665E+02     0.1826345E+02
    -0.7338896E+02     0.1825938E+02
    -0.7339426E+02     0.1826623E+02
    -0.7340145E+02     0.1826739E+02
    -0.7340442E+02     0.1825161E+02
    -0.7340901E+02     0.1825107E+02
    -0.7341656E+02     0.1825569E+02
    -0.7342703E+02     0.1825561E+02
    -0.7342703E+02     0.1825561E+02
    -0.7342812E+02     0.1825560E+02
    -0.7342953E+02     0.1825680E+02
    -0.7343022E+02     0.1826441E+02
    -0.7344853E+02     0.1826432E+02
    -0.7344983E+02     0.1826160E+02
    -0.7344926E+02     0.1825721E+02
    -0.7345099E+02     0.1825611E+02
    -0.7345385E+02     0.1825690E+02
    -0.7345564E+02     0.1826064E+02
    -0.7346654E+02     0.1825867E+02
    -0.7346970E+02     0.1825810E+02
    -0.7347561E+02     0.1825461E+02
    -0.7347700E+02     0.1824936E+02
    -0.7347915E+02     0.1824966E+02
    -0.7347993E+02     0.1825498E+02
    -0.7348180E+02     0.1825665E+02
    -0.7348931E+02     0.1825528E+02
    -0.7349583E+02     0.1824813E+02
    -0.7350139E+02     0.1824739E+02
    -0.7350315E+02     0.1824514E+02
    -0.7350181E+02     0.1824234E+02
    -0.7349461E+02     0.1824165E+02
    -0.7349420E+02     0.1823933E+02
    -0.7349992E+02     0.1823446E+02
    -0.7350928E+02     0.1823499E+02
    -0.7351453E+02     0.1823677E+02
    -0.7352429E+02     0.1823294E+02
    -0.7353029E+02     0.1823359E+02
    -0.7353304E+02     0.1823782E+02
    -0.7353353E+02     0.1824428E+02
    -0.7353656E+02     0.1824713E+02
    -0.7353527E+02     0.1824962E+02
    -0.7354034E+02     0.1825646E+02
    -0.7354401E+02     0.1826187E+02
    -0.7355339E+02     0.1826217E+02
    -0.7355779E+02     0.1826023E+02
    -0.7356430E+02     0.1825998E+02
    -0.7356945E+02     0.1825738E+02
    -0.7357370E+02     0.1825292E+02
    -0.7357291E+02     0.1824760E+02
    -0.7356382E+02     0.1823903E+02
    -0.7356091E+02     0.1823249E+02
    -0.7356088E+02     0.1822628E+02
    -0.7356277E+02     0.1822059E+02
    -0.7356648E+02     0.1821749E+02
    -0.7357793E+02     0.1822061E+02
    -0.7358307E+02     0.1823251E+02
    -0.7358664E+02     0.1823377E+02
    -0.7358752E+02     0.1822920E+02
    -0.7358605E+02     0.1822271E+02
    -0.7358736E+02     0.1821976E+02
    -0.7359153E+02     0.1821739E+02
    -0.7359350E+02     0.1821627E+02
    -0.7360632E+02     0.1821438E+02
    -0.7360992E+02     0.1821472E+02
    -0.7361440E+02     0.1821762E+02
    -0.7361552E+02     0.1823422E+02
    -0.7361323E+02     0.1823783E+02
    -0.7360839E+02     0.1823860E+02
    -0.7360603E+02     0.1824405E+02
    -0.7360145E+02     0.1824436E+02
    -0.7359963E+02     0.1824821E+02
    -0.7360146E+02     0.1825103E+02
    -0.7360657E+02     0.1825672E+02
    -0.7361217E+02     0.1825459E+02
    -0.7361888E+02     0.1825572E+02
    -0.7362195E+02     0.1825053E+02
    -0.7362984E+02     0.1825239E+02
    -0.7363255E+02     0.1825040E+02
    -0.7363181E+02     0.1824394E+02
    -0.7362836E+02     0.1823900E+02
    -0.7363288E+02     0.1823362E+02
    -0.7363191E+02     0.1822669E+02
    -0.7364330E+02     0.1821738E+02
    -0.7364931E+02     0.1821803E+02
    -0.7365843E+02     0.1821164E+02
    -0.7366104E+02     0.1821264E+02
    -0.7366163E+02     0.1821680E+02
    -0.7365858E+02     0.1822131E+02
    -0.7366062E+02     0.1822505E+02
    -0.7365726E+02     0.1823185E+02
    -0.7365177E+02     0.1823053E+02
    -0.7364989E+02     0.1823301E+02
    -0.7364698E+02     0.1823682E+02
    -0.7364253E+02     0.1824726E+02
    -0.7364204E+02     0.1825461E+02
    -0.7364510E+02     0.1825701E+02
    -0.7364803E+02     0.1825572E+02
    -0.7365576E+02     0.1824078E+02
    -0.7366289E+02     0.1823640E+02
    -0.7366725E+02     0.1822848E+02
    -0.7367115E+02     0.1822722E+02
    -0.7367304E+02     0.1822820E+02
    -0.7367213E+02     0.1823392E+02
    -0.7367393E+02     0.1823766E+02
    -0.7367842E+02     0.1824010E+02
    -0.7368420E+02     0.1824005E+02
    -0.7369192E+02     0.1823983E+02
    -0.7369590E+02     0.1823604E+02
    -0.7370011E+02     0.1822536E+02
    -0.7369792E+02     0.1821885E+02
    -0.7369996E+02     0.1821547E+02
    -0.7371476E+02     0.1821201E+02
    -0.7371773E+02     0.1820980E+02
    -0.7372010E+02     0.1820366E+02
    -0.7372301E+02     0.1820284E+02
    -0.7372537E+02     0.1820429E+02
    -0.7373338E+02     0.1819510E+02
    -0.7374162E+02     0.1819352E+02
    -0.7375294E+02     0.1818442E+02
    -0.7376853E+02     0.1818077E+02
    -0.7377695E+02     0.1817367E+02
    -0.7379062E+02     0.1816787E+02
    -0.7379815E+02     0.1815867E+02
    -0.7380882E+02     0.1815623E+02
    -0.7381498E+02     0.1815182E+02
    -0.7383360E+02     0.1813467E+02
    -0.7383796E+02     0.1812629E+02
    -0.7383995E+02     0.1811692E+02
    -0.7384131E+02     0.1811213E+02
    -0.7383958E+02     0.1810587E+02
    -0.7383614E+02     0.1810093E+02
    -0.7383282E+02     0.1809922E+02
    -0.7383032E+02     0.1809477E+02
    -0.7380960E+02     0.1808103E+02
    -0.7380707E+02     0.1807613E+02
    -0.7380236E+02     0.1806701E+02
    -0.7379303E+02     0.1805821E+02
    -0.7378587E+02     0.1805639E+02
    -0.7378197E+02     0.1805075E+02
    -0.7378135E+02     0.1804774E+02
    -0.7378720E+02     0.1803802E+02
    -0.7378453E+02     0.1803150E+02
    -0.7378681E+02     0.1802789E+02
    -0.7379332E+02     0.1802740E+02
    -0.7379605E+02     0.1802495E+02
    -0.7379965E+02     0.1802506E+02
    -0.7380166E+02     0.1802259E+02
    -0.7381535E+02     0.1802324E+02
    -0.7382944E+02     0.1802620E+02
    -0.7385146E+02     0.1802584E+02
    -0.7385928E+02     0.1802572E+02
    -0.7386565E+02     0.1802223E+02
    -0.7387939E+02     0.1802103E+02
    -0.7389764E+02     0.1802917E+02
    -0.7390114E+02     0.1803272E+02
    -0.7389958E+02     0.1803636E+02
    -0.7389965E+02     0.1804165E+02
    -0.7390522E+02     0.1804780E+02
    -0.7390620E+02     0.1805473E+02
    -0.7391565E+02     0.1806766E+02
    -0.7392268E+02     0.1808857E+02
    -0.7393262E+02     0.1809668E+02
    -0.7394261E+02     0.1810481E+02
    -0.7394440E+02     0.1810900E+02
    -0.7394319E+02     0.1811656E+02
    -0.7394689E+02     0.1812127E+02
    -0.7394619E+02     0.1812815E+02
    -0.7394897E+02     0.1813145E+02
    -0.7396067E+02     0.1813456E+02
    -0.7397743E+02     0.1815230E+02
    -0.7397993E+02     0.1815721E+02
    -0.7397929E+02     0.1816202E+02
    -0.7398174E+02     0.1816807E+02
    -0.7398510E+02     0.1816863E+02
    -0.7399142E+02     0.1816675E+02
    -0.7400168E+02     0.1816958E+02
    -0.7400361E+02     0.1818199E+02
    -0.7400718E+02     0.1818607E+02
    -0.7401527E+02     0.1818884E+02
    -0.7402340E+02     0.1819828E+02
    -0.7403086E+02     0.1819850E+02
    -0.7403934E+02     0.1820449E+02
    -0.7404188E+02     0.1820802E+02
    -0.7405206E+02     0.1821337E+02
    -0.7405162E+02     0.1821980E+02
    -0.7405348E+02     0.1822193E+02
    -0.7406016E+02     0.1822396E+02
    -0.7406519E+02     0.1823239E+02
    -0.7408099E+02     0.1823537E+02
    -0.7408334E+02     0.1823728E+02
    -0.7408672E+02     0.1824497E+02
    -0.7409233E+02     0.1825019E+02
    -0.7410069E+02     0.1825250E+02
    -0.7410808E+02     0.1825502E+02
    -0.7411417E+02     0.1826048E+02
    -0.7412160E+02     0.1826138E+02
    -0.7412727E+02     0.1826523E+02
    -0.7413471E+02     0.1826590E+02
    -0.7414064E+02     0.1826906E+02
    -0.7416117E+02     0.1827493E+02
    -0.7416673E+02     0.1827903E+02
    -0.7417059E+02     0.1828187E+02
    -0.7418224E+02     0.1829508E+02
    -0.7418815E+02     0.1829870E+02
    -0.7420694E+02     0.1829877E+02
    -0.7421475E+02     0.1830313E+02
    -0.7422316E+02     0.1831211E+02
    -0.7422916E+02     0.1831296E+02
    -0.7426196E+02     0.1831181E+02
    -0.7427927E+02     0.1830470E+02
    -0.7428255E+02     0.1830213E+02
    -0.7429604E+02     0.1829159E+02
    -0.7430208E+02     0.1829106E+02
    -0.7430795E+02     0.1828801E+02
    -0.7431539E+02     0.1828890E+02
    -0.7432027E+02     0.1828719E+02
    -0.7432795E+02     0.1828786E+02
    -0.7434101E+02     0.1829420E+02
    -0.7434990E+02     0.1829514E+02
    -0.7435513E+02     0.1829758E+02
    -0.7436065E+02     0.1829819E+02
    -0.7436600E+02     0.1829649E+02
    -0.7437785E+02     0.1831108E+02
    -0.7438543E+02     0.1831565E+02
    -0.7439814E+02     0.1831784E+02
    -0.7440237E+02     0.1832117E+02
    -0.7440255E+02     0.1832348E+02
    -0.7439847E+02     0.1833119E+02
    -0.7439981E+02     0.1833467E+02
    -0.7440469E+02     0.1833759E+02
    -0.7441270E+02     0.1833893E+02
    -0.7442342E+02     0.1834313E+02
    -0.7442968E+02     0.1834330E+02
    -0.7443576E+02     0.1834967E+02
    -0.7444228E+02     0.1834916E+02
    -0.7444487E+02     0.1835130E+02
    -0.7444630E+02     0.1836008E+02
    -0.7444530E+02     0.1836994E+02
    -0.7444968E+02     0.1837673E+02
    -0.7445075E+02     0.1838136E+02
    -0.7444777E+02     0.1839278E+02
    -0.7444807E+02     0.1839900E+02
    -0.7445198E+02     0.1840578E+02
    -0.7446041E+02     0.1841428E+02
    -0.7446872E+02     0.1841865E+02
    -0.7447455E+02     0.1841719E+02
    -0.7447858E+02     0.1841937E+02
    -0.7447165E+02     0.1842586E+02
    -0.7447228E+02     0.1842909E+02
    -0.7447681E+02     0.1843082E+02
    -0.7447771E+02     0.1843315E+02
    -0.7447617E+02     0.1843633E+02
    -0.7447230E+02     0.1843691E+02
    -0.7446934E+02     0.1843914E+02
    -0.7446996E+02     0.1844283E+02
    -0.7446748E+02     0.1845335E+02
    -0.7446382E+02     0.1845486E+02
    -0.7446130E+02     0.1845894E+02
    -0.7446212E+02     0.1846379E+02
    -0.7445823E+02     0.1846484E+02
    -0.7445713E+02     0.1846941E+02
    -0.7445294E+02     0.1847252E+02
    -0.7445006E+02     0.1848072E+02
    -0.7445205E+02     0.1848676E+02
    -0.7445871E+02     0.1849015E+02
    -0.7445985E+02     0.1849225E+02
    -0.7445905E+02     0.1849476E+02
    -0.7445708E+02     0.1849609E+02
    -0.7445595E+02     0.1850204E+02
    -0.7444583E+02     0.1851237E+02
    -0.7444079E+02     0.1851751E+02
    -0.7443864E+02     0.1852528E+02
    -0.7443955E+02     0.1853542E+02
    -0.7443819E+02     0.1854091E+02
    -0.7443252E+02     0.1854490E+02
    -0.7443284E+02     0.1855043E+02
    -0.7443049E+02     0.1855658E+02
    -0.7442633E+02     0.1855853E+02
    -0.7442258E+02     0.1856304E+02
    -0.7441402E+02     0.1858374E+02
    -0.7441508E+02     0.1859688E+02
    -0.7442580E+02     0.1861028E+02
    -0.7442247E+02     0.1861687E+02
    -0.7442310E+02     0.1862010E+02
    -0.7442149E+02     0.1862348E+02
    -0.7442104E+02     0.1862442E+02
    -0.7441500E+02     0.1862449E+02
    -0.7441060E+02     0.1862644E+02
    -0.7440680E+02     0.1863255E+02
    -0.7440359E+02     0.1863499E+02
    -0.7439897E+02     0.1863625E+02
    -0.7439616E+02     0.1863318E+02
    -0.7439421E+02     0.1863382E+02
    -0.7438489E+02     0.1864714E+02
    -0.7436545E+02     0.1864340E+02
    -0.7436100E+02     0.1864673E+02
    -0.7435716E+02     0.1864593E+02
    -0.7434937E+02     0.1864848E+02
    -0.7434533E+02     0.1865435E+02
    -0.7434246E+02     0.1865335E+02
    -0.7433900E+02     0.1865602E+02
    -0.7433273E+02     0.1865562E+02
    -0.7432558E+02     0.1866095E+02
    -0.7431638E+02     0.1866161E+02
    -0.7431264E+02     0.1866002E+02
    -0.7430827E+02     0.1865817E+02
    -0.7430347E+02     0.1866540E+02
    -0.7429809E+02     0.1866778E+02
    -0.7429276E+02     0.1866810E+02
    -0.7428968E+02     0.1866617E+02
    -0.7428395E+02     0.1865612E+02
    -0.7427943E+02     0.1865370E+02
    -0.7427725E+02     0.1865409E+02
    -0.7427369E+02     0.1865998E+02
    -0.7426850E+02     0.1866398E+02
    -0.7426430E+02     0.1867536E+02
    -0.7425724E+02     0.1867724E+02
    -0.7424929E+02     0.1867656E+02
    -0.7424772E+02     0.1867260E+02
    -0.7424507E+02     0.1867230E+02
    -0.7422939E+02     0.1867991E+02
    -0.7421677E+02     0.1868163E+02
    -0.7421141E+02     0.1868170E+02
    -0.7419939E+02     0.1868184E+02
    -0.7419055E+02     0.1867860E+02
    -0.7417918E+02     0.1867943E+02
    -0.7416837E+02     0.1867728E+02
    -0.7414646E+02     0.1866746E+02
    -0.7414141E+02     0.1866685E+02
    -0.7413766E+02     0.1867066E+02
    -0.7413383E+02     0.1866986E+02
    -0.7412516E+02     0.1866133E+02
    -0.7411868E+02     0.1866022E+02
    -0.7411566E+02     0.1865623E+02
    -0.7410916E+02     0.1865558E+02
    -0.7410729E+02     0.1865346E+02
    -0.7411179E+02     0.1864853E+02
    -0.7411188E+02     0.1864577E+02
    -0.7410744E+02     0.1864104E+02
    -0.7409528E+02     0.1863632E+02
    -0.7408579E+02     0.1863075E+02
    -0.7408380E+02     0.1862494E+02
    -0.7406619E+02     0.1861685E+02
    -0.7403267E+02     0.1860805E+02
    -0.7400909E+02     0.1860576E+02
    -0.7398948E+02     0.1860771E+02
    -0.7398643E+02     0.1860486E+02
    -0.7396757E+02     0.1860592E+02
    -0.7395773E+02     0.1860402E+02
    -0.7393810E+02     0.1859171E+02
    -0.7393493E+02     0.1859254E+02
    -0.7392972E+02     0.1859698E+02
    -0.7392061E+02     0.1859510E+02
    -0.7391357E+02     0.1858868E+02
    -0.7391354E+02     0.1858564E+02
    -0.7391351E+02     0.1858316E+02
    -0.7390983E+02     0.1857752E+02
    -0.7390545E+02     0.1857854E+02
    -0.7390169E+02     0.1857544E+02
    -0.7390302E+02     0.1857180E+02
    -0.7390041E+02     0.1857034E+02
    -0.7389331E+02     0.1857335E+02
    -0.7385030E+02     0.1857528E+02
    -0.7384847E+02     0.1857201E+02
    -0.7384355E+02     0.1857485E+02
    -0.7383897E+02     0.1857448E+02
    -0.7383266E+02     0.1856854E+02
    -0.7382095E+02     0.1856496E+02
    -0.7381767E+02     0.1856187E+02
    -0.7381233E+02     0.1856263E+02
    -0.7380783E+02     0.1856020E+02
    -0.7380469E+02     0.1855636E+02
    -0.7380203E+02     0.1855312E+02
    -0.7379744E+02     0.1855344E+02
    -0.7378656E+02     0.1853930E+02
    -0.7377951E+02     0.1854093E+02
    -0.7377696E+02     0.1853786E+02
    -0.7376969E+02     0.1854592E+02
    -0.7376463E+02     0.1854600E+02
    -0.7376012E+02     0.1854379E+02
    -0.7375542E+02     0.1854709E+02
    -0.7374696E+02     0.1854730E+02
    -0.7373919E+02     0.1854890E+02
    -0.7372573E+02     0.1855447E+02
    -0.7371703E+02     0.1855489E+02
    -0.7371762E+02     0.1855747E+02
    -0.7371762E+02     0.1855747E+02
    -0.7371787E+02     0.1855860E+02
    -0.7372350E+02     0.1856337E+02
    -0.7372896E+02     0.1855917E+02
    -0.7373296E+02     0.1856205E+02
    -0.7373090E+02     0.1856473E+02
    -0.7373019E+02     0.1856565E+02
    -0.7371944E+02     0.1856969E+02
    -0.7371736E+02     0.1857400E+02
    -0.7371338E+02     0.1857755E+02
    -0.7370097E+02     0.1857990E+02
    -0.7370097E+02     0.1857990E+02
    -0.7369249E+02     0.1858151E+02
    -0.7368239E+02     0.1858096E+02
    -0.7365923E+02     0.1857444E+02
    -0.7365147E+02     0.1857425E+02
    -0.7364560E+02     0.1857637E+02
    -0.7363447E+02     0.1858430E+02
    -0.7362616E+02     0.1858727E+02
    -0.7360915E+02     0.1858883E+02
    -0.7356660E+02     0.1859275E+02
    -0.7356204E+02     0.1859192E+02
    -0.7355933E+02     0.1858654E+02
    -0.7356145E+02     0.1858085E+02
    -0.7356989E+02     0.1857422E+02
    -0.7357607E+02     0.1856314E+02
    -0.7359516E+02     0.1855523E+02
    -0.7360431E+02     0.1855575E+02
    -0.7361073E+02     0.1855871E+02
    -0.7362206E+02     0.1856015E+02
    -0.7362274E+02     0.1856024E+02
    -0.7364184E+02     0.1855923E+02
    -0.7364679E+02     0.1855547E+02
    -0.7366202E+02     0.1855479E+02
    -0.7366403E+02     0.1855946E+02
    -0.7368256E+02     0.1856832E+02
    -0.7368813E+02     0.1856780E+02
    -0.7368989E+02     0.1856555E+02
    -0.7368756E+02     0.1856295E+02
    -0.7367938E+02     0.1856224E+02
    -0.7367874E+02     0.1855969E+02
    -0.7368053E+02     0.1855698E+02
    -0.7368982E+02     0.1855336E+02
    -0.7369743E+02     0.1855635E+02
    -0.7370659E+02     0.1854973E+02
    -0.7371561E+02     0.1854983E+02
    -0.7371793E+02     0.1854985E+02
    -0.7371847E+02     0.1854803E+02
    -0.7371282E+02     0.1854371E+02
    -0.7370657E+02     0.1854306E+02
    -0.7369537E+02     0.1854617E+02
    -0.7369180E+02     0.1854468E+02
    -0.7368850E+02     0.1854940E+02
    -0.7368513E+02     0.1854907E+02
    -0.7368379E+02     0.1854604E+02
    -0.7368536E+02     0.1854218E+02
    -0.7368306E+02     0.1853911E+02
    -0.7367963E+02     0.1854039E+02
    -0.7367775E+02     0.1854631E+02
    -0.7367532E+02     0.1854692E+02
    -0.7367275E+02     0.1854408E+02
    -0.7366331E+02     0.1854494E+02
    -0.7365998E+02     0.1854369E+02
    -0.7365950E+02     0.1853654E+02
    -0.7366254E+02     0.1853203E+02
    -0.7366095E+02     0.1852922E+02
    -0.7366567E+02     0.1852523E+02
    -0.7367043E+02     0.1851295E+02
    -0.7366264E+02     0.1850788E+02
    -0.7365939E+02     0.1850409E+02
    -0.7365170E+02     0.1850339E+02
    -0.7364516E+02     0.1850411E+02
    -0.7363631E+02     0.1850889E+02
    -0.7362813E+02     0.1850818E+02
    -0.7362334E+02     0.1850734E+02
    -0.7362011E+02     0.1850286E+02
    -0.7362011E+02     0.1850286E+02
    -0.7361594E+02     0.1850503E+02
    -0.7360993E+02     0.1850415E+02
    -0.7360841E+02     0.1850641E+02
    -0.7359969E+02     0.1850751E+02
    -0.7359793E+02     0.1850240E+02
    -0.7359222E+02     0.1850705E+02
    -0.7358262E+02     0.1850582E+02
    -0.7357568E+02     0.1851113E+02
    -0.7357018E+02     0.1850957E+02
    -0.7356506E+02     0.1851125E+02
    -0.7355984E+02     0.1851569E+02
    -0.7354440E+02     0.1852279E+02
    -0.7352904E+02     0.1852736E+02
    -0.7351823E+02     0.1853277E+02
    -0.7350890E+02     0.1853380E+02
    -0.7350890E+02     0.1853380E+02
    -0.7350370E+02     0.1853437E+02
    -0.7347287E+02     0.1852602E+02
    -0.7346877E+02     0.1852612E+02
    -0.7345692E+02     0.1853356E+02
    -0.7344863E+02     0.1852915E+02
    -0.7342228E+02     0.1852369E+02
    -0.7340473E+02     0.1852197E+02
    -0.7337737E+02     0.1851488E+02
    -0.7337628E+02     0.1851460E+02
    -0.7333264E+02     0.1850695E+02
    -0.7330238E+02     0.1848984E+02
    -0.7328976E+02     0.1848528E+02
    -0.7326875E+02     0.1848573E+02
    -0.7324745E+02     0.1848110E+02
    -0.7322482E+02     0.1847988E+02
    -0.7321551E+02     0.1848394E+02
    -0.7320776E+02     0.1848460E+02
    -0.7319903E+02     0.1849259E+02
    -0.7318960E+02     0.1849319E+02
    -0.7317949E+02     0.1849261E+02
    -0.7314049E+02     0.1848392E+02
    -0.7312455E+02     0.1847786E+02
    -0.7312514E+02     0.1847488E+02
    -0.7312187E+02     0.1847201E+02
    -0.7312134E+02     0.1846693E+02
    -0.7311393E+02     0.1846507E+02
    -0.7311317E+02     0.1845975E+02
    -0.7310571E+02     0.1845903E+02
    -0.7310418E+02     0.1845484E+02
    -0.7309232E+02     0.1844937E+02
    -0.7308549E+02     0.1845143E+02
    -0.7307903E+02     0.1845170E+02
    -0.7307342E+02     0.1845194E+02
    -0.7307091E+02     0.1845461E+02
    -0.7306872E+02     0.1846144E+02
    -0.7306238E+02     0.1846329E+02
    -0.7304107E+02     0.1846554E+02
    -0.7303689E+02     0.1846770E+02
    -0.7302461E+02     0.1846704E+02
    -0.7301243E+02     0.1847030E+02
    -0.7300000E+02     0.1846394E+02
    -0.7299302E+02     0.1846401E+02
    -0.7298493E+02     0.1846681E+02
    -0.7297797E+02     0.1846751E+02
    -0.7294208E+02     0.1846093E+02
    -0.7293697E+02     0.1845941E+02
    -0.7290871E+02     0.1845103E+02
    -0.7289832E+02     0.1845000E+02
    -0.7288930E+02     0.1844709E+02
    -0.7288486E+02     0.1844448E+02
    -0.7288478E+02     0.1844219E+02
    -0.7289802E+02     0.1844197E+02
    -0.7289915E+02     0.1844032E+02
    -0.7289834E+02     0.1843783E+02
    -0.7288028E+02     0.1842488E+02
    -0.7287103E+02     0.1842864E+02
    -0.7285941E+02     0.1844005E+02
    -0.7285352E+02     0.1844347E+02
    -0.7285265E+02     0.1844370E+02
    -0.7284756E+02     0.1844505E+02
    -0.7283096E+02     0.1844537E+02
    -0.7281362E+02     0.1844549E+02
    -0.7278443E+02     0.1843106E+02
    -0.7277934E+02     0.1843032E+02
    -0.7275951E+02     0.1843442E+02
    -0.7275243E+02     0.1843189E+02
    -0.7274480E+02     0.1843398E+02
    -0.7273327E+02     0.1842793E+02
    -0.7272712E+02     0.1842778E+02
    -0.7272507E+02     0.1842774E+02
    -0.7271912E+02     0.1842954E+02
    -0.7270664E+02     0.1843730E+02
    -0.7269117E+02     0.1844240E+02
    -0.7268275E+02     0.1844910E+02
    -0.7266490E+02     0.1846852E+02
    -0.7266241E+02     0.1847297E+02
    -0.7265881E+02     0.1849330E+02
    -0.7264690E+02     0.1851734E+02
    -0.7264135E+02     0.1853039E+02
    -0.7262593E+02     0.1855064E+02
    -0.7261793E+02     0.1855595E+02
    -0.7258474E+02     0.1856460E+02
    -0.7257195E+02     0.1856431E+02
    -0.7256252E+02     0.1856324E+02
    -0.7255370E+02     0.1855915E+02
    -0.7253783E+02     0.1854656E+02
    -0.7250858E+02     0.1855047E+02
    -0.7249620E+02     0.1854811E+02
    -0.7245612E+02     0.1855258E+02
    -0.7244656E+02     0.1854987E+02
    -0.7243859E+02     0.1854761E+02
    -0.7242651E+02     0.1854661E+02
    -0.7242342E+02     0.1854785E+02
    -0.7241528E+02     0.1855637E+02
    -0.7241312E+02     0.1855644E+02
    -0.7241099E+02     0.1855765E+02
    -0.7240422E+02     0.1855694E+02
    -0.7239710E+02     0.1855326E+02
    -0.7238963E+02     0.1854591E+02
    -0.7238381E+02     0.1854517E+02
    -0.7237337E+02     0.1853584E+02
    -0.7236656E+02     0.1853399E+02
    -0.7236303E+02     0.1853616E+02
    -0.7235263E+02     0.1853510E+02
    -0.7234834E+02     0.1853638E+02
    -0.7234489E+02     0.1854131E+02
    -0.7233970E+02     0.1855870E+02
    -0.7234629E+02     0.1856837E+02
    -0.7234539E+02     0.1857024E+02
    -0.7233656E+02     0.1857281E+02
    -0.7233407E+02     0.1857747E+02
    -0.7233434E+02     0.1858103E+02
    -0.7233450E+02     0.1858320E+02
    -0.7234515E+02     0.1861986E+02
    -0.7234318E+02     0.1862567E+02
    -0.7234397E+02     0.1862771E+02
    -0.7233893E+02     0.1863522E+02
    -0.7232622E+02     0.1865145E+02
    -0.7231240E+02     0.1866359E+02
    -0.7231257E+02     0.1866841E+02
    -0.7231548E+02     0.1867613E+02
    -0.7232322E+02     0.1868394E+02
    -0.7233746E+02     0.1868442E+02
    -0.7237424E+02     0.1870213E+02
    -0.7238538E+02     0.1871052E+02
    -0.7239172E+02     0.1871239E+02
    -0.7241967E+02     0.1871153E+02
    -0.7242278E+02     0.1871269E+02
    -0.7244289E+02     0.1872023E+02
    -0.7244642E+02     0.1872471E+02
    -0.7245829E+02     0.1875398E+02
    -0.7246324E+02     0.1875750E+02
    -0.7246955E+02     0.1875868E+02
    -0.7248383E+02     0.1876673E+02
    -0.7249320E+02     0.1876575E+02
    -0.7249895E+02     0.1876442E+02
    -0.7251736E+02     0.1876637E+02
    -0.7253326E+02     0.1877253E+02
    -0.7253821E+02     0.1877605E+02
    -0.7254239E+02     0.1878511E+02
    -0.7255381E+02     0.1879416E+02
    -0.7256812E+02     0.1881645E+02
    -0.7257844E+02     0.1883519E+02
    -0.7258894E+02     0.1884566E+02
    -0.7259333E+02     0.1885356E+02
    -0.7259829E+02     0.1885707E+02
    -0.7260755E+02     0.1885954E+02
    -0.7260951E+02     0.1886645E+02
    -0.7261252E+02     0.1887707E+02
    -0.7261666E+02     0.1888475E+02
    -0.7262242E+02     0.1889053E+02
    -0.7263261E+02     0.1890537E+02
    -0.7263704E+02     0.1890753E+02
    -0.7264364E+02     0.1891650E+02
    -0.7266186E+02     0.1892602E+02
    -0.7267287E+02     0.1893003E+02
    -0.7269163E+02     0.1894114E+02
    -0.7269527E+02     0.1894148E+02
    -0.7270171E+02     0.1893944E+02
    -0.7270467E+02     0.1894118E+02
    -0.7272344E+02     0.1895228E+02
    -0.7272859E+02     0.1897417E+02
    -0.7274010E+02     0.1899172E+02
    -0.7276329E+02     0.1901118E+02
    -0.7277120E+02     0.1901597E+02
    -0.7279065E+02     0.1902567E+02
    -0.7279373E+02     0.1902538E+02
    -0.7279812E+02     0.1902496E+02
    -0.7281145E+02     0.1903256E+02
    -0.7281721E+02     0.1904432E+02
    -0.7281783E+02     0.1905464E+02
    -0.7281645E+02     0.1906318E+02
    -0.7280112E+02     0.1908001E+02
    -0.7278221E+02     0.1908522E+02
    -0.7276749E+02     0.1909260E+02
    -0.7275704E+02     0.1909111E+02
    -0.7274866E+02     0.1909322E+02
    -0.7274049E+02     0.1908820E+02
    -0.7272721E+02     0.1908864E+02
    -0.7270762E+02     0.1909502E+02
    -0.7270341E+02     0.1909906E+02
    -0.7269930E+02     0.1911252E+02
    -0.7269702E+02     0.1912293E+02
    -0.7269715E+02     0.1912370E+02
    -0.7269795E+02     0.1912842E+02
    -0.7270701E+02     0.1913134E+02
    -0.7271567E+02     0.1913680E+02
    -0.7272837E+02     0.1914030E+02
    -0.7274369E+02     0.1914898E+02
    -0.7275751E+02     0.1916301E+02
    -0.7276068E+02     0.1917049E+02
    -0.7277895E+02     0.1919999E+02
    -0.7278389E+02     0.1920281E+02
    -0.7278724E+02     0.1920821E+02
    -0.7279247E+02     0.1921218E+02
    -0.7279300E+02     0.1921437E+02
    -0.7279300E+02     0.1921437E+02
    -0.7279417E+02     0.1921924E+02
    -0.7279238E+02     0.1922298E+02
    -0.7278499E+02     0.1921932E+02
    -0.7277731E+02     0.1922118E+02
    -0.7277531E+02     0.1922584E+02
    -0.7277032E+02     0.1922187E+02
    -0.7276496E+02     0.1922756E+02
    -0.7276301E+02     0.1922716E+02
    -0.7275777E+02     0.1922963E+02
    -0.7275052E+02     0.1922964E+02
    -0.7274992E+02     0.1923310E+02
    -0.7275124E+02     0.1923605E+02
    -0.7275375E+02     0.1923849E+02
    -0.7276208E+02     0.1924144E+02
    -0.7276495E+02     0.1924043E+02
    -0.7276664E+02     0.1923371E+02
    -0.7276897E+02     0.1923133E+02
    -0.7277448E+02     0.1922954E+02
    -0.7277891E+02     0.1923169E+02
    -0.7278199E+02     0.1923642E+02
    -0.7277417E+02     0.1924104E+02
    -0.7277333E+02     0.1924451E+02
    -0.7276929E+02     0.1925981E+02
    -0.7277148E+02     0.1926640E+02
    -0.7276991E+02     0.1926990E+02
    -0.7276814E+02     0.1927016E+02
    -0.7276582E+02     0.1927050E+02
    -0.7276451E+02     0.1927444E+02
    -0.7276508E+02     0.1927695E+02
    -0.7277172E+02     0.1927972E+02
    -0.7276964E+02     0.1928232E+02
    -0.7275607E+02     0.1928185E+02
    -0.7274895E+02     0.1927932E+02
    -0.7274050E+02     0.1927983E+02
    -0.7273885E+02     0.1928103E+02
    -0.7273600E+02     0.1928916E+02
    -0.7273240E+02     0.1928997E+02
    -0.7272803E+02     0.1928988E+02
    -0.7272128E+02     0.1928367E+02
    -0.7271621E+02     0.1928429E+02
    -0.7271184E+02     0.1929041E+02
    -0.7271146E+02     0.1929341E+02
    -0.7271408E+02     0.1929884E+02
    -0.7271696E+02     0.1930495E+02
    -0.7272630E+02     0.1930855E+02
    -0.7272852E+02     0.1931072E+02
    -0.7272309E+02     0.1932014E+02
    -0.7272405E+02     0.1932123E+02
    -0.7272587E+02     0.1932327E+02
    -0.7274590E+02     0.1932147E+02
    -0.7275453E+02     0.1932578E+02
    -0.7275876E+02     0.1934196E+02
    -0.7276532E+02     0.1934243E+02
    -0.7276608E+02     0.1934355E+02
    -0.7276757E+02     0.1935109E+02
    -0.7276608E+02     0.1936308E+02
    -0.7276414E+02     0.1936958E+02
    -0.7275682E+02     0.1937488E+02
    -0.7275031E+02     0.1937555E+02
    -0.7274394E+02     0.1937369E+02
    -0.7273659E+02     0.1936474E+02
    -0.7273217E+02     0.1936304E+02
    -0.7272485E+02     0.1936558E+02
    -0.7272045E+02     0.1936710E+02
    -0.7271473E+02     0.1937625E+02
    -0.7271445E+02     0.1938177E+02
    -0.7271101E+02     0.1938717E+02
    -0.7271344E+02     0.1939398E+02
    -0.7272087E+02     0.1939857E+02
    -0.7272492E+02     0.1940326E+02
    -0.7272665E+02     0.1941102E+02
    -0.7272617E+02     0.1941747E+02
    -0.7272347E+02     0.1942330E+02
    -0.7271447E+02     0.1942887E+02
    -0.7271081E+02     0.1942808E+02
    -0.7270927E+02     0.1941273E+02
    -0.7270327E+02     0.1940741E+02
    -0.7270219E+02     0.1939780E+02
    -0.7269868E+02     0.1939446E+02
    -0.7269283E+02     0.1939373E+02
    -0.7268804E+02     0.1940170E+02
    -0.7268012E+02     0.1940380E+02
    -0.7267763E+02     0.1940847E+02
    -0.7267853E+02     0.1941327E+02
    -0.7268336E+02     0.1941311E+02
    -0.7268538E+02     0.1941511E+02
    -0.7268582E+02     0.1942061E+02
    -0.7269343E+02     0.1942336E+02
    -0.7269725E+02     0.1942851E+02
    -0.7269751E+02     0.1943563E+02
    -0.7269448E+02     0.1944561E+02
    -0.7269501E+02     0.1944705E+02
    -0.7269501E+02     0.1944705E+02
    -0.7269663E+02     0.1945151E+02
    -0.7269473E+02     0.1945916E+02
    -0.7269695E+02     0.1946023E+02
    -0.7270564E+02     0.1945903E+02
    -0.7270798E+02     0.1945712E+02
    -0.7270496E+02     0.1945377E+02
    -0.7270726E+02     0.1945048E+02
    -0.7271331E+02     0.1945028E+02
    -0.7271815E+02     0.1945656E+02
    -0.7272225E+02     0.1945620E+02
    -0.7272379E+02     0.1945448E+02
    -0.7272971E+02     0.1944791E+02
    -0.7274001E+02     0.1944482E+02
    -0.7276278E+02     0.1945119E+02
    -0.7276702E+02     0.1945450E+02
    -0.7277940E+02     0.1947455E+02
    -0.7278492E+02     0.1947965E+02
    -0.7279266E+02     0.1949226E+02
    -0.7280019E+02     0.1949914E+02
    -0.7281435E+02     0.1950855E+02
    -0.7282261E+02     0.1951114E+02
    -0.7282760E+02     0.1951271E+02
    -0.7284357E+02     0.1952504E+02
    -0.7286541E+02     0.1953833E+02
    -0.7288216E+02     0.1953869E+02
    -0.7289722E+02     0.1955221E+02
    -0.7290550E+02     0.1955331E+02
    -0.7291617E+02     0.1955961E+02
    -0.7293757E+02     0.1956762E+02
    -0.7296484E+02     0.1957681E+02
    -0.7296846E+02     0.1958266E+02
    -0.7297485E+02     0.1958497E+02
    -0.7297716E+02     0.1958811E+02
    -0.7297323E+02     0.1959307E+02
    -0.7297428E+02     0.1959533E+02
    -0.7298282E+02     0.1959022E+02
    -0.7298455E+02     0.1959108E+02
    -0.7298643E+02     0.1959584E+02
    -0.7299043E+02     0.1959892E+02
    -0.7299084E+02     0.1960327E+02
    -0.7298843E+02     0.1961002E+02
    -0.7299047E+02     0.1961271E+02
    -0.7299364E+02     0.1961306E+02
    -0.7300000E+02     0.1960949E+02
    -0.7300703E+02     0.1961163E+02
    -0.7301993E+02     0.1961174E+02
    -0.7302501E+02     0.1961179E+02
    -0.7303121E+02     0.1961477E+02
    -0.7305073E+02     0.1963178E+02
    -0.7305798E+02     0.1963295E+02
    -0.7309227E+02     0.1964494E+02
    -0.7309833E+02     0.1964538E+02
    -0.7310642E+02     0.1964335E+02
    -0.7311639E+02     0.1963679E+02
    -0.7312080E+02     0.1962934E+02
    -0.7312505E+02     0.1962626E+02
    -0.7313482E+02     0.1962869E+02
    -0.7316477E+02     0.1963613E+02
    -0.7317021E+02     0.1963999E+02
    -0.7318031E+02     0.1964310E+02
    -0.7319780E+02     0.1965634E+02
    -0.7320242E+02     0.1966294E+02
    -0.7320651E+02     0.1966377E+02
    -0.7321271E+02     0.1966052E+02
    -0.7321958E+02     0.1964556E+02
    -0.7322160E+02     0.1963689E+02
    -0.7322437E+02     0.1963422E+02
    -0.7323100E+02     0.1963237E+02
    -0.7325748E+02     0.1963233E+02
    -0.7326497E+02     0.1963619E+02
    -0.7326559E+02     0.1963651E+02
    -0.7326994E+02     0.1963712E+02
    -0.7327592E+02     0.1963317E+02
    -0.7329025E+02     0.1963342E+02
    -0.7329401E+02     0.1963009E+02
    -0.7330116E+02     0.1962733E+02
    -0.7331664E+02     0.1962899E+02
    -0.7332546E+02     0.1962698E+02
    -0.7333416E+02     0.1962842E+02
    -0.7334734E+02     0.1962678E+02
    -0.7335406E+02     0.1962907E+02
    -0.7336245E+02     0.1962543E+02
    -0.7336703E+02     0.1962627E+02
    -0.7337315E+02     0.1963199E+02
    -0.7338945E+02     0.1963808E+02
    -0.7339137E+02     0.1963880E+02
    -0.7341513E+02     0.1965384E+02
    -0.7341908E+02     0.1965903E+02
    -0.7342745E+02     0.1966275E+02
    -0.7343287E+02     0.1966753E+02
    -0.7343671E+02     0.1967594E+02
    -0.7344492E+02     0.1968403E+02
    -0.7345024E+02     0.1969847E+02
    -0.7345115E+02     0.1971415E+02
    -0.7344958E+02     0.1972422E+02
    -0.7345074E+02     0.1973789E+02
    -0.7345147E+02     0.1974638E+02
    -0.7344739E+02     0.1975177E+02
    -0.7344800E+02     0.1976191E+02
    -0.7343591E+02     0.1977372E+02
    -0.7343343E+02     0.1978170E+02
    -0.7342942E+02     0.1978525E+02
    -0.7342645E+02     0.1979344E+02
    -0.7342092E+02     0.1979855E+02
    -0.7341726E+02     0.1979890E+02
    -0.7341138E+02     0.1979341E+02
    -0.7340799E+02     0.1979284E+02
    -0.7340209E+02     0.1979449E+02
    -0.7339263E+02     0.1980063E+02
    -0.7337915E+02     0.1980341E+02
    -0.7337574E+02     0.1981044E+02
    -0.7337233E+02     0.1981056E+02
    -0.7336685E+02     0.1981406E+02
    -0.7336484E+02     0.1982274E+02
    -0.7335851E+02     0.1982944E+02
    -0.7335689E+02     0.1983422E+02
    -0.7335753E+02     0.1983654E+02
    -0.7336198E+02     0.1983461E+02
    -0.7336993E+02     0.1982337E+02
    -0.7337533E+02     0.1982193E+02
    -0.7338844E+02     0.1982259E+02
    -0.7339785E+02     0.1982473E+02
    -0.7340496E+02     0.1982312E+02
    -0.7341199E+02     0.1982381E+02
    -0.7341533E+02     0.1982576E+02
    -0.7341542E+02     0.1982990E+02
    -0.7340916E+02     0.1983500E+02
    -0.7340799E+02     0.1984048E+02
    -0.7340398E+02     0.1984380E+02
    -0.7339932E+02     0.1984480E+02
    -0.7339358E+02     0.1984444E+02
    -0.7337724E+02     0.1984340E+02
    -0.7336563E+02     0.1984808E+02
    -0.7334477E+02     0.1983958E+02
    -0.7334040E+02     0.1983920E+02
    -0.7333670E+02     0.1984069E+02
    -0.7333042E+02     0.1984624E+02
    -0.7331589E+02     0.1985106E+02
    -0.7329285E+02     0.1986227E+02
    -0.7328300E+02     0.1986562E+02
    -0.7327376E+02     0.1986555E+02
    -0.7327029E+02     0.1986738E+02
    -0.7326433E+02     0.1987053E+02
    -0.7325673E+02     0.1987189E+02
    -0.7324843E+02     0.1987944E+02
    -0.7324010E+02     0.1988100E+02
    -0.7321805E+02     0.1989799E+02
    -0.7321011E+02     0.1990232E+02
    -0.7319729E+02     0.1990650E+02
    -0.7319228E+02     0.1991024E+02
    -0.7318915E+02     0.1991612E+02
    -0.7318497E+02     0.1991713E+02
    -0.7318214E+02     0.1992118E+02
    -0.7318005E+02     0.1992218E+02
    -0.7317049E+02     0.1992677E+02
    -0.7316912E+02     0.1993110E+02
    -0.7315908E+02     0.1993904E+02
    -0.7315469E+02     0.1993936E+02
    -0.7315184E+02     0.1993742E+02
    -0.7314730E+02     0.1992852E+02
    -0.7310794E+02     0.1992649E+02
    -0.7310074E+02     0.1992395E+02
    -0.7306828E+02     0.1991985E+02
    -0.7306135E+02     0.1992037E+02
    -0.7305143E+02     0.1992111E+02
    -0.7304443E+02     0.1991972E+02
    -0.7303775E+02     0.1991604E+02
    -0.7302619E+02     0.1991265E+02
    -0.7302464E+02     0.1991490E+02
    -0.7302853E+02     0.1992170E+02
    -0.7302771E+02     0.1992398E+02
    -0.7301361E+02     0.1992349E+02
    -0.7300928E+02     0.1992219E+02
    -0.7300336E+02     0.1991761E+02
    -0.7300000E+02     0.1991818E+02
    -0.7299559E+02     0.1991700E+02
    -0.7296874E+02     0.1992043E+02
    -0.7296555E+02     0.1991939E+02
    -0.7296005E+02     0.1990924E+02
    -0.7295738E+02     0.1990933E+02
    -0.7295313E+02     0.1991269E+02
    -0.7295000E+02     0.1991969E+02
    -0.7294166E+02     0.1992410E+02
    -0.7289050E+02     0.1993386E+02
    -0.7287213E+02     0.1993034E+02
    -0.7286733E+02     0.1993211E+02
    -0.7286124E+02     0.1993828E+02
    -0.7285741E+02     0.1993979E+02
    -0.7285567E+02     0.1993870E+02
    -0.7285191E+02     0.1992894E+02
    -0.7284544E+02     0.1992525E+02
    -0.7284534E+02     0.1992462E+02
    -0.7284447E+02     0.1991885E+02
    -0.7284244E+02     0.1991639E+02
    -0.7283633E+02     0.1991567E+02
    -0.7283149E+02     0.1990320E+02
    -0.7282493E+02     0.1990318E+02
    -0.7283081E+02     0.1991103E+02
    -0.7283131E+02     0.1991791E+02
    -0.7283335E+02     0.1992037E+02
    -0.7283998E+02     0.1992222E+02
    -0.7284318E+02     0.1992969E+02
    -0.7284946E+02     0.1993500E+02
    -0.7284985E+02     0.1993889E+02
    -0.7284560E+02     0.1994225E+02
    -0.7283508E+02     0.1994053E+02
    -0.7282952E+02     0.1994140E+02
    -0.7282164E+02     0.1994534E+02
    -0.7281625E+02     0.1995057E+02
    -0.7280070E+02     0.1995109E+02
    -0.7279453E+02     0.1994830E+02
    -0.7277854E+02     0.1994997E+02
    -0.7277144E+02     0.1994679E+02
    -0.7276421E+02     0.1994355E+02
    -0.7274953E+02     0.1994127E+02
    -0.7272986E+02     0.1993502E+02
    -0.7271814E+02     0.1993356E+02
    -0.7270798E+02     0.1992838E+02
    -0.7269796E+02     0.1992686E+02
    -0.7267564E+02     0.1992138E+02
    -0.7266206E+02     0.1991561E+02
    -0.7265179E+02     0.1991387E+02
    -0.7264509E+02     0.1990995E+02
    -0.7263503E+02     0.1990752E+02
    -0.7262956E+02     0.1989735E+02
    -0.7262289E+02     0.1989435E+02
    -0.7260746E+02     0.1989093E+02
    -0.7259993E+02     0.1989094E+02
    -0.7258826E+02     0.1989337E+02
    -0.7258691E+02     0.1989365E+02
    -0.7257838E+02     0.1989323E+02
    -0.7257393E+02     0.1989108E+02
    -0.7256686E+02     0.1988372E+02
    -0.7255701E+02     0.1987989E+02
    -0.7254832E+02     0.1987276E+02
    -0.7254654E+02     0.1986552E+02
    -0.7254221E+02     0.1985991E+02
    -0.7253194E+02     0.1985127E+02
    -0.7252603E+02     0.1984916E+02
    -0.7251800E+02     0.1984872E+02
    -0.7251366E+02     0.1984266E+02
    -0.7251049E+02     0.1984252E+02
    -0.7250744E+02     0.1984538E+02
    -0.7250323E+02     0.1984344E+02
    -0.7249604E+02     0.1983218E+02
    -0.7249386E+02     0.1982408E+02
    -0.7249352E+02     0.1982283E+02
    -0.7248861E+02     0.1982115E+02
    -0.7248814E+02     0.1982875E+02
    -0.7248600E+02     0.1982996E+02
    -0.7248280E+02     0.1982891E+02
    -0.7247800E+02     0.1982355E+02
    -0.7246992E+02     0.1982173E+02
    -0.7246737E+02     0.1982503E+02
    -0.7246541E+02     0.1983152E+02
    -0.7246199E+02     0.1983094E+02
    -0.7244729E+02     0.1982036E+02
    -0.7243016E+02     0.1981676E+02
    -0.7242019E+02     0.1981638E+02
    -0.7241338E+02     0.1980900E+02
    -0.7239935E+02     0.1980392E+02
    -0.7238846E+02     0.1980494E+02
    -0.7238589E+02     0.1980801E+02
    -0.7238455E+02     0.1981839E+02
    -0.7238069E+02     0.1981919E+02
    -0.7237235E+02     0.1981669E+02
    -0.7237144E+02     0.1981166E+02
    -0.7237589E+02     0.1980647E+02
    -0.7237453E+02     0.1980261E+02
    -0.7236046E+02     0.1978879E+02
    -0.7233572E+02     0.1977530E+02
    -0.7232878E+02     0.1976425E+02
    -0.7232952E+02     0.1975757E+02
    -0.7232265E+02     0.1974813E+02
    -0.7232389E+02     0.1974188E+02
    -0.7232851E+02     0.1974197E+02
    -0.7233365E+02     0.1975032E+02
    -0.7233585E+02     0.1975094E+02
    -0.7233613E+02     0.1974908E+02
    -0.7233664E+02     0.1974563E+02
    -0.7233295E+02     0.1973724E+02
    -0.7233305E+02     0.1972575E+02
    -0.7232778E+02     0.1971374E+02
    -0.7231738E+02     0.1970739E+02
    -0.7231110E+02     0.1970850E+02
    -0.7230758E+02     0.1971205E+02
    -0.7230731E+02     0.1972561E+02
    -0.7231217E+02     0.1973282E+02
    -0.7231009E+02     0.1973587E+02
    -0.7230550E+02     0.1973669E+02
    -0.7230491E+02     0.1974062E+02
    -0.7231468E+02     0.1974239E+02
    -0.7231651E+02     0.1974601E+02
    -0.7231636E+02     0.1974900E+02
    -0.7230759E+02     0.1974812E+02
    -0.7230672E+02     0.1975090E+02
    -0.7230780E+02     0.1975409E+02
    -0.7230878E+02     0.1975520E+02
    -0.7231588E+02     0.1976326E+02
    -0.7231652E+02     0.1976784E+02
    -0.7231512E+02     0.1976972E+02
    -0.7231148E+02     0.1976937E+02
    -0.7230542E+02     0.1976266E+02
    -0.7230246E+02     0.1976137E+02
    -0.7228632E+02     0.1976507E+02
    -0.7227953E+02     0.1976528E+02
    -0.7226063E+02     0.1975918E+02
    -0.7225508E+02     0.1976026E+02
    -0.7225351E+02     0.1976422E+02
    -0.7225543E+02     0.1977082E+02
    -0.7225385E+02     0.1977408E+02
    -0.7223898E+02     0.1977269E+02
    -0.7223811E+02     0.1977547E+02
    -0.7224212E+02     0.1978638E+02
    -0.7224100E+02     0.1978940E+02
    -0.7224032E+02     0.1978935E+02
    -0.7223054E+02     0.1978856E+02
    -0.7222090E+02     0.1978379E+02
    -0.7220054E+02     0.1978463E+02
    -0.7219603E+02     0.1978798E+02
    -0.7219095E+02     0.1978835E+02
    -0.7218672E+02     0.1978549E+02
    -0.7218464E+02     0.1978119E+02
    -0.7219202E+02     0.1976213E+02
    -0.7219252E+02     0.1975546E+02
    -0.7219523E+02     0.1974917E+02
    -0.7219418E+02     0.1974714E+02
    -0.7218604E+02     0.1974301E+02
    -0.7217630E+02     0.1974215E+02
    -0.7216737E+02     0.1974356E+02
    -0.7216409E+02     0.1973975E+02
    -0.7216016E+02     0.1973849E+02
    -0.7215192E+02     0.1973919E+02
    -0.7214769E+02     0.1974322E+02
    -0.7214254E+02     0.1974176E+02
    -0.7213919E+02     0.1974323E+02
    -0.7213725E+02     0.1975064E+02
    -0.7213002E+02     0.1975223E+02
    -0.7212561E+02     0.1975098E+02
    -0.7212334E+02     0.1974829E+02
    -0.7212334E+02     0.1974829E+02
    -0.7211559E+02     0.1973427E+02
    -0.7210764E+02     0.1972876E+02
    -0.7209710E+02     0.1972539E+02
    -0.7208331E+02     0.1972694E+02
    -0.7208086E+02     0.1972476E+02
    -0.7207856E+02     0.1972271E+02
    -0.7207466E+02     0.1972213E+02
    -0.7207158E+02     0.1972452E+02
    -0.7206597E+02     0.1972353E+02
    -0.7206017E+02     0.1972439E+02
    -0.7205878E+02     0.1972650E+02
    -0.7205322E+02     0.1972711E+02
    -0.7205263E+02     0.1972392E+02
    -0.7205420E+02     0.1971996E+02
    -0.7206077E+02     0.1971288E+02
    -0.7206485E+02     0.1971162E+02
    -0.7207001E+02     0.1971331E+02
    -0.7207529E+02     0.1971155E+02
    -0.7207569E+02     0.1970901E+02
    -0.7207125E+02     0.1970684E+02
    -0.7207357E+02     0.1970355E+02
    -0.7207253E+02     0.1970152E+02
    -0.7206884E+02     0.1970001E+02
    -0.7206205E+02     0.1969998E+02
    -0.7206078E+02     0.1970576E+02
    -0.7205711E+02     0.1970495E+02
    -0.7205476E+02     0.1970708E+02
    -0.7205423E+02     0.1971330E+02
    -0.7205191E+02     0.1971658E+02
    -0.7204805E+02     0.1971738E+02
    -0.7204385E+02     0.1971106E+02
    -0.7204298E+02     0.1971822E+02
    -0.7204345E+02     0.1971880E+02
    -0.7204753E+02     0.1972383E+02
    -0.7204276E+02     0.1973385E+02
    -0.7203767E+02     0.1973422E+02
    -0.7203460E+02     0.1972926E+02
    -0.7203371E+02     0.1970906E+02
    -0.7203648E+02     0.1970485E+02
    -0.7204173E+02     0.1970194E+02
    -0.7204607E+02     0.1970136E+02
    -0.7205007E+02     0.1970492E+02
    -0.7205241E+02     0.1970210E+02
    -0.7205090E+02     0.1969295E+02
    -0.7204393E+02     0.1969499E+02
    -0.7203825E+02     0.1969216E+02
    -0.7203600E+02     0.1969279E+02
    -0.7203368E+02     0.1969344E+02
    -0.7203073E+02     0.1969973E+02
    -0.7202001E+02     0.1969843E+02
    -0.7201607E+02     0.1969647E+02
    -0.7200928E+02     0.1969667E+02
    -0.7200066E+02     0.1970036E+02
    -0.7199330E+02     0.1969804E+02
    -0.7198997E+02     0.1970020E+02
    -0.7198689E+02     0.1970971E+02
    -0.7198969E+02     0.1972135E+02
    -0.7198814E+02     0.1972644E+02
    -0.7198392E+02     0.1973054E+02
    -0.7198392E+02     0.1973054E+02
    -0.7198155E+02     0.1973283E+02
    -0.7196966E+02     0.1973271E+02
    -0.7196707E+02     0.1973438E+02
    -0.7196760E+02     0.1973930E+02
    -0.7194815E+02     0.1972803E+02
    -0.7194065E+02     0.1972893E+02
    -0.7191947E+02     0.1972697E+02
    -0.7190827E+02     0.1972593E+02
    -0.7189545E+02     0.1971963E+02
    -0.7188283E+02     0.1971952E+02
    -0.7186256E+02     0.1971548E+02
    -0.7185777E+02     0.1971745E+02
    -0.7185242E+02     0.1971737E+02
    -0.7184379E+02     0.1970497E+02
    -0.7184851E+02     0.1969313E+02
    -0.7185109E+02     0.1969007E+02
    -0.7185667E+02     0.1968991E+02
    -0.7186359E+02     0.1968651E+02
    -0.7187042E+02     0.1967989E+02
    -0.7187356E+02     0.1967911E+02
    -0.7187679E+02     0.1968166E+02
    -0.7188003E+02     0.1968422E+02
    -0.7189973E+02     0.1968574E+02
    -0.7190134E+02     0.1968316E+02
    -0.7189756E+02     0.1967844E+02
    -0.7188707E+02     0.1967667E+02
    -0.7189178E+02     0.1967240E+02
    -0.7189097E+02     0.1966944E+02
    -0.7188361E+02     0.1966711E+02
    -0.7187879E+02     0.1966036E+02
    -0.7187417E+02     0.1966002E+02
    -0.7185918E+02     0.1966963E+02
    -0.7184465E+02     0.1967026E+02
    -0.7184227E+02     0.1967170E+02
    -0.7183870E+02     0.1967831E+02
    -0.7183640E+02     0.1967626E+02
    -0.7183791E+02     0.1967182E+02
    -0.7183608E+02     0.1966797E+02
    -0.7183363E+02     0.1966689E+02
    -0.7182720E+02     0.1966316E+02
    -0.7182414E+02     0.1965842E+02
    -0.7182165E+02     0.1964838E+02
    -0.7181799E+02     0.1964779E+02
    -0.7181392E+02     0.1965732E+02
    -0.7181689E+02     0.1965931E+02
    -0.7181686E+02     0.1966620E+02
    -0.7181573E+02     0.1966876E+02
    -0.7180885E+02     0.1967377E+02
    -0.7181246E+02     0.1968079E+02
    -0.7181612E+02     0.1968138E+02
    -0.7181989E+02     0.1968020E+02
    -0.7182092E+02     0.1967987E+02
    -0.7182321E+02     0.1968325E+02
    -0.7182691E+02     0.1968522E+02
    -0.7183616E+02     0.1968612E+02
    -0.7183768E+02     0.1968791E+02
    -0.7183878E+02     0.1969225E+02
    -0.7183805E+02     0.1970008E+02
    -0.7184052E+02     0.1970897E+02
    -0.7183897E+02     0.1971383E+02
    -0.7183341E+02     0.1971468E+02
    -0.7182047E+02     0.1971205E+02
    -0.7180953E+02     0.1971166E+02
    -0.7178682E+02     0.1970699E+02
    -0.7177987E+02     0.1970994E+02
    -0.7175780E+02     0.1970272E+02
END
2
    -0.7242550E+02     0.1982559E+02
    -0.7242377E+02     0.1982155E+02
    -0.7243170E+02     0.1982613E+02
    -0.7242888E+02     0.1982874E+02
    -0.7242353E+02     0.1982868E+02
    -0.7241926E+02     0.1982467E+02
    -0.7242064E+02     0.1982233E+02
    -0.7242377E+02     0.1982155E+02
END
3
    -0.7305954E+02     0.1885069E+02
    -0.7304717E+02     0.1891197E+02
    -0.7302574E+02     0.1890939E+02
    -0.7301264E+02     0.1890410E+02
    -0.7300000E+02     0.1889319E+02
    -0.7299508E+02     0.1889151E+02
    -0.7298817E+02     0.1888140E+02
    -0.7298251E+02     0.1887861E+02
    -0.7297544E+02     0.1887678E+02
    -0.7297304E+02     0.1887567E+02
    -0.7295971E+02     0.1886951E+02
    -0.7293468E+02     0.1886530E+02
    -0.7293073E+02     0.1886291E+02
    -0.7293347E+02     0.1885891E+02
    -0.7293096E+02     0.1885624E+02
    -0.7291743E+02     0.1885601E+02
    -0.7290906E+02     0.1885169E+02
    -0.7288659E+02     0.1885130E+02
    -0.7287466E+02     0.1884848E+02
    -0.7286841E+02     0.1884295E+02
    -0.7286115E+02     0.1884250E+02
    -0.7285670E+02     0.1883967E+02
    -0.7284836E+02     0.1883604E+02
    -0.7284134E+02     0.1883558E+02
    -0.7284055E+02     0.1883377E+02
    -0.7284382E+02     0.1883091E+02
    -0.7284795E+02     0.1883146E+02
    -0.7284856E+02     0.1882868E+02
    -0.7284634E+02     0.1882738E+02
    -0.7283886E+02     0.1882740E+02
    -0.7282583E+02     0.1881450E+02
    -0.7280840E+02     0.1879349E+02
    -0.7280582E+02     0.1878898E+02
    -0.7279921E+02     0.1876025E+02
    -0.7279990E+02     0.1875287E+02
    -0.7279916E+02     0.1875141E+02
    -0.7279808E+02     0.1874926E+02
    -0.7278893E+02     0.1874336E+02
    -0.7278636E+02     0.1873908E+02
    -0.7278770E+02     0.1873627E+02
    -0.7279100E+02     0.1873410E+02
    -0.7280132E+02     0.1873238E+02
    -0.7280650E+02     0.1872922E+02
    -0.7281043E+02     0.1872449E+02
    -0.7281078E+02     0.1872081E+02
    -0.7280867E+02     0.1871605E+02
    -0.7280260E+02     0.1870844E+02
    -0.7280598E+02     0.1870190E+02
    -0.7281181E+02     0.1869665E+02
    -0.7282314E+02     0.1869650E+02
    -0.7283057E+02     0.1870797E+02
    -0.7283198E+02     0.1872010E+02
    -0.7283962E+02     0.1872444E+02
    -0.7284106E+02     0.1872431E+02
    -0.7285621E+02     0.1872297E+02
    -0.7287007E+02     0.1872595E+02
    -0.7290149E+02     0.1873385E+02
    -0.7292500E+02     0.1874294E+02
    -0.7294243E+02     0.1874465E+02
    -0.7297020E+02     0.1874438E+02
    -0.7297981E+02     0.1874429E+02
    -0.7300000E+02     0.1874563E+02
    -0.7300306E+02     0.1874708E+02
    -0.7300356E+02     0.1874867E+02
    -0.7300571E+02     0.1874920E+02
    -0.7300748E+02     0.1875081E+02
    -0.7301179E+02     0.1875471E+02
    -0.7303609E+02     0.1876361E+02
    -0.7304308E+02     0.1877052E+02
    -0.7304806E+02     0.1877323E+02
    -0.7307037E+02     0.1879678E+02
    -0.7307603E+02     0.1880066E+02
    -0.7308981E+02     0.1880044E+02
    -0.7310547E+02     0.1880835E+02
    -0.7311395E+02     0.1881439E+02
    -0.7311522E+02     0.1881658E+02
    -0.7311668E+02     0.1881908E+02
    -0.7312212E+02     0.1882226E+02
    -0.7313390E+02     0.1882405E+02
    -0.7314008E+02     0.1882679E+02
    -0.7316732E+02     0.1882887E+02
    -0.7318491E+02     0.1883706E+02
    -0.7319378E+02     0.1883896E+02
    -0.7319650E+02     0.1883722E+02
    -0.7320887E+02     0.1883625E+02
    -0.7321173E+02     0.1883727E+02
    -0.7322319E+02     0.1884801E+02
    -0.7323114E+02     0.1884874E+02
    -0.7323565E+02     0.1885096E+02
    -0.7323607E+02     0.1885162E+02
    -0.7324457E+02     0.1886507E+02
    -0.7326309E+02     0.1888755E+02
    -0.7327473E+02     0.1889346E+02
    -0.7328171E+02     0.1890105E+02
    -0.7329092E+02     0.1890711E+02
    -0.7329951E+02     0.1892351E+02
    -0.7329428E+02     0.1892794E+02
    -0.7329604E+02     0.1893283E+02
    -0.7328764E+02     0.1894429E+02
    -0.7328389E+02     0.1894746E+02
    -0.7327116E+02     0.1895824E+02
    -0.7326163E+02     0.1896091E+02
    -0.7325272E+02     0.1896637E+02
    -0.7323117E+02     0.1896679E+02
    -0.7321191E+02     0.1897098E+02
    -0.7318255E+02     0.1896654E+02
    -0.7317249E+02     0.1896367E+02
    -0.7316226E+02     0.1895480E+02
    -0.7316006E+02     0.1895289E+02
    -0.7315076E+02     0.1894958E+02
    -0.7314417E+02     0.1894430E+02
    -0.7312894E+02     0.1893779E+02
    -0.7309996E+02     0.1892990E+02
    -0.7307993E+02     0.1892852E+02
    -0.7306458E+02     0.1892500E+02
    -0.7306601E+02     0.1891929E+02
    -0.7305559E+02     0.1891986E+02
    -0.7304980E+02     0.1891298E+02
    -0.7304717E+02     0.1891197E+02
END
4
    -0.7237494E+02     0.1869515E+02
    -0.7238100E+02     0.1869590E+02
    -0.7237720E+02     0.1869907E+02
    -0.7236815E+02     0.1869460E+02
    -0.7237049E+02     0.1869012E+02
    -0.7237910E+02     0.1869223E+02
    -0.7238100E+02     0.1869590E+02
END
5
    -0.7374413E+02     0.1862054E+02
    -0.7374663E+02     0.1858640E+02
    -0.7376245E+02     0.1858965E+02
    -0.7377576E+02     0.1859580E+02
    -0.7378213E+02     0.1860037E+02
    -0.7378440E+02     0.1860052E+02
    -0.7378440E+02     0.1860052E+02
    -0.7378839E+02     0.1860079E+02
    -0.7379191E+02     0.1860389E+02
    -0.7379333E+02     0.1861222E+02
    -0.7379248E+02     0.1862323E+02
    -0.7378988E+02     0.1862891E+02
    -0.7378541E+02     0.1863268E+02
    -0.7377345E+02     0.1863646E+02
    -0.7377096E+02     0.1863990E+02
    -0.7376839E+02     0.1864344E+02
    -0.7376271E+02     0.1864718E+02
    -0.7374227E+02     0.1864471E+02
    -0.7372972E+02     0.1863742E+02
    -0.7371745E+02     0.1863612E+02
    -0.7371005E+02     0.1863359E+02
    -0.7370086E+02     0.1863400E+02
    -0.7369715E+02     0.1862951E+02
    -0.7369525E+02     0.1862140E+02
    -0.7369871E+02     0.1861185E+02
    -0.7370302E+02     0.1860577E+02
    -0.7372205E+02     0.1859255E+02
    -0.7373526E+02     0.1858720E+02
    -0.7374663E+02     0.1858640E+02
END
6
    -0.7356326E+02     0.1853780E+02
    -0.7357474E+02     0.1854561E+02
    -0.7357163E+02     0.1854459E+02
    -0.7357002E+02     0.1854224E+02
    -0.7355857E+02     0.1853843E+02
    -0.7355543E+02     0.1853879E+02
    -0.7355311E+02     0.1853595E+02
    -0.7355392E+02     0.1853345E+02
    -0.7356070E+02     0.1853274E+02
    -0.7356881E+02     0.1853553E+02
    -0.7357964E+02     0.1854346E+02
    -0.7358825E+02     0.1854558E+02
    -0.7358691E+02     0.1854896E+02
    -0.7357474E+02     0.1854561E+02
END
7
    -0.7365408E+02     0.1852227E+02
    -0.7364656E+02     0.1852676E+02
    -0.7364591E+02     0.1852438E+02
    -0.7365092E+02     0.1851901E+02
    -0.7365598E+02     0.1851940E+02
    -0.7365945E+02     0.1851652E+02
    -0.7366158E+02     0.1851797E+02
    -0.7366021E+02     0.1852253E+02
    -0.7365750E+02     0.1852428E+02
    -0.7365027E+02     0.1852406E+02
    -0.7364656E+02     0.1852676E+02
END
8
    -0.7340153E+02     0.1822310E+02
    -0.7339838E+02     0.1821805E+02
    -0.7340457E+02     0.1821986E+02
    -0.7341446E+02     0.1821950E+02
    -0.7341702E+02     0.1822188E+02
    -0.7341449E+02     0.1822548E+02
    -0.7341822E+02     0.1822905E+02
    -0.7341693E+02     0.1823131E+02
    -0.7340115E+02     0.1822826E+02
    -0.7339859E+02     0.1823255E+02
    -0.7339419E+02     0.1823425E+02
    -0.7338619E+02     0.1822202E+02
    -0.7338699E+02     0.1821998E+02
    -0.7339838E+02     0.1821805E+02
END
9
    -0.7362427E+02     0.1807160E+02
    -0.7364893E+02     0.1808597E+02
    -0.7364587E+02     0.1808472E+02
    -0.7364500E+02     0.1808464E+02
    -0.7363795E+02     0.1808401E+02
    -0.7362825E+02     0.1808647E+02
    -0.7361749E+02     0.1809165E+02
    -0.7361270E+02     0.1809794E+02
    -0.7360513E+02     0.1810138E+02
    -0.7359225E+02     0.1809776E+02
    -0.7357708E+02     0.1808416E+02
    -0.7356929E+02     0.1807264E+02
    -0.7356976E+02     0.1806622E+02
    -0.7357702E+02     0.1805770E+02
    -0.7358648E+02     0.1805548E+02
    -0.7359174E+02     0.1805656E+02
    -0.7359589E+02     0.1805462E+02
    -0.7359589E+02     0.1805462E+02
    -0.7360693E+02     0.1805520E+02
    -0.7361328E+02     0.1805680E+02
    -0.7361529E+02     0.1805730E+02
    -0.7363840E+02     0.1805665E+02
    -0.7364717E+02     0.1806061E+02
    -0.7365209E+02     0.1805731E+02
    -0.7365597E+02     0.1805651E+02
    -0.7366071E+02     0.1805873E+02
    -0.7366698E+02     0.1805801E+02
    -0.7367053E+02     0.1805973E+02
    -0.7367272E+02     0.1806624E+02
    -0.7368279E+02     0.1807460E+02
    -0.7368537E+02     0.1808342E+02
    -0.7368649E+02     0.1808418E+02
    -0.7368961E+02     0.1808632E+02
    -0.7370152E+02     0.1808968E+02
    -0.7370334E+02     0.1809295E+02
    -0.7370030E+02     0.1809746E+02
    -0.7370425E+02     0.1810149E+02
    -0.7370602E+02     0.1810638E+02
    -0.7370425E+02     0.1810908E+02
    -0.7369801E+02     0.1810843E+02
    -0.7369532E+02     0.1810260E+02
    -0.7369200E+02     0.1810111E+02
    -0.7368871E+02     0.1810584E+02
    -0.7368556E+02     0.1810643E+02
    -0.7368211E+02     0.1810196E+02
    -0.7367879E+02     0.1810024E+02
    -0.7367656E+02     0.1810224E+02
    -0.7367244E+02     0.1809590E+02
    -0.7367026E+02     0.1809653E+02
    -0.7366998E+02     0.1810480E+02
    -0.7366615E+02     0.1810422E+02
    -0.7366257E+02     0.1809628E+02
    -0.7365442E+02     0.1808821E+02
    -0.7364893E+02     0.1808597E+02
END
10
    -0.7380317E+02     0.1809101E+02
    -0.7379889E+02     0.1808485E+02
    -0.7380248E+02     0.1808542E+02
    -0.7380655E+02     0.1809336E+02
    -0.7380624E+02     0.1809565E+02
    -0.7380383E+02     0.1809581E+02
    -0.7380157E+02     0.1809114E+02
    -0.7379823E+02     0.1809035E+02
    -0.7379889E+02     0.1808485E+02
END
11
    -0.7280703E+02     0.2004240E+02
    -0.7284763E+02     0.2002881E+02
    -0.7286561E+02     0.2002844E+02
    -0.7287662E+02     0.2003014E+02
    -0.7288826E+02     0.2003573E+02
    -0.7289504E+02     0.2003481E+02
    -0.7290311E+02     0.2003615E+02
    -0.7291605E+02     0.2004353E+02
    -0.7293472E+02     0.2004842E+02
    -0.7295444E+02     0.2004890E+02
    -0.7295943E+02     0.2005218E+02
    -0.7296310E+02     0.2005895E+02
    -0.7296249E+02     0.2006196E+02
    -0.7295869E+02     0.2006461E+02
    -0.7293982E+02     0.2006732E+02
    -0.7290660E+02     0.2007670E+02
    -0.7289088E+02     0.2007930E+02
    -0.7288200E+02     0.2008258E+02
    -0.7285558E+02     0.2008507E+02
    -0.7283891E+02     0.2008171E+02
    -0.7282806E+02     0.2008342E+02
    -0.7279996E+02     0.2008782E+02
    -0.7277615E+02     0.2007551E+02
    -0.7276508E+02     0.2007219E+02
    -0.7274126E+02     0.2005964E+02
    -0.7270571E+02     0.2004563E+02
    -0.7270505E+02     0.2004566E+02
    -0.7269211E+02     0.2004630E+02
    -0.7267413E+02     0.2003999E+02
    -0.7265073E+02     0.2002557E+02
    -0.7264469E+02     0.2001979E+02
    -0.7263452E+02     0.2001437E+02
    -0.7262090E+02     0.2000079E+02
    -0.7262066E+02     0.2000000E+02
    -0.7261980E+02     0.1999715E+02
    -0.7262160E+02     0.1999319E+02
    -0.7262563E+02     0.1999030E+02
    -0.7264266E+02     0.1999068E+02
    -0.7264538E+02     0.1999150E+02
    -0.7265643E+02     0.1999483E+02
    -0.7267922E+02     0.1999295E+02
    -0.7269906E+02     0.1999690E+02
    -0.7271841E+02     0.1999874E+02
    -0.7272089E+02     0.2000000E+02
    -0.7272701E+02     0.2000312E+02
    -0.7273702E+02     0.2000418E+02
    -0.7276757E+02     0.2001490E+02
    -0.7277435E+02     0.2001661E+02
    -0.7278844E+02     0.2002019E+02
    -0.7279987E+02     0.2002027E+02
    -0.7280708E+02     0.2002440E+02
    -0.7284763E+02     0.2002881E+02
END
END
