hawaii
1
       -164.696213         23.578634
       -164.706940         23.586420
       -164.703186         23.586817
       -164.701233         23.585175
       -164.699280         23.582844
       -164.698578         23.580765
       -164.698349         23.579384
       -164.696609         23.579353
       -164.693115         23.579294
       -164.691376         23.579266
       -164.689133         23.579227
       -164.688919         23.577156
       -164.692688         23.576071
       -164.695953         23.574978
       -164.698914         23.576178
       -164.701874         23.577835
       -164.704453         23.579430
       -164.706253         23.580658
       -164.707031         23.581829
       -164.707260         23.583210
       -164.706940         23.586420
END
2
       -161.924469         23.059240
       -161.932053         23.064621
       -161.924942         23.063065
       -161.913635         23.057966
       -161.917465         23.054085
       -161.923523         23.054758
       -161.929413         23.051718
       -161.931641         23.056271
       -161.932053         23.064621
END
3
       -160.098785         22.023928
       -160.097244         22.017544
       -160.103653         22.017401
       -160.106430         22.020094
       -160.104431         22.028177
       -160.099899         22.024605
       -160.096954         22.025129
       -160.094345         22.029093
       -160.092361         22.028677
       -160.091309         22.025944
       -160.092697         22.022469
       -160.097244         22.017544
END
4
       -160.143967         21.910246
       -160.182617         21.929480
       -160.174316         21.932426
       -160.169983         21.935970
       -160.164963         21.941368
       -160.143219         21.948292
       -160.132050         21.954287
       -160.116852         21.975761
       -160.114975         21.988667
       -160.111511         21.997471
       -160.095016         22.007488
       -160.084763         22.001514
       -160.080338         22.002073
       -160.076797         22.003880
       -160.072800         22.005915
       -160.059326         21.999323
       -160.056244         21.994799
       -160.055099         21.988623
       -160.057358         21.980303
       -160.065842         21.975061
       -160.074188         21.964540
       -160.080414         21.948324
       -160.084518         21.926182
       -160.082581         21.918184
       -160.075790         21.903175
       -160.075760         21.902313
       -160.075653         21.898125
       -160.085312         21.890560
       -160.093658         21.889685
       -160.096313         21.887558
       -160.103226         21.888552
       -160.109482         21.883127
       -160.118607         21.883612
       -160.123718         21.881430
       -160.128403         21.881325
       -160.132812         21.880766
       -160.137894         21.877434
       -160.149933         21.876472
       -160.156967         21.872639
       -160.165375         21.864866
       -160.183136         21.835529
       -160.194839         21.816183
       -160.196274         21.805353
       -160.201553         21.799950
       -160.205841         21.785608
       -160.209305         21.786676
       -160.217148         21.785347
       -160.223221         21.791410
       -160.226944         21.792702
       -160.233566         21.791859
       -160.236359         21.795240
       -160.235748         21.800079
       -160.239365         21.805969
       -160.243866         21.809080
       -160.249405         21.822275
       -160.248230         21.828693
       -160.247040         21.835194
       -160.247986         21.842752
       -160.250275         21.845457
       -160.238220         21.863884
       -160.236084         21.875648
       -160.229553         21.889122
       -160.210770         21.905174
       -160.190186         21.927010
       -160.182617         21.929480
END
5
       -160.547226         21.657574
       -160.544556         21.662399
       -160.544144         21.652020
       -160.546692         21.651529
       -160.550201         21.653805
       -160.550018         21.659807
       -160.544556         21.662399
END
6
       -159.554672         22.073395
       -159.387177         22.223989
       -159.386139         22.221714
       -159.373703         22.217119
       -159.356171         22.215832
       -159.350952         22.214088
       -159.339935         22.206482
       -159.335571         22.198753
       -159.319077         22.188717
       -159.317535         22.185301
       -159.318100         22.177483
       -159.312027         22.170013
       -159.313141         22.164713
       -159.310333         22.160400
       -159.309647         22.153008
       -159.306900         22.149210
       -159.301514         22.150913
       -159.299026         22.150269
       -159.297409         22.143867
       -159.297653         22.131464
       -159.300949         22.124056
       -159.301910         22.111868
       -159.310501         22.098394
       -159.313553         22.091219
       -159.320297         22.083521
       -159.328934         22.060860
       -159.340759         22.048933
       -159.345184         22.037369
       -159.346252         22.029081
       -159.342575         22.007561
       -159.347046         21.997374
       -159.346268         21.995550
       -159.336441         21.996878
       -159.340408         21.986700
       -159.337250         21.977341
       -159.338242         21.965611
       -159.340607         21.960974
       -159.342850         21.962311
       -159.351685         21.960773
       -159.358032         21.962324
       -159.361221         21.957844
       -159.366379         21.956831
       -159.370239         21.953085
       -159.380096         21.953823
       -159.387421         21.950472
       -159.385406         21.948442
       -159.362564         21.951387
       -159.355911         21.951050
       -159.354721         21.942114
       -159.360367         21.940863
       -159.364670         21.934813
       -159.372986         21.932592
       -159.373428         21.932142
       -159.376358         21.929087
       -159.385895         21.925465
       -159.390656         21.918259
       -159.396774         21.916538
       -159.394424         21.909920
       -159.395584         21.906683
       -159.407120         21.905321
       -159.411896         21.898573
       -159.416290         21.897112
       -159.420624         21.892439
       -159.425278         21.891432
       -159.429611         21.886530
       -159.436462         21.884563
       -159.440811         21.880808
       -159.445709         21.880028
       -159.451279         21.875559
       -159.455948         21.875471
       -159.475540         21.881990
       -159.490219         21.888834
       -159.503235         21.887669
       -159.509720         21.891218
       -159.525665         21.889076
       -159.529572         21.887163
       -159.536774         21.890240
       -159.544403         21.890093
       -159.556717         21.890314
       -159.578293         21.897017
       -159.581055         21.899260
       -159.587219         21.899828
       -159.592484         21.903860
       -159.597885         21.903296
       -159.603409         21.897215
       -159.609802         21.897089
       -159.616379         21.904770
       -159.628128         21.912348
       -159.632339         21.913412
       -159.647522         21.931026
       -159.656921         21.943014
       -159.665634         21.947203
       -159.669220         21.953104
       -159.668091         21.957031
       -159.710129         21.964685
       -159.719864         21.969542
       -159.735214         21.973133
       -159.737488         21.975155
       -159.740234         21.977165
       -159.752594         21.978981
       -159.765793         21.984453
       -159.771347         21.990540
       -159.776123         22.004223
       -159.789062         22.019802
       -159.791687         22.026640
       -159.788391         22.063683
       -159.786148         22.072687
       -159.776917         22.078388
       -159.766327         22.088942
       -159.757828         22.094168
       -159.749176         22.103302
       -159.747299         22.107244
       -159.743454         22.121790
       -159.735840         22.143763
       -159.726440         22.152910
       -159.707245         22.164780
       -159.701584         22.165583
       -159.690506         22.166035
       -159.685883         22.168882
       -159.677017         22.169519
       -159.669983         22.174482
       -159.661652         22.176487
       -159.657791         22.180237
       -159.654907         22.183739
       -159.647598         22.187559
       -159.636948         22.196266
       -159.627441         22.201046
       -159.603073         22.214384
       -159.589996         22.224972
       -159.584869         22.227369
       -159.581650         22.226513
       -159.572464         22.223936
       -159.564667         22.228220
       -159.557770         22.228813
       -159.553040         22.227297
       -159.550278         22.224594
       -159.548615         22.216820
       -159.544632         22.215288
       -159.539780         22.219055
       -159.535873         22.220509
       -159.531860         22.217600
       -159.524963         22.217962
       -159.519592         22.210028
       -159.514862         22.208052
       -159.507965         22.208412
       -159.504333         22.211237
       -159.503494         22.217913
       -159.502121         22.222990
       -159.499237         22.226030
       -159.491180         22.229858
       -159.480576         22.230288
       -159.469162         22.227287
       -159.456116         22.228453
       -159.439789         22.226460
       -159.432770         22.221539
       -159.428665         22.225750
       -159.425507         22.228104
       -159.416397         22.228962
       -159.411819         22.233870
       -159.405914         22.234438
       -159.398117         22.227922
       -159.387772         22.228113
       -159.387177         22.223989
END
7
       -157.950195         21.397718
       -157.955963         21.697578
       -157.949661         21.685930
       -157.942429         21.677048
       -157.942154         21.674295
       -157.933640         21.662209
       -157.930618         21.656269
       -157.923935         21.652662
       -157.920868         21.642128
       -157.924683         21.633131
       -157.918411         21.622629
       -157.911652         21.612133
       -157.904694         21.605543
       -157.885956         21.580465
       -157.881012         21.577299
       -157.878738         21.572269
       -157.880844         21.563290
       -157.879562         21.559168
       -157.873169         21.558313
       -157.869553         21.564091
       -157.862152         21.561869
       -157.851288         21.556004
       -157.848785         21.552584
       -157.849487         21.549589
       -157.847015         21.548925
       -157.838882         21.525576
       -157.841736         21.517048
       -157.851669         21.506153
       -157.854630         21.506584
       -157.855560         21.502899
       -157.851044         21.494675
       -157.852737         21.492590
       -157.851227         21.489389
       -157.846283         21.485992
       -157.845001         21.480951
       -157.847092         21.471743
       -157.845566         21.466244
       -157.842072         21.461914
       -157.837906         21.463104
       -157.837402         21.461960
       -157.831009         21.460415
       -157.827530         21.457462
       -157.821640         21.456831
       -157.813873         21.443811
       -157.816544         21.440800
       -157.809082         21.431683
       -157.801895         21.426470
       -157.798508         21.429718
       -157.796280         21.428591
       -157.793777         21.424479
       -157.792725         21.418747
       -157.788498         21.413273
       -157.782349         21.411724
       -157.775726         21.412706
       -157.770599         21.415051
       -157.766479         21.440819
       -157.777069         21.444624
       -157.781799         21.450552
       -157.781113         21.454464
       -157.776947         21.455193
       -157.771378         21.461447
       -157.766708         21.461262
       -157.751175         21.455204
       -157.744797         21.456182
       -157.733078         21.462032
       -157.728165         21.461161
       -157.726913         21.458414
       -157.731735         21.451019
       -157.739288         21.446356
       -157.740601         21.430952
       -157.747375         21.422390
       -157.748062         21.417789
       -157.741547         21.406134
       -157.735840         21.400904
       -157.725754         21.397779
       -157.720566         21.394382
       -157.712860         21.385494
       -157.711594         21.382748
       -157.714661         21.370775
       -157.710037         21.351521
       -157.704529         21.341002
       -157.696106         21.333038
       -157.690170         21.328957
       -157.678619         21.326532
       -157.663528         21.314722
       -157.654709         21.315718
       -157.651001         21.312075
       -157.650970         21.309088
       -157.658234         21.300755
       -157.676392         21.284752
       -157.686417         21.275923
       -157.691528         21.273119
       -157.697403         21.272608
       -157.700729         21.262699
       -157.711029         21.262146
       -157.714233         21.263954
       -157.715515         21.269457
       -157.714600         21.274519
       -157.716354         21.278868
       -157.719574         21.282055
       -157.725967         21.283604
       -157.755585         21.278965
       -157.772705         21.274899
       -157.780258         21.270920
       -157.795074         21.257914
       -157.799957         21.256948
       -157.805130         21.258966
       -157.822037         21.258114
       -157.826736         21.262203
       -157.829330         21.274584
       -157.834793         21.279354
       -157.842667         21.282494
       -157.846161         21.287973
       -157.850388         21.292526
       -157.860718         21.294491
       -157.866150         21.297884
       -157.868896         21.302910
       -157.870499         21.313231
       -157.873718         21.315496
       -157.879364         21.316130
       -157.885284         21.319746
       -157.893372         21.318975
       -157.897339         21.322840
       -157.897629         21.326283
       -157.895477         21.330210
       -157.898193         21.332710
       -157.918655         21.320326
       -157.928604         21.311953
       -157.932541         21.312601
       -157.937988         21.316910
       -157.951233         21.317690
       -157.962555         21.320559
       -157.967026         21.324877
       -157.971054         21.334023
       -157.970856         21.335081
       -157.969452         21.342081
       -157.971481         21.347572
       -157.969330         21.352419
       -157.961533         21.356176
       -157.947266         21.353800
       -157.946075         21.356110
       -157.948578         21.359989
       -157.946411         21.364376
       -157.940430         21.375925
       -157.941452         21.379129
       -157.945129         21.378632
       -157.960922         21.386967
       -157.967087         21.389198
       -157.972229         21.387766
       -157.973175         21.385229
       -157.970657         21.380432
       -157.973526         21.373739
       -157.977707         21.375074
       -157.986191         21.386011
       -157.988922         21.388739
       -157.991623         21.389170
       -157.994934         21.378567
       -157.992157         21.373312
       -157.984970         21.366957
       -157.980057         21.366779
       -157.976044         21.360159
       -157.976654         21.349125
       -157.979324         21.347719
       -157.992676         21.356077
       -157.991989         21.359760
       -157.993729         21.361349
       -158.001801         21.358967
       -158.004745         21.359623
       -158.008011         21.365332
       -158.006866         21.371548
       -158.008133         21.375208
       -158.012299         21.374704
       -158.015564         21.380182
       -158.024551         21.373882
       -158.024521         21.371721
       -158.024475         21.367451
       -158.026871         21.362831
       -158.023376         21.359192
       -158.002716         21.354132
       -157.984940         21.345362
       -157.978989         21.340372
       -157.975952         21.332592
       -157.979019         21.322910
       -157.985306         21.316643
       -157.995560         21.312397
       -158.025436         21.308630
       -158.046936         21.302881
       -158.102509         21.296288
       -158.111374         21.298485
       -158.116821         21.302788
       -158.121078         21.308714
       -158.127777         21.332529
       -158.129501         21.333199
       -158.132278         21.339600
       -158.133591         21.346018
       -158.141037         21.370052
       -158.148529         21.379845
       -158.156998         21.389166
       -158.179779         21.403603
       -158.183777         21.408609
       -158.185440         21.422375
       -158.188248         21.430151
       -158.199799         21.449083
       -158.211731         21.459738
       -158.218628         21.461264
       -158.221939         21.469494
       -158.229416         21.478363
       -158.233871         21.480148
       -158.236160         21.485634
       -158.234146         21.499670
       -158.234482         21.523556
       -158.236816         21.531797
       -158.242371         21.542528
       -158.250351         21.551390
       -158.265472         21.564173
       -158.267761         21.566109
       -158.284622         21.576469
       -158.283173         21.578783
       -158.248581         21.582191
       -158.218628         21.583700
       -158.174454         21.583544
       -158.173676         21.583540
       -158.155502         21.584440
       -158.143265         21.587109
       -158.136597         21.584660
       -158.132172         21.585169
       -158.124634         21.590767
       -158.110031         21.600811
       -158.108658         21.607946
       -158.080704         21.630772
       -158.069351         21.646517
       -158.068283         21.658472
       -158.040588         21.683582
       -158.032349         21.692171
       -158.020660         21.701025
       -158.010376         21.704582
       -158.005264         21.707851
       -157.992264         21.710058
       -157.986664         21.714481
       -157.971634         21.712114
       -157.955963         21.697578
END
8
       -157.963455         21.366892
       -157.968918         21.359316
       -157.971649         21.361124
       -157.971191         21.363657
       -157.964920         21.372683
       -157.959763         21.371588
       -157.956772         21.368174
       -157.964279         21.360283
       -157.968918         21.359316
END
9
       -157.662201         21.331747
       -157.661697         21.327372
       -157.665665         21.330784
       -157.664719         21.334696
       -157.661285         21.335186
       -157.658310         21.330849
       -157.659256         21.328083
       -157.661697         21.327372
END
10
       -157.910034         21.312368
       -157.909943         21.310307
       -157.911926         21.311893
       -157.909988         21.313982
       -157.908264         21.312851
       -157.909943         21.310307
END
11
       -157.884842         21.309376
       -157.876236         21.301228
       -157.890472         21.302004
       -157.889786         21.305916
       -157.893051         21.312315
       -157.892349         21.314850
       -157.887207         21.315821
       -157.881027         21.312208
       -157.875320         21.306751
       -157.875015         21.301929
       -157.876236         21.301228
END
12
       -157.000992         21.151419
       -157.157272         21.202005
       -157.147934         21.198614
       -157.142807         21.200943
       -157.128586         21.201025
       -157.120972         21.198772
       -157.103577         21.198643
       -157.093033         21.198473
       -157.059158         21.188324
       -157.038589         21.190502
       -157.007416         21.183084
       -156.992722         21.183161
       -156.987854         21.188698
       -156.981598         21.208946
       -156.974548         21.218401
       -156.969162         21.217968
       -156.960541         21.212038
       -156.951370         21.192785
       -156.949356         21.184294
       -156.944901         21.177883
       -156.934586         21.172419
       -156.929199         21.173822
       -156.926239         21.171310
       -156.922318         21.170639
       -156.916214         21.172966
       -156.912521         21.169765
       -156.906876         21.169561
       -156.903671         21.166361
       -156.895340         21.166168
       -156.893417         21.172840
       -156.882111         21.164850
       -156.875763         21.168783
       -156.867401         21.163996
       -156.854904         21.163820
       -156.847824         21.168676
       -156.831894         21.167595
       -156.826263         21.167618
       -156.814056         21.175480
       -156.804993         21.177355
       -156.793701         21.173494
       -156.792236         21.172810
       -156.785400         21.177433
       -156.758194         21.177078
       -156.745712         21.178272
       -156.739563         21.175999
       -156.736862         21.172333
       -156.740982         21.164736
       -156.726990         21.158354
       -156.712555         21.163000
       -156.709366         21.160025
       -156.712494         21.150135
       -156.738556         21.117188
       -156.759048         21.099192
       -156.769302         21.093180
       -156.778076         21.085794
       -156.787369         21.081392
       -156.792480         21.077236
       -156.803726         21.071447
       -156.807877         21.069363
       -156.817673         21.070473
       -156.820847         21.068161
       -156.824509         21.067917
       -156.829880         21.062611
       -156.834274         21.061903
       -156.836472         21.059366
       -156.838181         21.057751
       -156.842331         21.057962
       -156.850876         21.053331
       -156.849930         21.058161
       -156.856537         21.059280
       -156.863632         21.057411
       -156.866806         21.054411
       -156.871689         21.052551
       -156.881973         21.052736
       -156.889557         21.053162
       -156.895462         21.058189
       -156.914581         21.061546
       -156.953796         21.068253
       -156.977341         21.075487
       -156.977829         21.074566
       -156.997208         21.080902
       -157.009735         21.086811
       -157.026917         21.091774
       -157.036255         21.098158
       -157.047546         21.100855
       -157.059082         21.104927
       -157.085541         21.106390
       -157.087494         21.105688
       -157.096817         21.108624
       -157.101212         21.105612
       -157.127396         21.102015
       -157.146210         21.095930
       -157.156250         21.096788
       -157.163101         21.095139
       -157.166534         21.095808
       -157.175354         21.097591
       -157.180252         21.095953
       -157.196884         21.094933
       -157.237518         21.091917
       -157.271576         21.094221
       -157.302704         21.097456
       -157.307129         21.099495
       -157.311569         21.103369
       -157.311111         21.107048
       -157.305542         21.114668
       -157.302872         21.118593
       -157.300781         21.131474
       -157.299103         21.135849
       -157.293991         21.139330
       -157.292313         21.144167
       -157.290146         21.149235
       -157.278748         21.163786
       -157.272385         21.164747
       -157.267517         21.168455
       -157.256317         21.177259
       -157.251724         21.184412
       -157.250031         21.187408
       -157.249359         21.194765
       -157.249664         21.205925
       -157.249695         21.207397
       -157.253922         21.213804
       -157.259827         21.217670
       -157.260590         21.221340
       -157.258179         21.225492
       -157.254501         21.225975
       -157.245407         21.222130
       -157.222824         21.218599
       -157.213287         21.220957
       -157.201019         21.218277
       -157.192612         21.209141
       -157.188187         21.206640
       -157.158005         21.203150
       -157.157272         21.202005
END
13
       -156.375946         20.834558
       -156.638489         21.021723
       -156.641693         21.025618
       -156.637787         21.029537
       -156.632156         21.030012
       -156.624069         21.027281
       -156.616257         21.030750
       -156.608643         21.027098
       -156.603043         21.031939
       -156.590073         21.033125
       -156.581711         21.024878
       -156.572403         21.021687
       -156.566025         21.016649
       -156.559158         21.014370
       -156.554001         21.007030
       -156.546875         21.002226
       -156.533859         20.989622
       -156.527008         20.986881
       -156.525024         20.981833
       -156.525238         20.969425
       -156.516388         20.956579
       -156.512222         20.954523
       -156.510742         20.951309
       -156.504349         20.941216
       -156.494034         20.930901
       -156.489594         20.919651
       -156.476837         20.903826
       -156.472672         20.901079
       -156.468750         20.900858
       -156.446747         20.902283
       -156.436722         20.906439
       -156.424515         20.914274
       -156.411316         20.913839
       -156.403244         20.917299
       -156.394196         20.918005
       -156.386612         20.918707
       -156.380508         20.921474
       -156.368546         20.933672
       -156.358536         20.938742
       -156.347534         20.941975
       -156.338715         20.940380
       -156.331390         20.947742
       -156.322586         20.950512
       -156.313293         20.949835
       -156.306915         20.944557
       -156.297867         20.945257
       -156.286621         20.949408
       -156.281982         20.949183
       -156.274139         20.942068
       -156.260681         20.944149
       -156.255539         20.940708
       -156.254074         20.941170
       -156.247223         20.942095
       -156.236938         20.937738
       -156.228867         20.934528
       -156.222488         20.925114
       -156.216614         20.921902
       -156.208038         20.909271
       -156.203384         20.906977
       -156.189194         20.895727
       -156.179138         20.882635
       -156.167648         20.874830
       -156.162247         20.865641
       -156.157608         20.864725
       -156.144165         20.867716
       -156.139267         20.863123
       -156.131195         20.862206
       -156.126541         20.856693
       -156.121887         20.841990
       -156.117981         20.839922
       -156.110397         20.831192
       -156.106232         20.829584
       -156.100616         20.829584
       -156.092300         20.832342
       -156.084961         20.832113
       -156.080322         20.829126
       -156.068588         20.825218
       -156.054398         20.813040
       -156.028244         20.808437
       -156.016510         20.804987
       -156.000137         20.796247
       -155.978378         20.771193
       -155.980103         20.763151
       -155.980835         20.759245
       -155.979370         20.750742
       -155.983276         20.734890
       -155.982300         20.730524
       -155.985962         20.721334
       -155.984741         20.716509
       -155.989624         20.709848
       -156.001602         20.693539
       -156.007462         20.688946
       -156.020172         20.684586
       -156.026031         20.680912
       -156.037994         20.665979
       -156.043854         20.657019
       -156.048492         20.654034
       -156.064117         20.649670
       -156.069000         20.649670
       -156.074371         20.653578
       -156.077301         20.653578
       -156.083405         20.649672
       -156.093658         20.643236
       -156.101471         20.642548
       -156.114166         20.634274
       -156.120026         20.632893
       -156.125641         20.627377
       -156.130768         20.626917
       -156.133453         20.623240
       -156.136856         20.622318
       -156.142731         20.627602
       -156.147858         20.628519
       -156.157379         20.627367
       -156.161530         20.624607
       -156.168610         20.625525
       -156.173004         20.624603
       -156.181793         20.629883
       -156.193268         20.629417
       -156.205475         20.626652
       -156.217438         20.622047
       -156.232315         20.613073
       -156.247925         20.607315
       -156.258911         20.601330
       -156.268173         20.600172
       -156.274033         20.596260
       -156.281601         20.594414
       -156.290375         20.588200
       -156.296478         20.586353
       -156.307938         20.586109
       -156.319672         20.587933
       -156.328445         20.587233
       -156.334061         20.584467
       -156.337723         20.582623
       -156.344803         20.583992
       -156.350403         20.581226
       -156.358215         20.580755
       -156.369186         20.577061
       -156.375046         20.576591
       -156.382141         20.580946
       -156.401672         20.581142
       -156.406555         20.583891
       -156.411682         20.584341
       -156.414124         20.587553
       -156.413406         20.592381
       -156.417084         20.599037
       -156.428314         20.597637
       -156.433945         20.600613
       -156.441772         20.611397
       -156.441116         20.614452
       -156.440094         20.619213
       -156.441330         20.624266
       -156.446976         20.634825
       -156.452362         20.640099
       -156.445297         20.649075
       -156.443115         20.654135
       -156.442184         20.667463
       -156.445648         20.683311
       -156.444214         20.695263
       -156.445190         20.697788
       -156.448914         20.718462
       -156.458511         20.740730
       -156.461975         20.756117
       -156.461502         20.760025
       -156.461273         20.770136
       -156.463501         20.778862
       -156.469635         20.786890
       -156.480164         20.793301
       -156.492889         20.797869
       -156.498520         20.798544
       -156.507797         20.795765
       -156.512192         20.793917
       -156.528519         20.780090
       -156.533401         20.778469
       -156.537064         20.779150
       -156.562057         20.794249
       -156.579666         20.796959
       -156.588226         20.800152
       -156.603180         20.810907
       -156.611252         20.813641
       -156.624451         20.812452
       -156.627655         20.817957
       -156.636749         20.832405
       -156.642395         20.837212
       -156.649246         20.840178
       -156.651474         20.844076
       -156.657867         20.853247
       -156.673569         20.866293
       -156.678986         20.874317
       -156.681976         20.889700
       -156.685684         20.897270
       -156.685226         20.905544
       -156.690414         20.917013
       -156.693604         20.919531
       -156.696808         20.925724
       -156.697571         20.931925
       -156.694916         20.937677
       -156.691559         20.953312
       -156.684052         20.973097
       -156.676025         20.982773
       -156.672623         20.987610
       -156.666580         21.006699
       -156.661942         21.011309
       -156.657303         21.012243
       -156.651123         21.009178
       -156.638489         21.021723
END
14
       -156.517471         20.965878
       -156.510025         20.957514
       -156.512222         20.957510
       -156.522049         20.968744
       -156.522064         20.972420
       -156.517395         20.968985
       -156.510025         20.957514
END
15
       -156.912384         20.848755
       -156.997513         20.932938
       -156.984055         20.933695
       -156.976944         20.932123
       -156.967651         20.930561
       -156.954910         20.929014
       -156.948547         20.928587
       -156.941711         20.930227
       -156.915009         20.923002
       -156.898102         20.918024
       -156.882294         20.907703
       -156.870346         20.896782
       -156.852158         20.882156
       -156.844299         20.875986
       -156.829544         20.859964
       -156.812317         20.837519
       -156.805649         20.823759
       -156.804138         20.815723
       -156.806305         20.809052
       -156.822571         20.787155
       -156.831757         20.768505
       -156.836609         20.762970
       -156.854446         20.762205
       -156.874908         20.750628
       -156.883224         20.749901
       -156.889557         20.746195
       -156.895889         20.745018
       -156.898590         20.745924
       -156.906631         20.741522
       -156.920074         20.741690
       -156.935684         20.739548
       -156.947418         20.739491
       -156.954742         20.737846
       -156.959381         20.738514
       -156.962585         20.741024
       -156.971527         20.748066
       -156.978302         20.754274
       -156.981506         20.759542
       -156.988464         20.778578
       -156.988892         20.790262
       -156.989349         20.803391
       -156.987473         20.814428
       -156.988007         20.823387
       -156.991989         20.833477
       -157.009247         20.855675
       -157.016861         20.860691
       -157.046783         20.875237
       -157.056396         20.886444
       -157.060379         20.896072
       -157.058990         20.907797
       -157.056107         20.916084
       -157.051239         20.919558
       -157.044144         20.920744
       -157.042191         20.919836
       -157.034897         20.926767
       -157.026840         20.930027
       -157.016815         20.931000
       -156.997513         20.932938
END
16
       -156.495728         20.634733
       -156.498734         20.633333
       -156.498749         20.637699
       -156.492386         20.635416
       -156.493362         20.633575
       -156.498734         20.633333
END
17
       -156.603104         20.560564
       -156.589447         20.601618
       -156.576767         20.604870
       -156.564316         20.605135
       -156.552567         20.598961
       -156.549637         20.595522
       -156.546432         20.590015
       -156.540085         20.585207
       -156.537140         20.580849
       -156.539047         20.570732
       -156.547043         20.552790
       -156.549942         20.544739
       -156.549927         20.538994
       -156.551865         20.535772
       -156.546738         20.535326
       -156.540405         20.539019
       -156.537964         20.538795
       -156.534531         20.534668
       -156.529663         20.536058
       -156.529404         20.532843
       -156.531342         20.528702
       -156.538651         20.522249
       -156.542038         20.516954
       -156.545456         20.515337
       -156.551788         20.515091
       -156.560104         20.517366
       -156.563019         20.515520
       -156.568146         20.515736
       -156.577637         20.511114
       -156.587158         20.509939
       -156.592041         20.513372
       -156.595245         20.520485
       -156.600372         20.523228
       -156.605972         20.516319
       -156.612808         20.518597
       -156.618896         20.518118
       -156.639359         20.507715
       -156.642776         20.509083
       -156.645981         20.517117
       -156.659103         20.505125
       -156.664474         20.503269
       -156.671310         20.504395
       -156.681808         20.509186
       -156.683548         20.516533
       -156.694565         20.523390
       -156.699722         20.531414
       -156.699249         20.534174
       -156.690018         20.542938
       -156.683685         20.546406
       -156.674942         20.556316
       -156.666656         20.558641
       -156.660553         20.560499
       -156.652008         20.560068
       -156.644470         20.565607
       -156.637909         20.571371
       -156.631805         20.573689
       -156.615021         20.585228
       -156.608215         20.593061
       -156.600891         20.593773
       -156.589447         20.601618
END
18
       -155.502518         19.677385
       -155.821350         20.262272
       -155.814774         20.261114
       -155.798218         20.250746
       -155.788727         20.249582
       -155.778748         20.244968
       -155.770706         20.246794
       -155.752701         20.235500
       -155.742004         20.227436
       -155.739578         20.221457
       -155.736893         20.219612
       -155.732025         20.219143
       -155.732285         20.210182
       -155.730347         20.205582
       -155.692642         20.183670
       -155.688995         20.183203
       -155.682663         20.182499
       -155.649109         20.161278
       -155.644974         20.158739
       -155.636978         20.148378
       -155.631134         20.143997
       -155.624329         20.143749
       -155.617523         20.139826
       -155.611191         20.138659
       -155.607300         20.136120
       -155.598328         20.123457
       -155.591766         20.120680
       -155.564484         20.129107
       -155.556458         20.129082
       -155.539917         20.122828
       -155.531891         20.122343
       -155.516586         20.114481
       -155.510986         20.114923
       -155.500763         20.113970
       -155.484238         20.107250
       -155.467697         20.103746
       -155.456039         20.098419
       -155.446075         20.096546
       -155.436356         20.091225
       -155.430771         20.087526
       -155.422745         20.085659
       -155.406723         20.077555
       -155.397980         20.073154
       -155.391434         20.067842
       -155.386810         20.068285
       -155.381943         20.066196
       -155.364243         20.053486
       -155.353775         20.052525
       -155.351593         20.052286
       -155.334366         20.039803
       -155.330002         20.038176
       -155.286545         20.018911
       -155.274155         20.015638
       -155.267120         20.011238
       -155.256699         20.005674
       -155.251785         20.000000
       -155.248947         19.996906
       -155.235138         19.987188
       -155.224945         19.984150
       -155.215240         19.977438
       -155.208466         19.972578
       -155.198807         19.959890
       -155.189575         19.955938
       -155.179413         19.947613
       -155.170685         19.943661
       -155.161728         19.936029
       -155.133667         19.910372
       -155.128357         19.904139
       -155.118729         19.887539
       -155.114365         19.884527
       -155.108337         19.876680
       -155.102036         19.874348
       -155.092850         19.866253
       -155.085129         19.855177
       -155.083008         19.845284
       -155.090912         19.823954
       -155.092407         19.815229
       -155.088577         19.805555
       -155.090347         19.795454
       -155.087204         19.790609
       -155.088470         19.783722
       -155.091980         19.763746
       -155.091873         19.739614
       -155.088760         19.732473
       -155.085861         19.729929
       -155.076401         19.727577
       -155.073715         19.731928
       -155.071030         19.733061
       -155.067154         19.731201
       -155.060852         19.730705
       -155.055969         19.735733
       -155.048431         19.736378
       -155.042572         19.741631
       -155.038696         19.741608
       -155.032166         19.735594
       -155.029022         19.735575
       -155.028748         19.739019
       -155.021133         19.738798
       -155.018799         19.738729
       -155.014160         19.741920
       -155.007141         19.739119
       -155.002533         19.739780
       -155.000000         19.737680
       -154.998901         19.736771
       -154.986664         19.714403
       -154.976868         19.690210
       -154.977402         19.683319
       -154.980850         19.674606
       -154.980453         19.661734
       -154.979095         19.646557
       -154.976028         19.640078
       -154.974304         19.636415
       -154.968033         19.629711
       -154.958344         19.628960
       -154.946960         19.625669
       -154.944550         19.622206
       -154.945114         19.610949
       -154.942719         19.606108
       -154.931122         19.598677
       -154.906555         19.574842
       -154.886734         19.564138
       -154.883545         19.561602
       -154.881195         19.559734
       -154.872726         19.556917
       -154.863297         19.551336
       -154.850708         19.548952
       -154.837906         19.541508
       -154.825806         19.539812
       -154.814224         19.531225
       -154.809937         19.520624
       -154.813171         19.509386
       -154.819794         19.498861
       -154.824280         19.482162
       -154.824539         19.481197
       -154.839417         19.467745
       -154.854340         19.450382
       -154.869446         19.438307
       -154.880402         19.432177
       -154.894791         19.418484
       -154.924377         19.400450
       -154.928360         19.398024
       -154.949341         19.376328
       -154.972702         19.360388
       -154.985382         19.348057
       -154.995346         19.341225
       -155.000000         19.339361
       -155.030548         19.327129
       -155.034927         19.325377
       -155.077393         19.311375
       -155.091492         19.300884
       -155.113831         19.290667
       -155.132553         19.276060
       -155.148407         19.271709
       -155.166245         19.266815
       -155.175934         19.266176
       -155.193390         19.259830
       -155.215179         19.258331
       -155.229462         19.260929
       -155.240814         19.266039
       -155.254120         19.267021
       -155.262573         19.270510
       -155.272507         19.270096
       -155.276733         19.268164
       -155.281479         19.265999
       -155.299652         19.261484
       -155.317627         19.246626
       -155.337753         19.237520
       -155.340912         19.234776
       -155.350922         19.215973
       -155.357468         19.210255
       -155.380981         19.199778
       -155.382523         19.199478
       -155.391403         19.197752
       -155.420731         19.184074
       -155.429718         19.172159
       -155.436752         19.166210
       -155.443558         19.157732
       -155.450836         19.152243
       -155.463440         19.147001
       -155.479889         19.144991
       -155.494659         19.140215
       -155.508469         19.134745
       -155.511383         19.131996
       -155.511627         19.126711
       -155.515045         19.116611
       -155.522308         19.114567
       -155.525696         19.113657
       -155.544144         19.092113
       -155.553589         19.084328
       -155.556519         19.079281
       -155.555115         19.058594
       -155.558533         19.045965
       -155.565338         19.033575
       -155.581329         19.018454
       -155.583542         19.010309
       -155.584503         19.006742
       -155.592041         18.994125
       -155.600067         18.972546
       -155.604172         18.969799
       -155.616013         18.971670
       -155.624756         18.955837
       -155.650177         18.928095
       -155.662781         18.920097
       -155.670013         18.915504
       -155.678223         18.913685
       -155.681854         18.914612
       -155.683777         18.919672
       -155.681564         18.935753
       -155.683731         18.940125
       -155.706177         18.953503
       -155.718704         18.966398
       -155.728607         18.971933
       -155.744553         18.974264
       -155.755447         18.978083
       -155.759048         18.979345
       -155.770142         18.986490
       -155.794769         19.006756
       -155.801529         19.009754
       -155.819901         19.013229
       -155.837524         19.020838
       -155.873123         19.032167
       -155.876678         19.033298
       -155.883438         19.039282
       -155.891403         19.060432
       -155.899368         19.073999
       -155.911453         19.088030
       -155.916519         19.100674
       -155.920380         19.124578
       -155.919891         19.137447
       -155.915604         19.143473
       -155.913345         19.146633
       -155.918671         19.155830
       -155.918900         19.159739
       -155.913818         19.167088
       -155.911148         19.174667
       -155.911880         19.183172
       -155.905823         19.198334
       -155.906540         19.202011
       -155.902908         19.208902
       -155.903870         19.223612
       -155.900711         19.244751
       -155.900940         19.253025
       -155.898712         19.263601
       -155.891464         19.298058
       -155.892670         19.320122
       -155.888046         19.337353
       -155.899399         19.381029
       -155.903610         19.385979
       -155.909576         19.392990
       -155.911270         19.399887
       -155.908356         19.412294
       -155.913681         19.420343
       -155.915604         19.426550
       -155.921417         19.433908
       -155.924088         19.440805
       -155.927948         19.461952
       -155.920425         19.473896
       -155.921158         19.478033
       -155.925278         19.481945
       -155.929642         19.482409
       -155.934967         19.480804
       -155.940063         19.484945
       -155.944305         19.485876
       -155.946365         19.486328
       -155.949997         19.492537
       -155.949265         19.501040
       -155.950958         19.508625
       -155.958466         19.524027
       -155.956284         19.537815
       -155.957260         19.542183
       -155.967926         19.560806
       -155.964523         19.567238
       -155.965256         19.569307
       -155.969849         19.572527
       -155.969376         19.583328
       -155.972763         19.598040
       -155.975143         19.601013
       -155.978104         19.604708
       -155.980515         19.612522
       -155.986832         19.620340
       -155.989502         19.630453
       -155.988770         19.633671
       -155.994354         19.638269
       -156.004776         19.640343
       -156.013031         19.647470
       -156.025894         19.652071
       -156.028809         19.654831
       -156.030746         19.661497
       -156.026138         19.671377
       -156.027359         19.677353
       -156.032211         19.682409
       -156.034393         19.689535
       -156.045807         19.697582
       -156.048233         19.703327
       -156.049927         19.717346
       -156.052124         19.721714
       -156.056656         19.724449
       -156.062805         19.728149
       -156.064026         19.730907
       -156.054550         19.742397
       -156.055283         19.747684
       -156.049454         19.758944
       -156.051163         19.768597
       -156.049713         19.775721
       -156.044617         19.782614
       -156.031494         19.791803
       -156.013519         19.808344
       -156.002838         19.821899
       -156.000931         19.823671
       -155.985107         19.838436
       -155.977814         19.848314
       -155.970520         19.853596
       -155.961288         19.857267
       -155.948898         19.857946
       -155.939911         19.855642
       -155.935532         19.856098
       -155.929214         19.860458
       -155.923141         19.861832
       -155.922653         19.864590
       -155.925323         19.873325
       -155.922882         19.877689
       -155.917053         19.883429
       -155.915100         19.887794
       -155.908905         19.892633
       -155.908051         19.893303
       -155.906342         19.902035
       -155.902695         19.905478
       -155.901718         19.910763
       -155.888107         19.918562
       -155.894424         19.925232
       -155.892960         19.931665
       -155.889313         19.937866
       -155.883224         19.939468
       -155.879822         19.941994
       -155.880310         19.947279
       -155.869858         19.945889
       -155.869858         19.950485
       -155.854523         19.969540
       -155.851105         19.971834
       -155.832138         19.981001
       -155.828720         19.996162
       -155.829147         20.000000
       -155.829681         20.004898
       -155.825027         20.023046
       -155.825272         20.032238
       -155.826477         20.035458
       -155.842270         20.053865
       -155.851990         20.067896
       -155.866577         20.084232
       -155.878479         20.095966
       -155.882370         20.101717
       -155.884079         20.109991
       -155.886017         20.117807
       -155.891357         20.127007
       -155.892334         20.136429
       -155.901321         20.162178
       -155.902756         20.186539
       -155.905670         20.195963
       -155.904312         20.199188
       -155.902267         20.204002
       -155.902252         20.212965
       -155.896637         20.235481
       -155.879089         20.263039
       -155.865433         20.269226
       -155.836685         20.267809
       -155.821350         20.262272
END
END
