heard_island
1
     0.4076667E+07     0.1277561E+07
     0.4076014E+07     0.1277616E+07
     0.4076904E+07     0.1277785E+07
     0.4077159E+07     0.1277587E+07
     0.4076831E+07     0.1277387E+07
     0.4076124E+07     0.1277411E+07
     0.4076014E+07     0.1277616E+07
END
2
     0.4093590E+07     0.1210523E+07
     0.4096378E+07     0.1219314E+07
     0.4096269E+07     0.1218704E+07
     0.4096387E+07     0.1218004E+07
     0.4096986E+07     0.1216550E+07
     0.4097936E+07     0.1214981E+07
     0.4098533E+07     0.1214460E+07
     0.4098533E+07     0.1214460E+07
     0.4099190E+07     0.1214626E+07
     0.4099766E+07     0.1214538E+07
     0.4100021E+07     0.1213989E+07
     0.4099447E+07     0.1213261E+07
     0.4099455E+07     0.1212651E+07
     0.4099455E+07     0.1212651E+07
     0.4099621E+07     0.1211992E+07
     0.4100369E+07     0.1211335E+07
     0.4099830E+07     0.1210120E+07
     0.4100229E+07     0.1209345E+07
     0.4100464E+07     0.1208179E+07
     0.4099452E+07     0.1206758E+07
     0.4099254E+07     0.1205804E+07
     0.4099538E+07     0.1203980E+07
     0.4099218E+07     0.1202937E+07
     0.4098484E+07     0.1202130E+07
     0.4098484E+07     0.1202130E+07
     0.4096639E+07     0.1200448E+07
     0.4096639E+07     0.1200448E+07
     0.4096051E+07     0.1199866E+07
     0.4096051E+07     0.1199866E+07
     0.4095078E+07     0.1198893E+07
     0.4094394E+07     0.1198022E+07
     0.4093977E+07     0.1196611E+07
     0.4093977E+07     0.1196611E+07
     0.4093808E+07     0.1195951E+07
     0.4093555E+07     0.1195566E+07
     0.4093555E+07     0.1195566E+07
     0.4092715E+07     0.1192994E+07
     0.4092579E+07     0.1191911E+07
     0.4093246E+07     0.1189601E+07
     0.4094652E+07     0.1187126E+07
     0.4095832E+07     0.1185556E+07
     0.4095496E+07     0.1185268E+07
     0.4094722E+07     0.1185453E+07
     0.4094537E+07     0.1185660E+07
     0.4094358E+07     0.1185858E+07
     0.4093206E+07     0.1188717E+07
     0.4091272E+07     0.1191671E+07
     0.4090776E+07     0.1193295E+07
     0.4088020E+07     0.1195693E+07
     0.4086972E+07     0.1196275E+07
     0.4086766E+07     0.1196631E+07
     0.4087498E+07     0.1197193E+07
     0.4087785E+07     0.1197907E+07
     0.4087785E+07     0.1197907E+07
     0.4087647E+07     0.1198222E+07
     0.4086877E+07     0.1198600E+07
     0.4086877E+07     0.1198600E+07
     0.4086388E+07     0.1197672E+07
     0.4086457E+07     0.1197165E+07
     0.4086327E+07     0.1196987E+07
     0.4085628E+07     0.1197219E+07
     0.4084203E+07     0.1198260E+07
     0.4081982E+07     0.1199450E+07
     0.4081386E+07     0.1199971E+07
     0.4081386E+07     0.1199971E+07
     0.4079856E+07     0.1201771E+07
     0.4079622E+07     0.1202470E+07
     0.4079496E+07     0.1204478E+07
     0.4079496E+07     0.1204478E+07
     0.4079396E+07     0.1206260E+07
     0.4079361E+07     0.1206862E+07
     0.4079058E+07     0.1207602E+07
     0.4078154E+07     0.1208190E+07
     0.4077870E+07     0.1209314E+07
     0.4078661E+07     0.1211028E+07
     0.4078661E+07     0.1211028E+07
     0.4079848E+07     0.1213134E+07
     0.4080833E+07     0.1213616E+07
     0.4083059E+07     0.1216218E+07
     0.4083059E+07     0.1216218E+07
     0.4083620E+07     0.1216768E+07
     0.4084830E+07     0.1217394E+07
     0.4084830E+07     0.1217394E+07
     0.4087438E+07     0.1218605E+07
     0.4088983E+07     0.1219637E+07
     0.4089413E+07     0.1220474E+07
     0.4089341E+07     0.1221681E+07
     0.4089588E+07     0.1221744E+07
     0.4090713E+07     0.1220977E+07
     0.4091350E+07     0.1220992E+07
     0.4091350E+07     0.1220992E+07
     0.4092631E+07     0.1221228E+07
     0.4093363E+07     0.1221792E+07
     0.4093046E+07     0.1222470E+07
     0.4093395E+07     0.1222821E+07
     0.4093902E+07     0.1222774E+07
     0.4094428E+07     0.1223228E+07
     0.4095231E+07     0.1223051E+07
     0.4095532E+07     0.1223360E+07
     0.4095440E+07     0.1224533E+07
     0.4095132E+07     0.1227022E+07
     0.4094759E+07     0.1227396E+07
     0.4094039E+07     0.1228118E+07
     0.4094412E+07     0.1229525E+07
     0.4094524E+07     0.1230925E+07
     0.4094763E+07     0.1231481E+07
     0.4097130E+07     0.1232839E+07
     0.4097624E+07     0.1232847E+07
     0.4098564E+07     0.1232238E+07
     0.4100333E+07     0.1230087E+07
     0.4100991E+07     0.1230020E+07
     0.4101184E+07     0.1229835E+07
     0.4101219E+07     0.1229465E+07
     0.4100164E+07     0.1228907E+07
     0.4100132E+07     0.1228110E+07
     0.4099912E+07     0.1227506E+07
     0.4099840E+07     0.1227307E+07
     0.4098226E+07     0.1225849E+07
     0.4097659E+07     0.1224860E+07
     0.4096552E+07     0.1223705E+07
     0.4095446E+07     0.1221851E+07
     0.4095482E+07     0.1221480E+07
     0.4095776E+07     0.1221351E+07
     0.4096700E+07     0.1221846E+07
     0.4097962E+07     0.1221814E+07
     0.4098929E+07     0.1221446E+07
     0.4099142E+07     0.1220945E+07
     0.4098623E+07     0.1220347E+07
     0.4097698E+07     0.1219968E+07
     0.4096835E+07     0.1220159E+07
     0.4096411E+07     0.1219644E+07
     0.4096378E+07     0.1219314E+07
END
3
     0.4112638E+07     0.1211881E+07
     0.4111817E+07     0.1211822E+07
     0.4112070E+07     0.1212208E+07
     0.4112475E+07     0.1212222E+07
     0.4113292E+07     0.1211872E+07
     0.4112620E+07     0.1211529E+07
     0.4112051E+07     0.1211590E+07
     0.4111817E+07     0.1211822E+07
END
END
