honduras
1
    -0.8744439E+02     0.1339042E+02
    -0.8745127E+02     0.1340460E+02
    -0.8745162E+02     0.1339688E+02
    -0.8744999E+02     0.1339559E+02
    -0.8743816E+02     0.1339394E+02
    -0.8743177E+02     0.1338765E+02
    -0.8743128E+02     0.1338539E+02
    -0.8743294E+02     0.1338331E+02
    -0.8743787E+02     0.1338348E+02
    -0.8744672E+02     0.1338802E+02
    -0.8745379E+02     0.1338981E+02
    -0.8745738E+02     0.1339497E+02
    -0.8745736E+02     0.1340108E+02
    -0.8745422E+02     0.1340606E+02
    -0.8745127E+02     0.1340460E+02
END
2
    -0.8740546E+02     0.1337864E+02
    -0.8738626E+02     0.1338299E+02
    -0.8738975E+02     0.1337569E+02
    -0.8739141E+02     0.1336443E+02
    -0.8739916E+02     0.1336514E+02
    -0.8740070E+02     0.1336818E+02
    -0.8740384E+02     0.1337435E+02
    -0.8740620E+02     0.1336861E+02
    -0.8741370E+02     0.1337069E+02
    -0.8741512E+02     0.1336863E+02
    -0.8741466E+02     0.1336587E+02
    -0.8742125E+02     0.1335531E+02
    -0.8742665E+02     0.1335417E+02
    -0.8742781E+02     0.1336245E+02
    -0.8742545E+02     0.1337279E+02
    -0.8742073E+02     0.1338243E+02
    -0.8741788E+02     0.1339461E+02
    -0.8741483E+02     0.1339782E+02
    -0.8740639E+02     0.1339159E+02
    -0.8739206E+02     0.1339202E+02
    -0.8738625E+02     0.1338733E+02
    -0.8738626E+02     0.1338299E+02
END
3
    -0.8745502E+02     0.1337474E+02
    -0.8746038E+02     0.1338517E+02
    -0.8745659E+02     0.1338693E+02
    -0.8744789E+02     0.1338320E+02
    -0.8744656E+02     0.1337973E+02
    -0.8744398E+02     0.1337789E+02
    -0.8743788E+02     0.1337765E+02
    -0.8743694E+02     0.1337558E+02
    -0.8744071E+02     0.1337007E+02
    -0.8744260E+02     0.1336111E+02
    -0.8744496E+02     0.1335858E+02
    -0.8744707E+02     0.1335859E+02
    -0.8744847E+02     0.1336457E+02
    -0.8745434E+02     0.1336688E+02
    -0.8746068E+02     0.1336643E+02
    -0.8746935E+02     0.1337082E+02
    -0.8747334E+02     0.1337589E+02
    -0.8747355E+02     0.1338738E+02
    -0.8746604E+02     0.1338438E+02
    -0.8746038E+02     0.1338517E+02
END
4
    -0.8785813E+02     0.1337606E+02
    -0.8786711E+02     0.1336819E+02
    -0.8786876E+02     0.1337463E+02
    -0.8786547E+02     0.1337600E+02
    -0.8786288E+02     0.1337945E+02
    -0.8785583E+02     0.1338220E+02
    -0.8785161E+02     0.1338082E+02
    -0.8784950E+02     0.1337829E+02
    -0.8785279E+02     0.1337278E+02
    -0.8786711E+02     0.1336819E+02
END
5
    -0.8756602E+02     0.1334145E+02
    -0.8755649E+02     0.1332943E+02
    -0.8757051E+02     0.1332791E+02
    -0.8757378E+02     0.1333049E+02
    -0.8757343E+02     0.1334143E+02
    -0.8757343E+02     0.1334143E+02
    -0.8757439E+02     0.1334530E+02
    -0.8758195E+02     0.1334693E+02
    -0.8758457E+02     0.1335015E+02
    -0.8758424E+02     0.1335208E+02
    -0.8757635E+02     0.1335206E+02
    -0.8757011E+02     0.1335011E+02
    -0.8756519E+02     0.1334817E+02
    -0.8755733E+02     0.1334010E+02
    -0.8754813E+02     0.1333814E+02
    -0.8754716E+02     0.1333299E+02
    -0.8755649E+02     0.1332943E+02
END
6
    -0.8771150E+02     0.1332607E+02
    -0.8770796E+02     0.1332090E+02
    -0.8771454E+02     0.1332229E+02
    -0.8771758E+02     0.1332528E+02
    -0.8771593E+02     0.1332918E+02
    -0.8771218E+02     0.1333010E+02
    -0.8770608E+02     0.1332664E+02
    -0.8770444E+02     0.1332365E+02
    -0.8770515E+02     0.1332135E+02
    -0.8770796E+02     0.1332090E+02
END
7
    -0.8767531E+02     0.1331307E+02
    -0.8768123E+02     0.1329810E+02
    -0.8768520E+02     0.1330891E+02
    -0.8768027E+02     0.1331396E+02
    -0.8767744E+02     0.1332476E+02
    -0.8767088E+02     0.1331786E+02
    -0.8766900E+02     0.1331349E+02
    -0.8767558E+02     0.1330752E+02
    -0.8767747E+02     0.1330155E+02
    -0.8768123E+02     0.1329810E+02
END
8
    -0.8775951E+02     0.1330168E+02
    -0.8775377E+02     0.1328785E+02
    -0.8776762E+02     0.1328948E+02
    -0.8776667E+02     0.1329890E+02
    -0.8776995E+02     0.1330626E+02
    -0.8776948E+02     0.1330948E+02
    -0.8776572E+02     0.1331177E+02
    -0.8776244E+02     0.1331246E+02
    -0.8775493E+02     0.1330854E+02
    -0.8774342E+02     0.1331129E+02
    -0.8774272E+02     0.1330945E+02
    -0.8774460E+02     0.1330531E+02
    -0.8775400E+02     0.1330004E+02
    -0.8775540E+02     0.1329659E+02
    -0.8775283E+02     0.1329153E+02
    -0.8775377E+02     0.1328785E+02
END
9
    -0.8763995E+02     0.1327088E+02
    -0.8764209E+02     0.1324402E+02
    -0.8765664E+02     0.1324611E+02
    -0.8765945E+02     0.1324819E+02
    -0.8766484E+02     0.1325946E+02
    -0.8766483E+02     0.1326452E+02
    -0.8766129E+02     0.1328152E+02
    -0.8765777E+02     0.1328703E+02
    -0.8764156E+02     0.1329184E+02
    -0.8763335E+02     0.1328654E+02
    -0.8762303E+02     0.1328261E+02
    -0.8761833E+02     0.1328352E+02
    -0.8761576E+02     0.1327777E+02
    -0.8761647E+02     0.1327088E+02
    -0.8761319E+02     0.1326696E+02
    -0.8761672E+02     0.1326168E+02
    -0.8761688E+02     0.1326083E+02
    -0.8761932E+02     0.1324812E+02
    -0.8762354E+02     0.1324905E+02
    -0.8763012E+02     0.1324423E+02
    -0.8764209E+02     0.1324402E+02
END
10
    -0.8774117E+02     0.1327693E+02
    -0.8773875E+02     0.1327427E+02
    -0.8774744E+02     0.1327520E+02
    -0.8774110E+02     0.1328278E+02
    -0.8773804E+02     0.1328094E+02
    -0.8773570E+02     0.1327542E+02
    -0.8773875E+02     0.1327427E+02
END
11
    -0.8589945E+02     0.1646542E+02
    -0.8591819E+02     0.1644416E+02
    -0.8591896E+02     0.1644235E+02
    -0.8591717E+02     0.1643885E+02
    -0.8592020E+02     0.1643320E+02
    -0.8594205E+02     0.1641870E+02
    -0.8595306E+02     0.1640847E+02
    -0.8595879E+02     0.1640795E+02
    -0.8596414E+02     0.1641178E+02
    -0.8595147E+02     0.1642151E+02
    -0.8594666E+02     0.1643123E+02
    -0.8594225E+02     0.1645038E+02
    -0.8593982E+02     0.1645215E+02
    -0.8593314E+02     0.1645264E+02
    -0.8593048E+02     0.1645416E+02
    -0.8592780E+02     0.1645615E+02
    -0.8592701E+02     0.1646646E+02
    -0.8592085E+02     0.1647316E+02
    -0.8591731E+02     0.1647971E+02
    -0.8590946E+02     0.1648751E+02
    -0.8590688E+02     0.1649409E+02
    -0.8590191E+02     0.1650060E+02
    -0.8589835E+02     0.1650049E+02
    -0.8588801E+02     0.1649628E+02
    -0.8588459E+02     0.1649916E+02
    -0.8588602E+02     0.1650678E+02
    -0.8587187E+02     0.1651026E+02
    -0.8586976E+02     0.1650928E+02
    -0.8586913E+02     0.1650650E+02
    -0.8587118E+02     0.1650197E+02
    -0.8586837E+02     0.1650051E+02
    -0.8586503E+02     0.1650087E+02
    -0.8585967E+02     0.1650461E+02
    -0.8585248E+02     0.1650561E+02
    -0.8584749E+02     0.1650631E+02
    -0.8584540E+02     0.1650464E+02
    -0.8584265E+02     0.1649377E+02
    -0.8584373E+02     0.1648967E+02
    -0.8585604E+02     0.1648407E+02
    -0.8586773E+02     0.1648305E+02
    -0.8586971E+02     0.1648058E+02
    -0.8586809E+02     0.1647181E+02
    -0.8587362E+02     0.1646234E+02
    -0.8588356E+02     0.1645621E+02
    -0.8589844E+02     0.1645206E+02
    -0.8590715E+02     0.1644727E+02
    -0.8591819E+02     0.1644416E+02
END
12
    -0.8615906E+02     0.1643597E+02
    -0.8617686E+02     0.1643055E+02
    -0.8617848E+02     0.1643220E+02
    -0.8617696E+02     0.1643560E+02
    -0.8613473E+02     0.1644794E+02
    -0.8613691E+02     0.1643860E+02
    -0.8613984E+02     0.1643616E+02
    -0.8615842E+02     0.1643485E+02
    -0.8616997E+02     0.1643059E+02
    -0.8617686E+02     0.1643055E+02
END
13
    -0.8648759E+02     0.1636680E+02
    -0.8622072E+02     0.1641942E+02
    -0.8623679E+02     0.1641433E+02
    -0.8628877E+02     0.1641738E+02
    -0.8629783E+02     0.1641672E+02
    -0.8630048E+02     0.1641518E+02
    -0.8629963E+02     0.1641195E+02
    -0.8630183E+02     0.1640971E+02
    -0.8631577E+02     0.1641333E+02
    -0.8631764E+02     0.1641382E+02
    -0.8633933E+02     0.1640363E+02
    -0.8634549E+02     0.1639622E+02
    -0.8635098E+02     0.1639545E+02
    -0.8635513E+02     0.1639993E+02
    -0.8636958E+02     0.1640193E+02
    -0.8637389E+02     0.1640044E+02
    -0.8637715E+02     0.1640305E+02
    -0.8637977E+02     0.1640289E+02
    -0.8638564E+02     0.1639708E+02
    -0.8639141E+02     0.1639495E+02
    -0.8639515E+02     0.1638862E+02
    -0.8640593E+02     0.1638570E+02
    -0.8640776E+02     0.1638001E+02
    -0.8641118E+02     0.1637666E+02
    -0.8642325E+02     0.1637371E+02
    -0.8642519E+02     0.1636878E+02
    -0.8642808E+02     0.1636748E+02
    -0.8643590E+02     0.1636837E+02
    -0.8645120E+02     0.1636511E+02
    -0.8647832E+02     0.1635551E+02
    -0.8648228E+02     0.1634988E+02
    -0.8649648E+02     0.1634360E+02
    -0.8650305E+02     0.1633803E+02
    -0.8651317E+02     0.1632430E+02
    -0.8651582E+02     0.1632323E+02
    -0.8652862E+02     0.1632425E+02
    -0.8653319E+02     0.1632238E+02
    -0.8655337E+02     0.1631411E+02
    -0.8656834E+02     0.1631427E+02
    -0.8658718E+02     0.1630260E+02
    -0.8660036E+02     0.1629835E+02
    -0.8660545E+02     0.1629481E+02
    -0.8660317E+02     0.1629131E+02
    -0.8660490E+02     0.1628883E+02
    -0.8661813E+02     0.1628298E+02
    -0.8662332E+02     0.1627508E+02
    -0.8662790E+02     0.1627291E+02
    -0.8663479E+02     0.1627262E+02
    -0.8663876E+02     0.1627548E+02
    -0.8663721E+02     0.1627748E+02
    -0.8663235E+02     0.1628380E+02
    -0.8663452E+02     0.1629166E+02
    -0.8663091E+02     0.1630258E+02
    -0.8662423E+02     0.1631228E+02
    -0.8661694E+02     0.1631806E+02
    -0.8660786E+02     0.1632884E+02
    -0.8658698E+02     0.1634528E+02
    -0.8657908E+02     0.1634737E+02
    -0.8657342E+02     0.1634584E+02
    -0.8657031E+02     0.1634645E+02
    -0.8656798E+02     0.1635350E+02
    -0.8656112E+02     0.1635241E+02
    -0.8655561E+02     0.1635732E+02
    -0.8655138E+02     0.1636110E+02
    -0.8654524E+02     0.1635934E+02
    -0.8653581E+02     0.1636529E+02
    -0.8652572E+02     0.1636915E+02
    -0.8651262E+02     0.1637018E+02
    -0.8650397E+02     0.1637363E+02
    -0.8649088E+02     0.1638292E+02
    -0.8647630E+02     0.1638552E+02
    -0.8646064E+02     0.1639313E+02
    -0.8645693E+02     0.1639808E+02
    -0.8644486E+02     0.1640464E+02
    -0.8643981E+02     0.1640509E+02
    -0.8643295E+02     0.1640570E+02
    -0.8642660E+02     0.1641173E+02
    -0.8641263E+02     0.1641801E+02
    -0.8639901E+02     0.1642889E+02
    -0.8639232E+02     0.1642985E+02
    -0.8638238E+02     0.1642844E+02
    -0.8635325E+02     0.1643246E+02
    -0.8634915E+02     0.1643442E+02
    -0.8634758E+02     0.1643942E+02
    -0.8634494E+02     0.1644027E+02
    -0.8633389E+02     0.1643607E+02
    -0.8632441E+02     0.1643489E+02
    -0.8632306E+02     0.1643501E+02
    -0.8629746E+02     0.1643736E+02
    -0.8628680E+02     0.1643592E+02
    -0.8626948E+02     0.1642672E+02
    -0.8626118E+02     0.1642580E+02
    -0.8623582E+02     0.1643106E+02
    -0.8622620E+02     0.1642689E+02
    -0.8621238E+02     0.1642765E+02
    -0.8621007E+02     0.1642552E+02
    -0.8621130E+02     0.1642395E+02
    -0.8622072E+02     0.1641942E+02
END
14
    -0.8589883E+02     0.1642537E+02
    -0.8590493E+02     0.1641944E+02
    -0.8590605E+02     0.1642153E+02
    -0.8590259E+02     0.1642579E+02
    -0.8589747E+02     0.1643000E+02
    -0.8589440E+02     0.1642922E+02
    -0.8589427E+02     0.1642577E+02
    -0.8590087E+02     0.1642000E+02
    -0.8590493E+02     0.1641944E+02
END
15
    -0.8708118E+02     0.1469490E+02
    -0.8590553E+02     0.1600027E+02
    -0.8581916E+02     0.1598979E+02
    -0.8581275E+02     0.1599020E+02
    -0.8579736E+02     0.1598686E+02
    -0.8578909E+02     0.1598450E+02
    -0.8578439E+02     0.1598072E+02
    -0.8578391E+02     0.1598033E+02
    -0.8578152E+02     0.1598169E+02
    -0.8578067E+02     0.1598150E+02
    -0.8578067E+02     0.1598150E+02
    -0.8575312E+02     0.1597527E+02
    -0.8574770E+02     0.1597224E+02
    -0.8574342E+02     0.1597243E+02
    -0.8573421E+02     0.1596869E+02
    -0.8573157E+02     0.1596555E+02
    -0.8573157E+02     0.1596555E+02
    -0.8572688E+02     0.1596213E+02
    -0.8572688E+02     0.1596213E+02
    -0.8572595E+02     0.1596380E+02
    -0.8571457E+02     0.1596371E+02
    -0.8569969E+02     0.1595716E+02
    -0.8569321E+02     0.1595089E+02
    -0.8569321E+02     0.1595089E+02
    -0.8568484E+02     0.1594823E+02
    -0.8568484E+02     0.1594823E+02
    -0.8568317E+02     0.1594854E+02
    -0.8567351E+02     0.1594204E+02
    -0.8563557E+02     0.1591442E+02
    -0.8562521E+02     0.1590917E+02
    -0.8558626E+02     0.1588945E+02
    -0.8556949E+02     0.1588242E+02
    -0.8556261E+02     0.1588305E+02
    -0.8551608E+02     0.1586634E+02
    -0.8550459E+02     0.1586521E+02
    -0.8545474E+02     0.1586028E+02
    -0.8544311E+02     0.1586269E+02
    -0.8543692E+02     0.1586562E+02
    -0.8543069E+02     0.1587244E+02
    -0.8541409E+02     0.1587389E+02
    -0.8540385E+02     0.1587793E+02
    -0.8537965E+02     0.1588022E+02
    -0.8536994E+02     0.1588013E+02
    -0.8535669E+02     0.1587771E+02
    -0.8531499E+02     0.1587639E+02
    -0.8525002E+02     0.1588376E+02
    -0.8524807E+02     0.1588398E+02
    -0.8523474E+02     0.1588936E+02
    -0.8520288E+02     0.1589890E+02
    -0.8517716E+02     0.1591011E+02
    -0.8515329E+02     0.1592638E+02
    -0.8513612E+02     0.1594145E+02
    -0.8512074E+02     0.1595494E+02
    -0.8509665E+02     0.1596890E+02
    -0.8506352E+02     0.1598415E+02
    -0.8504996E+02     0.1598836E+02
    -0.8503809E+02     0.1599030E+02
    -0.8501971E+02     0.1598774E+02
    -0.8501488E+02     0.1598707E+02
    -0.8500000E+02     0.1598330E+02
    -0.8499029E+02     0.1598084E+02
    -0.8494353E+02     0.1596405E+02
    -0.8493103E+02     0.1595840E+02
    -0.8492869E+02     0.1595608E+02
    -0.8492894E+02     0.1595448E+02
    -0.8493581E+02     0.1595502E+02
    -0.8495961E+02     0.1596305E+02
    -0.8496250E+02     0.1596402E+02
    -0.8496559E+02     0.1596314E+02
    -0.8496467E+02     0.1596084E+02
    -0.8494981E+02     0.1595448E+02
    -0.8495200E+02     0.1594923E+02
    -0.8495969E+02     0.1594060E+02
    -0.8495947E+02     0.1593853E+02
    -0.8495615E+02     0.1593804E+02
    -0.8495017E+02     0.1594302E+02
    -0.8494685E+02     0.1594344E+02
    -0.8494215E+02     0.1593903E+02
    -0.8494070E+02     0.1594154E+02
    -0.8494490E+02     0.1594778E+02
    -0.8494440E+02     0.1595075E+02
    -0.8494035E+02     0.1595186E+02
    -0.8492949E+02     0.1594784E+02
    -0.8492546E+02     0.1594802E+02
    -0.8492258E+02     0.1595097E+02
    -0.8491712E+02     0.1595137E+02
    -0.8490749E+02     0.1594415E+02
    -0.8489922E+02     0.1594108E+02
    -0.8489026E+02     0.1593731E+02
    -0.8485768E+02     0.1592547E+02
    -0.8482985E+02     0.1591323E+02
    -0.8481068E+02     0.1590980E+02
    -0.8476753E+02     0.1589588E+02
    -0.8475095E+02     0.1589052E+02
    -0.8472546E+02     0.1588059E+02
    -0.8470511E+02     0.1587806E+02
    -0.8469215E+02     0.1587240E+02
    -0.8467798E+02     0.1586810E+02
    -0.8466543E+02     0.1586680E+02
    -0.8465456E+02     0.1586369E+02
    -0.8465009E+02     0.1586111E+02
    -0.8464965E+02     0.1585881E+02
    -0.8464965E+02     0.1585881E+02
    -0.8464427E+02     0.1585762E+02
    -0.8464427E+02     0.1585762E+02
    -0.8462691E+02     0.1585808E+02
    -0.8462054E+02     0.1585502E+02
    -0.8457966E+02     0.1584603E+02
    -0.8454969E+02     0.1583999E+02
    -0.8452269E+02     0.1583454E+02
    -0.8451180E+02     0.1583395E+02
    -0.8449740E+02     0.1582941E+02
    -0.8446616E+02     0.1582557E+02
    -0.8445648E+02     0.1582315E+02
    -0.8443848E+02     0.1582223E+02
    -0.8442161E+02     0.1581920E+02
    -0.8441650E+02     0.1581828E+02
    -0.8432767E+02     0.1581506E+02
    -0.8430397E+02     0.1581543E+02
    -0.8429409E+02     0.1580794E+02
    -0.8428191E+02     0.1579977E+02
    -0.8424710E+02     0.1576443E+02
    -0.8422768E+02     0.1574673E+02
    -0.8420681E+02     0.1573153E+02
    -0.8419840E+02     0.1572293E+02
    -0.8418579E+02     0.1571060E+02
    -0.8416562E+02     0.1569656E+02
    -0.8416213E+02     0.1569169E+02
    -0.8416213E+02     0.1569169E+02
    -0.8415936E+02     0.1568729E+02
    -0.8415936E+02     0.1568729E+02
    -0.8415535E+02     0.1568586E+02
    -0.8413518E+02     0.1567158E+02
    -0.8412607E+02     0.1566297E+02
    -0.8411526E+02     0.1565708E+02
    -0.8406316E+02     0.1560862E+02
    -0.8406033E+02     0.1560767E+02
    -0.8405991E+02     0.1560724E+02
    -0.8403349E+02     0.1558044E+02
    -0.8400892E+02     0.1556127E+02
    -0.8399772E+02     0.1555009E+02
    -0.8399043E+02     0.1554700E+02
    -0.8396358E+02     0.1552324E+02
    -0.8394720E+02     0.1550874E+02
    -0.8393362E+02     0.1549890E+02
    -0.8389133E+02     0.1546340E+02
    -0.8387867E+02     0.1545541E+02
    -0.8387283E+02     0.1545004E+02
    -0.8386626E+02     0.1544696E+02
    -0.8386268E+02     0.1544415E+02
    -0.8384755E+02     0.1543223E+02
    -0.8382877E+02     0.1542276E+02
    -0.8378947E+02     0.1540863E+02
    -0.8377725E+02     0.1540294E+02
    -0.8376688E+02     0.1540071E+02
    -0.8375845E+02     0.1539531E+02
    -0.8374538E+02     0.1539324E+02
    -0.8373437E+02     0.1539150E+02
    -0.8373239E+02     0.1538930E+02
    -0.8373239E+02     0.1538930E+02
    -0.8372215E+02     0.1538913E+02
    -0.8372215E+02     0.1538913E+02
    -0.8372066E+02     0.1539106E+02
    -0.8371781E+02     0.1539124E+02
    -0.8370919E+02     0.1538308E+02
    -0.8367921E+02     0.1536425E+02
    -0.8361207E+02     0.1532772E+02
    -0.8360580E+02     0.1532431E+02
    -0.8349541E+02     0.1529156E+02
    -0.8348841E+02     0.1528914E+02
    -0.8342346E+02     0.1526674E+02
    -0.8339860E+02     0.1525462E+02
    -0.8339277E+02     0.1524948E+02
    -0.8339277E+02     0.1524948E+02
    -0.8338765E+02     0.1524503E+02
    -0.8338765E+02     0.1524503E+02
    -0.8338578E+02     0.1524362E+02
    -0.8335648E+02     0.1520066E+02
    -0.8335506E+02     0.1519487E+02
    -0.8334301E+02     0.1514580E+02
    -0.8333636E+02     0.1513398E+02
    -0.8333253E+02     0.1512289E+02
    -0.8332426E+02     0.1510967E+02
    -0.8330271E+02     0.1508145E+02
    -0.8329745E+02     0.1507454E+02
    -0.8328209E+02     0.1506074E+02
    -0.8323418E+02     0.1503030E+02
    -0.8321661E+02     0.1502173E+02
    -0.8319449E+02     0.1501478E+02
    -0.8318489E+02     0.1501177E+02
    -0.8316659E+02     0.1500480E+02
    -0.8315772E+02     0.1500000E+02
    -0.8315606E+02     0.1499910E+02
    -0.8315540E+02     0.1499634E+02
    -0.8315582E+02     0.1499561E+02
    -0.8315582E+02     0.1499561E+02
    -0.8315781E+02     0.1499208E+02
    -0.8315781E+02     0.1499208E+02
    -0.8317204E+02     0.1498977E+02
    -0.8319990E+02     0.1499329E+02
    -0.8320921E+02     0.1499301E+02
    -0.8322552E+02     0.1498426E+02
    -0.8323692E+02     0.1498055E+02
    -0.8323692E+02     0.1498055E+02
    -0.8325328E+02     0.1498446E+02
    -0.8327424E+02     0.1498378E+02
    -0.8327691E+02     0.1498217E+02
    -0.8327749E+02     0.1498086E+02
    -0.8328047E+02     0.1497410E+02
    -0.8328373E+02     0.1497415E+02
    -0.8329173E+02     0.1497777E+02
    -0.8329261E+02     0.1498019E+02
    -0.8329101E+02     0.1498288E+02
    -0.8327937E+02     0.1499142E+02
    -0.8327848E+02     0.1499713E+02
    -0.8328093E+02     0.1499898E+02
    -0.8328683E+02     0.1499879E+02
    -0.8329807E+02     0.1499492E+02
    -0.8330319E+02     0.1499471E+02
    -0.8331453E+02     0.1500000E+02
    -0.8331709E+02     0.1500120E+02
    -0.8331709E+02     0.1500120E+02
    -0.8333072E+02     0.1500756E+02
    -0.8334478E+02     0.1501083E+02
    -0.8334759E+02     0.1500997E+02
    -0.8334918E+02     0.1500000E+02
    -0.8334969E+02     0.1499750E+02
    -0.8335561E+02     0.1499609E+02
    -0.8335996E+02     0.1500000E+02
    -0.8336240E+02     0.1500647E+02
    -0.8336651E+02     0.1501046E+02
    -0.8337728E+02     0.1501487E+02
    -0.8338923E+02     0.1501508E+02
    -0.8339727E+02     0.1502457E+02
    -0.8340485E+02     0.1502591E+02
    -0.8340726E+02     0.1502128E+02
    -0.8340629E+02     0.1500724E+02
    -0.8340853E+02     0.1500336E+02
    -0.8341308E+02     0.1500000E+02
    -0.8341611E+02     0.1499777E+02
    -0.8341611E+02     0.1499777E+02
    -0.8342037E+02     0.1499415E+02
    -0.8342489E+02     0.1498877E+02
    -0.8342773E+02     0.1498726E+02
    -0.8343372E+02     0.1498853E+02
    -0.8343975E+02     0.1498825E+02
    -0.8344665E+02     0.1498447E+02
    -0.8345561E+02     0.1497760E+02
    -0.8346810E+02     0.1497508E+02
    -0.8348036E+02     0.1498544E+02
    -0.8348394E+02     0.1498706E+02
    -0.8348222E+02     0.1499328E+02
    -0.8348371E+02     0.1500000E+02
    -0.8348457E+02     0.1500000E+02
    -0.8349207E+02     0.1500398E+02
    -0.8349811E+02     0.1500292E+02
    -0.8350410E+02     0.1500000E+02
    -0.8350661E+02     0.1499877E+02
    -0.8351359E+02     0.1499070E+02
    -0.8351780E+02     0.1498023E+02
    -0.8352490E+02     0.1498699E+02
    -0.8352886E+02     0.1498979E+02
    -0.8353174E+02     0.1498633E+02
    -0.8353033E+02     0.1497577E+02
    -0.8352567E+02     0.1496710E+02
    -0.8352970E+02     0.1496600E+02
    -0.8353482E+02     0.1497155E+02
    -0.8354160E+02     0.1497401E+02
    -0.8354533E+02     0.1496744E+02
    -0.8354503E+02     0.1496197E+02
    -0.8354160E+02     0.1495215E+02
    -0.8353532E+02     0.1494424E+02
    -0.8353776E+02     0.1494233E+02
    -0.8355009E+02     0.1494879E+02
    -0.8355252E+02     0.1494727E+02
    -0.8355141E+02     0.1494217E+02
    -0.8354512E+02     0.1493504E+02
    -0.8354720E+02     0.1493118E+02
    -0.8355879E+02     0.1493371E+02
    -0.8356284E+02     0.1493144E+02
    -0.8356495E+02     0.1492601E+02
    -0.8356507E+02     0.1491938E+02
    -0.8356364E+02     0.1490999E+02
    -0.8356532E+02     0.1490534E+02
    -0.8356895E+02     0.1490501E+02
    -0.8357489E+02     0.1490901E+02
    -0.8357851E+02     0.1490868E+02
    -0.8358381E+02     0.1490409E+02
    -0.8358742E+02     0.1490454E+02
    -0.8359216E+02     0.1490891E+02
    -0.8359775E+02     0.1491018E+02
    -0.8360180E+02     0.1490830E+02
    -0.8360266E+02     0.1490480E+02
    -0.8360151E+02     0.1490205E+02
    -0.8359795E+02     0.1489887E+02
    -0.8359881E+02     0.1489615E+02
    -0.8360972E+02     0.1489204E+02
    -0.8361938E+02     0.1489025E+02
    -0.8361946E+02     0.1488596E+02
    -0.8361474E+02     0.1488042E+02
    -0.8361683E+02     0.1487577E+02
    -0.8362461E+02     0.1486731E+02
    -0.8362159E+02     0.1485672E+02
    -0.8362524E+02     0.1485483E+02
    -0.8363076E+02     0.1486000E+02
    -0.8363019E+02     0.1486936E+02
    -0.8363374E+02     0.1487293E+02
    -0.8364095E+02     0.1487344E+02
    -0.8364735E+02     0.1487511E+02
    -0.8365417E+02     0.1487522E+02
    -0.8365947E+02     0.1487063E+02
    -0.8367149E+02     0.1487122E+02
    -0.8367878E+02     0.1486783E+02
    -0.8368365E+02     0.1486440E+02
    -0.8368974E+02     0.1486059E+02
    -0.8369726E+02     0.1486696E+02
    -0.8370088E+02     0.1486624E+02
    -0.8370141E+02     0.1485923E+02
    -0.8369991E+02     0.1485335E+02
    -0.8370600E+02     0.1484876E+02
    -0.8371404E+02     0.1484812E+02
    -0.8371774E+02     0.1484349E+02
    -0.8371566E+02     0.1484224E+02
    -0.8371566E+02     0.1484224E+02
    -0.8371377E+02     0.1484109E+02
    -0.8370615E+02     0.1484018E+02
    -0.8370339E+02     0.1483779E+02
    -0.8370632E+02     0.1483082E+02
    -0.8370521E+02     0.1482572E+02
    -0.8371122E+02     0.1482582E+02
    -0.8371476E+02     0.1483018E+02
    -0.8372034E+02     0.1483222E+02
    -0.8372840E+02     0.1483001E+02
    -0.8373882E+02     0.1483135E+02
    -0.8374205E+02     0.1482984E+02
    -0.8374052E+02     0.1482552E+02
    -0.8373656E+02     0.1482273E+02
    -0.8373502E+02     0.1481841E+02
    -0.8373588E+02     0.1481569E+02
    -0.8373990E+02     0.1481537E+02
    -0.8375220E+02     0.1482259E+02
    -0.8375701E+02     0.1482345E+02
    -0.8376276E+02     0.1481613E+02
    -0.8376131E+02     0.1480713E+02
    -0.8376340E+02     0.1480209E+02
    -0.8377420E+02     0.1480383E+02
    -0.8378051E+02     0.1481017E+02
    -0.8378525E+02     0.1481455E+02
    -0.8378811E+02     0.1481186E+02
    -0.8378828E+02     0.1480210E+02
    -0.8379153E+02     0.1479943E+02
    -0.8379517E+02     0.1479792E+02
    -0.8380752E+02     0.1480320E+02
    -0.8381509E+02     0.1480605E+02
    -0.8381954E+02     0.1480378E+02
    -0.8381839E+02     0.1480064E+02
    -0.8380129E+02     0.1479178E+02
    -0.8379616E+02     0.1478701E+02
    -0.8379940E+02     0.1478511E+02
    -0.8380660E+02     0.1478640E+02
    -0.8381689E+02     0.1478699E+02
    -0.8381689E+02     0.1478699E+02
    -0.8382466E+02     0.1478591E+02
    -0.8382774E+02     0.1478530E+02
    -0.8383553E+02     0.1478374E+02
    -0.8384454E+02     0.1477335E+02
    -0.8385147E+02     0.1476682E+02
    -0.8386349E+02     0.1476780E+02
    -0.8387723E+02     0.1476177E+02
    -0.8387922E+02     0.1476258E+02
    -0.8388027E+02     0.1477158E+02
    -0.8388100E+02     0.1477627E+02
    -0.8388177E+02     0.1477785E+02
    -0.8388573E+02     0.1478064E+02
    -0.8388896E+02     0.1477991E+02
    -0.8389239E+02     0.1476709E+02
    -0.8388966E+02     0.1476236E+02
    -0.8389894E+02     0.1475899E+02
    -0.8390171E+02     0.1476138E+02
    -0.8391798E+02     0.1477217E+02
    -0.8392040E+02     0.1477104E+02
    -0.8392367E+02     0.1476758E+02
    -0.8393649E+02     0.1476817E+02
    -0.8393855E+02     0.1476547E+02
    -0.8393044E+02     0.1474661E+02
    -0.8393211E+02     0.1474273E+02
    -0.8394012E+02     0.1474325E+02
    -0.8394607E+02     0.1474764E+02
    -0.8395003E+02     0.1475043E+02
    -0.8395484E+02     0.1475051E+02
    -0.8396009E+02     0.1474864E+02
    -0.8397545E+02     0.1474146E+02
    -0.8398029E+02     0.1473997E+02
    -0.8398868E+02     0.1474206E+02
    -0.8400340E+02     0.1474931E+02
    -0.8400742E+02     0.1474898E+02
    -0.8401349E+02     0.1474595E+02
    -0.8401997E+02     0.1474176E+02
    -0.8402725E+02     0.1473836E+02
    -0.8403405E+02     0.1473963E+02
    -0.8404124E+02     0.1474091E+02
    -0.8404363E+02     0.1474251E+02
    -0.8404594E+02     0.1474840E+02
    -0.8404707E+02     0.1475310E+02
    -0.8404575E+02     0.1475972E+02
    -0.8404848E+02     0.1476444E+02
    -0.8405209E+02     0.1476489E+02
    -0.8406140E+02     0.1475957E+02
    -0.8406465E+02     0.1475727E+02
    -0.8407757E+02     0.1475240E+02
    -0.8408237E+02     0.1475325E+02
    -0.8408473E+02     0.1475602E+02
    -0.8408616E+02     0.1476697E+02
    -0.8408569E+02     0.1477126E+02
    -0.8408477E+02     0.1477827E+02
    -0.8408712E+02     0.1478181E+02
    -0.8409231E+02     0.1478345E+02
    -0.8409911E+02     0.1478512E+02
    -0.8410754E+02     0.1478446E+02
    -0.8411357E+02     0.1478378E+02
    -0.8411767E+02     0.1477837E+02
    -0.8411820E+02     0.1477018E+02
    -0.8411515E+02     0.1476038E+02
    -0.8410660E+02     0.1474308E+02
    -0.8409921E+02     0.1473759E+02
    -0.8409921E+02     0.1473759E+02
    -0.8410032E+02     0.1473440E+02
    -0.8409962E+02     0.1472775E+02
    -0.8409851E+02     0.1472227E+02
    -0.8410213E+02     0.1472116E+02
    -0.8411132E+02     0.1472364E+02
    -0.8412411E+02     0.1472617E+02
    -0.8412894E+02     0.1472585E+02
    -0.8413984E+02     0.1472133E+02
    -0.8414638E+02     0.1471362E+02
    -0.8415402E+02     0.1471218E+02
    -0.8416971E+02     0.1470929E+02
    -0.8418016E+02     0.1470788E+02
    -0.8419017E+02     0.1470920E+02
    -0.8419735E+02     0.1471165E+02
    -0.8420611E+02     0.1471568E+02
    -0.8421441E+02     0.1472361E+02
    -0.8421877E+02     0.1472680E+02
    -0.8422515E+02     0.1472923E+02
    -0.8422873E+02     0.1473124E+02
    -0.8422873E+02     0.1473124E+02
    -0.8422334E+02     0.1474248E+02
    -0.8422245E+02     0.1474832E+02
    -0.8422600E+02     0.1475227E+02
    -0.8422919E+02     0.1475349E+02
    -0.8423357E+02     0.1475511E+02
    -0.8423880E+02     0.1475441E+02
    -0.8425177E+02     0.1474601E+02
    -0.8426353E+02     0.1473760E+02
    -0.8426762E+02     0.1473219E+02
    -0.8426935E+02     0.1472441E+02
    -0.8426904E+02     0.1471894E+02
    -0.8426360E+02     0.1470677E+02
    -0.8425933E+02     0.1469773E+02
    -0.8425941E+02     0.1469304E+02
    -0.8426314E+02     0.1468529E+02
    -0.8426239E+02     0.1468177E+02
    -0.8425448E+02     0.1467463E+02
    -0.8425735E+02     0.1467037E+02
    -0.8427074E+02     0.1466081E+02
    -0.8427884E+02     0.1465507E+02
    -0.8428922E+02     0.1465796E+02
    -0.8429640E+02     0.1466040E+02
    -0.8430035E+02     0.1466436E+02
    -0.8430110E+02     0.1466789E+02
    -0.8430337E+02     0.1467690E+02
    -0.8430931E+02     0.1468167E+02
    -0.8431697E+02     0.1467904E+02
    -0.8432068E+02     0.1467285E+02
    -0.8432672E+02     0.1467099E+02
    -0.8434113E+02     0.1467236E+02
    -0.8434830E+02     0.1467598E+02
    -0.8435106E+02     0.1467914E+02
    -0.8435096E+02     0.1468577E+02
    -0.8434803E+02     0.1469354E+02
    -0.8434309E+02     0.1470166E+02
    -0.8435389E+02     0.1470416E+02
    -0.8436460E+02     0.1471173E+02
    -0.8436826E+02     0.1470866E+02
    -0.8436756E+02     0.1470201E+02
    -0.8437085E+02     0.1469659E+02
    -0.8437735E+02     0.1469083E+02
    -0.8438317E+02     0.1467725E+02
    -0.8438847E+02     0.1467186E+02
    -0.8440839E+02     0.1465380E+02
    -0.8440995E+02     0.1464333E+02
    -0.8440995E+02     0.1464333E+02
    -0.8442226E+02     0.1463808E+02
    -0.8443307E+02     0.1463188E+02
    -0.8445770E+02     0.1463024E+02
    -0.8446239E+02     0.1462528E+02
    -0.8446606E+02     0.1461555E+02
    -0.8446906E+02     0.1461453E+02
    -0.8449804E+02     0.1462101E+02
    -0.8450100E+02     0.1462290E+02
    -0.8450153E+02     0.1462393E+02
    -0.8450153E+02     0.1462393E+02
    -0.8450582E+02     0.1462667E+02
    -0.8450704E+02     0.1463342E+02
    -0.8451097E+02     0.1463443E+02
    -0.8451628E+02     0.1463162E+02
    -0.8452123E+02     0.1463009E+02
    -0.8452715E+02     0.1463113E+02
    -0.8452881E+02     0.1462955E+02
    -0.8453442E+02     0.1462867E+02
    -0.8453632E+02     0.1463318E+02
    -0.8453759E+02     0.1463672E+02
    -0.8453687E+02     0.1464151E+02
    -0.8453290E+02     0.1464274E+02
    -0.8452794E+02     0.1464427E+02
    -0.8452527E+02     0.1464712E+02
    -0.8452325E+02     0.1465029E+02
    -0.8452451E+02     0.1465383E+02
    -0.8452977E+02     0.1465390E+02
    -0.8453536E+02     0.1465398E+02
    -0.8454198E+02     0.1465119E+02
    -0.8455022E+02     0.1465098E+02
    -0.8455384E+02     0.1465071E+02
    -0.8456048E+02     0.1464631E+02
    -0.8456537E+02     0.1464990E+02
    -0.8456926E+02     0.1465348E+02
    -0.8457389E+02     0.1465194E+02
    -0.8457918E+02     0.1465041E+02
    -0.8458181E+02     0.1465012E+02
    -0.8459026E+02     0.1465760E+02
    -0.8459853E+02     0.1465451E+02
    -0.8460542E+02     0.1465556E+02
    -0.8461031E+02     0.1465915E+02
    -0.8461522E+02     0.1466114E+02
    -0.8462839E+02     0.1466035E+02
    -0.8463264E+02     0.1466201E+02
    -0.8463388E+02     0.1466779E+02
    -0.8463744E+02     0.1467232E+02
    -0.8464269E+02     0.1467271E+02
    -0.8464865E+02     0.1467023E+02
    -0.8465394E+02     0.1466838E+02
    -0.8465955E+02     0.1466781E+02
    -0.8466510E+02     0.1467044E+02
    -0.8467065E+02     0.1467372E+02
    -0.8467390E+02     0.1467665E+02
    -0.8467648E+02     0.1467988E+02
    -0.8467542E+02     0.1468531E+02
    -0.8468099E+02     0.1468699E+02
    -0.8468879E+02     0.1467075E+02
    -0.8469583E+02     0.1466092E+02
    -0.8469880E+02     0.1466032E+02
    -0.8470503E+02     0.1466168E+02
    -0.8470599E+02     0.1466457E+02
    -0.8470589E+02     0.1467098E+02
    -0.8470876E+02     0.1467774E+02
    -0.8471066E+02     0.1468289E+02
    -0.8471223E+02     0.1468867E+02
    -0.8472272E+02     0.1469105E+02
    -0.8472924E+02     0.1469594E+02
    -0.8473997E+02     0.1470600E+02
    -0.8474680E+02     0.1471154E+02
    -0.8475056E+02     0.1472567E+02
    -0.8474915E+02     0.1473174E+02
    -0.8474579E+02     0.1473746E+02
    -0.8474641E+02     0.1473971E+02
    -0.8474898E+02     0.1474455E+02
    -0.8475661E+02     0.1474048E+02
    -0.8476090E+02     0.1473894E+02
    -0.8476649E+02     0.1474029E+02
    -0.8477132E+02     0.1474708E+02
    -0.8476897E+02     0.1475121E+02
    -0.8476532E+02     0.1475308E+02
    -0.8475645E+02     0.1475137E+02
    -0.8475210E+02     0.1475740E+02
    -0.8475335E+02     0.1476222E+02
    -0.8475461E+02     0.1476640E+02
    -0.8476376E+02     0.1477100E+02
    -0.8477256E+02     0.1477751E+02
    -0.8478235E+02     0.1478372E+02
    -0.8478946E+02     0.1479374E+02
    -0.8479287E+02     0.1480947E+02
    -0.8479845E+02     0.1481083E+02
    -0.8480296E+02     0.1481761E+02
    -0.8481020E+02     0.1481770E+02
    -0.8481968E+02     0.1482326E+02
    -0.8482825E+02     0.1482105E+02
    -0.8482825E+02     0.1482105E+02
    -0.8483105E+02     0.1482123E+02
    -0.8483855E+02     0.1481973E+02
    -0.8485791E+02     0.1480831E+02
    -0.8486005E+02     0.1480704E+02
    -0.8486821E+02     0.1480715E+02
    -0.8488068E+02     0.1481021E+02
    -0.8488737E+02     0.1480818E+02
    -0.8489904E+02     0.1480938E+02
    -0.8490341E+02     0.1480771E+02
    -0.8491225E+02     0.1479724E+02
    -0.8491647E+02     0.1478579E+02
    -0.8492645E+02     0.1477190E+02
    -0.8492786E+02     0.1476795E+02
    -0.8492713E+02     0.1476053E+02
    -0.8492894E+02     0.1475791E+02
    -0.8493986E+02     0.1475434E+02
    -0.8495200E+02     0.1475263E+02
    -0.8496150E+02     0.1475130E+02
    -0.8496792E+02     0.1474549E+02
    -0.8497104E+02     0.1474270E+02
    -0.8497104E+02     0.1474270E+02
    -0.8497720E+02     0.1473719E+02
    -0.8498785E+02     0.1473455E+02
    -0.8499790E+02     0.1472226E+02
    -0.8500000E+02     0.1472102E+02
    -0.8501168E+02     0.1471414E+02
    -0.8501742E+02     0.1470685E+02
    -0.8502814E+02     0.1469801E+02
    -0.8502985E+02     0.1469252E+02
    -0.8502871E+02     0.1468883E+02
    -0.8502425E+02     0.1468695E+02
    -0.8502333E+02     0.1468441E+02
    -0.8503190E+02     0.1466906E+02
    -0.8504330E+02     0.1467016E+02
    -0.8504996E+02     0.1466541E+02
    -0.8505191E+02     0.1465991E+02
    -0.8504940E+02     0.1465231E+02
    -0.8504591E+02     0.1464837E+02
    -0.8503089E+02     0.1464017E+02
    -0.8502787E+02     0.1463646E+02
    -0.8502628E+02     0.1463093E+02
    -0.8502871E+02     0.1462429E+02
    -0.8503990E+02     0.1461454E+02
    -0.8504230E+02     0.1461089E+02
    -0.8504045E+02     0.1460742E+02
    -0.8502655E+02     0.1460589E+02
    -0.8502518E+02     0.1460198E+02
    -0.8503284E+02     0.1459126E+02
    -0.8504508E+02     0.1457233E+02
    -0.8506026E+02     0.1456514E+02
    -0.8506554E+02     0.1455670E+02
    -0.8506886E+02     0.1455421E+02
    -0.8507616E+02     0.1455589E+02
    -0.8508135E+02     0.1455526E+02
    -0.8508968E+02     0.1454915E+02
    -0.8509462E+02     0.1454989E+02
    -0.8510349E+02     0.1455825E+02
    -0.8511394E+02     0.1457421E+02
    -0.8512263E+02     0.1457660E+02
    -0.8512661E+02     0.1458008E+02
    -0.8512777E+02     0.1457992E+02
    -0.8512968E+02     0.1457966E+02
    -0.8513755E+02     0.1457124E+02
    -0.8514889E+02     0.1457021E+02
    -0.8515105E+02     0.1456656E+02
    -0.8514835E+02     0.1456178E+02
    -0.8514835E+02     0.1456178E+02
    -0.8514062E+02     0.1454805E+02
    -0.8514426E+02     0.1453792E+02
    -0.8513937E+02     0.1452755E+02
    -0.8513764E+02     0.1451722E+02
    -0.8513902E+02     0.1451260E+02
    -0.8514518E+02     0.1450622E+02
    -0.8515068E+02     0.1448928E+02
    -0.8515578E+02     0.1448289E+02
    -0.8517236E+02     0.1446942E+02
    -0.8517828E+02     0.1446098E+02
    -0.8518483E+02     0.1443888E+02
    -0.8518765E+02     0.1442938E+02
    -0.8519301E+02     0.1442377E+02
    -0.8519545E+02     0.1441890E+02
    -0.8519768E+02     0.1440913E+02
    -0.8520332E+02     0.1440198E+02
    -0.8520673E+02     0.1438958E+02
    -0.8520712E+02     0.1438899E+02
    -0.8520712E+02     0.1438899E+02
    -0.8521382E+02     0.1437884E+02
    -0.8522285E+02     0.1437249E+02
    -0.8522549E+02     0.1436678E+02
    -0.8522412E+02     0.1436309E+02
    -0.8521968E+02     0.1435937E+02
    -0.8520979E+02     0.1435881E+02
    -0.8520392E+02     0.1435645E+02
    -0.8520184E+02     0.1435252E+02
    -0.8520243E+02     0.1434081E+02
    -0.8520130E+02     0.1433644E+02
    -0.8519874E+02     0.1433296E+02
    -0.8519428E+02     0.1433108E+02
    -0.8519034E+02     0.1432530E+02
    -0.8518324E+02     0.1432844E+02
    -0.8518112E+02     0.1432796E+02
    -0.8517953E+02     0.1432197E+02
    -0.8518033E+02     0.1431348E+02
    -0.8517828E+02     0.1430587E+02
    -0.8517642E+02     0.1430333E+02
    -0.8516420E+02     0.1430090E+02
    -0.8516022E+02     0.1429834E+02
    -0.8515791E+02     0.1429349E+02
    -0.8517468E+02     0.1426724E+02
    -0.8518357E+02     0.1425056E+02
    -0.8518690E+02     0.1424761E+02
    -0.8519208E+02     0.1424812E+02
    -0.8519717E+02     0.1425713E+02
    -0.8521040E+02     0.1425290E+02
    -0.8521040E+02     0.1425290E+02
    -0.8522166E+02     0.1425659E+02
    -0.8522862E+02     0.1425317E+02
    -0.8523244E+02     0.1425322E+02
    -0.8524194E+02     0.1425728E+02
    -0.8524670E+02     0.1425780E+02
    -0.8527844E+02     0.1425745E+02
    -0.8528587E+02     0.1425474E+02
    -0.8529285E+02     0.1424923E+02
    -0.8529668E+02     0.1424881E+02
    -0.8530735E+02     0.1425451E+02
    -0.8531737E+02     0.1425461E+02
    -0.8532457E+02     0.1425097E+02
    -0.8532842E+02     0.1424729E+02
    -0.8533871E+02     0.1424461E+02
    -0.8534008E+02     0.1424102E+02
    -0.8534118E+02     0.1423812E+02
    -0.8534148E+02     0.1423231E+02
    -0.8534920E+02     0.1422541E+02
    -0.8535214E+02     0.1421799E+02
    -0.8535744E+02     0.1421386E+02
    -0.8536436E+02     0.1421347E+02
    -0.8536792E+02     0.1421537E+02
    -0.8537057E+02     0.1422101E+02
    -0.8537057E+02     0.1422101E+02
    -0.8537064E+02     0.1422485E+02
    -0.8537383E+02     0.1422414E+02
    -0.8537961E+02     0.1422287E+02
    -0.8538178E+02     0.1421714E+02
    -0.8537524E+02     0.1421134E+02
    -0.8537479E+02     0.1420880E+02
    -0.8537698E+02     0.1420285E+02
    -0.8537587E+02     0.1419503E+02
    -0.8538111E+02     0.1418865E+02
    -0.8537767E+02     0.1417965E+02
    -0.8537936E+02     0.1417553E+02
    -0.8538505E+02     0.1417145E+02
    -0.8540003E+02     0.1415597E+02
    -0.8539641E+02     0.1414123E+02
    -0.8539693E+02     0.1413618E+02
    -0.8540308E+02     0.1413233E+02
    -0.8540524E+02     0.1412868E+02
    -0.8540527E+02     0.1412477E+02
    -0.8540823E+02     0.1412350E+02
    -0.8541473E+02     0.1412072E+02
    -0.8541785E+02     0.1411547E+02
    -0.8542491E+02     0.1411508E+02
    -0.8542829E+02     0.1410614E+02
    -0.8543652E+02     0.1410737E+02
    -0.8544267E+02     0.1410421E+02
    -0.8545060E+02     0.1411302E+02
    -0.8545602E+02     0.1411215E+02
    -0.8545844E+02     0.1410528E+02
    -0.8546529E+02     0.1410350E+02
    -0.8546743E+02     0.1410077E+02
    -0.8546986E+02     0.1409183E+02
    -0.8547857E+02     0.1409306E+02
    -0.8547863E+02     0.1408593E+02
    -0.8548151E+02     0.1408091E+02
    -0.8549269E+02     0.1409342E+02
    -0.8549495E+02     0.1407804E+02
    -0.8550059E+02     0.1407901E+02
    -0.8550523E+02     0.1408641E+02
    -0.8550904E+02     0.1408162E+02
    -0.8551252E+02     0.1406212E+02
    -0.8551959E+02     0.1406034E+02
    -0.8552302E+02     0.1404636E+02
    -0.8553312E+02     0.1404829E+02
    -0.8554114E+02     0.1404698E+02
    -0.8554543E+02     0.1404774E+02
    -0.8554543E+02     0.1404774E+02
    -0.8555148E+02     0.1404745E+02
    -0.8555642E+02     0.1404821E+02
    -0.8556187E+02     0.1405207E+02
    -0.8556254E+02     0.1405589E+02
    -0.8556000E+02     0.1406174E+02
    -0.8556138E+02     0.1406522E+02
    -0.8557648E+02     0.1406243E+02
    -0.8558233E+02     0.1404570E+02
    -0.8558786E+02     0.1404212E+02
    -0.8559530E+02     0.1404289E+02
    -0.8559727E+02     0.1404135E+02
    -0.8559837E+02     0.1403686E+02
    -0.8560789E+02     0.1402536E+02
    -0.8561324E+02     0.1402264E+02
    -0.8562176E+02     0.1402134E+02
    -0.8563215E+02     0.1401123E+02
    -0.8563618E+02     0.1401193E+02
    -0.8565338E+02     0.1401490E+02
    -0.8566155E+02     0.1401273E+02
    -0.8566370E+02     0.1401067E+02
    -0.8566501E+02     0.1399486E+02
    -0.8566501E+02     0.1399486E+02
    -0.8566756E+02     0.1399019E+02
    -0.8567421E+02     0.1398358E+02
    -0.8568250E+02     0.1397836E+02
    -0.8569937E+02     0.1398632E+02
    -0.8570618E+02     0.1398845E+02
    -0.8571253E+02     0.1398804E+02
    -0.8571963E+02     0.1398419E+02
    -0.8573316E+02     0.1396960E+02
    -0.8574120E+02     0.1396553E+02
    -0.8575391E+02     0.1396495E+02
    -0.8575914E+02     0.1395832E+02
    -0.8575972E+02     0.1394523E+02
    -0.8575787E+02     0.1391304E+02
    -0.8576060E+02     0.1389537E+02
    -0.8576518E+02     0.1388162E+02
    -0.8576426E+02     0.1387931E+02
    -0.8575020E+02     0.1387322E+02
    -0.8574319E+02     0.1386696E+02
    -0.8573970E+02     0.1386210E+02
    -0.8573882E+02     0.1385428E+02
    -0.8574365E+02     0.1383984E+02
    -0.8574863E+02     0.1383506E+02
    -0.8575548E+02     0.1383190E+02
    -0.8575826E+02     0.1383721E+02
    -0.8576315E+02     0.1384207E+02
    -0.8577090E+02     0.1384467E+02
    -0.8577748E+02     0.1384426E+02
    -0.8579117E+02     0.1383932E+02
    -0.8581116E+02     0.1384017E+02
    -0.8581818E+02     0.1384321E+02
    -0.8582235E+02     0.1385175E+02
    -0.8582822E+02     0.1385409E+02
    -0.8583282E+02     0.1386654E+02
    -0.8584450E+02     0.1387720E+02
    -0.8584383E+02     0.1390317E+02
    -0.8585127E+02     0.1391334E+02
    -0.8586369E+02     0.1391941E+02
    -0.8587546E+02     0.1391927E+02
    -0.8588273E+02     0.1392232E+02
    -0.8588791E+02     0.1392213E+02
    -0.8589455E+02     0.1391437E+02
    -0.8589413E+02     0.1390816E+02
    -0.8589605E+02     0.1390358E+02
    -0.8590102E+02     0.1389994E+02
    -0.8590995E+02     0.1390368E+02
    -0.8590995E+02     0.1390368E+02
    -0.8592004E+02     0.1390786E+02
    -0.8592836E+02     0.1392091E+02
    -0.8594759E+02     0.1393878E+02
    -0.8596832E+02     0.1395437E+02
    -0.8601545E+02     0.1398980E+02
    -0.8602168E+02     0.1399973E+02
    -0.8602330E+02     0.1400757E+02
    -0.8602106E+02     0.1402299E+02
    -0.8600948E+02     0.1404430E+02
    -0.8600687E+02     0.1405287E+02
    -0.8600491E+02     0.1405929E+02
    -0.8600650E+02     0.1407084E+02
    -0.8600857E+02     0.1407518E+02
    -0.8601214E+02     0.1407706E+02
    -0.8601784E+02     0.1407649E+02
    -0.8603436E+02     0.1406880E+02
    -0.8604765E+02     0.1406809E+02
    -0.8606389E+02     0.1406925E+02
    -0.8607194E+02     0.1406541E+02
    -0.8609241E+02     0.1406393E+02
    -0.8610278E+02     0.1405928E+02
    -0.8610836E+02     0.1405488E+02
    -0.8612189E+02     0.1404420E+02
    -0.8613903E+02     0.1403857E+02
    -0.8615047E+02     0.1403248E+02
    -0.8615183E+02     0.1402055E+02
    -0.8614682E+02     0.1401516E+02
    -0.8614219E+02     0.1401348E+02
    -0.8613591E+02     0.1400849E+02
    -0.8613573E+02     0.1400396E+02
    -0.8613745E+02     0.1400088E+02
    -0.8614043E+02     0.1399802E+02
    -0.8614889E+02     0.1399480E+02
    -0.8615527E+02     0.1398785E+02
    -0.8615866E+02     0.1398623E+02
    -0.8616986E+02     0.1398322E+02
    -0.8617154E+02     0.1398311E+02
    -0.8618610E+02     0.1398212E+02
    -0.8618845E+02     0.1397946E+02
    -0.8618998E+02     0.1397309E+02
    -0.8618586E+02     0.1396132E+02
    -0.8618591E+02     0.1395514E+02
    -0.8619543E+02     0.1395028E+02
    -0.8620208E+02     0.1393756E+02
    -0.8621858E+02     0.1393048E+02
    -0.8622219E+02     0.1392743E+02
    -0.8622970E+02     0.1391101E+02
    -0.8624221E+02     0.1390184E+02
    -0.8624375E+02     0.1389908E+02
    -0.8625205E+02     0.1388421E+02
    -0.8627578E+02     0.1386895E+02
    -0.8628011E+02     0.1385539E+02
    -0.8628286E+02     0.1385314E+02
    -0.8629787E+02     0.1384811E+02
    -0.8630042E+02     0.1384545E+02
    -0.8630276E+02     0.1384156E+02
    -0.8629845E+02     0.1382691E+02
    -0.8630129E+02     0.1381396E+02
    -0.8630925E+02     0.1380504E+02
    -0.8631299E+02     0.1380086E+02
    -0.8632136E+02     0.1378116E+02
    -0.8632879E+02     0.1377339E+02
    -0.8634616E+02     0.1376178E+02
    -0.8635207E+02     0.1375955E+02
    -0.8636471E+02     0.1376109E+02
    -0.8636806E+02     0.1376296E+02
    -0.8637244E+02     0.1376938E+02
    -0.8637623E+02     0.1376982E+02
    -0.8638704E+02     0.1376063E+02
    -0.8639400E+02     0.1375903E+02
    -0.8640768E+02     0.1376045E+02
    -0.8641948E+02     0.1376168E+02
    -0.8643278E+02     0.1375868E+02
    -0.8643614E+02     0.1375953E+02
    -0.8643865E+02     0.1376222E+02
    -0.8644485E+02     0.1377915E+02
    -0.8644820E+02     0.1378247E+02
    -0.8645114E+02     0.1378290E+02
    -0.8646384E+02     0.1377537E+02
    -0.8647398E+02     0.1377132E+02
    -0.8649086E+02     0.1376834E+02
    -0.8649907E+02     0.1376922E+02
    -0.8651650E+02     0.1377634E+02
    -0.8652258E+02     0.1378111E+02
    -0.8653448E+02     0.1379787E+02
    -0.8653952E+02     0.1379996E+02
    -0.8655132E+02     0.1380066E+02
    -0.8656080E+02     0.1380072E+02
    -0.8656523E+02     0.1379889E+02
    -0.8657034E+02     0.1379192E+02
    -0.8657710E+02     0.1378867E+02
    -0.8660497E+02     0.1378185E+02
    -0.8661108E+02     0.1378106E+02
    -0.8662916E+02     0.1378318E+02
    -0.8663150E+02     0.1378346E+02
    -0.8664165E+02     0.1377858E+02
    -0.8665366E+02     0.1377783E+02
    -0.8666691E+02     0.1378285E+02
    -0.8671534E+02     0.1378705E+02
    -0.8672442E+02     0.1378463E+02
    -0.8674155E+02     0.1377423E+02
    -0.8674850E+02     0.1377345E+02
    -0.8675266E+02     0.1377408E+02
    -0.8675693E+02     0.1377473E+02
    -0.8676284E+02     0.1377312E+02
    -0.8676394E+02     0.1376530E+02
    -0.8676822E+02     0.1375442E+02
    -0.8676825E+02     0.1374989E+02
    -0.8676189E+02     0.1372082E+02
    -0.8676299E+02     0.1371465E+02
    -0.8677048E+02     0.1369389E+02
    -0.8678369E+02     0.1366946E+02
    -0.8678519E+02     0.1366515E+02
    -0.8678516E+02     0.1366326E+02
    -0.8678503E+02     0.1365670E+02
    -0.8678316E+02     0.1365319E+02
    -0.8677938E+02     0.1365070E+02
    -0.8676592E+02     0.1364733E+02
    -0.8675564E+02     0.1364150E+02
    -0.8675271E+02     0.1363922E+02
    -0.8675146E+02     0.1363592E+02
    -0.8676736E+02     0.1358412E+02
    -0.8676827E+02     0.1357300E+02
    -0.8676703E+02     0.1357012E+02
    -0.8675722E+02     0.1356550E+02
    -0.8675107E+02     0.1356261E+02
    -0.8674573E+02     0.1355072E+02
    -0.8673888E+02     0.1350003E+02
    -0.8673735E+02     0.1347832E+02
    -0.8672535E+02     0.1345187E+02
    -0.8672447E+02     0.1344705E+02
    -0.8672212E+02     0.1343412E+02
    -0.8672241E+02     0.1342525E+02
    -0.8672940E+02     0.1341409E+02
    -0.8673997E+02     0.1340271E+02
    -0.8674289E+02     0.1339293E+02
    -0.8673629E+02     0.1338005E+02
    -0.8673130E+02     0.1337675E+02
    -0.8671297E+02     0.1337244E+02
    -0.8671037E+02     0.1336939E+02
    -0.8670639E+02     0.1334672E+02
    -0.8670255E+02     0.1332477E+02
    -0.8670265E+02     0.1330796E+02
    -0.8670461E+02     0.1330004E+02
    -0.8670654E+02     0.1329538E+02
    -0.8672761E+02     0.1328150E+02
    -0.8674054E+02     0.1327107E+02
    -0.8675010E+02     0.1326739E+02
    -0.8675630E+02     0.1326696E+02
    -0.8676177E+02     0.1326863E+02
    -0.8677085E+02     0.1327530E+02
    -0.8679571E+02     0.1329356E+02
    -0.8681923E+02     0.1330630E+02
    -0.8682877E+02     0.1330542E+02
    -0.8684024E+02     0.1330011E+02
    -0.8686005E+02     0.1329625E+02
    -0.8686459E+02     0.1329417E+02
    -0.8687058E+02     0.1328860E+02
    -0.8687689E+02     0.1327485E+02
    -0.8689884E+02     0.1326302E+02
    -0.8690791E+02     0.1325635E+02
    -0.8690871E+02     0.1325422E+02
    -0.8690533E+02     0.1324626E+02
    -0.8690849E+02     0.1323682E+02
    -0.8691107E+02     0.1322187E+02
    -0.8691640E+02     0.1321549E+02
    -0.8691519E+02     0.1320907E+02
    -0.8691627E+02     0.1320396E+02
    -0.8691627E+02     0.1320396E+02
    -0.8691647E+02     0.1320298E+02
    -0.8692905E+02     0.1318228E+02
    -0.8692910E+02     0.1317269E+02
    -0.8692860E+02     0.1317073E+02
    -0.8692860E+02     0.1317073E+02
    -0.8692635E+02     0.1316175E+02
    -0.8691772E+02     0.1314976E+02
    -0.8691727E+02     0.1314562E+02
    -0.8692243E+02     0.1314518E+02
    -0.8692596E+02     0.1314152E+02
    -0.8692341E+02     0.1313369E+02
    -0.8692577E+02     0.1312911E+02
    -0.8693142E+02     0.1312499E+02
    -0.8693331E+02     0.1312109E+02
    -0.8692748E+02     0.1311164E+02
    -0.8692635E+02     0.1310244E+02
    -0.8691795E+02     0.1309229E+02
    -0.8691843E+02     0.1308930E+02
    -0.8692831E+02     0.1307900E+02
    -0.8693727E+02     0.1307226E+02
    -0.8694807E+02     0.1306413E+02
    -0.8695255E+02     0.1305886E+02
    -0.8695609E+02     0.1305106E+02
    -0.8695898E+02     0.1303222E+02
    -0.8696040E+02     0.1303062E+02
    -0.8696555E+02     0.1302995E+02
    -0.8696838E+02     0.1302559E+02
    -0.8697755E+02     0.1302011E+02
    -0.8697874E+02     0.1301759E+02
    -0.8697733E+02     0.1301574E+02
    -0.8698226E+02     0.1301507E+02
    -0.8699069E+02     0.1301809E+02
    -0.8699445E+02     0.1301650E+02
    -0.8700786E+02     0.1300436E+02
    -0.8701232E+02     0.1300254E+02
    -0.8702192E+02     0.1300603E+02
    -0.8702400E+02     0.1300458E+02
    -0.8702400E+02     0.1300458E+02
    -0.8702773E+02     0.1298878E+02
    -0.8703116E+02     0.1298697E+02
    -0.8704861E+02     0.1298491E+02
    -0.8705389E+02     0.1298616E+02
    -0.8705534E+02     0.1298777E+02
    -0.8706349E+02     0.1299689E+02
    -0.8708527E+02     0.1299852E+02
    -0.8712327E+02     0.1299808E+02
    -0.8717980E+02     0.1299346E+02
    -0.8731461E+02     0.1298241E+02
    -0.8731461E+02     0.1298241E+02
    -0.8731743E+02     0.1298377E+02
    -0.8731930E+02     0.1298860E+02
    -0.8731693E+02     0.1299434E+02
    -0.8730659E+02     0.1300719E+02
    -0.8729343E+02     0.1301635E+02
    -0.8728780E+02     0.1301771E+02
    -0.8727385E+02     0.1301566E+02
    -0.8727186E+02     0.1301537E+02
    -0.8726358E+02     0.1301663E+02
    -0.8725605E+02     0.1302065E+02
    -0.8725755E+02     0.1302287E+02
    -0.8725701E+02     0.1302451E+02
    -0.8726056E+02     0.1302104E+02
    -0.8726582E+02     0.1302143E+02
    -0.8726882E+02     0.1302218E+02
    -0.8727293E+02     0.1302661E+02
    -0.8727104E+02     0.1303066E+02
    -0.8726727E+02     0.1303396E+02
    -0.8725222E+02     0.1303981E+02
    -0.8725371E+02     0.1304164E+02
    -0.8725785E+02     0.1303944E+02
    -0.8726800E+02     0.1303912E+02
    -0.8727533E+02     0.1303515E+02
    -0.8727981E+02     0.1302597E+02
    -0.8730022E+02     0.1302028E+02
    -0.8730867E+02     0.1301961E+02
    -0.8732459E+02     0.1302793E+02
    -0.8733934E+02     0.1303946E+02
    -0.8735651E+02     0.1305905E+02
    -0.8736016E+02     0.1306320E+02
    -0.8736600E+02     0.1307494E+02
    -0.8736599E+02     0.1307908E+02
    -0.8735308E+02     0.1308157E+02
    -0.8734792E+02     0.1308501E+02
    -0.8733829E+02     0.1308567E+02
    -0.8733548E+02     0.1308452E+02
    -0.8733055E+02     0.1308703E+02
    -0.8731110E+02     0.1308284E+02
    -0.8729773E+02     0.1308142E+02
    -0.8729116E+02     0.1308210E+02
    -0.8728082E+02     0.1308988E+02
    -0.8727657E+02     0.1310275E+02
    -0.8727665E+02     0.1310410E+02
    -0.8727696E+02     0.1310893E+02
    -0.8728030E+02     0.1310850E+02
    -0.8729231E+02     0.1308899E+02
    -0.8729419E+02     0.1308808E+02
    -0.8732303E+02     0.1309391E+02
    -0.8732865E+02     0.1309783E+02
    -0.8731806E+02     0.1311229E+02
    -0.8732228E+02     0.1311253E+02
    -0.8733215E+02     0.1310451E+02
    -0.8733522E+02     0.1309785E+02
    -0.8734109E+02     0.1309488E+02
    -0.8734531E+02     0.1309604E+02
    -0.8735069E+02     0.1310042E+02
    -0.8735420E+02     0.1310572E+02
    -0.8735748E+02     0.1310664E+02
    -0.8736171E+02     0.1310505E+02
    -0.8738469E+02     0.1310878E+02
    -0.8738914E+02     0.1311109E+02
    -0.8739384E+02     0.1310697E+02
    -0.8739642E+02     0.1310766E+02
    -0.8739877E+02     0.1310652E+02
    -0.8741002E+02     0.1311137E+02
    -0.8742034E+02     0.1310818E+02
    -0.8743069E+02     0.1309625E+02
    -0.8743233E+02     0.1309901E+02
    -0.8743137E+02     0.1310775E+02
    -0.8742687E+02     0.1312843E+02
    -0.8743089E+02     0.1314281E+02
    -0.8743089E+02     0.1314281E+02
    -0.8743454E+02     0.1316500E+02
    -0.8743642E+02     0.1316638E+02
    -0.8743640E+02     0.1317259E+02
    -0.8744154E+02     0.1318777E+02
    -0.8744527E+02     0.1319468E+02
    -0.8745840E+02     0.1320824E+02
    -0.8745909E+02     0.1320896E+02
    -0.8746283E+02     0.1321725E+02
    -0.8745696E+02     0.1322068E+02
    -0.8745205E+02     0.1321239E+02
    -0.8744945E+02     0.1322342E+02
    -0.8743842E+02     0.1321995E+02
    -0.8743558E+02     0.1322272E+02
    -0.8744053E+02     0.1322363E+02
    -0.8744404E+02     0.1322686E+02
    -0.8744827E+02     0.1322710E+02
    -0.8745037E+02     0.1322871E+02
    -0.8745176E+02     0.1323860E+02
    -0.8745412E+02     0.1323631E+02
    -0.8745602E+02     0.1322459E+02
    -0.8745883E+02     0.1322436E+02
    -0.8745929E+02     0.1323011E+02
    -0.8746258E+02     0.1322966E+02
    -0.8747194E+02     0.1324370E+02
    -0.8748271E+02     0.1325407E+02
    -0.8748200E+02     0.1325890E+02
    -0.8748318E+02     0.1325959E+02
    -0.8749266E+02     0.1325735E+02
    -0.8750194E+02     0.1326492E+02
    -0.8750734E+02     0.1326539E+02
    -0.8751298E+02     0.1325961E+02
    -0.8751675E+02     0.1325575E+02
    -0.8751697E+02     0.1326104E+02
    -0.8751460E+02     0.1327046E+02
    -0.8750589E+02     0.1328929E+02
    -0.8750072E+02     0.1329480E+02
    -0.8749555E+02     0.1329364E+02
    -0.8748898E+02     0.1329868E+02
    -0.8748405E+02     0.1329683E+02
    -0.8746813E+02     0.1327082E+02
    -0.8746391E+02     0.1326920E+02
    -0.8745921E+02     0.1327080E+02
    -0.8745357E+02     0.1327814E+02
    -0.8745073E+02     0.1328779E+02
    -0.8745042E+02     0.1328820E+02
    -0.8744673E+02     0.1329307E+02
    -0.8744554E+02     0.1329882E+02
    -0.8744036E+02     0.1330754E+02
    -0.8743614E+02     0.1330385E+02
    -0.8743145E+02     0.1330223E+02
    -0.8742934E+02     0.1330361E+02
    -0.8742368E+02     0.1331371E+02
    -0.8741709E+02     0.1331279E+02
    -0.8741642E+02     0.1331568E+02
    -0.8741740E+02     0.1331890E+02
    -0.8742232E+02     0.1332085E+02
    -0.8743284E+02     0.1331960E+02
    -0.8744176E+02     0.1331674E+02
    -0.8744904E+02     0.1330871E+02
    -0.8746012E+02     0.1328552E+02
    -0.8746184E+02     0.1327973E+02
    -0.8746320E+02     0.1327518E+02
    -0.8746741E+02     0.1327634E+02
    -0.8747301E+02     0.1330141E+02
    -0.8747253E+02     0.1330784E+02
    -0.8746710E+02     0.1332024E+02
    -0.8746732E+02     0.1332714E+02
    -0.8746567E+02     0.1333173E+02
    -0.8746332E+02     0.1333426E+02
    -0.8745159E+02     0.1332825E+02
    -0.8744619E+02     0.1333100E+02
    -0.8743314E+02     0.1332797E+02
    -0.8742524E+02     0.1333019E+02
    -0.8742196E+02     0.1332857E+02
    -0.8741605E+02     0.1332952E+02
    -0.8740969E+02     0.1332629E+02
    -0.8740456E+02     0.1332369E+02
    -0.8740389E+02     0.1332658E+02
    -0.8740683E+02     0.1333174E+02
    -0.8741142E+02     0.1333433E+02
    -0.8742358E+02     0.1333566E+02
    -0.8742983E+02     0.1333375E+02
    -0.8744125E+02     0.1333720E+02
    -0.8744594E+02     0.1333721E+02
    -0.8744876E+02     0.1333560E+02
    -0.8745158E+02     0.1333653E+02
    -0.8745345E+02     0.1334067E+02
    -0.8745085E+02     0.1334710E+02
    -0.8744944E+02     0.1334917E+02
    -0.8743348E+02     0.1334568E+02
    -0.8742620E+02     0.1334590E+02
    -0.8741962E+02     0.1334795E+02
    -0.8741185E+02     0.1336057E+02
    -0.8740856E+02     0.1336149E+02
    -0.8740450E+02     0.1336111E+02
    -0.8739307E+02     0.1336007E+02
    -0.8738766E+02     0.1336281E+02
    -0.8738271E+02     0.1337108E+02
    -0.8738083E+02     0.1338441E+02
    -0.8737798E+02     0.1338509E+02
    -0.8737350E+02     0.1339358E+02
    -0.8737609E+02     0.1339428E+02
    -0.8737938E+02     0.1339222E+02
    -0.8738337E+02     0.1339292E+02
    -0.8738923E+02     0.1339937E+02
    -0.8739416E+02     0.1339961E+02
    -0.8739933E+02     0.1339709E+02
    -0.8740002E+02     0.1340537E+02
    -0.8740447E+02     0.1340952E+02
    -0.8741104E+02     0.1341183E+02
    -0.8742091E+02     0.1341140E+02
    -0.8742326E+02     0.1340887E+02
    -0.8742186E+02     0.1340427E+02
    -0.8742281E+02     0.1340037E+02
    -0.8742339E+02     0.1339937E+02
    -0.8742540E+02     0.1339601E+02
    -0.8742892E+02     0.1339326E+02
    -0.8743151E+02     0.1339326E+02
    -0.8743713E+02     0.1340017E+02
    -0.8744299E+02     0.1340294E+02
    -0.8744581E+02     0.1340709E+02
    -0.8744579E+02     0.1341214E+02
    -0.8744296E+02     0.1341880E+02
    -0.8744366E+02     0.1342110E+02
    -0.8744578E+02     0.1342088E+02
    -0.8745120E+02     0.1340963E+02
    -0.8745777E+02     0.1341079E+02
    -0.8746224E+02     0.1340988E+02
    -0.8746625E+02     0.1340093E+02
    -0.8746765E+02     0.1340369E+02
    -0.8746741E+02     0.1340943E+02
    -0.8747092E+02     0.1341243E+02
    -0.8747424E+02     0.1339842E+02
    -0.8747307E+02     0.1339611E+02
    -0.8747660E+02     0.1339060E+02
    -0.8748013E+02     0.1339015E+02
    -0.8748058E+02     0.1339613E+02
    -0.8748339E+02     0.1339843E+02
    -0.8748552E+02     0.1339292E+02
    -0.8748553E+02     0.1338764E+02
    -0.8747736E+02     0.1336003E+02
    -0.8748019E+02     0.1335061E+02
    -0.8748277E+02     0.1335016E+02
    -0.8748724E+02     0.1335224E+02
    -0.8750036E+02     0.1336767E+02
    -0.8750810E+02     0.1336975E+02
    -0.8750631E+02     0.1337422E+02
    -0.8750598E+02     0.1337504E+02
    -0.8750855E+02     0.1337780E+02
    -0.8751138E+02     0.1337689E+02
    -0.8751302E+02     0.1337390E+02
    -0.8751209E+02     0.1336907E+02
    -0.8751139E+02     0.1336562E+02
    -0.8750553E+02     0.1335986E+02
    -0.8750767E+02     0.1334998E+02
    -0.8750954E+02     0.1334838E+02
    -0.8751142E+02     0.1335091E+02
    -0.8751800E+02     0.1335000E+02
    -0.8752083E+02     0.1334058E+02
    -0.8752341E+02     0.1333829E+02
    -0.8752999E+02     0.1333807E+02
    -0.8753422E+02     0.1333555E+02
    -0.8754195E+02     0.1334224E+02
    -0.8755462E+02     0.1334962E+02
    -0.8755860E+02     0.1335491E+02
    -0.8755390E+02     0.1335973E+02
    -0.8755759E+02     0.1336166E+02
    -0.8756936E+02     0.1336338E+02
    -0.8757105E+02     0.1336363E+02
    -0.8757237E+02     0.1336299E+02
    -0.8756976E+02     0.1335815E+02
    -0.8757075E+02     0.1335687E+02
    -0.8757928E+02     0.1335818E+02
    -0.8759245E+02     0.1335404E+02
    -0.8759443E+02     0.1335050E+02
    -0.8759411E+02     0.1334728E+02
    -0.8758656E+02     0.1334469E+02
    -0.8757812E+02     0.1333633E+02
    -0.8757833E+02     0.1333553E+02
    -0.8757954E+02     0.1333104E+02
    -0.8757603E+02     0.1331931E+02
    -0.8757674E+02     0.1331495E+02
    -0.8758003E+02     0.1331173E+02
    -0.8758145E+02     0.1330300E+02
    -0.8758381E+02     0.1330025E+02
    -0.8758662E+02     0.1330025E+02
    -0.8759037E+02     0.1330416E+02
    -0.8759648E+02     0.1330257E+02
    -0.8759976E+02     0.1330487E+02
    -0.8760399E+02     0.1330235E+02
    -0.8760892E+02     0.1330190E+02
    -0.8761079E+02     0.1330397E+02
    -0.8761902E+02     0.1330146E+02
    -0.8763544E+02     0.1330815E+02
    -0.8764342E+02     0.1330908E+02
    -0.8764811E+02     0.1331231E+02
    -0.8765186E+02     0.1331783E+02
    -0.8766148E+02     0.1332681E+02
    -0.8766405E+02     0.1333072E+02
    -0.8766357E+02     0.1333601E+02
    -0.8765935E+02     0.1334244E+02
    -0.8765698E+02     0.1335692E+02
    -0.8765205E+02     0.1335599E+02
    -0.8765205E+02     0.1335599E+02
    -0.8764241E+02     0.1336885E+02
    -0.8763701E+02     0.1336838E+02
    -0.8763336E+02     0.1336294E+02
    -0.8763068E+02     0.1335894E+02
    -0.8762317E+02     0.1335801E+02
    -0.8761448E+02     0.1336053E+02
    -0.8760837E+02     0.1336511E+02
    -0.8760296E+02     0.1337338E+02
    -0.8759277E+02     0.1337086E+02
    -0.8758364E+02     0.1337084E+02
    -0.8757156E+02     0.1336665E+02
    -0.8756921E+02     0.1336809E+02
    -0.8756899E+02     0.1337162E+02
    -0.8757153E+02     0.1337309E+02
    -0.8757939E+02     0.1337269E+02
    -0.8758235E+02     0.1337478E+02
    -0.8758808E+02     0.1337583E+02
    -0.8758850E+02     0.1337833E+02
    -0.8758444E+02     0.1338559E+02
    -0.8758271E+02     0.1339784E+02
    -0.8758311E+02     0.1340304E+02
    -0.8758482E+02     0.1340263E+02
    -0.8758804E+02     0.1339142E+02
    -0.8759315E+02     0.1338312E+02
    -0.8759825E+02     0.1338085E+02
    -0.8761447E+02     0.1336788E+02
    -0.8761681E+02     0.1336743E+02
    -0.8761869E+02     0.1337226E+02
    -0.8761610E+02     0.1338007E+02
    -0.8761234E+02     0.1338305E+02
    -0.8761021E+02     0.1338695E+02
    -0.8760364E+02     0.1338878E+02
    -0.8760199E+02     0.1339223E+02
    -0.8761253E+02     0.1341270E+02
    -0.8761863E+02     0.1341570E+02
    -0.8762051E+02     0.1342053E+02
    -0.8761932E+02     0.1342444E+02
    -0.8762448E+02     0.1343203E+02
    -0.8762472E+02     0.1343502E+02
    -0.8762095E+02     0.1343984E+02
    -0.8761366E+02     0.1344535E+02
    -0.8760990E+02     0.1344557E+02
    -0.8760638E+02     0.1344970E+02
    -0.8759792E+02     0.1345451E+02
    -0.8760237E+02     0.1345659E+02
    -0.8761412E+02     0.1345569E+02
    -0.8762186E+02     0.1345961E+02
    -0.8763267E+02     0.1345917E+02
    -0.8763642E+02     0.1346239E+02
    -0.8763948E+02     0.1346102E+02
    -0.8764043E+02     0.1345504E+02
    -0.8764230E+02     0.1345459E+02
    -0.8764606E+02     0.1345873E+02
    -0.8764935E+02     0.1345942E+02
    -0.8765123E+02     0.1345736E+02
    -0.8764983E+02     0.1345322E+02
    -0.8765241E+02     0.1344633E+02
    -0.8767968E+02     0.1342591E+02
    -0.8767616E+02     0.1342430E+02
    -0.8766243E+02     0.1342853E+02
    -0.8765807E+02     0.1342818E+02
    -0.8765737E+02     0.1342542E+02
    -0.8765878E+02     0.1342266E+02
    -0.8765175E+02     0.1341254E+02
    -0.8765269E+02     0.1340702E+02
    -0.8765740E+02     0.1339737E+02
    -0.8765998E+02     0.1340427E+02
    -0.8767077E+02     0.1341187E+02
    -0.8767477E+02     0.1340935E+02
    -0.8767641E+02     0.1340384E+02
    -0.8768534E+02     0.1340178E+02
    -0.8769381E+02     0.1339145E+02
    -0.8769357E+02     0.1338754E+02
    -0.8769099E+02     0.1338386E+02
    -0.8768794E+02     0.1338500E+02
    -0.8767690E+02     0.1339740E+02
    -0.8767196E+02     0.1339740E+02
    -0.8767062E+02     0.1339616E+02
    -0.8766117E+02     0.1338750E+02
    -0.8766188E+02     0.1338566E+02
    -0.8766916E+02     0.1338544E+02
    -0.8767597E+02     0.1337855E+02
    -0.8768232E+02     0.1337603E+02
    -0.8767763E+02     0.1336982E+02
    -0.8767834E+02     0.1336752E+02
    -0.8768280E+02     0.1336270E+02
    -0.8769525E+02     0.1336019E+02
    -0.8770089E+02     0.1335652E+02
    -0.8770394E+02     0.1335629E+02
    -0.8770863E+02     0.1335837E+02
    -0.8771051E+02     0.1335584E+02
    -0.8771545E+02     0.1335493E+02
    -0.8771780E+02     0.1334827E+02
    -0.8772742E+02     0.1335035E+02
    -0.8773400E+02     0.1334783E+02
    -0.8774198E+02     0.1334761E+02
    -0.8774433E+02     0.1334876E+02
    -0.8774467E+02     0.1335130E+02
    -0.8774526E+02     0.1335566E+02
    -0.8775372E+02     0.1335291E+02
    -0.8775747E+02     0.1335636E+02
    -0.8776052E+02     0.1336464E+02
    -0.8776404E+02     0.1336809E+02
    -0.8776943E+02     0.1337063E+02
    -0.8778188E+02     0.1337133E+02
    -0.8777859E+02     0.1337523E+02
    -0.8777436E+02     0.1337638E+02
    -0.8777201E+02     0.1337913E+02
    -0.8776402E+02     0.1338188E+02
    -0.8776919E+02     0.1338833E+02
    -0.8777154E+02     0.1338856E+02
    -0.8778446E+02     0.1337662E+02
    -0.8779244E+02     0.1337341E+02
    -0.8779643E+02     0.1337433E+02
    -0.8779925E+02     0.1337824E+02
    -0.8779878E+02     0.1338146E+02
    -0.8779060E+02     0.1338916E+02
    -0.8779060E+02     0.1338916E+02
    -0.8780136E+02     0.1338813E+02
    -0.8780910E+02     0.1339021E+02
    -0.8781824E+02     0.1340119E+02
    -0.8781824E+02     0.1340119E+02
    -0.8781343E+02     0.1340404E+02
    -0.8780660E+02     0.1340403E+02
    -0.8780053E+02     0.1340327E+02
    -0.8779521E+02     0.1340400E+02
    -0.8779218E+02     0.1340697E+02
    -0.8778989E+02     0.1341216E+02
    -0.8778683E+02     0.1341661E+02
    -0.8777393E+02     0.1341733E+02
    -0.8777164E+02     0.1342252E+02
    -0.8776708E+02     0.1342474E+02
    -0.8776252E+02     0.1342919E+02
    -0.8775694E+02     0.1343291E+02
    -0.8775694E+02     0.1343291E+02
    -0.8775413E+02     0.1343037E+02
    -0.8775037E+02     0.1343014E+02
    -0.8774049E+02     0.1343840E+02
    -0.8772570E+02     0.1343793E+02
    -0.8772359E+02     0.1344045E+02
    -0.8772311E+02     0.1344804E+02
    -0.8771816E+02     0.1346044E+02
    -0.8772238E+02     0.1347194E+02
    -0.8772452E+02     0.1348244E+02
    -0.8772495E+02     0.1348459E+02
    -0.8772166E+02     0.1349332E+02
    -0.8772260E+02     0.1349860E+02
    -0.8773598E+02     0.1350460E+02
    -0.8774091E+02     0.1350529E+02
    -0.8774609E+02     0.1350162E+02
    -0.8774890E+02     0.1350185E+02
    -0.8775124E+02     0.1350875E+02
    -0.8775359E+02     0.1350922E+02
    -0.8776253E+02     0.1350141E+02
    -0.8776582E+02     0.1350027E+02
    -0.8777638E+02     0.1350441E+02
    -0.8778179E+02     0.1350350E+02
    -0.8778342E+02     0.1351109E+02
    -0.8779094E+02     0.1351546E+02
    -0.8779141E+02     0.1351868E+02
    -0.8778694E+02     0.1352281E+02
    -0.8778506E+02     0.1352672E+02
    -0.8778928E+02     0.1353592E+02
    -0.8778670E+02     0.1354488E+02
    -0.8778786E+02     0.1355178E+02
    -0.8778574E+02     0.1355637E+02
    -0.8778081E+02     0.1356073E+02
    -0.8778621E+02     0.1356373E+02
    -0.8778645E+02     0.1356603E+02
    -0.8777681E+02     0.1356946E+02
    -0.8777469E+02     0.1357911E+02
    -0.8776363E+02     0.1359450E+02
    -0.8775681E+02     0.1360047E+02
    -0.8775727E+02     0.1361978E+02
    -0.8775655E+02     0.1362851E+02
    -0.8775439E+02     0.1363401E+02
    -0.8775388E+02     0.1363808E+02
    -0.8775174E+02     0.1365521E+02
    -0.8775477E+02     0.1367717E+02
    -0.8775343E+02     0.1368578E+02
    -0.8774944E+02     0.1369309E+02
    -0.8773311E+02     0.1370898E+02
    -0.8772690E+02     0.1372490E+02
    -0.8772777E+02     0.1373093E+02
    -0.8773392E+02     0.1373568E+02
    -0.8773434E+02     0.1374214E+02
    -0.8773013E+02     0.1375145E+02
    -0.8772840E+02     0.1375304E+02
    -0.8772840E+02     0.1375304E+02
    -0.8772165E+02     0.1375924E+02
    -0.8771105E+02     0.1377600E+02
    -0.8770892E+02     0.1380105E+02
    -0.8771032E+02     0.1380979E+02
    -0.8771972E+02     0.1381554E+02
    -0.8772889E+02     0.1381670E+02
    -0.8773500E+02     0.1382269E+02
    -0.8774135E+02     0.1382637E+02
    -0.8774207E+02     0.1382738E+02
    -0.8774207E+02     0.1382738E+02
    -0.8774518E+02     0.1383167E+02
    -0.8774729E+02     0.1385152E+02
    -0.8775036E+02     0.1385755E+02
    -0.8775652E+02     0.1386230E+02
    -0.8777494E+02     0.1386979E+02
    -0.8777544E+02     0.1387018E+02
    -0.8777544E+02     0.1387018E+02
    -0.8779987E+02     0.1388917E+02
    -0.8781987E+02     0.1388345E+02
    -0.8782952E+02     0.1388392E+02
    -0.8784998E+02     0.1389083E+02
    -0.8786151E+02     0.1389015E+02
    -0.8786739E+02     0.1389314E+02
    -0.8787374E+02     0.1389292E+02
    -0.8788315E+02     0.1389936E+02
    -0.8789139E+02     0.1389592E+02
    -0.8789751E+02     0.1389592E+02
    -0.8790739E+02     0.1389891E+02
    -0.8791186E+02     0.1389823E+02
    -0.8792950E+02     0.1388652E+02
    -0.8794338E+02     0.1389319E+02
    -0.8794714E+02     0.1389319E+02
    -0.8795090E+02     0.1389067E+02
    -0.8795694E+02     0.1389532E+02
    -0.8795694E+02     0.1389532E+02
    -0.8795864E+02     0.1389663E+02
    -0.8798080E+02     0.1388509E+02
    -0.8799889E+02     0.1387349E+02
    -0.8801080E+02     0.1386834E+02
    -0.8801562E+02     0.1388643E+02
    -0.8803013E+02     0.1390668E+02
    -0.8803013E+02     0.1390668E+02
    -0.8804875E+02     0.1393141E+02
    -0.8805601E+02     0.1394414E+02
    -0.8806425E+02     0.1395134E+02
    -0.8807848E+02     0.1394820E+02
    -0.8809270E+02     0.1394529E+02
    -0.8810693E+02     0.1394377E+02
    -0.8812826E+02     0.1394113E+02
    -0.8814058E+02     0.1393983E+02
    -0.8815053E+02     0.1393989E+02
    -0.8816379E+02     0.1394043E+02
    -0.8817562E+02     0.1394073E+02
    -0.8818699E+02     0.1394172E+02
    -0.8819955E+02     0.1393972E+02
    -0.8820667E+02     0.1393700E+02
    -0.8821428E+02     0.1393174E+02
    -0.8822071E+02     0.1392555E+02
    -0.8823404E+02     0.1391526E+02
    -0.8824570E+02     0.1390611E+02
    -0.8825498E+02     0.1389740E+02
    -0.8826377E+02     0.1389353E+02
    -0.8827848E+02     0.1388854E+02
    -0.8829474E+02     0.1388490E+02
    -0.8831711E+02     0.1387820E+02
    -0.8832641E+02     0.1387453E+02
    -0.8832641E+02     0.1387453E+02
    -0.8835326E+02     0.1386536E+02
    -0.8837687E+02     0.1388239E+02
    -0.8841905E+02     0.1387909E+02
    -0.8842825E+02     0.1387598E+02
    -0.8843912E+02     0.1386169E+02
    -0.8844044E+02     0.1386149E+02
    -0.8844511E+02     0.1386077E+02
    -0.8846349E+02     0.1386223E+02
    -0.8846349E+02     0.1385601E+02
    -0.8846517E+02     0.1385106E+02
    -0.8846648E+02     0.1385033E+02
    -0.8847530E+02     0.1385344E+02
    -0.8847530E+02     0.1385344E+02
    -0.8848253E+02     0.1385732E+02
    -0.8848855E+02     0.1385760E+02
    -0.8849480E+02     0.1385812E+02
    -0.8849666E+02     0.1386489E+02
    -0.8849455E+02     0.1387247E+02
    -0.8849597E+02     0.1387776E+02
    -0.8851227E+02     0.1390990E+02
    -0.8851181E+02     0.1391312E+02
    -0.8850876E+02     0.1391749E+02
    -0.8851183E+02     0.1392438E+02
    -0.8850763E+02     0.1394024E+02
    -0.8850763E+02     0.1394024E+02
    -0.8850462E+02     0.1394347E+02
    -0.8850034E+02     0.1395153E+02
    -0.8849764E+02     0.1395660E+02
    -0.8849787E+02     0.1396096E+02
    -0.8850768E+02     0.1397097E+02
    -0.8852731E+02     0.1398185E+02
    -0.8853757E+02     0.1398315E+02
    -0.8856500E+02     0.1397878E+02
    -0.8856947E+02     0.1398095E+02
    -0.8857839E+02     0.1399553E+02
    -0.8858554E+02     0.1400337E+02
    -0.8858911E+02     0.1400663E+02
    -0.8859518E+02     0.1400766E+02
    -0.8859695E+02     0.1400658E+02
    -0.8859695E+02     0.1400658E+02
    -0.8860236E+02     0.1400328E+02
    -0.8860754E+02     0.1400350E+02
    -0.8862853E+02     0.1401908E+02
    -0.8863630E+02     0.1401884E+02
    -0.8863982E+02     0.1401447E+02
    -0.8864970E+02     0.1401583E+02
    -0.8865347E+02     0.1401237E+02
    -0.8866194E+02     0.1401557E+02
    -0.8867158E+02     0.1400889E+02
    -0.8867464E+02     0.1400819E+02
    -0.8868029E+02     0.1401071E+02
    -0.8868029E+02     0.1401071E+02
    -0.8868065E+02     0.1401206E+02
    -0.8868771E+02     0.1401568E+02
    -0.8871048E+02     0.1403721E+02
    -0.8871651E+02     0.1404396E+02
    -0.8872903E+02     0.1406397E+02
    -0.8872903E+02     0.1406397E+02
    -0.8873347E+02     0.1406956E+02
    -0.8873708E+02     0.1407366E+02
    -0.8873958E+02     0.1407567E+02
    -0.8874322E+02     0.1407882E+02
    -0.8874770E+02     0.1408206E+02
    -0.8875172E+02     0.1408392E+02
    -0.8875375E+02     0.1408428E+02
    -0.8875590E+02     0.1408436E+02
    -0.8875993E+02     0.1408411E+02
    -0.8876452E+02     0.1408351E+02
    -0.8877425E+02     0.1408170E+02
    -0.8878373E+02     0.1407990E+02
    -0.8879653E+02     0.1407833E+02
    -0.8880340E+02     0.1407790E+02
    -0.8880877E+02     0.1407800E+02
    -0.8881187E+02     0.1407867E+02
    -0.8881667E+02     0.1408101E+02
    -0.8881994E+02     0.1408360E+02
    -0.8882562E+02     0.1409432E+02
    -0.8883002E+02     0.1410646E+02
    -0.8883002E+02     0.1410646E+02
    -0.8883888E+02     0.1412522E+02
    -0.8884035E+02     0.1412757E+02
    -0.8885253E+02     0.1414718E+02
    -0.8886464E+02     0.1417830E+02
    -0.8887022E+02     0.1418221E+02
    -0.8888384E+02     0.1418567E+02
    -0.8889836E+02     0.1419217E+02
    -0.8890843E+02     0.1420369E+02
    -0.8892782E+02     0.1420231E+02
    -0.8892952E+02     0.1420234E+02
    -0.8892952E+02     0.1420234E+02
    -0.8895614E+02     0.1420277E+02
    -0.8896700E+02     0.1421009E+02
    -0.8897595E+02     0.1421190E+02
    -0.8897856E+02     0.1421671E+02
    -0.8897458E+02     0.1422109E+02
    -0.8897435E+02     0.1422431E+02
    -0.8899023E+02     0.1424976E+02
    -0.8901164E+02     0.1426362E+02
    -0.8902731E+02     0.1427376E+02
    -0.8902992E+02     0.1427927E+02
    -0.8902361E+02     0.1428940E+02
    -0.8902627E+02     0.1430799E+02
    -0.8903078E+02     0.1431786E+02
    -0.8904330E+02     0.1432632E+02
    -0.8905250E+02     0.1432697E+02
    -0.8908201E+02     0.1434043E+02
    -0.8908530E+02     0.1434416E+02
    -0.8908530E+02     0.1434416E+02
    -0.8908762E+02     0.1434587E+02
    -0.8909034E+02     0.1434627E+02
    -0.8909248E+02     0.1434623E+02
    -0.8910673E+02     0.1434212E+02
    -0.8911646E+02     0.1433984E+02
    -0.8912334E+02     0.1433824E+02
    -0.8913615E+02     0.1433689E+02
    -0.8915108E+02     0.1433716E+02
    -0.8915424E+02     0.1433722E+02
    -0.8915913E+02     0.1433813E+02
    -0.8916757E+02     0.1434009E+02
    -0.8917621E+02     0.1434345E+02
    -0.8918909E+02     0.1435361E+02
    -0.8918909E+02     0.1435361E+02
    -0.8920688E+02     0.1436912E+02
    -0.8921754E+02     0.1437486E+02
    -0.8922406E+02     0.1437714E+02
    -0.8925897E+02     0.1437934E+02
    -0.8925897E+02     0.1437934E+02
    -0.8928076E+02     0.1438421E+02
    -0.8929831E+02     0.1438931E+02
    -0.8931702E+02     0.1439765E+02
    -0.8933125E+02     0.1440551E+02
    -0.8934995E+02     0.1442176E+02
    -0.8934995E+02     0.1442176E+02
    -0.8934921E+02     0.1442546E+02
    -0.8934997E+02     0.1444080E+02
    -0.8935079E+02     0.1445746E+02
    -0.8935008E+02     0.1446495E+02
    -0.8934831E+02     0.1446813E+02
    -0.8934331E+02     0.1447391E+02
    -0.8933946E+02     0.1447580E+02
    -0.8930946E+02     0.1448527E+02
    -0.8930167E+02     0.1450259E+02
    -0.8928912E+02     0.1451099E+02
    -0.8928075E+02     0.1452817E+02
    -0.8927860E+02     0.1453066E+02
    -0.8927279E+02     0.1453742E+02
    -0.8925537E+02     0.1455189E+02
    -0.8925198E+02     0.1455694E+02
    -0.8924905E+02     0.1456805E+02
    -0.8923872E+02     0.1457745E+02
    -0.8922734E+02     0.1458281E+02
    -0.8921758E+02     0.1458371E+02
    -0.8917773E+02     0.1457085E+02
    -0.8917653E+02     0.1457069E+02
    -0.8916854E+02     0.1456958E+02
    -0.8915538E+02     0.1457221E+02
    -0.8914629E+02     0.1460250E+02
    -0.8914769E+02     0.1462743E+02
    -0.8915189E+02     0.1464788E+02
    -0.8915297E+02     0.1466287E+02
    -0.8914789E+02     0.1467483E+02
    -0.8914703E+02     0.1467683E+02
    -0.8913396E+02     0.1469972E+02
    -0.8913319E+02     0.1470553E+02
    -0.8913479E+02     0.1470940E+02
    -0.8913838E+02     0.1471248E+02
    -0.8916149E+02     0.1472288E+02
    -0.8916588E+02     0.1472712E+02
    -0.8916868E+02     0.1473293E+02
    -0.8916679E+02     0.1476817E+02
    -0.8916840E+02     0.1477320E+02
    -0.8917159E+02     0.1477784E+02
    -0.8919514E+02     0.1479907E+02
    -0.8920393E+02     0.1480873E+02
    -0.8922192E+02     0.1483345E+02
    -0.8922393E+02     0.1483964E+02
    -0.8922522E+02     0.1487255E+02
    -0.8922445E+02     0.1487991E+02
    -0.8922247E+02     0.1488379E+02
    -0.8922204E+02     0.1488418E+02
    -0.8921770E+02     0.1488806E+02
    -0.8918828E+02     0.1490325E+02
    -0.8918312E+02     0.1490907E+02
    -0.8917956E+02     0.1491644E+02
    -0.8917378E+02     0.1493712E+02
    -0.8916587E+02     0.1494764E+02
    -0.8915833E+02     0.1497854E+02
    -0.8915961E+02     0.1498100E+02
    -0.8916286E+02     0.1498210E+02
    -0.8917773E+02     0.1498713E+02
    -0.8918092E+02     0.1499082E+02
    -0.8918221E+02     0.1499700E+02
    -0.8918155E+02     0.1500000E+02
    -0.8917845E+02     0.1501399E+02
    -0.8917180E+02     0.1502080E+02
    -0.8917025E+02     0.1503408E+02
    -0.8915855E+02     0.1505294E+02
    -0.8915445E+02     0.1506530E+02
    -0.8914874E+02     0.1506933E+02
    -0.8913187E+02     0.1507631E+02
    -0.8911795E+02     0.1508207E+02
    -0.8904841E+02     0.1510570E+02
    -0.8901016E+02     0.1512046E+02
    -0.8896711E+02     0.1513706E+02
    -0.8890430E+02     0.1519073E+02
    -0.8888237E+02     0.1520946E+02
    -0.8882616E+02     0.1525523E+02
    -0.8881822E+02     0.1525710E+02
    -0.8880116E+02     0.1526581E+02
    -0.8879820E+02     0.1526731E+02
    -0.8873147E+02     0.1530629E+02
    -0.8869078E+02     0.1533251E+02
    -0.8868252E+02     0.1533783E+02
    -0.8864183E+02     0.1537151E+02
    -0.8860146E+02     0.1541259E+02
    -0.8859473E+02     0.1541710E+02
    -0.8859223E+02     0.1541877E+02
    -0.8857632E+02     0.1541878E+02
    -0.8856265E+02     0.1543360E+02
    -0.8854102E+02     0.1545306E+02
    -0.8849461E+02     0.1549171E+02
    -0.8841309E+02     0.1555956E+02
    -0.8839523E+02     0.1557318E+02
    -0.8835483E+02     0.1560399E+02
    -0.8834081E+02     0.1562003E+02
    -0.8831310E+02     0.1566013E+02
    -0.8830757E+02     0.1566475E+02
    -0.8830608E+02     0.1566599E+02
    -0.8829971E+02     0.1566969E+02
    -0.8828793E+02     0.1566969E+02
    -0.8828411E+02     0.1567123E+02
    -0.8827678E+02     0.1568110E+02
    -0.8827391E+02     0.1568264E+02
    -0.8826881E+02     0.1568387E+02
    -0.8825957E+02     0.1568294E+02
    -0.8825607E+02     0.1568387E+02
    -0.8825193E+02     0.1568726E+02
    -0.8824655E+02     0.1569371E+02
    -0.8824445E+02     0.1569938E+02
    -0.8824633E+02     0.1570546E+02
    -0.8825260E+02     0.1571255E+02
    -0.8825197E+02     0.1571559E+02
    -0.8824988E+02     0.1571741E+02
    -0.8824590E+02     0.1571822E+02
    -0.8823702E+02     0.1571710E+02
    -0.8822320E+02     0.1572008E+02
    -0.8822320E+02     0.1572008E+02
    -0.8821751E+02     0.1571848E+02
    -0.8821253E+02     0.1571045E+02
    -0.8819286E+02     0.1569624E+02
    -0.8816324E+02     0.1567904E+02
    -0.8815590E+02     0.1567606E+02
    -0.8814784E+02     0.1567468E+02
    -0.8812961E+02     0.1567859E+02
    -0.8812156E+02     0.1568226E+02
    -0.8811327E+02     0.1569006E+02
    -0.8810760E+02     0.1569855E+02
    -0.8810358E+02     0.1571209E+02
    -0.8810263E+02     0.1572264E+02
    -0.8809837E+02     0.1572447E+02
    -0.8808652E+02     0.1572769E+02
    -0.8808298E+02     0.1573090E+02
    -0.8808085E+02     0.1573801E+02
    -0.8807729E+02     0.1574306E+02
    -0.8807280E+02     0.1574374E+02
    -0.8806616E+02     0.1574902E+02
    -0.8805811E+02     0.1575223E+02
    -0.8805243E+02     0.1575636E+02
    -0.8804769E+02     0.1576324E+02
    -0.8804887E+02     0.1576668E+02
    -0.8804556E+02     0.1577104E+02
    -0.8804604E+02     0.1577448E+02
    -0.8805030E+02     0.1577655E+02
    -0.8805030E+02     0.1577861E+02
    -0.8804462E+02     0.1578022E+02
    -0.8800881E+02     0.1578311E+02
    -0.8799937E+02     0.1578388E+02
    -0.8798231E+02     0.1579075E+02
    -0.8797591E+02     0.1579924E+02
    -0.8797141E+02     0.1579832E+02
    -0.8796596E+02     0.1579694E+02
    -0.8795127E+02     0.1580473E+02
    -0.8795029E+02     0.1580573E+02
    -0.8793444E+02     0.1582193E+02
    -0.8793729E+02     0.1583294E+02
    -0.8794297E+02     0.1583615E+02
    -0.8796454E+02     0.1584075E+02
    -0.8796667E+02     0.1584373E+02
    -0.8796596E+02     0.1584763E+02
    -0.8795600E+02     0.1585978E+02
    -0.8794415E+02     0.1586207E+02
    -0.8793444E+02     0.1586046E+02
    -0.8791453E+02     0.1585999E+02
    -0.8791338E+02     0.1586010E+02
    -0.8790292E+02     0.1586113E+02
    -0.8789533E+02     0.1586365E+02
    -0.8788324E+02     0.1587603E+02
    -0.8787234E+02     0.1588336E+02
    -0.8784887E+02     0.1588816E+02
    -0.8782161E+02     0.1589731E+02
    -0.8781142E+02     0.1589867E+02
    -0.8780407E+02     0.1589637E+02
    -0.8779649E+02     0.1588994E+02
    -0.8779198E+02     0.1588879E+02
    -0.8779720E+02     0.1589682E+02
    -0.8779578E+02     0.1589889E+02
    -0.8778345E+02     0.1589383E+02
    -0.8777888E+02     0.1589294E+02
    -0.8776449E+02     0.1589014E+02
    -0.8775572E+02     0.1589082E+02
    -0.8774055E+02     0.1589860E+02
    -0.8773509E+02     0.1590386E+02
    -0.8773223E+02     0.1591739E+02
    -0.8772986E+02     0.1592152E+02
    -0.8772701E+02     0.1592312E+02
    -0.8772488E+02     0.1592243E+02
    -0.8772987E+02     0.1590340E+02
    -0.8773037E+02     0.1588046E+02
    -0.8773227E+02     0.1587565E+02
    -0.8773914E+02     0.1587176E+02
    -0.8773386E+02     0.1587243E+02
    -0.8773014E+02     0.1587290E+02
    -0.8772516E+02     0.1587541E+02
    -0.8772490E+02     0.1590569E+02
    -0.8772133E+02     0.1591577E+02
    -0.8771777E+02     0.1591829E+02
    -0.8771304E+02     0.1591760E+02
    -0.8771043E+02     0.1591393E+02
    -0.8768769E+02     0.1589945E+02
    -0.8766779E+02     0.1588887E+02
    -0.8765310E+02     0.1588632E+02
    -0.8764527E+02     0.1588814E+02
    -0.8764457E+02     0.1588447E+02
    -0.8764742E+02     0.1587874E+02
    -0.8763676E+02     0.1586932E+02
    -0.8763273E+02     0.1587735E+02
    -0.8763437E+02     0.1588698E+02
    -0.8763271E+02     0.1589088E+02
    -0.8763389E+02     0.1589317E+02
    -0.8763945E+02     0.1589216E+02
    -0.8764266E+02     0.1589158E+02
    -0.8764337E+02     0.1589433E+02
    -0.8763743E+02     0.1590488E+02
    -0.8763387E+02     0.1590602E+02
    -0.8763245E+02     0.1590257E+02
    -0.8762843E+02     0.1590486E+02
    -0.8762913E+02     0.1590899E+02
    -0.8762723E+02     0.1591174E+02
    -0.8762391E+02     0.1591288E+02
    -0.8762202E+02     0.1590944E+02
    -0.8762036E+02     0.1591012E+02
    -0.8761774E+02     0.1591608E+02
    -0.8761466E+02     0.1591447E+02
    -0.8760168E+02     0.1592025E+02
    -0.8760827E+02     0.1591079E+02
    -0.8761325E+02     0.1590919E+02
    -0.8761539E+02     0.1590530E+02
    -0.8762084E+02     0.1590370E+02
    -0.8762345E+02     0.1590004E+02
    -0.8762062E+02     0.1588719E+02
    -0.8761430E+02     0.1587684E+02
    -0.8760928E+02     0.1586859E+02
    -0.8759319E+02     0.1584838E+02
    -0.8755911E+02     0.1581506E+02
    -0.8754964E+02     0.1580724E+02
    -0.8752124E+02     0.1579067E+02
    -0.8752124E+02     0.1579067E+02
    -0.8751177E+02     0.1578538E+02
    -0.8751177E+02     0.1578538E+02
    -0.8750206E+02     0.1578329E+02
    -0.8747554E+02     0.1577406E+02
    -0.8746891E+02     0.1577382E+02
    -0.8745137E+02     0.1577791E+02
    -0.8743403E+02     0.1579897E+02
    -0.8742856E+02     0.1581066E+02
    -0.8742287E+02     0.1581110E+02
    -0.8741364E+02     0.1580902E+02
    -0.8740344E+02     0.1581014E+02
    -0.8740254E+02     0.1581046E+02
    -0.8739324E+02     0.1581379E+02
    -0.8738802E+02     0.1581928E+02
    -0.8738255E+02     0.1582867E+02
    -0.8737852E+02     0.1583050E+02
    -0.8737091E+02     0.1584217E+02
    -0.8736617E+02     0.1584308E+02
    -0.8735078E+02     0.1583868E+02
    -0.8731432E+02     0.1582505E+02
    -0.8730413E+02     0.1582273E+02
    -0.8720161E+02     0.1579353E+02
    -0.8717854E+02     0.1578958E+02
    -0.8716064E+02     0.1578652E+02
    -0.8715330E+02     0.1578649E+02
    -0.8714786E+02     0.1578372E+02
    -0.8714243E+02     0.1577682E+02
    -0.8713935E+02     0.1577498E+02
    -0.8713154E+02     0.1577404E+02
    -0.8713154E+02     0.1577404E+02
    -0.8713271E+02     0.1577656E+02
    -0.8714027E+02     0.1578301E+02
    -0.8713885E+02     0.1578461E+02
    -0.8713506E+02     0.1578506E+02
    -0.8712677E+02     0.1578274E+02
    -0.8711208E+02     0.1578131E+02
    -0.8710829E+02     0.1578221E+02
    -0.8709550E+02     0.1578125E+02
    -0.8709433E+02     0.1577804E+02
    -0.8709694E+02     0.1577644E+02
    -0.8709694E+02     0.1577644E+02
    -0.8709576E+02     0.1577506E+02
    -0.8708392E+02     0.1577204E+02
    -0.8707777E+02     0.1577156E+02
    -0.8708698E+02     0.1577801E+02
    -0.8708484E+02     0.1578144E+02
    -0.8707112E+02     0.1577566E+02
    -0.8706022E+02     0.1577539E+02
    -0.8704791E+02     0.1577145E+02
    -0.8702990E+02     0.1577299E+02
    -0.8701997E+02     0.1576928E+02
    -0.8701147E+02     0.1576122E+02
    -0.8700862E+02     0.1576075E+02
    -0.8700696E+02     0.1576373E+02
    -0.8701168E+02     0.1576719E+02
    -0.8701357E+02     0.1577109E+02
    -0.8698161E+02     0.1576156E+02
    -0.8696030E+02     0.1575896E+02
    -0.8692149E+02     0.1574986E+02
    -0.8691557E+02     0.1575006E+02
    -0.8688663E+02     0.1575728E+02
    -0.8684113E+02     0.1576144E+02
    -0.8681883E+02     0.1576777E+02
    -0.8680790E+02     0.1577506E+02
    -0.8679580E+02     0.1577936E+02
    -0.8678793E+02     0.1578965E+02
    -0.8678461E+02     0.1579239E+02
    -0.8678177E+02     0.1579215E+02
    -0.8678036E+02     0.1578939E+02
    -0.8677679E+02     0.1579281E+02
    -0.8676141E+02     0.1578884E+02
    -0.8674482E+02     0.1578785E+02
    -0.8672612E+02     0.1578477E+02
    -0.8670409E+02     0.1578352E+02
    -0.8669556E+02     0.1578486E+02
    -0.8668301E+02     0.1578273E+02
    -0.8666545E+02     0.1578792E+02
    -0.8666390E+02     0.1578785E+02
    -0.8665385E+02     0.1578740E+02
    -0.8663676E+02     0.1579328E+02
    -0.8660477E+02     0.1579266E+02
    -0.8658202E+02     0.1579437E+02
    -0.8654643E+02     0.1580290E+02
    -0.8654335E+02     0.1580265E+02
    -0.8654384E+02     0.1579990E+02
    -0.8654765E+02     0.1579734E+02
    -0.8655026E+02     0.1579558E+02
    -0.8655146E+02     0.1579306E+02
    -0.8654980E+02     0.1579214E+02
    -0.8654601E+02     0.1579303E+02
    -0.8654005E+02     0.1580011E+02
    -0.8653435E+02     0.1580329E+02
    -0.8652842E+02     0.1580349E+02
    -0.8652322E+02     0.1580186E+02
    -0.8651611E+02     0.1580296E+02
    -0.8651135E+02     0.1580523E+02
    -0.8650776E+02     0.1581278E+02
    -0.8649710E+02     0.1581112E+02
    -0.8648432E+02     0.1580852E+02
    -0.8647605E+02     0.1580480E+02
    -0.8644913E+02     0.1578745E+02
    -0.8641840E+02     0.1577511E+02
    -0.8640562E+02     0.1577412E+02
    -0.8640563E+02     0.1577182E+02
    -0.8640350E+02     0.1577112E+02
    -0.8639851E+02     0.1577499E+02
    -0.8639990E+02     0.1577936E+02
    -0.8639799E+02     0.1578118E+02
    -0.8638852E+02     0.1578113E+02
    -0.8638681E+02     0.1578064E+02
    -0.8638119E+02     0.1577902E+02
    -0.8637125E+02     0.1577575E+02
    -0.8636485E+02     0.1577617E+02
    -0.8635963E+02     0.1577843E+02
    -0.8635343E+02     0.1578413E+02
    -0.8634912E+02     0.1579190E+02
    -0.8633916E+02     0.1579390E+02
    -0.8633439E+02     0.1579915E+02
    -0.8631780E+02     0.1579951E+02
    -0.8630499E+02     0.1580218E+02
    -0.8628622E+02     0.1581009E+02
    -0.8626955E+02     0.1582352E+02
    -0.8626884E+02     0.1582378E+02
    -0.8626289E+02     0.1582600E+02
    -0.8625885E+02     0.1582919E+02
    -0.8625452E+02     0.1583902E+02
    -0.8625117E+02     0.1584267E+02
    -0.8624023E+02     0.1584948E+02
    -0.8622997E+02     0.1586180E+02
    -0.8622163E+02     0.1586771E+02
    -0.8619072E+02     0.1588264E+02
    -0.8617243E+02     0.1588803E+02
    -0.8616320E+02     0.1588695E+02
    -0.8616201E+02     0.1588681E+02
    -0.8615536E+02     0.1588837E+02
    -0.8614038E+02     0.1589584E+02
    -0.8612759E+02     0.1589552E+02
    -0.8612067E+02     0.1590212E+02
    -0.8611663E+02     0.1590232E+02
    -0.8610742E+02     0.1589721E+02
    -0.8606239E+02     0.1589736E+02
    -0.8604104E+02     0.1589950E+02
    -0.8603926E+02     0.1589952E+02
    -0.8600832E+02     0.1589995E+02
    -0.8599931E+02     0.1590149E+02
    -0.8597934E+02     0.1590845E+02
    -0.8596150E+02     0.1591726E+02
    -0.8594892E+02     0.1591878E+02
    -0.8593369E+02     0.1592600E+02
    -0.8592529E+02     0.1594130E+02
    -0.8592410E+02     0.1594213E+02
    -0.8592075E+02     0.1594448E+02
    -0.8591276E+02     0.1596667E+02
    -0.8591267E+02     0.1597836E+02
    -0.8591450E+02     0.1598709E+02
    -0.8591918E+02     0.1599469E+02
    -0.8596550E+02     0.1600000E+02
    -0.8597529E+02     0.1600435E+02
    -0.8600804E+02     0.1600371E+02
    -0.8602316E+02     0.1600576E+02
    -0.8604523E+02     0.1601328E+02
    -0.8605194E+02     0.1601875E+02
    -0.8604613E+02     0.1602271E+02
    -0.8603465E+02     0.1602559E+02
    -0.8602142E+02     0.1602406E+02
    -0.8601830E+02     0.1602520E+02
    -0.8601326E+02     0.1602703E+02
    -0.8599881E+02     0.1602638E+02
    -0.8594431E+02     0.1601697E+02
    -0.8592608E+02     0.1601574E+02
    -0.8590704E+02     0.1601035E+02
    -0.8589513E+02     0.1600038E+02
    -0.8590001E+02     0.1600040E+02
    -0.8590553E+02     0.1600027E+02
END
END
