hong_kong
1
     0.1141633E+03     0.2250211E+02
     0.1140369E+03     0.2250504E+02
     0.1140452E+03     0.2250648E+02
     0.1140600E+03     0.2251441E+02
     0.1140651E+03     0.2252284E+02
     0.1140692E+03     0.2253206E+02
     0.1140841E+03     0.2253587E+02
     0.1140912E+03     0.2253610E+02
     0.1141047E+03     0.2253325E+02
     0.1141109E+03     0.2253428E+02
     0.1141231E+03     0.2253964E+02
     0.1141407E+03     0.2254683E+02
     0.1141529E+03     0.2255384E+02
     0.1141580E+03     0.2255979E+02
     0.1141714E+03     0.2255858E+02
     0.1141920E+03     0.2255595E+02
     0.1142152E+03     0.2255175E+02
     0.1142267E+03     0.2255378E+02
     0.1142354E+03     0.2255644E+02
     0.1142354E+03     0.2255644E+02
     0.1142334E+03     0.2255407E+02
     0.1142261E+03     0.2254144E+02
     0.1142221E+03     0.2253718E+02
     0.1142090E+03     0.2252988E+02
     0.1142069E+03     0.2252728E+02
     0.1142079E+03     0.2252548E+02
     0.1142165E+03     0.2252758E+02
     0.1142245E+03     0.2252530E+02
     0.1142274E+03     0.2252746E+02
     0.1142306E+03     0.2252756E+02
     0.1142382E+03     0.2254204E+02
     0.1142462E+03     0.2254045E+02
     0.1142530E+03     0.2254312E+02
     0.1142538E+03     0.2254344E+02
     0.1142560E+03     0.2254305E+02
     0.1142566E+03     0.2254077E+02
     0.1142547E+03     0.2253796E+02
     0.1142570E+03     0.2253458E+02
     0.1142646E+03     0.2253183E+02
     0.1142664E+03     0.2252867E+02
     0.1142601E+03     0.2252503E+02
     0.1142588E+03     0.2252017E+02
     0.1142633E+03     0.2251870E+02
     0.1142702E+03     0.2252006E+02
     0.1142737E+03     0.2252453E+02
     0.1142765E+03     0.2252370E+02
     0.1142836E+03     0.2251680E+02
     0.1142767E+03     0.2250924E+02
     0.1142700E+03     0.2251040E+02
     0.1142691E+03     0.2250785E+02
     0.1142715E+03     0.2250448E+02
     0.1142826E+03     0.2250390E+02
     0.1142891E+03     0.2250112E+02
     0.1142937E+03     0.2249712E+02
     0.1143015E+03     0.2249483E+02
     0.1143100E+03     0.2249772E+02
     0.1143330E+03     0.2250545E+02
     0.1143345E+03     0.2250297E+02
     0.1143235E+03     0.2249505E+02
     0.1143142E+03     0.2248466E+02
     0.1143078E+03     0.2248492E+02
     0.1143004E+03     0.2247528E+02
     0.1142959E+03     0.2247215E+02
     0.1142714E+03     0.2246588E+02
     0.1142695E+03     0.2246146E+02
     0.1142582E+03     0.2245422E+02
     0.1142544E+03     0.2246237E+02
     0.1142554E+03     0.2246316E+02
     0.1142640E+03     0.2247025E+02
     0.1142754E+03     0.2247152E+02
     0.1142792E+03     0.2247393E+02
     0.1142828E+03     0.2247772E+02
     0.1142793E+03     0.2247945E+02
     0.1142793E+03     0.2248496E+02
     0.1142761E+03     0.2248601E+02
     0.1142593E+03     0.2247929E+02
     0.1142519E+03     0.2247929E+02
     0.1142423E+03     0.2248451E+02
     0.1142398E+03     0.2248374E+02
     0.1142410E+03     0.2247918E+02
     0.1142348E+03     0.2247118E+02
     0.1142319E+03     0.2246466E+02
     0.1142244E+03     0.2246511E+02
     0.1142164E+03     0.2246280E+02
     0.1142055E+03     0.2246329E+02
     0.1142052E+03     0.2245693E+02
     0.1142090E+03     0.2245452E+02
     0.1142142E+03     0.2245377E+02
     0.1142153E+03     0.2245128E+02
     0.1142127E+03     0.2244821E+02
     0.1142165E+03     0.2244534E+02
     0.1142109E+03     0.2244195E+02
     0.1142087E+03     0.2244211E+02
     0.1142090E+03     0.2244740E+02
     0.1141989E+03     0.2245260E+02
     0.1141918E+03     0.2245146E+02
     0.1141862E+03     0.2245565E+02
     0.1141825E+03     0.2245576E+02
     0.1141757E+03     0.2245211E+02
     0.1141613E+03     0.2244935E+02
     0.1141601E+03     0.2244656E+02
     0.1141734E+03     0.2244032E+02
     0.1141760E+03     0.2243718E+02
     0.1141832E+03     0.2243649E+02
     0.1141928E+03     0.2243209E+02
     0.1141935E+03     0.2243176E+02
     0.1141975E+03     0.2242407E+02
     0.1142098E+03     0.2241825E+02
     0.1142077E+03     0.2240831E+02
     0.1142094E+03     0.2240354E+02
     0.1142076E+03     0.2239865E+02
     0.1141881E+03     0.2237691E+02
     0.1141893E+03     0.2237235E+02
     0.1141919E+03     0.2237335E+02
     0.1141945E+03     0.2237757E+02
     0.1141987E+03     0.2237678E+02
     0.1142074E+03     0.2238211E+02
     0.1142086E+03     0.2239065E+02
     0.1142200E+03     0.2240180E+02
     0.1142229E+03     0.2240674E+02
     0.1142275E+03     0.2241467E+02
     0.1142351E+03     0.2242340E+02
     0.1142372E+03     0.2243220E+02
     0.1142411E+03     0.2243324E+02
     0.1142464E+03     0.2242490E+02
     0.1142663E+03     0.2242713E+02
     0.1142684E+03     0.2242398E+02
     0.1142673E+03     0.2242165E+02
     0.1142631E+03     0.2241945E+02
     0.1142704E+03     0.2240842E+02
     0.1142729E+03     0.2240804E+02
     0.1142798E+03     0.2241629E+02
     0.1142849E+03     0.2241943E+02
     0.1142848E+03     0.2242241E+02
     0.1142796E+03     0.2242823E+02
     0.1142790E+03     0.2243763E+02
     0.1142762E+03     0.2243884E+02
     0.1142745E+03     0.2243956E+02
     0.1142742E+03     0.2244116E+02
     0.1142812E+03     0.2244689E+02
     0.1142884E+03     0.2244550E+02
     0.1142884E+03     0.2245377E+02
     0.1142924E+03     0.2245022E+02
     0.1142971E+03     0.2245128E+02
     0.1143006E+03     0.2245001E+02
     0.1143009E+03     0.2246128E+02
     0.1143128E+03     0.2246876E+02
     0.1143177E+03     0.2247603E+02
     0.1143210E+03     0.2247476E+02
     0.1143220E+03     0.2246766E+02
     0.1143294E+03     0.2246789E+02
     0.1143299E+03     0.2246515E+02
     0.1143281E+03     0.2246096E+02
     0.1143350E+03     0.2245520E+02
     0.1143395E+03     0.2243971E+02
     0.1143391E+03     0.2243718E+02
     0.1143384E+03     0.2243649E+02
     0.1143348E+03     0.2243314E+02
     0.1143346E+03     0.2243015E+02
     0.1143370E+03     0.2242654E+02
     0.1143395E+03     0.2242616E+02
     0.1143428E+03     0.2243017E+02
     0.1143477E+03     0.2241745E+02
     0.1143510E+03     0.2241617E+02
     0.1143543E+03     0.2242018E+02
     0.1143513E+03     0.2243387E+02
     0.1143515E+03     0.2244123E+02
     0.1143575E+03     0.2244693E+02
     0.1143568E+03     0.2245425E+02
     0.1143643E+03     0.2245195E+02
     0.1143671E+03     0.2244722E+02
     0.1143647E+03     0.2244071E+02
     0.1143683E+03     0.2243462E+02
     0.1143829E+03     0.2243345E+02
     0.1143883E+03     0.2243706E+02
     0.1143900E+03     0.2243586E+02
     0.1143931E+03     0.2243376E+02
     0.1143983E+03     0.2243323E+02
     0.1143989E+03     0.2243049E+02
     0.1143942E+03     0.2242391E+02
     0.1143950E+03     0.2242026E+02
     0.1144032E+03     0.2241155E+02
     0.1144034E+03     0.2240742E+02
     0.1143989E+03     0.2240775E+02
     0.1143906E+03     0.2241370E+02
     0.1143856E+03     0.2241332E+02
     0.1143794E+03     0.2240899E+02
     0.1143700E+03     0.2239492E+02
     0.1143787E+03     0.2239128E+02
     0.1143822E+03     0.2238450E+02
     0.1143868E+03     0.2238096E+02
     0.1143877E+03     0.2237433E+02
     0.1143862E+03     0.2236991E+02
     0.1143899E+03     0.2236212E+02
     0.1143883E+03     0.2235895E+02
     0.1143807E+03     0.2237021E+02
     0.1143739E+03     0.2236770E+02
     0.1143737E+03     0.2236517E+02
     0.1143779E+03     0.2236024E+02
     0.1143779E+03     0.2235887E+02
     0.1143745E+03     0.2235830E+02
     0.1143652E+03     0.2236284E+02
     0.1143582E+03     0.2237067E+02
     0.1143526E+03     0.2236958E+02
     0.1143431E+03     0.2237366E+02
     0.1143409E+03     0.2237842E+02
     0.1143384E+03     0.2237995E+02
     0.1143363E+03     0.2237690E+02
     0.1143384E+03     0.2237237E+02
     0.1143363E+03     0.2237024E+02
     0.1143310E+03     0.2237283E+02
     0.1143268E+03     0.2237201E+02
     0.1143203E+03     0.2237595E+02
     0.1143143E+03     0.2237760E+02
     0.1143099E+03     0.2238252E+02
     0.1143069E+03     0.2238312E+02
     0.1143066E+03     0.2237852E+02
     0.1143046E+03     0.2237877E+02
     0.1142937E+03     0.2238019E+02
     0.1142883E+03     0.2238691E+02
     0.1142845E+03     0.2238864E+02
     0.1142806E+03     0.2238622E+02
     0.1142768E+03     0.2238840E+02
     0.1142747E+03     0.2237960E+02
     0.1142701E+03     0.2237556E+02
     0.1142684E+03     0.2236815E+02
     0.1142761E+03     0.2234794E+02
     0.1142740E+03     0.2234397E+02
     0.1142676E+03     0.2235020E+02
     0.1142627E+03     0.2234959E+02
     0.1142660E+03     0.2235912E+02
     0.1142639E+03     0.2236273E+02
     0.1142563E+03     0.2235376E+02
     0.1142489E+03     0.2235514E+02
     0.1142486E+03     0.2235407E+02
     0.1142480E+03     0.2235167E+02
     0.1142496E+03     0.2234942E+02
     0.1142595E+03     0.2234835E+02
     0.1142645E+03     0.2234575E+02
     0.1142667E+03     0.2234053E+02
     0.1142647E+03     0.2233380E+02
     0.1142705E+03     0.2232410E+02
     0.1142697E+03     0.2231902E+02
     0.1142715E+03     0.2231609E+02
     0.1142858E+03     0.2231676E+02
     0.1142902E+03     0.2230380E+02
     0.1142932E+03     0.2230229E+02
     0.1142985E+03     0.2230590E+02
     0.1143030E+03     0.2230557E+02
     0.1143059E+03     0.2230038E+02
     0.1143110E+03     0.2229709E+02
     0.1143113E+03     0.2229457E+02
     0.1143064E+03     0.2228523E+02
     0.1142976E+03     0.2228065E+02
     0.1142970E+03     0.2228035E+02
     0.1142904E+03     0.2228543E+02
     0.1142887E+03     0.2228537E+02
     0.1142863E+03     0.2227565E+02
     0.1142884E+03     0.2227066E+02
     0.1142931E+03     0.2227104E+02
     0.1142969E+03     0.2227483E+02
     0.1142997E+03     0.2227331E+02
     0.1142977E+03     0.2226612E+02
     0.1143033E+03     0.2226193E+02
     0.1143012E+03     0.2226003E+02
     0.1142977E+03     0.2225969E+02
     0.1142957E+03     0.2225342E+02
     0.1142927E+03     0.2225609E+02
     0.1142913E+03     0.2225995E+02
     0.1142855E+03     0.2226322E+02
     0.1142777E+03     0.2226137E+02
     0.1142737E+03     0.2226791E+02
     0.1142784E+03     0.2227518E+02
     0.1142740E+03     0.2228056E+02
     0.1142730E+03     0.2228788E+02
     0.1142686E+03     0.2229661E+02
     0.1142643E+03     0.2230507E+02
     0.1142685E+03     0.2231026E+02
     0.1142674E+03     0.2231252E+02
     0.1142600E+03     0.2231367E+02
     0.1142523E+03     0.2232170E+02
     0.1142491E+03     0.2232160E+02
     0.1142571E+03     0.2231220E+02
     0.1142572E+03     0.2230899E+02
     0.1142510E+03     0.2230190E+02
     0.1142522E+03     0.2229642E+02
     0.1142504E+03     0.2229109E+02
     0.1142405E+03     0.2227998E+02
     0.1142362E+03     0.2228260E+02
     0.1142313E+03     0.2228888E+02
     0.1142299E+03     0.2229343E+02
     0.1142206E+03     0.2229820E+02
     0.1142159E+03     0.2230334E+02
     0.1142143E+03     0.2230627E+02
     0.1142107E+03     0.2231282E+02
     0.1142022E+03     0.2232037E+02
     0.1141993E+03     0.2232097E+02
     0.1141991E+03     0.2231775E+02
     0.1142076E+03     0.2230905E+02
     0.1142078E+03     0.2230377E+02
     0.1142035E+03     0.2230525E+02
     0.1141941E+03     0.2231368E+02
     0.1141909E+03     0.2231312E+02
     0.1141874E+03     0.2230842E+02
     0.1141895E+03     0.2229723E+02
     0.1141880E+03     0.2229672E+02
     0.1141807E+03     0.2230040E+02
     0.1141776E+03     0.2229180E+02
     0.1141732E+03     0.2229097E+02
     0.1141694E+03     0.2228786E+02
     0.1141669E+03     0.2228824E+02
     0.1141615E+03     0.2230140E+02
     0.1141637E+03     0.2230573E+02
     0.1141642E+03     0.2230677E+02
     0.1141634E+03     0.2231019E+02
     0.1141574E+03     0.2231230E+02
     0.1141561E+03     0.2231410E+02
     0.1141576E+03     0.2231805E+02
     0.1141550E+03     0.2232165E+02
     0.1141477E+03     0.2232647E+02
     0.1141374E+03     0.2232545E+02
     0.1141214E+03     0.2233827E+02
     0.1141205E+03     0.2234169E+02
     0.1141258E+03     0.2235151E+02
     0.1141250E+03     0.2235309E+02
     0.1141230E+03     0.2235280E+02
     0.1141126E+03     0.2234121E+02
     0.1141102E+03     0.2234527E+02
     0.1141118E+03     0.2234877E+02
     0.1141094E+03     0.2235329E+02
     0.1141099E+03     0.2235974E+02
     0.1141071E+03     0.2236355E+02
     0.1141031E+03     0.2236435E+02
     0.1140974E+03     0.2236255E+02
     0.1140916E+03     0.2236076E+02
     0.1140761E+03     0.2235935E+02
     0.1140664E+03     0.2235674E+02
     0.1140557E+03     0.2235709E+02
     0.1140494E+03     0.2235413E+02
     0.1140403E+03     0.2235337E+02
     0.1140321E+03     0.2234920E+02
     0.1140182E+03     0.2234945E+02
     0.1140140E+03     0.2235138E+02
     0.1140128E+03     0.2235501E+02
     0.1140050E+03     0.2235407E+02
     0.1140024E+03     0.2235766E+02
     0.1140000E+03     0.2235699E+02
     0.1139939E+03     0.2236325E+02
     0.1139916E+03     0.2236539E+02
     0.1139926E+03     0.2236825E+02
     0.1139913E+03     0.2236974E+02
     0.1139816E+03     0.2237131E+02
     0.1139766E+03     0.2237396E+02
     0.1139754E+03     0.2238351E+02
     0.1139720E+03     0.2238632E+02
     0.1139686E+03     0.2238663E+02
     0.1139636E+03     0.2238391E+02
     0.1139617E+03     0.2237426E+02
     0.1139437E+03     0.2236226E+02
     0.1139413E+03     0.2236234E+02
     0.1139327E+03     0.2236594E+02
     0.1139261E+03     0.2236678E+02
     0.1139186E+03     0.2237282E+02
     0.1139160E+03     0.2237621E+02
     0.1139199E+03     0.2237774E+02
     0.1139206E+03     0.2237957E+02
     0.1139200E+03     0.2238249E+02
     0.1139197E+03     0.2238395E+02
     0.1139135E+03     0.2239221E+02
     0.1139133E+03     0.2239739E+02
     0.1139107E+03     0.2240016E+02
     0.1139011E+03     0.2240297E+02
     0.1139018E+03     0.2240480E+02
     0.1139176E+03     0.2241564E+02
     0.1139332E+03     0.2241760E+02
     0.1139364E+03     0.2242018E+02
     0.1139327E+03     0.2242319E+02
     0.1139431E+03     0.2242801E+02
     0.1139461E+03     0.2243556E+02
     0.1139580E+03     0.2244425E+02
     0.1139697E+03     0.2244820E+02
     0.1139747E+03     0.2245195E+02
     0.1139759E+03     0.2245436E+02
     0.1139786E+03     0.2246030E+02
     0.1139842E+03     0.2246755E+02
     0.1139927E+03     0.2247326E+02
     0.1139936E+03     0.2247963E+02
     0.1140000E+03     0.2247751E+02
     0.1140008E+03     0.2247065E+02
     0.1140033E+03     0.2247165E+02
     0.1140068E+03     0.2247728E+02
     0.1140085E+03     0.2247756E+02
     0.1140091E+03     0.2246793E+02
     0.1140190E+03     0.2246825E+02
     0.1140206E+03     0.2245659E+02
     0.1140253E+03     0.2245099E+02
     0.1140201E+03     0.2244554E+02
     0.1140216E+03     0.2244490E+02
     0.1140311E+03     0.2244819E+02
     0.1140393E+03     0.2244800E+02
     0.1140402E+03     0.2244918E+02
     0.1140391E+03     0.2245121E+02
     0.1140302E+03     0.2245276E+02
     0.1140271E+03     0.2245542E+02
     0.1140253E+03     0.2245974E+02
     0.1140244E+03     0.2246199E+02
     0.1140235E+03     0.2246725E+02
     0.1140248E+03     0.2247028E+02
     0.1140300E+03     0.2247067E+02
     0.1140258E+03     0.2247812E+02
     0.1140253E+03     0.2248316E+02
     0.1140283E+03     0.2248900E+02
     0.1140379E+03     0.2249000E+02
     0.1140370E+03     0.2249594E+02
     0.1140461E+03     0.2249692E+02
     0.1140491E+03     0.2250008E+02
     0.1140400E+03     0.2250201E+02
     0.1140369E+03     0.2250421E+02
     0.1140369E+03     0.2250504E+02
END
2
     0.1143006E+03     0.2254618E+02
     0.1142986E+03     0.2252828E+02
     0.1142930E+03     0.2253110E+02
     0.1142857E+03     0.2252904E+02
     0.1142837E+03     0.2253012E+02
     0.1142879E+03     0.2253508E+02
     0.1142845E+03     0.2254186E+02
     0.1142873E+03     0.2254539E+02
     0.1142874E+03     0.2254953E+02
     0.1142908E+03     0.2255033E+02
     0.1142942E+03     0.2254744E+02
     0.1143135E+03     0.2254643E+02
     0.1143150E+03     0.2254510E+02
     0.1143121E+03     0.2254248E+02
     0.1142991E+03     0.2253956E+02
     0.1142959E+03     0.2254129E+02
     0.1142942E+03     0.2253895E+02
     0.1143007E+03     0.2252973E+02
     0.1142986E+03     0.2252828E+02
END
3
     0.1144264E+03     0.2254066E+02
     0.1144301E+03     0.2254100E+02
     0.1144347E+03     0.2253563E+02
     0.1144329E+03     0.2253304E+02
     0.1144233E+03     0.2253758E+02
     0.1144222E+03     0.2254123E+02
     0.1144235E+03     0.2254586E+02
     0.1144255E+03     0.2254661E+02
     0.1144301E+03     0.2254100E+02
END
4
     0.1143113E+03     0.2252681E+02
     0.1143152E+03     0.2251892E+02
     0.1143092E+03     0.2252149E+02
     0.1143051E+03     0.2252596E+02
     0.1143057E+03     0.2252850E+02
     0.1143079E+03     0.2252903E+02
     0.1143129E+03     0.2252689E+02
     0.1143147E+03     0.2253222E+02
     0.1143167E+03     0.2253297E+02
     0.1143177E+03     0.2253117E+02
     0.1143167E+03     0.2251988E+02
     0.1143152E+03     0.2251892E+02
END
5
     0.1143017E+03     0.2250639E+02
     0.1143066E+03     0.2251796E+02
     0.1143184E+03     0.2251327E+02
     0.1143177E+03     0.2251072E+02
     0.1143078E+03     0.2250422E+02
     0.1142978E+03     0.2250115E+02
     0.1142943E+03     0.2250242E+02
     0.1142906E+03     0.2250943E+02
     0.1142995E+03     0.2250879E+02
     0.1143058E+03     0.2251174E+02
     0.1143066E+03     0.2251796E+02
END
6
     0.1143585E+03     0.2247289E+02
     0.1143570E+03     0.2246230E+02
     0.1143566E+03     0.2246665E+02
     0.1143535E+03     0.2246978E+02
     0.1143534E+03     0.2247414E+02
     0.1143500E+03     0.2247794E+02
     0.1143573E+03     0.2248115E+02
     0.1143603E+03     0.2248101E+02
     0.1143631E+03     0.2247834E+02
     0.1143622E+03     0.2247555E+02
     0.1143654E+03     0.2246945E+02
     0.1143628E+03     0.2246455E+02
     0.1143570E+03     0.2246230E+02
END
7
     0.1143387E+03     0.2246217E+02
     0.1143428E+03     0.2245728E+02
     0.1143368E+03     0.2246054E+02
     0.1143354E+03     0.2246509E+02
     0.1143381E+03     0.2247298E+02
     0.1143404E+03     0.2246915E+02
     0.1143407E+03     0.2246249E+02
     0.1143442E+03     0.2246007E+02
     0.1143443E+03     0.2245801E+02
     0.1143428E+03     0.2245728E+02
END
8
     0.1142468E+03     0.2244853E+02
     0.1142425E+03     0.2244523E+02
     0.1142421E+03     0.2244866E+02
     0.1142502E+03     0.2245581E+02
     0.1142518E+03     0.2244758E+02
     0.1142488E+03     0.2244841E+02
     0.1142425E+03     0.2244523E+02
END
9
     0.1143102E+03     0.2235899E+02
     0.1143223E+03     0.2233856E+02
     0.1143178E+03     0.2234049E+02
     0.1143167E+03     0.2234038E+02
     0.1143085E+03     0.2233952E+02
     0.1143034E+03     0.2234281E+02
     0.1142997E+03     0.2234913E+02
     0.1143022E+03     0.2235564E+02
     0.1142960E+03     0.2237038E+02
     0.1142976E+03     0.2237411E+02
     0.1143018E+03     0.2237492E+02
     0.1143041E+03     0.2237224E+02
     0.1143134E+03     0.2237344E+02
     0.1143230E+03     0.2236937E+02
     0.1143286E+03     0.2236449E+02
     0.1143267E+03     0.2236259E+02
     0.1143183E+03     0.2236739E+02
     0.1143159E+03     0.2236640E+02
     0.1143187E+03     0.2236281E+02
     0.1143202E+03     0.2235642E+02
     0.1143267E+03     0.2234789E+02
     0.1143223E+03     0.2233856E+02
END
10
     0.1142899E+03     0.2236123E+02
     0.1142923E+03     0.2235097E+02
     0.1142847E+03     0.2236291E+02
     0.1142853E+03     0.2236637E+02
     0.1142889E+03     0.2236924E+02
     0.1142925E+03     0.2236591E+02
     0.1142955E+03     0.2235681E+02
     0.1142945E+03     0.2235126E+02
     0.1142923E+03     0.2235097E+02
END
11
     0.1143543E+03     0.2235147E+02
     0.1143510E+03     0.2233094E+02
     0.1143494E+03     0.2233250E+02
     0.1143501E+03     0.2233619E+02
     0.1143465E+03     0.2233861E+02
     0.1143488E+03     0.2234328E+02
     0.1143475E+03     0.2234557E+02
     0.1143451E+03     0.2234960E+02
     0.1143426E+03     0.2234538E+02
     0.1143362E+03     0.2234335E+02
     0.1143337E+03     0.2234603E+02
     0.1143346E+03     0.2235341E+02
     0.1143286E+03     0.2235759E+02
     0.1143289E+03     0.2236105E+02
     0.1143321E+03     0.2236161E+02
     0.1143350E+03     0.2236491E+02
     0.1143394E+03     0.2236459E+02
     0.1143440E+03     0.2236749E+02
     0.1143485E+03     0.2236716E+02
     0.1143549E+03     0.2236046E+02
     0.1143707E+03     0.2235405E+02
     0.1143750E+03     0.2235097E+02
     0.1143657E+03     0.2234770E+02
     0.1143617E+03     0.2234298E+02
     0.1143559E+03     0.2234533E+02
     0.1143547E+03     0.2234369E+02
     0.1143569E+03     0.2233847E+02
     0.1143536E+03     0.2233240E+02
     0.1143510E+03     0.2233094E+02
END
12
     0.1140937E+03     0.2234040E+02
     0.1140892E+03     0.2232002E+02
     0.1140869E+03     0.2232316E+02
     0.1140896E+03     0.2232945E+02
     0.1140860E+03     0.2233163E+02
     0.1140879E+03     0.2233583E+02
     0.1140814E+03     0.2233792E+02
     0.1140798E+03     0.2234660E+02
     0.1140747E+03     0.2235080E+02
     0.1140813E+03     0.2235285E+02
     0.1140882E+03     0.2235238E+02
     0.1140960E+03     0.2235631E+02
     0.1141027E+03     0.2235468E+02
     0.1141045E+03     0.2235267E+02
     0.1141022E+03     0.2234846E+02
     0.1141069E+03     0.2234149E+02
     0.1141009E+03     0.2232246E+02
     0.1140948E+03     0.2232295E+02
     0.1140892E+03     0.2232002E+02
END
13
     0.1140549E+03     0.2234390E+02
     0.1140557E+03     0.2233641E+02
     0.1140534E+03     0.2233932E+02
     0.1140497E+03     0.2234081E+02
     0.1140525E+03     0.2234457E+02
     0.1140526E+03     0.2234894E+02
     0.1140562E+03     0.2234975E+02
     0.1140582E+03     0.2234890E+02
     0.1140574E+03     0.2234496E+02
     0.1140593E+03     0.2233997E+02
     0.1140557E+03     0.2233641E+02
END
14
     0.1139517E+03     0.2227885E+02
     0.1140175E+03     0.2232346E+02
     0.1140204E+03     0.2232332E+02
     0.1140271E+03     0.2232928E+02
     0.1140358E+03     0.2233370E+02
     0.1140392E+03     0.2234346E+02
     0.1140427E+03     0.2234219E+02
     0.1140529E+03     0.2233356E+02
     0.1140537E+03     0.2233060E+02
     0.1140507E+03     0.2232614E+02
     0.1140528E+03     0.2232230E+02
     0.1140508E+03     0.2231764E+02
     0.1140519E+03     0.2231400E+02
     0.1140502E+03     0.2231165E+02
     0.1140384E+03     0.2231127E+02
     0.1140322E+03     0.2231865E+02
     0.1140305E+03     0.2231905E+02
     0.1140293E+03     0.2231672E+02
     0.1140331E+03     0.2230902E+02
     0.1140310E+03     0.2230436E+02
     0.1140271E+03     0.2230447E+02
     0.1140222E+03     0.2230799E+02
     0.1140178E+03     0.2230738E+02
     0.1140154E+03     0.2230517E+02
     0.1140123E+03     0.2230238E+02
     0.1140123E+03     0.2229778E+02
     0.1140087E+03     0.2229399E+02
     0.1140100E+03     0.2229243E+02
     0.1140127E+03     0.2229228E+02
     0.1140170E+03     0.2229518E+02
     0.1140195E+03     0.2229457E+02
     0.1140216E+03     0.2229142E+02
     0.1140196E+03     0.2228722E+02
     0.1140133E+03     0.2228357E+02
     0.1140126E+03     0.2228125E+02
     0.1140163E+03     0.2227654E+02
     0.1140188E+03     0.2226767E+02
     0.1140177E+03     0.2226327E+02
     0.1140146E+03     0.2226110E+02
     0.1140059E+03     0.2226173E+02
     0.1140000E+03     0.2226427E+02
     0.1139960E+03     0.2226705E+02
     0.1139908E+03     0.2226433E+02
     0.1139886E+03     0.2226027E+02
     0.1139923E+03     0.2225849E+02
     0.1140000E+03     0.2225237E+02
     0.1140032E+03     0.2225017E+02
     0.1140042E+03     0.2224950E+02
     0.1140050E+03     0.2224677E+02
     0.1140024E+03     0.2224301E+02
     0.1140000E+03     0.2224156E+02
     0.1139980E+03     0.2224465E+02
     0.1139943E+03     0.2224065E+02
     0.1140000E+03     0.2222773E+02
     0.1140025E+03     0.2222876E+02
     0.1140058E+03     0.2222497E+02
     0.1140110E+03     0.2222513E+02
     0.1140121E+03     0.2222287E+02
     0.1140026E+03     0.2221222E+02
     0.1140000E+03     0.2221173E+02
     0.1139947E+03     0.2221686E+02
     0.1139893E+03     0.2221334E+02
     0.1139869E+03     0.2221174E+02
     0.1139804E+03     0.2221589E+02
     0.1139792E+03     0.2222359E+02
     0.1139743E+03     0.2222933E+02
     0.1139769E+03     0.2223400E+02
     0.1139766E+03     0.2223711E+02
     0.1139738E+03     0.2223845E+02
     0.1139673E+03     0.2223701E+02
     0.1139582E+03     0.2223174E+02
     0.1139473E+03     0.2223231E+02
     0.1139372E+03     0.2222893E+02
     0.1139281E+03     0.2222283E+02
     0.1139203E+03     0.2222206E+02
     0.1139183E+03     0.2221593E+02
     0.1139274E+03     0.2221665E+02
     0.1139272E+03     0.2221005E+02
     0.1139204E+03     0.2220717E+02
     0.1139167E+03     0.2220936E+02
     0.1139136E+03     0.2220828E+02
     0.1139113E+03     0.2220748E+02
     0.1139078E+03     0.2220780E+02
     0.1139015E+03     0.2221050E+02
     0.1138961E+03     0.2221522E+02
     0.1138933E+03     0.2222214E+02
     0.1138797E+03     0.2221536E+02
     0.1138768E+03     0.2220884E+02
     0.1138712E+03     0.2220820E+02
     0.1138670E+03     0.2220235E+02
     0.1138613E+03     0.2220398E+02
     0.1138536E+03     0.2220155E+02
     0.1138514E+03     0.2219604E+02
     0.1138453E+03     0.2219687E+02
     0.1138469E+03     0.2219991E+02
     0.1138464E+03     0.2220262E+02
     0.1138414E+03     0.2220754E+02
     0.1138423E+03     0.2221288E+02
     0.1138377E+03     0.2222689E+02
     0.1138436E+03     0.2223326E+02
     0.1138501E+03     0.2223020E+02
     0.1138519E+03     0.2223282E+02
     0.1138506E+03     0.2223927E+02
     0.1138519E+03     0.2224254E+02
     0.1138598E+03     0.2224559E+02
     0.1138601E+03     0.2224847E+02
     0.1138576E+03     0.2225289E+02
     0.1138514E+03     0.2225289E+02
     0.1138583E+03     0.2225990E+02
     0.1138629E+03     0.2225912E+02
     0.1138653E+03     0.2226256E+02
     0.1138796E+03     0.2227036E+02
     0.1138842E+03     0.2226917E+02
     0.1138831E+03     0.2227602E+02
     0.1138960E+03     0.2228221E+02
     0.1139034E+03     0.2229002E+02
     0.1139089E+03     0.2228901E+02
     0.1139134E+03     0.2229072E+02
     0.1139183E+03     0.2229035E+02
     0.1139195E+03     0.2228904E+02
     0.1139253E+03     0.2228246E+02
     0.1139275E+03     0.2228177E+02
     0.1139295E+03     0.2228708E+02
     0.1139326E+03     0.2228821E+02
     0.1139423E+03     0.2228582E+02
     0.1139551E+03     0.2229387E+02
     0.1139649E+03     0.2229663E+02
     0.1139759E+03     0.2229399E+02
     0.1139780E+03     0.2229495E+02
     0.1139798E+03     0.2230171E+02
     0.1139834E+03     0.2230448E+02
     0.1139881E+03     0.2230432E+02
     0.1139913E+03     0.2230607E+02
     0.1139972E+03     0.2231621E+02
     0.1140000E+03     0.2231637E+02
     0.1140070E+03     0.2231967E+02
     0.1140162E+03     0.2233054E+02
     0.1140187E+03     0.2233085E+02
     0.1140198E+03     0.2232721E+02
     0.1140175E+03     0.2232346E+02
END
15
     0.1143219E+03     0.2232894E+02
     0.1143269E+03     0.2232124E+02
     0.1143187E+03     0.2232237E+02
     0.1143167E+03     0.2232392E+02
     0.1143178E+03     0.2232694E+02
     0.1143144E+03     0.2233303E+02
     0.1143168E+03     0.2233495E+02
     0.1143245E+03     0.2233403E+02
     0.1143287E+03     0.2232589E+02
     0.1143269E+03     0.2232124E+02
END
16
     0.1139330E+03     0.2230792E+02
     0.1139349E+03     0.2229020E+02
     0.1139269E+03     0.2230556E+02
     0.1139310E+03     0.2231597E+02
     0.1139366E+03     0.2231578E+02
     0.1139408E+03     0.2232081E+02
     0.1139437E+03     0.2232174E+02
     0.1139442E+03     0.2231862E+02
     0.1139391E+03     0.2231280E+02
     0.1139349E+03     0.2229020E+02
END
17
     0.1143468E+03     0.2231571E+02
     0.1143419E+03     0.2230883E+02
     0.1143410E+03     0.2231179E+02
     0.1143447E+03     0.2231972E+02
     0.1143513E+03     0.2232107E+02
     0.1143538E+03     0.2232000E+02
     0.1143468E+03     0.2231036E+02
     0.1143419E+03     0.2230883E+02
END
18
     0.1143625E+03     0.2231069E+02
     0.1143636E+03     0.2230122E+02
     0.1143568E+03     0.2231365E+02
     0.1143588E+03     0.2231808E+02
     0.1143608E+03     0.2231745E+02
     0.1143686E+03     0.2230827E+02
     0.1143636E+03     0.2230122E+02
END
19
     0.1141353E+03     0.2231399E+02
     0.1141380E+03     0.2230962E+02
     0.1141351E+03     0.2231229E+02
     0.1141289E+03     0.2231370E+02
     0.1141269E+03     0.2231616E+02
     0.1141295E+03     0.2231739E+02
     0.1141429E+03     0.2231506E+02
     0.1141380E+03     0.2230962E+02
END
20
     0.1141921E+03     0.2224782E+02
     0.1141439E+03     0.2224225E+02
     0.1141376E+03     0.2224504E+02
     0.1141339E+03     0.2224424E+02
     0.1141271E+03     0.2225528E+02
     0.1141243E+03     0.2225657E+02
     0.1141150E+03     0.2226845E+02
     0.1141146E+03     0.2227212E+02
     0.1141170E+03     0.2227541E+02
     0.1141284E+03     0.2228076E+02
     0.1141337E+03     0.2228329E+02
     0.1141426E+03     0.2228495E+02
     0.1141497E+03     0.2228472E+02
     0.1141694E+03     0.2227868E+02
     0.1141795E+03     0.2227922E+02
     0.1141847E+03     0.2228099E+02
     0.1141911E+03     0.2228808E+02
     0.1142003E+03     0.2229090E+02
     0.1142043E+03     0.2229057E+02
     0.1142112E+03     0.2228320E+02
     0.1142177E+03     0.2228202E+02
     0.1142214E+03     0.2227617E+02
     0.1142249E+03     0.2227467E+02
     0.1142280E+03     0.2227821E+02
     0.1142331E+03     0.2227883E+02
     0.1142369E+03     0.2227734E+02
     0.1142336E+03     0.2227310E+02
     0.1142382E+03     0.2227097E+02
     0.1142348E+03     0.2226579E+02
     0.1142352E+03     0.2226166E+02
     0.1142421E+03     0.2226096E+02
     0.1142527E+03     0.2225554E+02
     0.1142524E+03     0.2224450E+02
     0.1142509E+03     0.2224285E+02
     0.1142467E+03     0.2224318E+02
     0.1142441E+03     0.2223988E+02
     0.1142485E+03     0.2223565E+02
     0.1142484E+03     0.2223128E+02
     0.1142531E+03     0.2222936E+02
     0.1142535E+03     0.2222753E+02
     0.1142476E+03     0.2222551E+02
     0.1142467E+03     0.2222204E+02
     0.1142517E+03     0.2221530E+02
     0.1142524E+03     0.2220935E+02
     0.1142562E+03     0.2220648E+02
     0.1142514E+03     0.2220357E+02
     0.1142380E+03     0.2220431E+02
     0.1142372E+03     0.2221186E+02
     0.1142314E+03     0.2221651E+02
     0.1142280E+03     0.2224191E+02
     0.1142244E+03     0.2224754E+02
     0.1142229E+03     0.2224657E+02
     0.1142210E+03     0.2223847E+02
     0.1142253E+03     0.2222941E+02
     0.1142246E+03     0.2222709E+02
     0.1142187E+03     0.2222691E+02
     0.1142142E+03     0.2222172E+02
     0.1142110E+03     0.2222116E+02
     0.1142096E+03     0.2221859E+02
     0.1142115E+03     0.2221497E+02
     0.1142170E+03     0.2221124E+02
     0.1142174E+03     0.2220872E+02
     0.1142151E+03     0.2220382E+02
     0.1142192E+03     0.2219775E+02
     0.1142169E+03     0.2219377E+02
     0.1142091E+03     0.2219260E+02
     0.1142053E+03     0.2219593E+02
     0.1142083E+03     0.2220039E+02
     0.1142071E+03     0.2220606E+02
     0.1142089E+03     0.2221052E+02
     0.1142071E+03     0.2221368E+02
     0.1142026E+03     0.2221561E+02
     0.1142011E+03     0.2220936E+02
     0.1141937E+03     0.2220752E+02
     0.1141927E+03     0.2220840E+02
     0.1141960E+03     0.2221356E+02
     0.1141895E+03     0.2222094E+02
     0.1141942E+03     0.2222270E+02
     0.1141927E+03     0.2223046E+02
     0.1141904E+03     0.2223269E+02
     0.1141839E+03     0.2223386E+02
     0.1141807E+03     0.2224043E+02
     0.1141750E+03     0.2223979E+02
     0.1141690E+03     0.2222857E+02
     0.1141651E+03     0.2222776E+02
     0.1141615E+03     0.2223845E+02
     0.1141595E+03     0.2224022E+02
     0.1141599E+03     0.2224322E+02
     0.1141566E+03     0.2224495E+02
     0.1141439E+03     0.2224225E+02
END
21
     0.1140359E+03     0.2228130E+02
     0.1140345E+03     0.2227576E+02
     0.1140316E+03     0.2228233E+02
     0.1140339E+03     0.2228562E+02
     0.1140369E+03     0.2228548E+02
     0.1140404E+03     0.2228353E+02
     0.1140393E+03     0.2227959E+02
     0.1140409E+03     0.2227757E+02
     0.1140345E+03     0.2227576E+02
END
22
     0.1140347E+03     0.2224596E+02
     0.1140392E+03     0.2223639E+02
     0.1140362E+03     0.2223675E+02
     0.1140290E+03     0.2224685E+02
     0.1140232E+03     0.2225011E+02
     0.1140240E+03     0.2225290E+02
     0.1140262E+03     0.2225343E+02
     0.1140382E+03     0.2224991E+02
     0.1140400E+03     0.2224790E+02
     0.1140392E+03     0.2223639E+02
END
23
     0.1142870E+03     0.2224446E+02
     0.1142853E+03     0.2223449E+02
     0.1142774E+03     0.2224229E+02
     0.1142788E+03     0.2224969E+02
     0.1142871E+03     0.2225224E+02
     0.1142916E+03     0.2225169E+02
     0.1142980E+03     0.2224545E+02
     0.1142929E+03     0.2224254E+02
     0.1142937E+03     0.2223958E+02
     0.1142916E+03     0.2223721E+02
     0.1142886E+03     0.2223781E+02
     0.1142853E+03     0.2223449E+02
END
24
     0.1141525E+03     0.2223531E+02
     0.1141439E+03     0.2224225E+02
     0.1141546E+03     0.2223869E+02
     0.1141572E+03     0.2223532E+02
     0.1141585E+03     0.2222640E+02
     0.1141486E+03     0.2223390E+02
     0.1141439E+03     0.2224225E+02
END
25
     0.1141260E+03     0.2219398E+02
     0.1141231E+03     0.2217634E+02
     0.1141203E+03     0.2217786E+02
     0.1141129E+03     0.2217854E+02
     0.1141088E+03     0.2218140E+02
     0.1141129E+03     0.2218530E+02
     0.1141148E+03     0.2218710E+02
     0.1141169E+03     0.2219774E+02
     0.1141151E+03     0.2221239E+02
     0.1141125E+03     0.2221598E+02
     0.1141093E+03     0.2221657E+02
     0.1141005E+03     0.2221399E+02
     0.1141011E+03     0.2221700E+02
     0.1141059E+03     0.2222106E+02
     0.1141034E+03     0.2222304E+02
     0.1141047E+03     0.2222585E+02
     0.1141027E+03     0.2222831E+02
     0.1141041E+03     0.2223088E+02
     0.1141102E+03     0.2223085E+02
     0.1141183E+03     0.2223294E+02
     0.1141192E+03     0.2222286E+02
     0.1141239E+03     0.2221497E+02
     0.1141276E+03     0.2221462E+02
     0.1141296E+03     0.2221974E+02
     0.1141316E+03     0.2222026E+02
     0.1141327E+03     0.2221571E+02
     0.1141313E+03     0.2220922E+02
     0.1141249E+03     0.2220696E+02
     0.1141227E+03     0.2220114E+02
     0.1141249E+03     0.2219983E+02
     0.1141293E+03     0.2220319E+02
     0.1141352E+03     0.2220314E+02
     0.1141441E+03     0.2220802E+02
     0.1141500E+03     0.2220821E+02
     0.1141571E+03     0.2220407E+02
     0.1141542E+03     0.2220122E+02
     0.1141461E+03     0.2220096E+02
     0.1141425E+03     0.2219832E+02
     0.1141369E+03     0.2219677E+02
     0.1141358E+03     0.2219374E+02
     0.1141458E+03     0.2218142E+02
     0.1141450E+03     0.2217864E+02
     0.1141432E+03     0.2217881E+02
     0.1141317E+03     0.2218994E+02
     0.1141306E+03     0.2218600E+02
     0.1141333E+03     0.2218034E+02
     0.1141324E+03     0.2217801E+02
     0.1141274E+03     0.2218061E+02
     0.1141231E+03     0.2217634E+02
END
26
     0.1140238E+03     0.2220144E+02
     0.1140151E+03     0.2219379E+02
     0.1140130E+03     0.2219694E+02
     0.1140156E+03     0.2220138E+02
     0.1140205E+03     0.2220200E+02
     0.1140217E+03     0.2220388E+02
     0.1140190E+03     0.2221000E+02
     0.1140207E+03     0.2221626E+02
     0.1140283E+03     0.2221834E+02
     0.1140298E+03     0.2221678E+02
     0.1140261E+03     0.2220977E+02
     0.1140267E+03     0.2220703E+02
     0.1140337E+03     0.2219898E+02
     0.1140323E+03     0.2219779E+02
     0.1140238E+03     0.2219843E+02
     0.1140206E+03     0.2219419E+02
     0.1140151E+03     0.2219379E+02
END
27
     0.1139861E+03     0.2219577E+02
     0.1139904E+03     0.2218764E+02
     0.1139869E+03     0.2218818E+02
     0.1139814E+03     0.2219374E+02
     0.1139809E+03     0.2219831E+02
     0.1139846E+03     0.2220211E+02
     0.1139883E+03     0.2220095E+02
     0.1139914E+03     0.2219526E+02
     0.1139926E+03     0.2219109E+02
     0.1139904E+03     0.2218764E+02
END
28
     0.1139101E+03     0.2218135E+02
     0.1139052E+03     0.2218660E+02
     0.1139093E+03     0.2218315E+02
     0.1139165E+03     0.2218105E+02
     0.1139156E+03     0.2217901E+02
     0.1139045E+03     0.2217897E+02
     0.1139052E+03     0.2218660E+02
END
29
     0.1142463E+03     0.2218212E+02
     0.1142427E+03     0.2217642E+02
     0.1142393E+03     0.2217654E+02
     0.1142401E+03     0.2218599E+02
     0.1142512E+03     0.2218656E+02
     0.1142545E+03     0.2218506E+02
     0.1142517E+03     0.2217991E+02
     0.1142427E+03     0.2217642E+02
END
30
     0.1142581E+03     0.2216749E+02
     0.1142512E+03     0.2215324E+02
     0.1142478E+03     0.2215865E+02
     0.1142494E+03     0.2216169E+02
     0.1142461E+03     0.2216457E+02
     0.1142465E+03     0.2216734E+02
     0.1142535E+03     0.2217055E+02
     0.1142616E+03     0.2217861E+02
     0.1142703E+03     0.2216992E+02
     0.1142687E+03     0.2216574E+02
     0.1142714E+03     0.2215939E+02
     0.1142648E+03     0.2215895E+02
     0.1142595E+03     0.2216086E+02
     0.1142544E+03     0.2215380E+02
     0.1142512E+03     0.2215324E+02
END
31
     0.1139074E+03     0.2216103E+02
     0.1139023E+03     0.2215651E+02
     0.1138995E+03     0.2215991E+02
     0.1139016E+03     0.2216191E+02
     0.1139092E+03     0.2216331E+02
     0.1139080E+03     0.2216727E+02
     0.1139108E+03     0.2217049E+02
     0.1139139E+03     0.2217100E+02
     0.1139169E+03     0.2216822E+02
     0.1139149E+03     0.2216146E+02
     0.1139067E+03     0.2215719E+02
     0.1139023E+03     0.2215651E+02
END
END
