hungary
1
     0.1825793E+02     0.4714830E+02
     0.1949685E+02     0.4810963E+02
     0.1949807E+02     0.4811967E+02
     0.1950229E+02     0.4812513E+02
     0.1950351E+02     0.4813746E+02
     0.1950379E+02     0.4814032E+02
     0.1951876E+02     0.4815087E+02
     0.1952075E+02     0.4815806E+02
     0.1951911E+02     0.4817723E+02
     0.1952528E+02     0.4818370E+02
     0.1953015E+02     0.4819950E+02
     0.1953697E+02     0.4820966E+02
     0.1954678E+02     0.4821745E+02
     0.1956107E+02     0.4821833E+02
     0.1958701E+02     0.4821585E+02
     0.1959027E+02     0.4821737E+02
     0.1960585E+02     0.4822243E+02
     0.1962193E+02     0.4823599E+02
     0.1963655E+02     0.4824422E+02
     0.1964879E+02     0.4824426E+02
     0.1967157E+02     0.4824102E+02
     0.1969153E+02     0.4823696E+02
     0.1969517E+02     0.4823132E+02
     0.1969560E+02     0.4822031E+02
     0.1970455E+02     0.4821107E+02
     0.1971662E+02     0.4820786E+02
     0.1972924E+02     0.4820793E+02
     0.1975069E+02     0.4821499E+02
     0.1976412E+02     0.4821640E+02
     0.1977635E+02     0.4821189E+02
     0.1979034E+02     0.4820098E+02
     0.1980168E+02     0.4819577E+02
     0.1980458E+02     0.4818814E+02
     0.1979888E+02     0.4817938E+02
     0.1979109E+02     0.4817180E+02
     0.1979391E+02     0.4816482E+02
     0.1980066E+02     0.4815741E+02
     0.1981118E+02     0.4815864E+02
     0.1982877E+02     0.4816547E+02
     0.1983648E+02     0.4816590E+02
     0.1984668E+02     0.4816972E+02
     0.1985094E+02     0.4817450E+02
     0.1985777E+02     0.4817422E+02
     0.1986403E+02     0.4817068E+02
     0.1987657E+02     0.4817137E+02
     0.1988877E+02     0.4816685E+02
     0.1990531E+02     0.4815868E+02
     0.1991725E+02     0.4814829E+02
     0.1991210E+02     0.4814282E+02
     0.1990671E+02     0.4813148E+02
     0.1991119E+02     0.4812653E+02
     0.1991978E+02     0.4812766E+02
     0.1993207E+02     0.4813028E+02
     0.1994477E+02     0.4813747E+02
     0.1996005E+02     0.4814739E+02
     0.1997703E+02     0.4815936E+02
     0.1999730E+02     0.4816825E+02
     0.2000000E+02     0.4816925E+02
     0.2000751E+02     0.4817205E+02
     0.2002190E+02     0.4817347E+02
     0.2003204E+02     0.4817791E+02
     0.2005160E+02     0.4816858E+02
     0.2008331E+02     0.4817937E+02
     0.2007162E+02     0.4818783E+02
     0.2007204E+02     0.4819240E+02
     0.2007961E+02     0.4819410E+02
     0.2009161E+02     0.4819928E+02
     0.2011103E+02     0.4820746E+02
     0.2012919E+02     0.4821816E+02
     0.2014453E+02     0.4822806E+02
     0.2014918E+02     0.4823804E+02
     0.2014908E+02     0.4824712E+02
     0.2014702E+02     0.4826455E+02
     0.2014850E+02     0.4826852E+02
     0.2015719E+02     0.4826897E+02
     0.2016627E+02     0.4826620E+02
     0.2017877E+02     0.4825907E+02
     0.2019387E+02     0.4825467E+02
     0.2020219E+02     0.4825835E+02
     0.2020530E+02     0.4826500E+02
     0.2021652E+02     0.4826884E+02
     0.2022938E+02     0.4826691E+02
     0.2024083E+02     0.4826880E+02
     0.2024491E+02     0.4827550E+02
     0.2024564E+02     0.4828593E+02
     0.2025010E+02     0.4828940E+02
     0.2025999E+02     0.4828797E+02
     0.2028023E+02     0.4828122E+02
     0.2030164E+02     0.4827259E+02
     0.2031614E+02     0.4827333E+02
     0.2032804E+02     0.4827978E+02
     0.2033846E+02     0.4829070E+02
     0.2034412E+02     0.4830072E+02
     0.2038557E+02     0.4834695E+02
     0.2039244E+02     0.4835509E+02
     0.2040914E+02     0.4836242E+02
     0.2041311E+02     0.4837041E+02
     0.2041134E+02     0.4837746E+02
     0.2040860E+02     0.4838446E+02
     0.2041286E+02     0.4838987E+02
     0.2042236E+02     0.4840073E+02
     0.2041947E+02     0.4840902E+02
     0.2041906E+02     0.4842133E+02
     0.2042974E+02     0.4843031E+02
     0.2043969E+02     0.4843729E+02
     0.2045584E+02     0.4844978E+02
     0.2047183E+02     0.4845512E+02
     0.2047068E+02     0.4846545E+02
     0.2047711E+02     0.4846901E+02
     0.2048984E+02     0.4847742E+02
     0.2049264E+02     0.4848730E+02
     0.2049692E+02     0.4849270E+02
     0.2050314E+02     0.4849820E+02
     0.2051192E+02     0.4850707E+02
     0.2051020E+02     0.4852256E+02
     0.2050052E+02     0.4853053E+02
     0.2049778E+02     0.4853753E+02
     0.2051103E+02     0.4854143E+02
     0.2052277E+02     0.4854136E+02
     0.2053313E+02     0.4853602E+02
     0.2054112E+02     0.4853447E+02
     0.2054603E+02     0.4854314E+02
     0.2055615E+02     0.4854883E+02
     0.2058736E+02     0.4854061E+02
     0.2059763E+02     0.4854500E+02
     0.2061423E+02     0.4854515E+02
     0.2062880E+02     0.4855494E+02
     0.2064825E+02     0.4855587E+02
     0.2065040E+02     0.4856311E+02
     0.2065394E+02     0.4856652E+02
     0.2066582E+02     0.4856514E+02
     0.2068354E+02     0.4856404E+02
     0.2069334E+02     0.4856385E+02
     0.2069605E+02     0.4856593E+02
     0.2070335E+02     0.4857082E+02
     0.2072364E+02     0.4857307E+02
     0.2074901E+02     0.4857362E+02
     0.2077528E+02     0.4857485E+02
     0.2079745E+02     0.4857783E+02
     0.2082353E+02     0.4858098E+02
     0.2084266E+02     0.4858511E+02
     0.2085326E+02     0.4857716E+02
     0.2085699E+02     0.4856954E+02
     0.2086551E+02     0.4856280E+02
     0.2087501E+02     0.4855610E+02
     0.2088604E+02     0.4855335E+02
     0.2089849E+02     0.4855587E+02
     0.2091553E+02     0.4856118E+02
     0.2093233E+02     0.4855935E+02
     0.2094168E+02     0.4855393E+02
     0.2094040E+02     0.4854739E+02
     0.2094922E+02     0.4854713E+02
     0.2096331E+02     0.4853350E+02
     0.2096320E+02     0.4852505E+02
     0.2096838E+02     0.4852205E+02
     0.2097713E+02     0.4852244E+02
     0.2099003E+02     0.4852042E+02
     0.2099664E+02     0.4852266E+02
     0.2100397E+02     0.4852753E+02
     0.2101168E+02     0.4852852E+02
     0.2102497E+02     0.4853236E+02
     0.2103385E+02     0.4853145E+02
     0.2104876E+02     0.4852887E+02
     0.2105887E+02     0.4852542E+02
     0.2106872E+02     0.4852456E+02
     0.2108051E+02     0.4852378E+02
     0.2110481E+02     0.4851511E+02
     0.2110401E+02     0.4850340E+02
     0.2110660E+02     0.4849703E+02
     0.2111955E+02     0.4849435E+02
     0.2113854E+02     0.4849971E+02
     0.2115264E+02     0.4851525E+02
     0.2116743E+02     0.4852367E+02
     0.2118008E+02     0.4852421E+02
     0.2119174E+02     0.4852471E+02
     0.2121276E+02     0.4852950E+02
     0.2121870E+02     0.4853884E+02
     0.2124192E+02     0.4854112E+02
     0.2125932E+02     0.4853278E+02
     0.2127933E+02     0.4852778E+02
     0.2129812E+02     0.4852533E+02
     0.2130492E+02     0.4852561E+02
     0.2131173E+02     0.4852590E+02
     0.2131015E+02     0.4853232E+02
     0.2131324E+02     0.4854088E+02
     0.2132127E+02     0.4854900E+02
     0.2132346E+02     0.4855687E+02
     0.2134158E+02     0.4856152E+02
     0.2136993E+02     0.4856139E+02
     0.2141361E+02     0.4856448E+02
     0.2142170E+02     0.4856157E+02
     0.2142930E+02     0.4856382E+02
     0.2143071E+02     0.4856971E+02
     0.2143372E+02     0.4857956E+02
     0.2144000E+02     0.4858566E+02
     0.2145180E+02     0.4858484E+02
     0.2146603E+02     0.4857893E+02
     0.2148541E+02     0.4856998E+02
     0.2149562E+02     0.4856520E+02
     0.2150198E+02     0.4855962E+02
     0.2151160E+02     0.4856130E+02
     0.2151602E+02     0.4855564E+02
     0.2152427E+02     0.4855078E+02
     0.2152709E+02     0.4854116E+02
     0.2153690E+02     0.4852988E+02
     0.2155299E+02     0.4851366E+02
     0.2157176E+02     0.4851116E+02
     0.2158675E+02     0.4850721E+02
     0.2159435E+02     0.4850945E+02
     0.2160660E+02     0.4851447E+02
     0.2161958E+02     0.4851109E+02
     0.2162707E+02     0.4850986E+02
     0.2163957E+02     0.4846147E+02
     0.2164895E+02     0.4844822E+02
     0.2165941E+02     0.4844003E+02
     0.2166717E+02     0.4843086E+02
     0.2167222E+02     0.4842093E+02
     0.2167831E+02     0.4839935E+02
     0.2171001E+02     0.4837907E+02
     0.2170851E+02     0.4837383E+02
     0.2170868E+02     0.4837189E+02
     0.2172577E+02     0.4836541E+02
     0.2172957E+02     0.4835518E+02
     0.2175818E+02     0.4835043E+02
     0.2178501E+02     0.4834366E+02
     0.2179362E+02     0.4834528E+02
     0.2179819E+02     0.4834869E+02
     0.2180304E+02     0.4834888E+02
     0.2180713E+02     0.4834644E+02
     0.2181888E+02     0.4834558E+02
     0.2182722E+02     0.4833876E+02
     0.2184478E+02     0.4834978E+02
     0.2184521E+02     0.4835628E+02
     0.2185416E+02     0.4836568E+02
     0.2186084E+02     0.4836723E+02
     0.2186973E+02     0.4836561E+02
     0.2187861E+02     0.4836399E+02
     0.2189311E+02     0.4836517E+02
     0.2191800E+02     0.4836996E+02
     0.2193989E+02     0.4837594E+02
     0.2195872E+02     0.4838375E+02
     0.2196561E+02     0.4838270E+02
     0.2197440E+02     0.4838237E+02
     0.2198583E+02     0.4838537E+02
     0.2199299E+02     0.4838109E+02
     0.2200136E+02     0.4838592E+02
     0.2201116E+02     0.4838498E+02
     0.2202347E+02     0.4838930E+02
     0.2203889E+02     0.4839114E+02
     0.2205104E+02     0.4838509E+02
     0.2205978E+02     0.4838539E+02
     0.2206912E+02     0.4839025E+02
     0.2208194E+02     0.4838811E+02
     0.2208909E+02     0.4838382E+02
     0.2209250E+02     0.4837746E+02
     0.2210589E+02     0.4838051E+02
     0.2211957E+02     0.4837969E+02
     0.2213036E+02     0.4838190E+02
     0.2213263E+02     0.4838469E+02
     0.2213842E+02     0.4838550E+02
     0.2214724E+02     0.4839439E+02
     0.2216310E+02     0.4839977E+02
     0.2217962E+02     0.4841270E+02
     0.2219523E+02     0.4841769E+02
     0.2221341E+02     0.4842349E+02
     0.2222919E+02     0.4842360E+02
     0.2223800E+02     0.4841898E+02
     0.2227772E+02     0.4841340E+02
     0.2228062E+02     0.4841026E+02
     0.2227677E+02     0.4840446E+02
     0.2226946E+02     0.4839951E+02
     0.2225527E+02     0.4839487E+02
     0.2224999E+02     0.4839041E+02
     0.2226447E+02     0.4838157E+02
     0.2227140E+02     0.4837279E+02
     0.2227480E+02     0.4836623E+02
     0.2227178E+02     0.4836263E+02
     0.2228255E+02     0.4835797E+02
     0.2229601E+02     0.4836023E+02
     0.2230960E+02     0.4836067E+02
     0.2232207E+02     0.4836411E+02
     0.2232725E+02     0.4836194E+02
     0.2232725E+02     0.4836194E+02
     0.2232294E+02     0.4832583E+02
     0.2232560E+02     0.4831993E+02
     0.2234113E+02     0.4830996E+02
     0.2234581E+02     0.4830479E+02
     0.2234543E+02     0.4828251E+02
     0.2234543E+02     0.4828251E+02
     0.2234618E+02     0.4828256E+02
     0.2235666E+02     0.4827564E+02
     0.2236442E+02     0.4826863E+02
     0.2236920E+02     0.4826515E+02
     0.2237477E+02     0.4825080E+02
     0.2238433E+02     0.4824384E+02
     0.2239445E+02     0.4824175E+02
     0.2240370E+02     0.4825173E+02
     0.2241356E+02     0.4825325E+02
     0.2243827E+02     0.4824980E+02
     0.2245455E+02     0.4825031E+02
     0.2246750E+02     0.4824648E+02
     0.2247901E+02     0.4825047E+02
     0.2249227E+02     0.4825512E+02
     0.2250222E+02     0.4825543E+02
     0.2250884E+02     0.4825140E+02
     0.2251017E+02     0.4824539E+02
     0.2250766E+02     0.4824229E+02
     0.2252320E+02     0.4824035E+02
     0.2252439E+02     0.4823615E+02
     0.2252395E+02     0.4822948E+02
     0.2253390E+02     0.4821647E+02
     0.2255140E+02     0.4821216E+02
     0.2256286E+02     0.4820343E+02
     0.2257493E+02     0.4819896E+02
     0.2258483E+02     0.4819987E+02
     0.2258704E+02     0.4819388E+02
     0.2257218E+02     0.4818617E+02
     0.2257534E+02     0.4817961E+02
     0.2258433E+02     0.4816717E+02
     0.2258834E+02     0.4816124E+02
     0.2259589E+02     0.4815663E+02
     0.2260454E+02     0.4814902E+02
     0.2260040E+02     0.4814345E+02
     0.2260175E+02     0.4813684E+02
     0.2260215E+02     0.4813079E+02
     0.2260071E+02     0.4812531E+02
     0.2260559E+02     0.4812001E+02
     0.2260148E+02     0.4811383E+02
     0.2260070E+02     0.4811199E+02
     0.2260091E+02     0.4810897E+02
     0.2260382E+02     0.4810867E+02
     0.2261515E+02     0.4809291E+02
     0.2261958E+02     0.4809276E+02
     0.2262325E+02     0.4809489E+02
     0.2262465E+02     0.4810268E+02
     0.2263140E+02     0.4810440E+02
     0.2264046E+02     0.4809930E+02
     0.2265082E+02     0.4809583E+02
     0.2267960E+02     0.4809198E+02
     0.2268770E+02     0.4809417E+02
     0.2269765E+02     0.4810120E+02
     0.2270716E+02     0.4810228E+02
     0.2271774E+02     0.4811114E+02
     0.2272888E+02     0.4811407E+02
     0.2273319E+02     0.4811734E+02
     0.2274142E+02     0.4811588E+02
     0.2274949E+02     0.4811898E+02
     0.2275561E+02     0.4811954E+02
     0.2276456E+02     0.4811717E+02
     0.2276986E+02     0.4811223E+02
     0.2277535E+02     0.4811140E+02
     0.2278031E+02     0.4811560E+02
     0.2278119E+02     0.4811950E+02
     0.2279239E+02     0.4812082E+02
     0.2281152E+02     0.4811998E+02
     0.2281270E+02     0.4811566E+02
     0.2280952E+02     0.4810921E+02
     0.2281028E+02     0.4810694E+02
     0.2281752E+02     0.4810476E+02
     0.2281924E+02     0.4811393E+02
     0.2282221E+02     0.4811673E+02
     0.2283176E+02     0.4811665E+02
     0.2283770E+02     0.4811263E+02
     0.2283904E+02     0.4810511E+02
     0.2284067E+02     0.4809599E+02
     0.2284008E+02     0.4809324E+02
     0.2284687E+02     0.4808442E+02
     0.2285213E+02     0.4808016E+02
     0.2285895E+02     0.4807981E+02
     0.2286313E+02     0.4807736E+02
     0.2287412E+02     0.4805490E+02
     0.2287793E+02     0.4805313E+02
     0.2288282E+02     0.4804936E+02
     0.2288949E+02     0.4804349E+02
     0.2288847E+02     0.4803076E+02
     0.2288520E+02     0.4802522E+02
     0.2287297E+02     0.4801884E+02
     0.2287211E+02     0.4801182E+02
     0.2289193E+02     0.4800000E+02
     0.2289193E+02     0.4800000E+02
     0.2285654E+02     0.4800000E+02
     0.2285654E+02     0.4800000E+02
     0.2285143E+02     0.4799436E+02
     0.2285193E+02     0.4798824E+02
     0.2285896E+02     0.4798235E+02
     0.2287243E+02     0.4797757E+02
     0.2288011E+02     0.4797171E+02
     0.2288753E+02     0.4796891E+02
     0.2289430E+02     0.4796608E+02
     0.2289846E+02     0.4796316E+02
     0.2290599E+02     0.4795905E+02
     0.2289523E+02     0.4795470E+02
     0.2288605E+02     0.4794689E+02
     0.2287757E+02     0.4793867E+02
     0.2286982E+02     0.4792960E+02
     0.2286409E+02     0.4791972E+02
     0.2286007E+02     0.4791298E+02
     0.2284613E+02     0.4790763E+02
     0.2282760E+02     0.4790255E+02
     0.2281415E+02     0.4789941E+02
     0.2280347E+02     0.4789417E+02
     0.2279465E+02     0.4789032E+02
     0.2278546E+02     0.4789086E+02
     0.2277895E+02     0.4789061E+02
     0.2277454E+02     0.4788869E+02
     0.2276999E+02     0.4788061E+02
     0.2276967E+02     0.4786873E+02
     0.2277561E+02     0.4786017E+02
     0.2278299E+02     0.4784991E+02
     0.2278397E+02     0.4784599E+02
     0.2277776E+02     0.4784224E+02
     0.2277089E+02     0.4783846E+02
     0.2276323E+02     0.4783641E+02
     0.2275481E+02     0.4783566E+02
     0.2274686E+02     0.4783711E+02
     0.2272796E+02     0.4783683E+02
     0.2272103E+02     0.4783392E+02
     0.2271486E+02     0.4782973E+02
     0.2270634E+02     0.4782238E+02
     0.2270105E+02     0.4781558E+02
     0.2269713E+02     0.4780796E+02
     0.2269144E+02     0.4779807E+02
     0.2268102E+02     0.4779020E+02
     0.2266797E+02     0.4778266E+02
     0.2265661E+02     0.4777827E+02
     0.2264622E+02     0.4777786E+02
     0.2262439E+02     0.4777393E+02
     0.2260830E+02     0.4777154E+02
     0.2259022E+02     0.4776951E+02
     0.2257459E+02     0.4776933E+02
     0.2255721E+02     0.4777435E+02
     0.2253871E+02     0.4778460E+02
     0.2252242E+02     0.4779186E+02
     0.2251416E+02     0.4779680E+02
     0.2249462E+02     0.4780393E+02
     0.2248001E+02     0.4780685E+02
     0.2245684E+02     0.4780328E+02
     0.2245252E+02     0.4780046E+02
     0.2244775E+02     0.4779544E+02
     0.2244407E+02     0.4778562E+02
     0.2243931E+02     0.4777312E+02
     0.2243556E+02     0.4775671E+02
     0.2243359E+02     0.4774960E+02
     0.2243345E+02     0.4774387E+02
     0.2242899E+02     0.4774281E+02
     0.2241783E+02     0.4774368E+02
     0.2240388E+02     0.4774662E+02
     0.2239410E+02     0.4774666E+02
     0.2237901E+02     0.4774780E+02
     0.2236510E+02     0.4775029E+02
     0.2235168E+02     0.4775457E+02
     0.2234223E+02     0.4775814E+02
     0.2233427E+02     0.4775956E+02
     0.2233168E+02     0.4775946E+02
     0.2232558E+02     0.4775481E+02
     0.2231904E+02     0.4774794E+02
     0.2231165E+02     0.4774324E+02
     0.2230349E+02     0.4773982E+02
     0.2229769E+02     0.4773914E+02
     0.2228823E+02     0.4773566E+02
     0.2228268E+02     0.4773235E+02
     0.2227801E+02     0.4772644E+02
     0.2227370E+02     0.4771659E+02
     0.2226811E+02     0.4770668E+02
     0.2225878E+02     0.4770189E+02
     0.2225075E+02     0.4769715E+02
     0.2224338E+02     0.4769245E+02
     0.2223709E+02     0.4768295E+02
     0.2223090E+02     0.4767257E+02
     0.2222162E+02     0.4766031E+02
     0.2221223E+02     0.4764936E+02
     0.2220373E+02     0.4764284E+02
     0.2220086E+02     0.4763876E+02
     0.2219706E+02     0.4763068E+02
     0.2219521E+02     0.4762269E+02
     0.2219287E+02     0.4761292E+02
     0.2219053E+02     0.4760314E+02
     0.2218342E+02     0.4759580E+02
     0.2217521E+02     0.4759325E+02
     0.2216558E+02     0.4759196E+02
     0.2215903E+02     0.4759255E+02
     0.2215105E+02     0.4759441E+02
     0.2214385E+02     0.4759497E+02
     0.2213802E+02     0.4759472E+02
     0.2213180E+02     0.4759181E+02
     0.2210867E+02     0.4756838E+02
     0.2209635E+02     0.4756125E+02
     0.2207490E+02     0.4755459E+02
     0.2206222E+02     0.4755140E+02
     0.2205116E+02     0.4754475E+02
     0.2203673E+02     0.4753268E+02
     0.2202942E+02     0.4752092E+02
     0.2202220E+02     0.4750829E+02
     0.2201847E+02     0.4749317E+02
     0.2201686E+02     0.4748298E+02
     0.2201718E+02     0.4747288E+02
     0.2202363E+02     0.4746657E+02
     0.2202818E+02     0.4745974E+02
     0.2203435E+02     0.4744946E+02
     0.2203746E+02     0.4743728E+02
     0.2203623E+02     0.4742315E+02
     0.2203327E+02     0.4740674E+02
     0.2202606E+02     0.4739411E+02
     0.2201749E+02     0.4738889E+02
     0.2200558E+02     0.4738484E+02
     0.2199143E+02     0.4738377E+02
     0.2197668E+02     0.4738223E+02
     0.2196074E+02     0.4737975E+02
     0.2194964E+02     0.4737397E+02
     0.2193949E+02     0.4736515E+02
     0.2193184E+02     0.4735733E+02
     0.2193046E+02     0.4734495E+02
     0.2192633E+02     0.4733421E+02
     0.2192513E+02     0.4733327E+02
     0.2191976E+02     0.4732863E+02
     0.2189177E+02     0.4731063E+02
     0.2188704E+02     0.4730602E+02
     0.2188598E+02     0.4729717E+02
     0.2188624E+02     0.4728135E+02
     0.2188397E+02     0.4727156E+02
     0.2188303E+02     0.4726800E+02
     0.2187291E+02     0.4725918E+02
     0.2187021E+02     0.4725378E+02
     0.2186417E+02     0.4724954E+02
     0.2185851E+02     0.4724136E+02
     0.2185715E+02     0.4723558E+02
     0.2186015E+02     0.4723131E+02
     0.2186595E+02     0.4722498E+02
     0.2187165E+02     0.4721952E+02
     0.2187491E+02     0.4721263E+02
     0.2187423E+02     0.4720644E+02
     0.2186747E+02     0.4719645E+02
     0.2186349E+02     0.4719099E+02
     0.2185432E+02     0.4718573E+02
     0.2183870E+02     0.4718060E+02
     0.2182876E+02     0.4717662E+02
     0.2182042E+02     0.4716964E+02
     0.2181744E+02     0.4716070E+02
     0.2181506E+02     0.4715223E+02
     0.2181473E+02     0.4714253E+02
     0.2180961E+02     0.4713569E+02
     0.2180602E+02     0.4713288E+02
     0.2180205E+02     0.4712742E+02
     0.2180078E+02     0.4712076E+02
     0.2179805E+02     0.4711579E+02
     0.2179322E+02     0.4711248E+02
     0.2177090E+02     0.4711012E+02
     0.2176149E+02     0.4710748E+02
     0.2175029E+02     0.4710343E+02
     0.2174116E+02     0.4709816E+02
     0.2173372E+02     0.4709517E+02
     0.2173220E+02     0.4709114E+02
     0.2172883E+02     0.4708614E+02
     0.2172317E+02     0.4707839E+02
     0.2171252E+02     0.4706908E+02
     0.2170609E+02     0.4706262E+02
     0.2169837E+02     0.4705609E+02
     0.2169360E+02     0.4705234E+02
     0.2168375E+02     0.4704791E+02
     0.2167376E+02     0.4704480E+02
     0.2166625E+02     0.4704268E+02
     0.2166230E+02     0.4703720E+02
     0.2166708E+02     0.4702819E+02
     0.2167831E+02     0.4701904E+02
     0.2168936E+02     0.4701165E+02
     0.2169420E+02     0.4700835E+02
     0.2169482E+02     0.4700222E+02
     0.2169266E+02     0.4699816E+02
     0.2168546E+02     0.4699297E+02
     0.2168198E+02     0.4698928E+02
     0.2168136E+02     0.4698265E+02
     0.2168455E+02     0.4697664E+02
     0.2168782E+02     0.4696975E+02
     0.2168583E+02     0.4696394E+02
     0.2168423E+02     0.4696078E+02
     0.2167216E+02     0.4695932E+02
     0.2166603E+02     0.4695639E+02
     0.2166345E+02     0.4695010E+02
     0.2165644E+02     0.4694316E+02
     0.2165228E+02     0.4693988E+02
     0.2163966E+02     0.4693752E+02
     0.2162564E+02     0.4693640E+02
     0.2162070E+02     0.4693440E+02
     0.2161585E+02     0.4693153E+02
     0.2161311E+02     0.4692699E+02
     0.2161319E+02     0.4691995E+02
     0.2161792E+02     0.4691138E+02
     0.2162075E+02     0.4690887E+02
     0.2162270E+02     0.4690236E+02
     0.2162104E+02     0.4689348E+02
     0.2162034E+02     0.4688772E+02
     0.2161681E+02     0.4687830E+02
     0.2161123E+02     0.4687011E+02
     0.2160803E+02     0.4686379E+02
     0.2160004E+02     0.4686032E+02
     0.2157440E+02     0.4685379E+02
     0.2156701E+02     0.4685079E+02
     0.2155592E+02     0.4684629E+02
     0.2154538E+02     0.4684269E+02
     0.2153818E+02     0.4683793E+02
     0.2153316E+02     0.4683064E+02
     0.2153215E+02     0.4682179E+02
     0.2153015E+02     0.4681024E+02
     0.2152531E+02     0.4679503E+02
     0.2151538E+02     0.4677957E+02
     0.2150368E+02     0.4676887E+02
     0.2149967E+02     0.4676427E+02
     0.2149753E+02     0.4676020E+02
     0.2149685E+02     0.4675444E+02
     0.2149845E+02     0.4675143E+02
     0.2150377E+02     0.4674950E+02
     0.2151256E+02     0.4674509E+02
     0.2152472E+02     0.4673908E+02
     0.2153609E+02     0.4673436E+02
     0.2153969E+02     0.4673057E+02
     0.2154005E+02     0.4672706E+02
     0.2153482E+02     0.4672196E+02
     0.2152849E+02     0.4671505E+02
     0.2151889E+02     0.4670885E+02
     0.2151307E+02     0.4670328E+02
     0.2150747E+02     0.4669551E+02
     0.2150602E+02     0.4669104E+02
     0.2150124E+02     0.4668772E+02
     0.2149733E+02     0.4668841E+02
     0.2149051E+02     0.4669247E+02
     0.2148391E+02     0.4669435E+02
     0.2147386E+02     0.4669253E+02
     0.2146390E+02     0.4668983E+02
     0.2145804E+02     0.4669086E+02
     0.2145021E+02     0.4669223E+02
     0.2144403E+02     0.4669016E+02
     0.2143739E+02     0.4668631E+02
     0.2143667E+02     0.4668098E+02
     0.2143714E+02     0.4667660E+02
     0.2144151E+02     0.4667154E+02
     0.2144774E+02     0.4666700E+02
     0.2145434E+02     0.4666513E+02
     0.2145802E+02     0.4666047E+02
     0.2145971E+02     0.4665659E+02
     0.2145435E+02     0.4665280E+02
     0.2144313E+02     0.4665004E+02
     0.2143181E+02     0.4664815E+02
     0.2142473E+02     0.4664251E+02
     0.2142356E+02     0.4663540E+02
     0.2142003E+02     0.4662642E+02
     0.2141536E+02     0.4662222E+02
     0.2140582E+02     0.4662174E+02
     0.2139756E+02     0.4662132E+02
     0.2139215E+02     0.4662413E+02
     0.2138300E+02     0.4663204E+02
     0.2137831E+02     0.4663401E+02
     0.2137000E+02     0.4663403E+02
     0.2136064E+02     0.4663179E+02
     0.2134870E+02     0.4662986E+02
     0.2133318E+02     0.4662555E+02
     0.2132851E+02     0.4662135E+02
     0.2132305E+02     0.4661270E+02
     0.2131718E+02     0.4660183E+02
     0.2131117E+02     0.4659227E+02
     0.2131310E+02     0.4658620E+02
     0.2131797E+02     0.4658249E+02
     0.2132475E+02     0.4657887E+02
     0.2132527E+02     0.4657405E+02
     0.2132270E+02     0.4656819E+02
     0.2131700E+02     0.4656173E+02
     0.2131230E+02     0.4655797E+02
     0.2131091E+02     0.4655305E+02
     0.2130762E+02     0.4654804E+02
     0.2129993E+02     0.4654236E+02
     0.2129327E+02     0.4653893E+02
     0.2128993E+02     0.4653436E+02
     0.2128375E+02     0.4652655E+02
     0.2127816E+02     0.4651921E+02
     0.2127384E+02     0.4651194E+02
     0.2127088E+02     0.4650386E+02
     0.2127056E+02     0.4649503E+02
     0.2127355E+02     0.4648505E+02
     0.2127954E+02     0.4648272E+02
     0.2129079E+02     0.4647889E+02
     0.2130244E+02     0.4647729E+02
     0.2131062E+02     0.4647242E+02
     0.2131454E+02     0.4646557E+02
     0.2131874E+02     0.4645609E+02
     0.2131921E+02     0.4645171E+02
     0.2131655E+02     0.4644673E+02
     0.2130887E+02     0.4644105E+02
     0.2130296E+02     0.4643678E+02
     0.2130085E+02     0.4643271E+02
     0.2130087E+02     0.4642654E+02
     0.2130075E+02     0.4642169E+02
     0.2129946E+02     0.4641589E+02
     0.2129512E+02     0.4641479E+02
     0.2128888E+02     0.4641359E+02
     0.2128172E+02     0.4641498E+02
     0.2127550E+02     0.4641951E+02
     0.2126309E+02     0.4642239E+02
     0.2125051E+02     0.4642086E+02
     0.2124612E+02     0.4642019E+02
     0.2123763E+02     0.4641623E+02
     0.2122797E+02     0.4641132E+02
     0.2121845E+02     0.4640509E+02
     0.2121464E+02     0.4639917E+02
     0.2120638E+02     0.4638728E+02
     0.2120029E+02     0.4636713E+02
     0.2119867E+02     0.4635867E+02
     0.2120245E+02     0.4635315E+02
     0.2120448E+02     0.4634620E+02
     0.2120081E+02     0.4633896E+02
     0.2119496E+02     0.4633424E+02
     0.2119033E+02     0.4633004E+02
     0.2118433E+02     0.4632091E+02
     0.2118529E+02     0.4631215E+02
     0.2117978E+02     0.4630436E+02
     0.2117320E+02     0.4630050E+02
     0.2116314E+02     0.4629952E+02
     0.2115613E+02     0.4629959E+02
     0.2114772E+02     0.4630091E+02
     0.2113610E+02     0.4630250E+02
     0.2112808E+02     0.4630032E+02
     0.2112141E+02     0.4629732E+02
     0.2111981E+02     0.4629459E+02
     0.2111484E+02     0.4628772E+02
     0.2111294E+02     0.4628188E+02
     0.2110924E+02     0.4627508E+02
     0.2110477E+02     0.4626955E+02
     0.2109830E+02     0.4626480E+02
     0.2108989E+02     0.4626038E+02
     0.2108392E+02     0.4625698E+02
     0.2107925E+02     0.4625320E+02
     0.2107157E+02     0.4624795E+02
     0.2106613E+02     0.4624545E+02
     0.2106108E+02     0.4624518E+02
     0.2104753E+02     0.4624710E+02
     0.2103756E+02     0.4625670E+02
     0.2103173E+02     0.4626344E+02
     0.2102706E+02     0.4626539E+02
     0.2101559E+02     0.4626566E+02
     0.2099674E+02     0.4626376E+02
     0.2098041E+02     0.4626199E+02
     0.2096958E+02     0.4626228E+02
     0.2095956E+02     0.4626659E+02
     0.2095172E+02     0.4627409E+02
     0.2094106E+02     0.4627836E+02
     0.2093270E+02     0.4627922E+02
     0.2092848E+02     0.4627723E+02
     0.2092592E+02     0.4627180E+02
     0.2092399E+02     0.4626641E+02
     0.2092039E+02     0.4626445E+02
     0.2090790E+02     0.4626817E+02
     0.2089280E+02     0.4627792E+02
     0.2088126E+02     0.4628434E+02
     0.2087158E+02     0.4628557E+02
     0.2085758E+02     0.4628568E+02
     0.2084505E+02     0.4628410E+02
     0.2083430E+02     0.4628200E+02
     0.2082012E+02     0.4627945E+02
     0.2080332E+02     0.4627451E+02
     0.2078937E+02     0.4626996E+02
     0.2077670E+02     0.4626373E+02
     0.2076607E+02     0.4625561E+02
     0.2075909E+02     0.4624718E+02
     0.2075523E+02     0.4623994E+02
     0.2075445E+02     0.4623111E+02
     0.2075681E+02     0.4622322E+02
     0.2076056E+02     0.4621590E+02
     0.2076209E+02     0.4620896E+02
     0.2076034E+02     0.4620535E+02
     0.2075244E+02     0.4620490E+02
     0.2074873E+02     0.4620570E+02
     0.2074071E+02     0.4620625E+02
     0.2073470E+02     0.4620516E+02
     0.2073019E+02     0.4620039E+02
     0.2072885E+02     0.4619328E+02
     0.2072643E+02     0.4618311E+02
     0.2071975E+02     0.4617219E+02
     0.2071370E+02     0.4616833E+02
     0.2070478E+02     0.4616431E+02
     0.2069563E+02     0.4616229E+02
     0.2069316E+02     0.4615863E+02
     0.2068651E+02     0.4615374E+02
     0.2067940E+02     0.4615283E+02
     0.2067070E+02     0.4615309E+02
     0.2066262E+02     0.4615112E+02
     0.2065681E+02     0.4614527E+02
     0.2064963E+02     0.4613883E+02
     0.2064538E+02     0.4613507E+02
     0.2063623E+02     0.4613606E+02
     0.2063128E+02     0.4613828E+02
     0.2061742E+02     0.4614552E+02
     0.2061037E+02     0.4615014E+02
     0.2060105E+02     0.4615562E+02
     0.2058288E+02     0.4616261E+02
     0.2055825E+02     0.4617524E+02
     0.2053480E+02     0.4618392E+02
     0.2051835E+02     0.4618849E+02
     0.2050339E+02     0.4619264E+02
     0.2049573E+02     0.4619018E+02
     0.2049352E+02     0.4618453E+02
     0.2049556E+02     0.4617963E+02
     0.2049790E+02     0.4617223E+02
     0.2049731E+02     0.4616517E+02
     0.2049092E+02     0.4615827E+02
     0.2047777E+02     0.4615348E+02
     0.2045733E+02     0.4614927E+02
     0.2044238E+02     0.4614738E+02
     0.2043067E+02     0.4614870E+02
     0.2041397E+02     0.4615525E+02
     0.2040350E+02     0.4615814E+02
     0.2038747E+02     0.4615920E+02
     0.2038012E+02     0.4616027E+02
     0.2037131E+02     0.4616728E+02
     0.2036682E+02     0.4616851E+02
     0.2035892E+02     0.4616805E+02
     0.2035134E+02     0.4616508E+02
     0.2034232E+02     0.4616203E+02
     0.2033265E+02     0.4615844E+02
     0.2031574E+02     0.4615492E+02
     0.2030146E+02     0.4615356E+02
     0.2028873E+02     0.4615128E+02
     0.2027650E+02     0.4614502E+02
     0.2027182E+02     0.4613620E+02
     0.2026995E+02     0.4612806E+02
     0.2025901E+02     0.4612890E+02
     0.2025088E+02     0.4613042E+02
     0.2024196E+02     0.4613239E+02
     0.2023124E+02     0.4613726E+02
     0.2022331E+02     0.4614281E+02
     0.2021508E+02     0.4615084E+02
     0.2020248E+02     0.4615911E+02
     0.2019362E+02     0.4616058E+02
     0.2018292E+02     0.4615943E+02
     0.2016914E+02     0.4615406E+02
     0.2016092E+02     0.4615055E+02
     0.2015518E+02     0.4615020E+02
     0.2013871E+02     0.4615471E+02
     0.2012888E+02     0.4615812E+02
     0.2012192E+02     0.4616171E+02
     0.2011666E+02     0.4616892E+02
     0.2010984E+02     0.4617704E+02
     0.2010313E+02     0.4617863E+02
     0.2009830E+02     0.4617683E+02
     0.2009359E+02     0.4617403E+02
     0.2008934E+02     0.4616774E+02
     0.2007528E+02     0.4615330E+02
     0.2007117E+02     0.4615154E+02
     0.2005135E+02     0.4614830E+02
     0.2004230E+02     0.4615125E+02
     0.2003794E+02     0.4615701E+02
     0.2003658E+02     0.4616195E+02
     0.2002995E+02     0.4616856E+02
     0.2001854E+02     0.4617287E+02
     0.2000000E+02     0.4617673E+02
     0.2000000E+02     0.4617673E+02
     0.1999475E+02     0.4617791E+02
     0.1996306E+02     0.4617693E+02
     0.1995224E+02     0.4617675E+02
     0.1994252E+02     0.4617362E+02
     0.1991207E+02     0.4616315E+02
     0.1989832E+02     0.4615776E+02
     0.1987460E+02     0.4615123E+02
     0.1985635E+02     0.4614705E+02
     0.1984554E+02     0.4614133E+02
     0.1983493E+02     0.4613412E+02
     0.1982568E+02     0.4613303E+02
     0.1981792E+02     0.4613705E+02
     0.1978740E+02     0.4614915E+02
     0.1977338E+02     0.4615126E+02
     0.1975981E+02     0.4615541E+02
     0.1973878E+02     0.4616661E+02
     0.1972499E+02     0.4617777E+02
     0.1970866E+02     0.4618626E+02
     0.1969913E+02     0.4618714E+02
     0.1968530E+02     0.4618775E+02
     0.1967401E+02     0.4619103E+02
     0.1966964E+02     0.4619125E+02
     0.1966430E+02     0.4618788E+02
     0.1965565E+02     0.4618229E+02
     0.1963587E+02     0.4617345E+02
     0.1961573E+02     0.4617263E+02
     0.1960098E+02     0.4617467E+02
     0.1958559E+02     0.4617617E+02
     0.1957521E+02     0.4617799E+02
     0.1956623E+02     0.4617488E+02
     0.1956350E+02     0.4617370E+02
     0.1955835E+02     0.4616381E+02
     0.1954446E+02     0.4615434E+02
     0.1953514E+02     0.4615372E+02
     0.1952238E+02     0.4615186E+02
     0.1951419E+02     0.4614830E+02
     0.1951130E+02     0.4614308E+02
     0.1951570E+02     0.4613734E+02
     0.1952318E+02     0.4613030E+02
     0.1952816E+02     0.4612561E+02
     0.1952698E+02     0.4611849E+02
     0.1952050E+02     0.4611303E+02
     0.1950458E+02     0.4610795E+02
     0.1948961E+02     0.4610644E+02
     0.1947993E+02     0.4610328E+02
     0.1947596E+02     0.4609547E+02
     0.1947191E+02     0.4608816E+02
     0.1946844E+02     0.4608189E+02
     0.1945711E+02     0.4607510E+02
     0.1945180E+02     0.4607173E+02
     0.1944312E+02     0.4606662E+02
     0.1943643E+02     0.4605762E+02
     0.1942581E+02     0.4605087E+02
     0.1941686E+02     0.4604775E+02
     0.1940699E+02     0.4604607E+02
     0.1939933E+02     0.4604404E+02
     0.1939474E+02     0.4604071E+02
     0.1938644E+02     0.4603814E+02
     0.1938259E+02     0.4603989E+02
     0.1937681E+02     0.4604502E+02
     0.1937418E+02     0.4604837E+02
     0.1936682E+02     0.4604937E+02
     0.1935952E+02     0.4604988E+02
     0.1934779E+02     0.4604606E+02
     0.1933554E+02     0.4604070E+02
     0.1932151E+02     0.4603270E+02
     0.1931207E+02     0.4602803E+02
     0.1930112E+02     0.4602375E+02
     0.1929440E+02     0.4602028E+02
     0.1929152E+02     0.4601505E+02
     0.1929694E+02     0.4600738E+02
     0.1930479E+02     0.4600289E+02
     0.1930821E+02     0.4599910E+02
     0.1930428E+02     0.4599632E+02
     0.1929428E+02     0.4599563E+02
     0.1928199E+02     0.4599579E+02
     0.1926306E+02     0.4599699E+02
     0.1925148E+02     0.4599720E+02
     0.1924020E+02     0.4600044E+02
     0.1923692E+02     0.4600323E+02
     0.1923027E+02     0.4600428E+02
     0.1921913E+02     0.4600149E+02
     0.1921098E+02     0.4599791E+02
     0.1920641E+02     0.4599457E+02
     0.1919347E+02     0.4599417E+02
     0.1917833E+02     0.4599412E+02
     0.1916111E+02     0.4599845E+02
     0.1915247E+02     0.4600338E+02
     0.1914596E+02     0.4600845E+02
     0.1914431E+02     0.4601487E+02
     0.1914474E+02     0.4602194E+02
     0.1914309E+02     0.4602837E+02
     0.1913787E+02     0.4603453E+02
     0.1913086E+02     0.4603807E+02
     0.1912321E+02     0.4604105E+02
     0.1911570E+02     0.4603801E+02
     0.1910770E+02     0.4603342E+02
     0.1909564E+02     0.4602201E+02
     0.1908708E+02     0.4601134E+02
     0.1908330E+02     0.4600756E+02
     0.1907702E+02     0.4600108E+02
     0.1907232E+02     0.4599371E+02
     0.1907905E+02     0.4598714E+02
     0.1908192E+02     0.4597728E+02
     0.1908171E+02     0.4597375E+02
     0.1907643E+02     0.4597036E+02
     0.1906580E+02     0.4596910E+02
     0.1905137E+02     0.4596909E+02
     0.1904066E+02     0.4596832E+02
     0.1902810E+02     0.4596542E+02
     0.1901869E+02     0.4596072E+02
     0.1901142E+02     0.4595618E+02
     0.1900000E+02     0.4595277E+02
     0.1899626E+02     0.4595086E+02
     0.1899367E+02     0.4594643E+02
     0.1899899E+02     0.4594194E+02
     0.1900000E+02     0.4593327E+02
     0.1899105E+02     0.4592765E+02
     0.1898226E+02     0.4593042E+02
     0.1896332E+02     0.4592433E+02
     0.1895608E+02     0.4592435E+02
     0.1894156E+02     0.4592765E+02
     0.1892191E+02     0.4593213E+02
     0.1891102E+02     0.4593193E+02
     0.1889572E+02     0.4592352E+02
     0.1887847E+02     0.4591524E+02
     0.1886875E+02     0.4591634E+02
     0.1886463E+02     0.4591018E+02
     0.1883525E+02     0.4590705E+02
     0.1882347E+02     0.4591495E+02
     0.1880949E+02     0.4590392E+02
     0.1880593E+02     0.4589702E+02
     0.1880903E+02     0.4588326E+02
     0.1880623E+02     0.4587954E+02
     0.1879508E+02     0.4587981E+02
     0.1877750E+02     0.4588853E+02
     0.1875707E+02     0.4589079E+02
     0.1873796E+02     0.4589799E+02
     0.1872329E+02     0.4590147E+02
     0.1869842E+02     0.4591503E+02
     0.1867700E+02     0.4591480E+02
     0.1866582E+02     0.4591230E+02
     0.1866231E+02     0.4590816E+02
     0.1866221E+02     0.4589737E+02
     0.1863970E+02     0.4588870E+02
     0.1863768E+02     0.4588331E+02
     0.1864668E+02     0.4587171E+02
     0.1862504E+02     0.4586964E+02
     0.1862291E+02     0.4585577E+02
     0.1861733E+02     0.4584831E+02
     0.1861555E+02     0.4583716E+02
     0.1860201E+02     0.4582907E+02
     0.1859653E+02     0.4581976E+02
     0.1858362E+02     0.4581392E+02
     0.1857445E+02     0.4580899E+02
     0.1857250E+02     0.4580153E+02
     0.1855886E+02     0.4579749E+02
     0.1855782E+02     0.4579718E+02
     0.1855767E+02     0.4579604E+02
     0.1854506E+02     0.4578994E+02
     0.1854518E+02     0.4579086E+02
     0.1853334E+02     0.4579068E+02
     0.1851979E+02     0.4578235E+02
     0.1850905E+02     0.4578050E+02
     0.1849477E+02     0.4578944E+02
     0.1849113E+02     0.4578921E+02
     0.1848504E+02     0.4578270E+02
     0.1847650E+02     0.4576715E+02
     0.1846544E+02     0.4576279E+02
     0.1845523E+02     0.4576251E+02
     0.1844755E+02     0.4574852E+02
     0.1844096E+02     0.4574571E+02
     0.1840461E+02     0.4574361E+02
     0.1840086E+02     0.4575027E+02
     0.1838496E+02     0.4576205E+02
     0.1836548E+02     0.4576372E+02
     0.1835373E+02     0.4575893E+02
     0.1834529E+02     0.4574659E+02
     0.1832690E+02     0.4575162E+02
     0.1829791E+02     0.4575593E+02
     0.1828943E+02     0.4575568E+02
     0.1828014E+02     0.4575541E+02
     0.1826258E+02     0.4576199E+02
     0.1824326E+02     0.4576225E+02
     0.1822147E+02     0.4577712E+02
     0.1820641E+02     0.4578089E+02
     0.1819728E+02     0.4578317E+02
     0.1818677E+02     0.4578311E+02
     0.1817457E+02     0.4577747E+02
     0.1817457E+02     0.4577747E+02
     0.1816965E+02     0.4577559E+02
     0.1816373E+02     0.4577813E+02
     0.1815724E+02     0.4578236E+02
     0.1815372E+02     0.4578530E+02
     0.1814378E+02     0.4578701E+02
     0.1812422E+02     0.4578658E+02
     0.1812051E+02     0.4578188E+02
     0.1810467E+02     0.4576758E+02
     0.1808899E+02     0.4576690E+02
     0.1806977E+02     0.4576917E+02
     0.1804250E+02     0.4577574E+02
     0.1802270E+02     0.4577967E+02
     0.1801954E+02     0.4577931E+02
     0.1800107E+02     0.4579407E+02
     0.1799481E+02     0.4579390E+02
     0.1799164E+02     0.4579355E+02
     0.1799080E+02     0.4579305E+02
     0.1797956E+02     0.4579045E+02
     0.1797040E+02     0.4579210E+02
     0.1795555E+02     0.4579190E+02
     0.1794373E+02     0.4579097E+02
     0.1793733E+02     0.4578971E+02
     0.1792706E+02     0.4578870E+02
     0.1791029E+02     0.4579187E+02
     0.1790241E+02     0.4579125E+02
     0.1788308E+02     0.4577986E+02
     0.1786854E+02     0.4576926E+02
     0.1786015E+02     0.4577085E+02
     0.1785391E+02     0.4578376E+02
     0.1783636E+02     0.4579353E+02
     0.1783431E+02     0.4580238E+02
     0.1783257E+02     0.4580739E+02
     0.1782683E+02     0.4581155E+02
     0.1782354E+02     0.4581011E+02
     0.1781843E+02     0.4580659E+02
     0.1781106E+02     0.4580374E+02
     0.1778827E+02     0.4581544E+02
     0.1776050E+02     0.4581816E+02
     0.1774836E+02     0.4582759E+02
     0.1771631E+02     0.4583381E+02
     0.1769666E+02     0.4583932E+02
     0.1767308E+02     0.4583795E+02
     0.1765852E+02     0.4584697E+02
     0.1765099E+02     0.4586921E+02
     0.1763730E+02     0.4589236E+02
     0.1761908E+02     0.4591031E+02
     0.1759491E+02     0.4592422E+02
     0.1757591E+02     0.4593566E+02
     0.1756212E+02     0.4593807E+02
     0.1753247E+02     0.4593865E+02
     0.1752644E+02     0.4594063E+02
     0.1750876E+02     0.4594325E+02
     0.1747326E+02     0.4594742E+02
     0.1744793E+02     0.4595155E+02
     0.1743777E+02     0.4595157E+02
     0.1743418E+02     0.4594823E+02
     0.1743715E+02     0.4593526E+02
     0.1743583E+02     0.4593491E+02
     0.1743034E+02     0.4593589E+02
     0.1743034E+02     0.4593589E+02
     0.1743173E+02     0.4593054E+02
     0.1742635E+02     0.4592647E+02
     0.1741811E+02     0.4592622E+02
     0.1741020E+02     0.4593812E+02
     0.1740422E+02     0.4594050E+02
     0.1739354E+02     0.4593005E+02
     0.1738756E+02     0.4592945E+02
     0.1738112E+02     0.4593370E+02
     0.1738130E+02     0.4594447E+02
     0.1737866E+02     0.4594737E+02
     0.1736953E+02     0.4594808E+02
     0.1735003E+02     0.4594407E+02
     0.1734404E+02     0.4594645E+02
     0.1733954E+02     0.4595356E+02
     0.1734109E+02     0.4596175E+02
     0.1735692E+02     0.4595609E+02
     0.1737191E+02     0.4595484E+02
     0.1738398E+02     0.4595695E+02
     0.1738754E+02     0.4596249E+02
     0.1736463E+02     0.4596349E+02
     0.1736117E+02     0.4596803E+02
     0.1736537E+02     0.4597033E+02
     0.1737011E+02     0.4598063E+02
     0.1736929E+02     0.4598526E+02
     0.1736226E+02     0.4599023E+02
     0.1735904E+02     0.4597869E+02
     0.1735537E+02     0.4597522E+02
     0.1734757E+02     0.4597609E+02
     0.1733381E+02     0.4598875E+02
     0.1733227E+02     0.4597759E+02
     0.1732142E+02     0.4596852E+02
     0.1731710E+02     0.4596806E+02
     0.1731376E+02     0.4597374E+02
     0.1731900E+02     0.4598264E+02
     0.1731695E+02     0.4598803E+02
     0.1730687E+02     0.4598306E+02
     0.1729716E+02     0.4598149E+02
     0.1729116E+02     0.4598686E+02
     0.1730255E+02     0.4599796E+02
     0.1729864E+02     0.4600138E+02
     0.1726188E+02     0.4600537E+02
     0.1725673E+02     0.4600954E+02
     0.1725644E+02     0.4601299E+02
     0.1725654E+02     0.4601391E+02
     0.1727008E+02     0.4602054E+02
     0.1728433E+02     0.4602141E+02
     0.1729401E+02     0.4602572E+02
     0.1728838E+02     0.4603151E+02
     0.1727497E+02     0.4603542E+02
     0.1726465E+02     0.4603436E+02
     0.1725492E+02     0.4602959E+02
     0.1725347E+02     0.4604068E+02
     0.1726158E+02     0.4604874E+02
     0.1726314E+02     0.4605417E+02
     0.1725890E+02     0.4605760E+02
     0.1724589E+02     0.4605920E+02
     0.1724023E+02     0.4606048E+02
     0.1725055E+02     0.4606583E+02
     0.1725324E+02     0.4606937E+02
     0.1724236E+02     0.4607865E+02
     0.1721997E+02     0.4608353E+02
     0.1721670E+02     0.4609144E+02
     0.1721818E+02     0.4609917E+02
     0.1721269E+02     0.4610955E+02
     0.1720339E+02     0.4611507E+02
     0.1719300E+02     0.4611354E+02
     0.1718379E+02     0.4611058E+02
     0.1717666E+02     0.4611805E+02
     0.1717549E+02     0.4612569E+02
     0.1717956E+02     0.4613924E+02
     0.1717428E+02     0.4615488E+02
     0.1716248E+02     0.4615869E+02
     0.1715608E+02     0.4617003E+02
     0.1713083E+02     0.4617154E+02
     0.1712638E+02     0.4617636E+02
     0.1710887E+02     0.4617931E+02
     0.1710158E+02     0.4618541E+02
     0.1708390E+02     0.4618676E+02
     0.1705043E+02     0.4620152E+02
     0.1702746E+02     0.4620932E+02
     0.1699808E+02     0.4622225E+02
     0.1697099E+02     0.4622543E+02
     0.1697207E+02     0.4623271E+02
     0.1696828E+02     0.4623771E+02
     0.1694284E+02     0.4624132E+02
     0.1694284E+02     0.4624132E+02
     0.1694002E+02     0.4625544E+02
     0.1693240E+02     0.4625514E+02
     0.1692637E+02     0.4625750E+02
     0.1692026E+02     0.4626217E+02
     0.1690743E+02     0.4627542E+02
     0.1690051E+02     0.4627875E+02
     0.1689859E+02     0.4627930E+02
     0.1689310E+02     0.4628371E+02
     0.1689029E+02     0.4629486E+02
     0.1688822E+02     0.4630046E+02
     0.1688136E+02     0.4632052E+02
     0.1688192E+02     0.4632920E+02
     0.1688275E+02     0.4633077E+02
     0.1689186E+02     0.4633260E+02
     0.1688056E+02     0.4633524E+02
     0.1687713E+02     0.4633724E+02
     0.1687652E+02     0.4634094E+02
     0.1686917E+02     0.4634337E+02
     0.1687144E+02     0.4634945E+02
     0.1687036E+02     0.4635179E+02
     0.1686437E+02     0.4635140E+02
     0.1685967E+02     0.4635393E+02
     0.1685570E+02     0.4636032E+02
     0.1684729E+02     0.4636211E+02
     0.1684153E+02     0.4636721E+02
     0.1684130E+02     0.4636813E+02
     0.1683521E+02     0.4636683E+02
     0.1683060E+02     0.4637027E+02
     0.1682433E+02     0.4637035E+02
     0.1682012E+02     0.4637445E+02
     0.1681431E+02     0.4637589E+02
     0.1681297E+02     0.4638214E+02
     0.1681078E+02     0.4638339E+02
     0.1680398E+02     0.4638488E+02
     0.1679465E+02     0.4638419E+02
     0.1678571E+02     0.4637751E+02
     0.1677635E+02     0.4638302E+02
     0.1677070E+02     0.4637618E+02
     0.1676607E+02     0.4637939E+02
     0.1676147E+02     0.4638626E+02
     0.1675056E+02     0.4638634E+02
     0.1674604E+02     0.4640054E+02
     0.1674207E+02     0.4640051E+02
     0.1673854E+02     0.4639838E+02
     0.1673473E+02     0.4639329E+02
     0.1672844E+02     0.4638993E+02
     0.1672359E+02     0.4639430E+02
     0.1671593E+02     0.4640704E+02
     0.1669485E+02     0.4643121E+02
     0.1668375E+02     0.4644274E+02
     0.1667347E+02     0.4644255E+02
     0.1666683E+02     0.4644562E+02
     0.1667134E+02     0.4644770E+02
     0.1667772E+02     0.4645198E+02
     0.1667634E+02     0.4645479E+02
     0.1667137E+02     0.4645801E+02
     0.1666112E+02     0.4646148E+02
     0.1664767E+02     0.4646281E+02
     0.1664767E+02     0.4646281E+02
     0.1659315E+02     0.4647387E+02
     0.1655052E+02     0.4648935E+02
     0.1654014E+02     0.4649532E+02
     0.1653472E+02     0.4649763E+02
     0.1652608E+02     0.4650100E+02
     0.1653464E+02     0.4650726E+02
     0.1653412E+02     0.4651232E+02
     0.1652492E+02     0.4652031E+02
     0.1652859E+02     0.4653091E+02
     0.1651972E+02     0.4653544E+02
     0.1651906E+02     0.4654945E+02
     0.1651773E+02     0.4654951E+02
     0.1650896E+02     0.4656205E+02
     0.1649091E+02     0.4656080E+02
     0.1648249E+02     0.4656668E+02
     0.1647836E+02     0.4657924E+02
     0.1645748E+02     0.4659393E+02
     0.1645256E+02     0.4659812E+02
     0.1643932E+02     0.4660941E+02
     0.1642571E+02     0.4661322E+02
     0.1641143E+02     0.4662761E+02
     0.1639881E+02     0.4663137E+02
     0.1639211E+02     0.4663075E+02
     0.1638490E+02     0.4664275E+02
     0.1639001E+02     0.4665124E+02
     0.1639175E+02     0.4665918E+02
     0.1639645E+02     0.4665966E+02
     0.1640381E+02     0.4665658E+02
     0.1641322E+02     0.4665754E+02
     0.1641843E+02     0.4666350E+02
     0.1641858E+02     0.4668296E+02
     0.1642155E+02     0.4668627E+02
     0.1642015E+02     0.4668908E+02
     0.1641100E+02     0.4669453E+02
     0.1638448E+02     0.4669570E+02
     0.1637272E+02     0.4669805E+02
     0.1637181E+02     0.4670267E+02
     0.1637661E+02     0.4671140E+02
     0.1636703E+02     0.4671938E+02
     0.1635753E+02     0.4671384E+02
     0.1634955E+02     0.4671762E+02
     0.1634358E+02     0.4673232E+02
     0.1633307E+02     0.4674126E+02
     0.1632837E+02     0.4674810E+02
     0.1632091E+02     0.4675393E+02
     0.1632220E+02     0.4676075E+02
     0.1632795E+02     0.4676897E+02
     0.1632711E+02     0.4677428E+02
     0.1631428E+02     0.4677621E+02
     0.1631045E+02     0.4678898E+02
     0.1631500E+02     0.4679496E+02
     0.1632962E+02     0.4679800E+02
     0.1633801E+02     0.4680587E+02
     0.1633634E+02     0.4681305E+02
     0.1633961E+02     0.4681981E+02
     0.1634458E+02     0.4683010E+02
     0.1634390E+02     0.4683723E+02
     0.1633872E+02     0.4684616E+02
     0.1632717E+02     0.4684758E+02
     0.1631577E+02     0.4685793E+02
     0.1631444E+02     0.4685799E+02
     0.1630253E+02     0.4685918E+02
     0.1629183E+02     0.4686996E+02
     0.1628144E+02     0.4687315E+02
     0.1625791E+02     0.4687508E+02
     0.1624456E+02     0.4687519E+02
     0.1623446E+02     0.4687791E+02
     0.1621721E+02     0.4687178E+02
     0.1619223E+02     0.4686872E+02
     0.1617950E+02     0.4686078E+02
     0.1616074E+02     0.4685997E+02
     0.1614366E+02     0.4685564E+02
     0.1613313E+02     0.4685723E+02
     0.1612347E+02     0.4686130E+02
     0.1611189E+02     0.4687151E+02
     0.1613437E+02     0.4688260E+02
     0.1614341E+02     0.4689047E+02
     0.1615885E+02     0.4690631E+02
     0.1617277E+02     0.4691260E+02
     0.1617474E+02     0.4691595E+02
     0.1620027E+02     0.4694350E+02
     0.1622027E+02     0.4694655E+02
     0.1622615E+02     0.4694881E+02
     0.1623019E+02     0.4695276E+02
     0.1623630E+02     0.4695396E+02
     0.1623549E+02     0.4695963E+02
     0.1624288E+02     0.4696367E+02
     0.1626683E+02     0.4696562E+02
     0.1627265E+02     0.4697477E+02
     0.1627013E+02     0.4698747E+02
     0.1627604E+02     0.4699729E+02
     0.1628425E+02     0.4701390E+02
     0.1629173E+02     0.4701517E+02
     0.1629971E+02     0.4700727E+02
     0.1630800E+02     0.4700279E+02
     0.1631936E+02     0.4700620E+02
     0.1633761E+02     0.4700449E+02
     0.1635708E+02     0.4700868E+02
     0.1637027E+02     0.4701016E+02
     0.1638089E+02     0.4700558E+02
     0.1639514E+02     0.4700404E+02
     0.1640877E+02     0.4700664E+02
     0.1641879E+02     0.4700643E+02
     0.1642567E+02     0.4700131E+02
     0.1643477E+02     0.4699839E+02
     0.1645312E+02     0.4700491E+02
     0.1646011E+02     0.4700094E+02
     0.1647820E+02     0.4699761E+02
     0.1649352E+02     0.4700036E+02
     0.1650998E+02     0.4700100E+02
     0.1651555E+02     0.4700671E+02
     0.1651494E+02     0.4701086E+02
     0.1650307E+02     0.4701620E+02
     0.1647556E+02     0.4702980E+02
     0.1646429E+02     0.4703099E+02
     0.1645034E+02     0.4702863E+02
     0.1644584E+02     0.4703065E+02
     0.1645505E+02     0.4704337E+02
     0.1647753E+02     0.4705055E+02
     0.1650423E+02     0.4705302E+02
     0.1651769E+02     0.4706067E+02
     0.1651753E+02     0.4706594E+02
     0.1650818E+02     0.4706980E+02
     0.1649261E+02     0.4707164E+02
     0.1647515E+02     0.4707837E+02
     0.1647452E+02     0.4708940E+02
     0.1646814E+02     0.4709632E+02
     0.1647024E+02     0.4710081E+02
     0.1648687E+02     0.4710648E+02
     0.1649202E+02     0.4711129E+02
     0.1649936E+02     0.4711440E+02
     0.1650525E+02     0.4712330E+02
     0.1652327E+02     0.4712936E+02
     0.1652767E+02     0.4713328E+02
     0.1652255E+02     0.4714290E+02
     0.1651352E+02     0.4715018E+02
     0.1649218E+02     0.4714816E+02
     0.1645350E+02     0.4714713E+02
     0.1645051E+02     0.4715459E+02
     0.1645444E+02     0.4716059E+02
     0.1646869E+02     0.4716935E+02
     0.1645991E+02     0.4717937E+02
     0.1644499E+02     0.4718850E+02
     0.1643132E+02     0.4718956E+02
     0.1642527E+02     0.4719303E+02
     0.1642214E+02     0.4720010E+02
     0.1641751E+02     0.4721054E+02
     0.1642204E+02     0.4721584E+02
     0.1643351E+02     0.4721626E+02
     0.1643678E+02     0.4721886E+02
     0.1644042E+02     0.4723610E+02
     0.1644390E+02     0.4724442E+02
     0.1643642E+02     0.4725092E+02
     0.1645674E+02     0.4725576E+02
     0.1647064E+02     0.4725698E+02
     0.1647739E+02     0.4726080E+02
     0.1648029E+02     0.4726801E+02
     0.1648489E+02     0.4727947E+02
     0.1649272E+02     0.4728394E+02
     0.1648020E+02     0.4730784E+02
     0.1647502E+02     0.4731357E+02
     0.1646898E+02     0.4733147E+02
     0.1646071E+02     0.4734008E+02
     0.1644798E+02     0.4734430E+02
     0.1643828E+02     0.4735205E+02
     0.1643661E+02     0.4735579E+02
     0.1644123E+02     0.4735833E+02
     0.1645315E+02     0.4735965E+02
     0.1645956E+02     0.4736692E+02
     0.1645606E+02     0.4737967E+02
     0.1645564E+02     0.4739296E+02
     0.1645430E+02     0.4739302E+02
     0.1644933E+02     0.4740102E+02
     0.1645384E+02     0.4740952E+02
     0.1645943E+02     0.4741157E+02
     0.1648316E+02     0.4740937E+02
     0.1648902E+02     0.4740362E+02
     0.1648797E+02     0.4739978E+02
     0.1649782E+02     0.4739705E+02
     0.1650349E+02     0.4739291E+02
     0.1652386E+02     0.4740942E+02
     0.1655891E+02     0.4740828E+02
     0.1656484E+02     0.4741031E+02
     0.1657639E+02     0.4741116E+02
     0.1658784E+02     0.4742141E+02
     0.1659697E+02     0.4742168E+02
     0.1660863E+02     0.4742710E+02
     0.1662175E+02     0.4743017E+02
     0.1662936E+02     0.4743899E+02
     0.1665976E+02     0.4745839E+02
     0.1667099E+02     0.4747098E+02
     0.1667066E+02     0.4747786E+02
     0.1666133E+02     0.4748584E+02
     0.1665441E+02     0.4749440E+02
     0.1665573E+02     0.4750098E+02
     0.1666555E+02     0.4750465E+02
     0.1668033E+02     0.4750374E+02
     0.1669136E+02     0.4750942E+02
     0.1670461E+02     0.4752026E+02
     0.1670637E+02     0.4752774E+02
     0.1671279E+02     0.4753454E+02
     0.1671040E+02     0.4754105E+02
     0.1670296E+02     0.4754438E+02
     0.1668785E+02     0.4755904E+02
     0.1667691E+02     0.4756114E+02
     0.1667027E+02     0.4756579E+02
     0.1667780E+02     0.4757346E+02
     0.1667672E+02     0.4757969E+02
     0.1666944E+02     0.4759148E+02
     0.1666669E+02     0.4760465E+02
     0.1665840E+02     0.4760983E+02
     0.1665327E+02     0.4761945E+02
     0.1664269E+02     0.4762543E+02
     0.1662809E+02     0.4762564E+02
     0.1659850E+02     0.4761666E+02
     0.1658891E+02     0.4761893E+02
     0.1657570E+02     0.4761884E+02
     0.1656757E+02     0.4762218E+02
     0.1656566E+02     0.4762341E+02
     0.1654522E+02     0.4763257E+02
     0.1653018E+02     0.4763804E+02
     0.1652319E+02     0.4764270E+02
     0.1651743E+02     0.4764273E+02
     0.1650414E+02     0.4763828E+02
     0.1649582E+02     0.4763979E+02
     0.1648830E+02     0.4764608E+02
     0.1647274E+02     0.4764974E+02
     0.1645595E+02     0.4765116E+02
     0.1643958E+02     0.4765715E+02
     0.1643019E+02     0.4765801E+02
     0.1642756E+02     0.4766248E+02
     0.1643175E+02     0.4766733E+02
     0.1643310E+02     0.4766727E+02
     0.1644537E+02     0.4767520E+02
     0.1644369E+02     0.4767527E+02
     0.1644659E+02     0.4768797E+02
     0.1644964E+02     0.4769149E+02
     0.1645713E+02     0.4769185E+02
     0.1646732E+02     0.4768156E+02
     0.1647291E+02     0.4767972E+02
     0.1647780E+02     0.4768133E+02
     0.1648062E+02     0.4768944E+02
     0.1649752E+02     0.4769967E+02
     0.1649825E+02     0.4770011E+02
     0.1651819E+02     0.4770655E+02
     0.1652601E+02     0.4771033E+02
     0.1654194E+02     0.4771030E+02
     0.1654334E+02     0.4771070E+02
     0.1655221E+02     0.4772175E+02
     0.1654661E+02     0.4773390E+02
     0.1654085E+02     0.4773735E+02
     0.1655816E+02     0.4775146E+02
     0.1656814E+02     0.4775285E+02
     0.1657856E+02     0.4775193E+02
     0.1658908E+02     0.4775535E+02
     0.1659916E+02     0.4775100E+02
     0.1661319E+02     0.4775906E+02
     0.1661828E+02     0.4775906E+02
     0.1662634E+02     0.4775481E+02
     0.1663630E+02     0.4775597E+02
     0.1664328E+02     0.4775450E+02
     0.1665360E+02     0.4774579E+02
     0.1666565E+02     0.4774067E+02
     0.1669667E+02     0.4773880E+02
     0.1670762E+02     0.4773646E+02
     0.1671866E+02     0.4772818E+02
     0.1672939E+02     0.4771349E+02
     0.1674338E+02     0.4769750E+02
     0.1675342E+02     0.4768285E+02
     0.1677055E+02     0.4768137E+02
     0.1681654E+02     0.4768037E+02
     0.1682981E+02     0.4768089E+02
     0.1683507E+02     0.4768591E+02
     0.1684208E+02     0.4769817E+02
     0.1685377E+02     0.4770632E+02
     0.1685859E+02     0.4770700E+02
     0.1686633E+02     0.4771626E+02
     0.1687209E+02     0.4771621E+02
     0.1687457E+02     0.4769435E+02
     0.1688068E+02     0.4768788E+02
     0.1689092E+02     0.4768855E+02
     0.1691255E+02     0.4768797E+02
     0.1694876E+02     0.4769379E+02
     0.1698687E+02     0.4769838E+02
     0.1709076E+02     0.4771126E+02
     0.1707616E+02     0.4772175E+02
     0.1707210E+02     0.4773133E+02
     0.1706976E+02     0.4775709E+02
     0.1706833E+02     0.4777868E+02
     0.1706007E+02     0.4779350E+02
     0.1707187E+02     0.4780039E+02
     0.1708072E+02     0.4780555E+02
     0.1705947E+02     0.4782605E+02
     0.1706291E+02     0.4783595E+02
     0.1705789E+02     0.4784307E+02
     0.1702296E+02     0.4785987E+02
     0.1702383E+02     0.4786486E+02
     0.1702777E+02     0.4786673E+02
     0.1705025E+02     0.4786702E+02
     0.1706357E+02     0.4787072E+02
     0.1707162E+02     0.4787284E+02
     0.1709384E+02     0.4788023E+02
     0.1710544E+02     0.4789317E+02
     0.1710333E+02     0.4790517E+02
     0.1711361E+02     0.4791841E+02
     0.1709674E+02     0.4792930E+02
     0.1710043E+02     0.4793507E+02
     0.1710560E+02     0.4794471E+02
     0.1712026E+02     0.4795471E+02
     0.1711996E+02     0.4796136E+02
     0.1710116E+02     0.4796708E+02
     0.1711118E+02     0.4797781E+02
     0.1715662E+02     0.4800000E+02
     0.1716273E+02     0.4800808E+02
     0.1716273E+02     0.4800808E+02
     0.1719299E+02     0.4801694E+02
     0.1721775E+02     0.4801553E+02
     0.1725156E+02     0.4801939E+02
     0.1726887E+02     0.4800000E+02
     0.1727924E+02     0.4798708E+02
     0.1731690E+02     0.4798989E+02
     0.1732993E+02     0.4797966E+02
     0.1734895E+02     0.4797509E+02
     0.1737029E+02     0.4797515E+02
     0.1741435E+02     0.4794180E+02
     0.1745228E+02     0.4791711E+02
     0.1747875E+02     0.4788586E+02
     0.1751366E+02     0.4786608E+02
     0.1753283E+02     0.4784834E+02
     0.1756050E+02     0.4782774E+02
     0.1757992E+02     0.4781236E+02
     0.1761029E+02     0.4781427E+02
     0.1762909E+02     0.4780847E+02
     0.1765567E+02     0.4779387E+02
     0.1768766E+02     0.4778016E+02
     0.1770586E+02     0.4776959E+02
     0.1771951E+02     0.4775093E+02
     0.1774032E+02     0.4774738E+02
     0.1776831E+02     0.4774461E+02
     0.1778487E+02     0.4773532E+02
     0.1780656E+02     0.4773887E+02
     0.1782766E+02     0.4773767E+02
     0.1782766E+02     0.4773767E+02
     0.1784216E+02     0.4773772E+02
     0.1785342E+02     0.4773881E+02
     0.1786121E+02     0.4773951E+02
     0.1786971E+02     0.4773903E+02
     0.1788053E+02     0.4773668E+02
     0.1789376E+02     0.4773304E+02
     0.1790325E+02     0.4773365E+02
     0.1791402E+02     0.4773764E+02
     0.1794142E+02     0.4773780E+02
     0.1796151E+02     0.4775452E+02
     0.1797156E+02     0.4775278E+02
     0.1798146E+02     0.4774990E+02
     0.1800282E+02     0.4774289E+02
     0.1800791E+02     0.4774260E+02
     0.1801493E+02     0.4774391E+02
     0.1802508E+02     0.4774967E+02
     0.1804081E+02     0.4775221E+02
     0.1805980E+02     0.4775341E+02
     0.1807863E+02     0.4775345E+02
     0.1809640E+02     0.4775183E+02
     0.1811061E+02     0.4774926E+02
     0.1812653E+02     0.4774659E+02
     0.1812653E+02     0.4774659E+02
     0.1815577E+02     0.4774130E+02
     0.1819206E+02     0.4773435E+02
     0.1824014E+02     0.4773624E+02
     0.1827337E+02     0.4773305E+02
     0.1829574E+02     0.4772811E+02
     0.1832257E+02     0.4773007E+02
     0.1835180E+02     0.4773664E+02
     0.1838950E+02     0.4774031E+02
     0.1841506E+02     0.4774590E+02
     0.1844720E+02     0.4776064E+02
     0.1847532E+02     0.4775890E+02
     0.1849512E+02     0.4774812E+02
     0.1851477E+02     0.4774928E+02
     0.1853733E+02     0.4775862E+02
     0.1856835E+02     0.4776504E+02
     0.1859966E+02     0.4776067E+02
     0.1863909E+02     0.4775101E+02
     0.1868000E+02     0.4775199E+02
     0.1871338E+02     0.4777496E+02
     0.1873598E+02     0.4778426E+02
     0.1874268E+02     0.4780653E+02
     0.1876144E+02     0.4781370E+02
     0.1879729E+02     0.4781616E+02
     0.1882384E+02     0.4781564E+02
     0.1886988E+02     0.4780854E+02
     0.1886988E+02     0.4780854E+02
     0.1887165E+02     0.4781309E+02
     0.1886642E+02     0.4782650E+02
     0.1885910E+02     0.4783248E+02
     0.1885219E+02     0.4783407E+02
     0.1884214E+02     0.4783518E+02
     0.1883582E+02     0.4783857E+02
     0.1883083E+02     0.4784416E+02
     0.1882785E+02     0.4785192E+02
     0.1882250E+02     0.4785502E+02
     0.1881919E+02     0.4785579E+02
     0.1881919E+02     0.4785579E+02
     0.1881163E+02     0.4785756E+02
     0.1880513E+02     0.4786210E+02
     0.1879709E+02     0.4787270E+02
     0.1878919E+02     0.4787940E+02
     0.1878620E+02     0.4788716E+02
     0.1878447E+02     0.4790883E+02
     0.1878629E+02     0.4793394E+02
     0.1879171E+02     0.4797005E+02
     0.1879334E+02     0.4798164E+02
     0.1880000E+02     0.4798534E+02
     0.1881329E+02     0.4798770E+02
     0.1881877E+02     0.4799033E+02
     0.1882202E+02     0.4799402E+02
     0.1882799E+02     0.4799524E+02
     0.1883026E+02     0.4799923E+02
     0.1883003E+02     0.4800000E+02
     0.1883148E+02     0.4800565E+02
     0.1882859E+02     0.4801353E+02
     0.1882711E+02     0.4801739E+02
     0.1882772E+02     0.4802086E+02
     0.1883452E+02     0.4802397E+02
     0.1883806E+02     0.4802874E+02
     0.1883316E+02     0.4803559E+02
     0.1882593E+02     0.4803900E+02
     0.1883232E+02     0.4804372E+02
     0.1884344E+02     0.4804845E+02
     0.1885205E+02     0.4805012E+02
     0.1885733E+02     0.4805040E+02
     0.1886456E+02     0.4804984E+02
     0.1887346E+02     0.4804984E+02
     0.1887957E+02     0.4804956E+02
     0.1888596E+02     0.4805178E+02
     0.1889236E+02     0.4805457E+02
     0.1889680E+02     0.4805595E+02
     0.1889986E+02     0.4805762E+02
     0.1890598E+02     0.4805929E+02
     0.1891320E+02     0.4806401E+02
     0.1891987E+02     0.4807013E+02
     0.1892949E+02     0.4807638E+02
     0.1893573E+02     0.4807555E+02
     0.1894603E+02     0.4807517E+02
     0.1895407E+02     0.4807948E+02
     0.1895856E+02     0.4807903E+02
     0.1896554E+02     0.4807182E+02
     0.1897215E+02     0.4806781E+02
     0.1898281E+02     0.4806721E+02
     0.1899349E+02     0.4806042E+02
     0.1900150E+02     0.4805900E+02
     0.1903568E+02     0.4807082E+02
     0.1904536E+02     0.4806971E+02
     0.1906829E+02     0.4805960E+02
     0.1906829E+02     0.4805960E+02
     0.1907760E+02     0.4805943E+02
     0.1908846E+02     0.4806616E+02
     0.1910035E+02     0.4806974E+02
     0.1912346E+02     0.4806769E+02
     0.1913542E+02     0.4806760E+02
     0.1915016E+02     0.4807016E+02
     0.1915875E+02     0.4806968E+02
     0.1917435E+02     0.4806449E+02
     0.1918576E+02     0.4806322E+02
     0.1921163E+02     0.4806083E+02
     0.1923383E+02     0.4806078E+02
     0.1924592E+02     0.4805633E+02
     0.1925347E+02     0.4805601E+02
     0.1927436E+02     0.4807742E+02
     0.1927436E+02     0.4807742E+02
     0.1928249E+02     0.4807484E+02
     0.1929072E+02     0.4807455E+02
     0.1929836E+02     0.4807973E+02
     0.1930675E+02     0.4808105E+02
     0.1931174E+02     0.4808541E+02
     0.1931509E+02     0.4808603E+02
     0.1934514E+02     0.4808931E+02
     0.1937150E+02     0.4808874E+02
     0.1938791E+02     0.4808860E+02
     0.1939787E+02     0.4809137E+02
     0.1941041E+02     0.4808578E+02
     0.1942945E+02     0.4808988E+02
     0.1945381E+02     0.4809859E+02
     0.1946142E+02     0.4810421E+02
     0.1946695E+02     0.4810356E+02
     0.1946869E+02     0.4809997E+02
     0.1946790E+02     0.4809123E+02
     0.1947687E+02     0.4808707E+02
     0.1948244E+02     0.4808939E+02
     0.1948229E+02     0.4809076E+02
     0.1949100E+02     0.4809575E+02
     0.1949575E+02     0.4810261E+02
     0.1949678E+02     0.4810907E+02
     0.1949685E+02     0.4810963E+02
END
END
