idaho
1
       -114.008949         43.880470
       -117.026794         48.999596
       -116.835953         49.001442
       -116.788918         49.001846
       -116.645088         49.001949
       -116.454216         49.001793
       -116.263351         49.001305
       -116.072495         49.000488
       -116.042007         49.000328
       -116.042007         49.000328
       -116.042015         48.874786
       -116.042030         48.749260
       -116.042038         48.623741
       -116.042053         48.498238
       -116.042061         48.372749
       -116.042068         48.247272
       -116.042084         48.121811
       -116.042091         48.000000
       -116.042091         48.000000
       -116.046898         48.000000
       -116.046898         48.000000
       -116.046890         47.997990
       -116.047806         47.994396
       -116.051170         47.981129
       -116.048203         47.973354
       -116.043167         47.968079
       -116.033340         47.964603
       -116.028564         47.965717
       -116.016075         47.957890
       -116.008392         47.947124
       -116.003212         47.926102
       -115.968452         47.907413
       -115.967476         47.903984
       -115.970306         47.895435
       -115.924675         47.860420
       -115.916702         47.849407
       -115.892456         47.838272
       -115.870827         47.832634
       -115.852509         47.823818
       -115.849609         47.807770
       -115.848755         47.803024
       -115.849419         47.781803
       -115.840759         47.771927
       -115.835938         47.755001
       -115.831932         47.751095
       -115.817047         47.749844
       -115.804405         47.756371
       -115.783310         47.740921
       -115.784309         47.721298
       -115.779800         47.717880
       -115.777618         47.716228
       -115.756325         47.714008
       -115.742203         47.708191
       -115.726135         47.697792
       -115.721878         47.689537
       -115.727814         47.679085
       -115.726273         47.670399
       -115.736389         47.653130
       -115.734123         47.646950
       -115.725151         47.638203
       -115.702690         47.627903
       -115.697472         47.616516
       -115.697090         47.600307
       -115.693489         47.593655
       -115.703140         47.583004
       -115.717476         47.574905
       -115.722328         47.567867
       -115.732506         47.564980
       -115.738564         47.566170
       -115.743141         47.555248
       -115.756454         47.546448
       -115.753525         47.540260
       -115.733109         47.533890
       -115.724991         47.531357
       -115.706131         47.528919
       -115.704231         47.522057
       -115.709663         47.520046
       -115.713173         47.512539
       -115.707932         47.503593
       -115.691589         47.493412
       -115.688370         47.484936
       -115.683670         47.483524
       -115.670135         47.485924
       -115.664154         47.481304
       -115.666954         47.475849
       -115.675865         47.467705
       -115.698463         47.456387
       -115.712578         47.449310
       -115.746933         47.438503
       -115.762260         47.421970
       -115.755547         47.416363
       -115.739082         47.420849
       -115.722763         47.417927
       -115.709259         47.410404
       -115.688812         47.409294
       -115.673943         47.402679
       -115.661781         47.394199
       -115.657799         47.391422
       -115.652222         47.380501
       -115.641846         47.377441
       -115.622986         47.377731
       -115.608215         47.375999
       -115.581871         47.363655
       -115.577698         47.353794
       -115.563042         47.346352
       -115.551132         47.336647
       -115.539764         47.315594
       -115.536880         47.310246
       -115.516144         47.289261
       -115.497490         47.281540
       -115.461914         47.279808
       -115.450951         47.274212
       -115.442528         47.275265
       -115.427223         47.283554
       -115.418579         47.264507
       -115.412628         47.260559
       -115.410500         47.260712
       -115.387398         47.262344
       -115.339828         47.257019
       -115.333755         47.258091
       -115.324753         47.255478
       -115.320831         47.250866
       -115.323540         47.236279
       -115.321297         47.231911
       -115.301079         47.221626
       -115.294388         47.207157
       -115.297958         47.198750
       -115.304840         47.191750
       -115.302948         47.186928
       -115.293968         47.183624
       -115.265892         47.179867
       -115.258598         47.176582
       -115.255333         47.160095
       -115.248123         47.153385
       -115.226799         47.148556
       -115.209892         47.141266
       -115.202545         47.140263
       -115.191971         47.134647
       -115.182793         47.124489
       -115.180908         47.122398
       -115.173553         47.109283
       -115.167953         47.106014
       -115.153282         47.103542
       -115.150032         47.099846
       -115.139099         47.095592
       -115.136124         47.091438
       -115.087196         47.022911
       -115.075035         47.005859
       -115.072922         46.998066
       -115.054703         46.980682
       -115.051285         46.971951
       -115.045303         46.970726
       -115.028831         46.973927
       -115.018173         46.972862
       -115.003944         46.968090
       -115.000000         46.964951
       -114.984367         46.952503
       -114.976677         46.941654
       -114.968521         46.935368
       -114.956718         46.928341
       -114.955070         46.927593
       -114.931694         46.917004
       -114.925636         46.907772
       -114.928490         46.901875
       -114.936394         46.894676
       -114.932281         46.876793
       -114.937508         46.869785
       -114.946327         46.864887
       -114.946198         46.858486
       -114.935570         46.856960
       -114.926750         46.851116
       -114.925919         46.845619
       -114.929169         46.837666
       -114.927315         46.833069
       -114.921051         46.828121
       -114.917877         46.825615
       -114.905968         46.822922
       -114.902046         46.820351
       -114.900856         46.805477
       -114.896645         46.801529
       -114.866684         46.811127
       -114.858345         46.800945
       -114.836868         46.785526
       -114.824722         46.780079
       -114.809036         46.780975
       -114.794785         46.778919
       -114.791252         46.776051
       -114.770149         46.758869
       -114.766258         46.746235
       -114.769516         46.738514
       -114.779465         46.729763
       -114.790024         46.712559
       -114.786942         46.705425
       -114.777870         46.708023
       -114.768219         46.708096
       -114.772446         46.701305
       -114.770279         46.696472
       -114.759972         46.696304
       -114.745903         46.703590
       -114.743721         46.704723
       -114.739227         46.709450
       -114.727760         46.714062
       -114.718796         46.713455
       -114.710373         46.716515
       -114.695923         46.739361
       -114.687439         46.734646
       -114.675995         46.738110
       -114.667725         46.736828
       -114.652603         46.731541
       -114.628059         46.711002
       -114.621353         46.703342
       -114.622429         46.701191
       -114.627815         46.690426
       -114.628105         46.682430
       -114.640526         46.679214
       -114.644829         46.670601
       -114.642334         46.665985
       -114.629654         46.658222
       -114.628258         46.650887
       -114.624466         46.645561
       -114.616058         46.639240
       -114.593651         46.634277
       -114.581093         46.641369
       -114.559502         46.641212
       -114.550316         46.644894
       -114.540939         46.648651
       -114.534378         46.646473
       -114.528893         46.642029
       -114.518013         46.639774
       -114.505379         46.639999
       -114.501099         46.639008
       -114.489426         46.631702
       -114.473877         46.629814
       -114.466431         46.633331
       -114.451828         46.649746
       -114.423721         46.662701
       -114.399460         46.662693
       -114.398628         46.662849
       -114.368965         46.668503
       -114.361015         46.667889
       -114.347031         46.660297
       -114.331985         46.654514
       -114.326996         46.646641
       -114.326836         46.618519
       -114.336029         46.597210
       -114.345566         46.591454
       -114.343544         46.584373
       -114.340637         46.574207
       -114.353676         46.531708
       -114.351746         46.514294
       -114.361755         46.504658
       -114.373482         46.501686
       -114.396591         46.503967
       -114.407127         46.489307
       -114.406837         46.487831
       -114.405479         46.480816
       -114.400177         46.472710
       -114.395386         46.468273
       -114.384636         46.463718
       -114.384232         46.457310
       -114.389183         46.449631
       -114.382156         46.435089
       -114.387146         46.426270
       -114.388832         46.417381
       -114.407585         46.403797
       -114.422791         46.387627
       -114.423630         46.383297
       -114.421974         46.378967
       -114.416138         46.363716
       -114.421104         46.330425
       -114.430878         46.317348
       -114.434334         46.305294
       -114.429123         46.286671
       -114.431633         46.281689
       -114.450966         46.260323
       -114.454422         46.256508
       -114.454964         46.242565
       -114.450432         46.231960
       -114.449135         46.223015
       -114.453514         46.212349
       -114.451424         46.206821
       -114.442886         46.197510
       -114.447540         46.171299
       -114.451271         46.168625
       -114.464172         46.167496
       -114.474640         46.161060
       -114.483337         46.166027
       -114.487137         46.166630
       -114.494804         46.167843
       -114.501846         46.164772
       -114.514351         46.165234
       -114.516083         46.154289
       -114.530289         46.144485
       -114.518761         46.135811
       -114.521049         46.127621
       -114.517578         46.123669
       -114.484932         46.116425
       -114.475250         46.111214
       -114.463890         46.098648
       -114.462822         46.092224
       -114.464188         46.089939
       -114.471626         46.077522
       -114.473244         46.069775
       -114.470192         46.063541
       -114.476662         46.057945
       -114.490593         46.054775
       -114.508888         46.040936
       -114.510757         46.035023
       -114.509224         46.032021
       -114.500435         46.029800
       -114.477745         46.029831
       -114.477409         46.021591
       -114.487915         46.004860
       -114.488640         46.001225
       -114.479988         45.997391
       -114.468414         45.999233
       -114.462524         45.998665
       -114.450264         45.992939
       -114.427147         45.987694
       -114.407158         45.969921
       -114.406761         45.963280
       -114.412743         45.953331
       -114.433914         45.940929
       -114.421181         45.923672
       -114.411491         45.910526
       -114.401199         45.905293
       -114.397476         45.899960
       -114.389824         45.894547
       -114.389450         45.887447
       -114.393303         45.881348
       -114.406921         45.868801
       -114.408356         45.857391
       -114.421043         45.859924
       -114.430992         45.865150
       -114.444435         45.865181
       -114.464737         45.857334
       -114.470581         45.856869
       -114.492683         45.855118
       -114.507210         45.852413
       -114.515945         45.846630
       -114.517227         45.838875
       -114.514725         45.835625
       -114.516190         45.831535
       -114.521309         45.826141
       -114.530228         45.824245
       -114.533882         45.814247
       -114.550476         45.799454
       -114.559486         45.786121
       -114.570244         45.778538
       -114.571655         45.775818
       -114.568230         45.771179
       -114.566353         45.768631
       -114.549797         45.765125
       -114.546394         45.759800
       -114.547745         45.749989
       -114.526192         45.731514
       -114.509567         45.730064
       -114.498024         45.715431
       -114.496979         45.708549
       -114.502182         45.700638
       -114.512520         45.695343
       -114.516609         45.690842
       -114.501404         45.686668
       -114.501518         45.685211
       -114.502060         45.677986
       -114.509125         45.664162
       -114.520897         45.655231
       -114.532257         45.657043
       -114.544754         45.646061
       -114.559891         45.642906
       -114.565941         45.638214
       -114.561745         45.628071
       -114.543594         45.615837
       -114.540947         45.608009
       -114.554977         45.595585
       -114.559166         45.591873
       -114.557747         45.577431
       -114.559639         45.570374
       -114.564087         45.564732
       -114.557747         45.559811
       -114.544594         45.562775
       -114.533836         45.571270
       -114.526276         45.572960
       -114.520836         45.570114
       -114.516479         45.564541
       -114.507217         45.559334
       -114.498108         45.558704
       -114.487572         45.561481
       -114.487572         45.561481
       -114.486801         45.564671
       -114.473076         45.565323
       -114.465981         45.563358
       -114.462151         45.560997
       -114.468651         45.553112
       -114.464645         45.547085
       -114.450127         45.551613
       -114.440239         45.545929
       -114.429604         45.509571
       -114.405609         45.506584
       -114.387276         45.501522
       -114.382408         45.500175
       -114.372597         45.493114
       -114.365135         45.484272
       -114.362915         45.474617
       -114.356346         45.468075
       -114.342300         45.461159
       -114.327461         45.465664
       -114.319641         45.465961
       -114.307411         45.478298
       -114.286446         45.481297
       -114.278160         45.484558
       -114.267151         45.501369
       -114.266335         45.502621
       -114.255295         45.524818
       -114.254234         45.542187
       -114.248085         45.548923
       -114.235611         45.550949
       -114.218361         45.542576
       -114.208389         45.539387
       -114.197678         45.538242
       -114.191185         45.545197
       -114.190613         45.550907
       -114.186119         45.556759
       -114.169594         45.554344
       -114.163986         45.554852
       -114.161407         45.555080
       -114.147369         45.562786
       -114.137222         45.563709
       -114.133453         45.567745
       -114.133926         45.579197
       -114.129120         45.584583
       -114.105408         45.589554
       -114.097725         45.593502
       -114.087807         45.603577
       -114.075935         45.627800
       -114.058922         45.635654
       -114.053352         45.639488
       -114.038010         45.650055
       -114.021759         45.655407
       -114.018890         45.660831
       -114.022888         45.680374
       -114.020821         45.696804
       -114.011139         45.701160
       -114.003242         45.702122
       -113.994843         45.706963
       -113.983162         45.705090
       -113.973915         45.693207
       -113.966187         45.690739
       -113.957199         45.693676
       -113.946594         45.697144
       -113.937798         45.696480
       -113.937683         45.678398
       -113.921432         45.662910
       -113.904297         45.652431
       -113.895592         45.643299
       -113.894470         45.639381
       -113.905579         45.625916
       -113.904709         45.623608
       -113.894753         45.620167
       -113.886230         45.620876
       -113.872017         45.626480
       -113.870911         45.626915
       -113.858849         45.626625
       -113.840157         45.614956
       -113.822952         45.612930
       -113.814941         45.609985
       -113.800209         45.584675
       -113.820335         45.573730
       -113.825531         45.547997
       -113.829185         45.539257
       -113.833298         45.529419
       -113.831535         45.525482
       -113.823875         45.522091
       -113.807106         45.525112
       -113.778999         45.526474
       -113.772568         45.524708
       -113.772430         45.521042
       -113.775635         45.515629
       -113.764847         45.497047
       -113.763123         45.486019
       -113.765945         45.481743
       -113.778061         45.474033
       -113.777061         45.468056
       -113.781258         45.463596
       -113.787376         45.457100
       -113.778656         45.449329
       -113.781960         45.441856
       -113.779716         45.434704
       -113.772697         45.431782
       -113.766441         45.426819
       -113.779488         45.419823
       -113.781670         45.415298
       -113.774109         45.410301
       -113.756111         45.405956
       -113.737465         45.395187
       -113.734512         45.389389
       -113.737183         45.381672
       -113.735481         45.376823
       -113.737984         45.369534
       -113.739296         45.365704
       -113.737465         45.356956
       -113.747650         45.335697
       -113.743752         45.329189
       -113.712166         45.305264
       -113.682037         45.278847
       -113.695732         45.271420
       -113.694153         45.266808
       -113.693756         45.265644
       -113.687073         45.256771
       -113.660561         45.242577
       -113.651596         45.234100
       -113.637115         45.213345
       -113.628136         45.205322
       -113.618340         45.200485
       -113.591072         45.176865
       -113.596542         45.169643
       -113.598045         45.167664
       -113.597008         45.162827
       -113.589371         45.154152
       -113.569275         45.148346
       -113.569893         45.142868
       -113.576187         45.134109
       -113.574829         45.129265
       -113.562927         45.121845
       -113.545067         45.110828
       -113.534714         45.116730
       -113.520416         45.117714
       -113.510193         45.115143
       -113.514084         45.103115
       -113.522392         45.093269
       -113.518814         45.087673
       -113.496910         45.079975
       -113.488220         45.067368
       -113.475113         45.064487
       -113.459938         45.063332
       -113.456116         45.063042
       -113.451134         45.053741
       -113.457848         45.043396
       -113.449913         45.034931
       -113.446030         45.023373
       -113.440964         45.015675
       -113.444519         45.000000
       -113.447823         44.985413
       -113.444824         44.969528
       -113.446571         44.961334
       -113.450325         44.957775
       -113.466713         44.955612
       -113.486099         44.953049
       -113.495300         44.950100
       -113.497833         44.945133
       -113.492928         44.934464
       -113.471169         44.913479
       -113.473396         44.902321
       -113.461082         44.891670
       -113.460320         44.882259
       -113.451218         44.871929
       -113.440346         44.864525
       -113.434166         44.862728
       -113.429878         44.861481
       -113.426384         44.855370
       -113.422562         44.853943
       -113.420692         44.847023
       -113.417946         44.844196
       -113.385117         44.843487
       -113.375526         44.830845
       -113.366890         44.829681
       -113.354591         44.824974
       -113.344276         44.813911
       -113.344856         44.809349
       -113.354706         44.800472
       -113.346390         44.793819
       -113.338753         44.792221
       -113.321388         44.797440
       -113.319611         44.798313
       -113.291885         44.811920
       -113.282509         44.818054
       -113.258972         44.823997
       -113.238441         44.822468
       -113.218788         44.817066
       -113.191788         44.805256
       -113.180275         44.793224
       -113.171227         44.787998
       -113.168137         44.786213
       -113.137665         44.784359
       -113.134338         44.780823
       -113.141724         44.770515
       -113.137627         44.763744
       -113.120895         44.758419
       -113.115051         44.753883
       -113.114090         44.743317
       -113.106522         44.735523
       -113.103981         44.729717
       -113.106049         44.722225
       -113.101654         44.709946
       -113.090271         44.701576
       -113.089661         44.700993
       -113.070526         44.682858
       -113.071098         44.663177
       -113.052185         44.641735
       -113.051651         44.634846
       -113.057304         44.626549
       -113.063492         44.625141
       -113.084312         44.615490
       -113.086838         44.610989
       -113.086464         44.601357
       -113.080246         44.598701
       -113.066765         44.592949
       -113.067200         44.585861
       -113.063652         44.580936
       -113.047035         44.574684
       -113.044479         44.569336
       -113.050323         44.557838
       -113.049591         44.554150
       -113.042656         44.547058
       -113.013206         44.530769
       -113.009758         44.524471
       -113.011581         44.520866
       -113.026718         44.509438
       -113.030472         44.504784
       -113.031586         44.503407
       -113.028786         44.496906
       -113.014069         44.481083
       -113.015968         44.460987
       -113.010132         44.451866
       -113.001892         44.445415
       -112.949600         44.421955
       -112.928986         44.417747
       -112.926857         44.417313
       -112.914345         44.407738
       -112.893089         44.404972
       -112.890350         44.402817
       -112.885002         44.391415
       -112.865997         44.373825
       -112.850609         44.364605
       -112.845490         44.364662
       -112.839203         44.367886
       -112.825142         44.382305
       -112.817833         44.396263
       -112.818336         44.398632
       -112.818565         44.399723
       -112.841209         44.420422
       -112.843636         44.427376
       -112.842072         44.431675
       -112.831413         44.437962
       -112.830330         44.449608
       -112.804482         44.467751
       -112.792915         44.477898
       -112.787338         44.489620
       -112.768127         44.491791
       -112.756157         44.495884
       -112.749519         44.494511
       -112.742729         44.495422
       -112.735580         44.506405
       -112.729301         44.509167
       -112.726501         44.512733
       -112.716568         44.512619
       -112.674614         44.493286
       -112.673599         44.493252
       -112.665024         44.492950
       -112.640968         44.497829
       -112.633072         44.496174
       -112.629631         44.490326
       -112.623848         44.490578
       -112.607819         44.495277
       -112.599312         44.493141
       -112.575081         44.482193
       -112.563347         44.484978
       -112.557945         44.488907
       -112.548325         44.489017
       -112.535866         44.483986
       -112.529121         44.484200
       -112.523140         44.482605
       -112.518478         44.478554
       -112.510773         44.471844
       -112.503433         44.471348
       -112.480522         44.482651
       -112.471184         44.483227
       -112.440765         44.465145
       -112.425224         44.458607
       -112.417206         44.458767
       -112.408989         44.461670
       -112.397850         44.456211
       -112.390182         44.455921
       -112.379059         44.463524
       -112.378838         44.466496
       -112.376671         44.468639
       -112.371239         44.474003
       -112.362259         44.495892
       -112.358749         44.532898
       -112.354729         44.540173
       -112.324402         44.543953
       -112.310265         44.547531
       -112.292992         44.561722
       -112.285172         44.566521
       -112.280640         44.567036
       -112.260445         44.575195
       -112.245117         44.574142
       -112.232346         44.569065
       -112.228828         44.564575
       -112.226112         44.553925
       -112.220787         44.547989
       -112.215202         44.545479
       -112.201248         44.543327
       -112.186447         44.543896
       -112.174919         44.547798
       -112.164375         44.543026
       -112.149490         44.543266
       -112.139641         44.543423
       -112.131233         44.540108
       -112.121696         44.530792
       -112.107300         44.530216
       -112.085091         44.539413
       -112.043678         44.535679
       -112.038399         44.537529
       -112.040932         44.541985
       -112.053024         44.547291
       -112.046516         44.552528
       -112.028671         44.555012
       -112.024895         44.554371
       -112.019806         44.553505
       -112.001320         44.543812
       -111.985046         44.542686
       -111.972069         44.544445
       -111.961060         44.553619
       -111.941360         44.563122
       -111.922867         44.565563
       -111.904541         44.569843
       -111.872581         44.571945
       -111.849304         44.546669
       -111.845299         44.536869
       -111.830780         44.526169
       -111.821625         44.516609
       -111.814537         44.516998
       -111.809868         44.519093
       -111.803131         44.530724
       -111.786507         44.530014
       -111.779541         44.532700
       -111.775040         44.536633
       -111.765511         44.535534
       -111.758598         44.541492
       -111.755127         44.544491
       -111.720215         44.551235
       -111.711693         44.560955
       -111.702988         44.565163
       -111.694695         44.564571
       -111.686081         44.567635
       -111.671173         44.561710
       -111.649689         44.561459
       -111.628998         44.559399
       -111.615723         44.560650
       -111.600037         44.565720
       -111.593262         44.567905
       -111.545921         44.562126
       -111.512215         44.547539
       -111.478020         44.545761
       -111.465530         44.549091
       -111.461525         44.554413
       -111.464493         44.560741
       -111.467468         44.563396
       -111.477989         44.560860
       -111.480263         44.560310
       -111.488411         44.566185
       -111.505745         44.566280
       -111.511436         44.570892
       -111.505524         44.579369
       -111.523407         44.591839
       -111.524582         44.596710
       -111.523102         44.602604
       -111.525558         44.614868
       -111.521271         44.623386
       -111.513962         44.629707
       -111.511238         44.638756
       -111.517075         44.645439
       -111.517014         44.649796
       -111.505783         44.653187
       -111.501274         44.653214
       -111.495445         44.657307
       -111.482292         44.660606
       -111.475609         44.678234
       -111.472626         44.686081
       -111.484398         44.691200
       -111.490112         44.710258
       -111.487000         44.712643
       -111.446655         44.728237
       -111.432907         44.727150
       -111.425842         44.719719
       -111.415024         44.718307
       -111.406395         44.724792
       -111.404099         44.735920
       -111.401619         44.741230
       -111.395714         44.753880
       -111.390869         44.757557
       -111.383041         44.758572
       -111.372002         44.755997
       -111.367142         44.752792
       -111.359673         44.735706
       -111.351448         44.730511
       -111.338936         44.737038
       -111.332863         44.736526
       -111.326080         44.733231
       -111.317482         44.718151
       -111.299553         44.706535
       -111.297127         44.701378
       -111.294655         44.699131
       -111.281685         44.687351
       -111.273552         44.674355
       -111.277405         44.667427
       -111.284126         44.660862
       -111.277138         44.656406
       -111.257004         44.658436
       -111.245918         44.653095
       -111.238747         44.647251
       -111.232246         44.637543
       -111.240456         44.625317
       -111.242203         44.610031
       -111.238823         44.604828
       -111.230804         44.601234
       -111.230179         44.595863
       -111.228836         44.584400
       -111.223976         44.581417
       -111.203331         44.582264
       -111.194656         44.578869
       -111.184700         44.571968
       -111.179199         44.565514
       -111.176476         44.556896
       -111.155006         44.542789
       -111.143990         44.540421
       -111.137581         44.536900
       -111.141151         44.526295
       -111.139328         44.514965
       -111.135666         44.511333
       -111.129356         44.505077
       -111.117157         44.498291
       -111.097855         44.495518
       -111.054237         44.484684
       -111.054100         44.458023
       -111.053436         44.332169
       -111.052788         44.206310
       -111.052132         44.080448
       -111.051483         43.954586
       -111.051338         43.926373
       -111.050110         43.828724
       -111.048531         43.702858
       -111.047043         43.583626
       -111.048271         43.577053
       -111.045502         43.569782
       -111.047516         43.545105
       -111.047295         43.514866
       -111.046349         43.388996
       -111.045418         43.263126
       -111.044479         43.137257
       -111.043549         43.011391
       -111.043442         42.996563
       -111.048439         42.983280
       -111.048141         42.899525
       -111.049110         42.886036
       -111.050224         42.870495
       -111.048386         42.860077
       -111.048134         42.760281
       -111.047813         42.634418
       -111.047501         42.508560
       -111.047180         42.382710
       -111.046867         42.256859
       -111.046837         42.244511
       -111.048485         42.233356
       -111.045631         42.210732
       -111.046738         42.131187
       -111.048485         42.005356
       -111.116356         42.007862
       -111.195206         42.010723
       -111.285133         42.010933
       -111.454002         42.011127
       -111.622879         42.011063
       -111.791748         42.011707
       -111.960617         42.012093
       -112.020477         42.012165
       -112.059036         42.010815
       -112.103203         42.012669
       -112.108826         42.011524
       -112.129173         42.011513
       -112.195892         42.011452
       -112.218903         42.010151
       -112.218903         42.010151
       -112.280792         42.011448
       -112.387749         42.011036
       -112.556610         42.010178
       -112.586617         42.009995
       -112.590714         42.008545
       -112.595238         42.009861
       -112.626579         42.010334
       -112.724686         42.009056
       -112.820786         42.007717
       -112.825912         42.009274
       -112.838554         42.008801
       -112.856064         42.007717
       -112.866951         42.007042
       -112.875160         42.008472
       -112.878609         42.007446
       -112.973640         42.007038
       -113.020447         42.005859
       -113.023918         42.004372
       -113.063454         42.006371
       -113.070312         42.004765
       -113.082550         42.005856
       -113.192177         42.005363
       -113.361031         42.004395
       -113.529869         42.003166
       -113.698708         42.001678
       -113.867531         41.999935
       -114.036346         41.997936
       -114.056076         41.995960
       -114.080925         41.996784
       -114.087303         41.998539
       -114.132828         41.998314
       -114.159836         41.998173
       -114.164688         41.999660
       -114.183479         41.998489
       -114.301201         41.998119
       -114.349609         41.999748
       -114.378487         42.000713
       -114.518394         42.002930
       -114.627823         42.004543
       -114.687111         42.001839
       -114.770927         42.006458
       -114.830780         42.006596
       -114.924217         42.006748
       -114.999496         42.003326
       -115.000000         42.003304
       -115.051254         42.000946
       -115.072113         42.001942
       -115.168198         42.001350
       -115.189751         42.001968
       -115.254837         42.003811
       -115.301224         42.003494
       -115.307312         42.005859
       -115.316269         42.003914
       -115.357399         42.003826
       -115.475952         42.004963
       -115.509758         42.005268
       -115.554932         42.004147
       -115.561974         42.005363
       -115.644585         42.005611
       -115.693428         42.005733
       -115.813362         42.002487
       -115.982170         42.005096
       -116.058632         42.006195
       -116.151009         42.006592
       -116.319862         42.007122
       -116.488716         42.007393
       -116.657578         42.007404
       -116.826431         42.007160
       -116.995285         42.006657
       -117.025856         42.006538
       -117.025925         42.118771
       -117.025978         42.210621
       -117.023643         42.244572
       -117.025162         42.315502
       -117.026581         42.381569
       -117.025070         42.387981
       -117.024940         42.421165
       -117.025154         42.441254
       -117.026474         42.567108
       -117.024712         42.610435
       -117.024765         42.692951
       -117.024857         42.818821
       -117.024910         42.887333
       -117.024925         42.901791
       -117.024994         42.953293
       -117.023148         42.958332
       -117.025909         43.008221
       -117.025513         43.027439
       -117.023926         43.104359
       -117.025772         43.153286
       -117.024048         43.279156
       -117.023735         43.302120
       -117.025169         43.335533
       -117.025185         43.405014
       -117.025200         43.530888
       -117.025215         43.656765
       -117.025230         43.782639
       -117.025238         43.832073
       -117.025238         43.832073
       -117.016251         43.845806
       -117.018097         43.858215
       -117.015404         43.863445
       -117.000961         43.868698
       -116.995537         43.867401
       -116.987411         43.871338
       -116.985649         43.887669
       -116.974869         43.916431
       -116.963135         43.924286
       -116.962234         43.928860
       -116.967041         43.935383
       -116.970406         43.939953
       -116.969521         43.948444
       -116.964104         43.954987
       -116.966827         43.958900
       -116.977699         43.962151
       -116.977707         43.967377
       -116.962341         43.973930
       -116.953308         43.985703
       -116.942451         43.990292
       -116.942482         44.004005
       -116.933464         44.027534
       -116.934387         44.035370
       -116.940010         44.038403
       -116.952530         44.045143
       -116.967056         44.056229
       -116.968925         44.081699
       -116.965317         44.088890
       -116.948097         44.094139
       -116.929070         44.107883
       -116.909248         44.138016
       -116.894653         44.160175
       -116.894661         44.169319
       -116.901031         44.177803
       -116.917397         44.186932
       -116.936485         44.193439
       -116.962837         44.195362
       -116.973625         44.205170
       -116.975266         44.213589
       -116.974442         44.224575
       -116.971031         44.239113
       -116.979645         44.246204
       -117.000275         44.248569
       -117.033890         44.248138
       -117.052032         44.236996
       -117.060226         44.239590
       -117.065712         44.247414
       -117.081207         44.255215
       -117.104973         44.279968
       -117.114990         44.282555
       -117.124977         44.277954
       -117.132210         44.269932
       -117.138550         44.262890
       -117.174042         44.265388
       -117.187729         44.272526
       -117.217026         44.301163
       -117.216179         44.310963
       -117.206207         44.316875
       -117.193771         44.337437
       -117.196167         44.348713
       -117.217323         44.367889
       -117.230331         44.384060
       -117.233162         44.397766
       -117.230499         44.408226
       -117.218719         44.419376
       -117.211540         44.437691
       -117.209869         44.461861
       -117.220940         44.480110
       -117.219154         44.485340
       -117.206406         44.491264
       -117.182869         44.525963
       -117.166443         44.528633
       -117.151001         44.545662
       -117.142006         44.573120
       -117.130196         44.586861
       -117.117569         44.624786
       -117.100327         44.656837
       -117.083023         44.679089
       -117.077606         44.697388
       -117.071655         44.704651
       -117.068489         44.708511
       -117.057587         44.734009
       -117.047554         44.747093
       -117.019142         44.754990
       -116.970581         44.775318
       -116.950775         44.786541
       -116.944000         44.790379
       -116.913116         44.833130
       -116.894325         44.849174
       -116.896896         44.855583
       -116.893036         44.857868
       -116.886589         44.858322
       -116.881111         44.861523
       -116.876923         44.866554
       -116.864998         44.872952
       -116.855957         44.884384
       -116.845940         44.902679
       -116.833969         44.926235
       -116.832336         44.936527
       -116.839340         44.957302
       -116.840675         44.961246
       -116.838081         44.966278
       -116.828392         44.973133
       -116.824821         44.981594
       -116.831917         44.984348
       -116.845169         44.975437
       -116.851944         44.974300
       -116.853546         44.981167
       -116.842323         45.000000
       -116.840599         45.002888
       -116.844444         45.019367
       -116.840225         45.030571
       -116.834396         45.038116
       -116.796211         45.064838
       -116.784134         45.083340
       -116.783226         45.084724
       -116.778648         45.101418
       -116.772484         45.108730
       -116.761467         45.115807
       -116.732582         45.142750
       -116.724365         45.175449
       -116.715424         45.195728
       -116.710968         45.205849
       -116.709930         45.221630
       -116.693886         45.260029
       -116.677910         45.278065
       -116.672989         45.289948
       -116.676140         45.311001
       -116.675591         45.315559
       -116.675125         45.319462
       -116.668236         45.334545
       -116.655159         45.352127
       -116.644394         45.361019
       -116.620804         45.397324
       -116.604485         45.408943
       -116.597931         45.417843
       -116.595352         45.425880
       -116.589638         45.443665
       -116.580811         45.451187
       -116.561539         45.462788
       -116.559227         45.467583
       -116.557571         45.472153
       -116.561424         45.480171
       -116.556114         45.495251
       -116.558990         45.503494
       -116.557648         45.509209
       -116.547180         45.515579
       -116.527771         45.542500
       -116.530304         45.552570
       -116.527016         45.556450
       -116.508400         45.561867
       -116.504112         45.567799
       -116.496078         45.572548
       -116.488724         45.576885
       -116.486084         45.580994
       -116.487358         45.584660
       -116.469925         45.603115
       -116.466911         45.612251
       -116.469795         45.618439
       -116.475632         45.623035
       -116.478508         45.630596
       -116.486313         45.633369
       -116.488243         45.637497
       -116.487556         45.641609
       -116.498230         45.654232
       -116.516403         45.668480
       -116.524673         45.677055
       -116.534561         45.687302
       -116.539726         45.696239
       -116.540878         45.717972
       -116.539482         45.730545
       -116.543007         45.740620
       -116.551437         45.751167
       -116.567085         45.758770
       -116.587608         45.772099
       -116.602600         45.781063
       -116.610115         45.783142
       -116.625168         45.782501
       -116.634644         45.785500
       -116.643806         45.784611
       -116.652328         45.781887
       -116.658875         45.782593
       -116.670959         45.786964
       -116.680092         45.793621
       -116.688881         45.804161
       -116.693413         45.814461
       -116.701248         45.820881
       -116.716278         45.828690
       -116.727165         45.829056
       -116.737885         45.829414
       -116.750351         45.823494
       -116.768051         45.818264
       -116.780136         45.827202
       -116.785027         45.833839
       -116.793480         45.856720
       -116.805573         45.870914
       -116.822258         45.883053
       -116.836800         45.889076
       -116.838303         45.889702
       -116.855652         45.906410
       -116.865143         45.920597
       -116.871986         45.953300
       -116.879860         45.957649
       -116.886742         45.965199
       -116.890015         45.975719
       -116.906746         45.990360
       -116.913567         45.998875
       -116.919212         46.014832
       -116.928741         46.025810
       -116.943527         46.055763
       -116.950096         46.063538
       -116.963585         46.074284
       -116.977730         46.080914
       -116.980034         46.083656
       -116.977074         46.093945
       -116.974777         46.095776
       -116.956680         46.099663
       -116.952072         46.102634
       -116.951088         46.113838
       -116.942200         46.125725
       -116.928368         46.152931
       -116.925072         46.163445
       -116.937912         46.178993
       -116.947517         46.186386
       -116.956039         46.192940
       -116.962631         46.196140
       -116.966583         46.201855
       -116.959671         46.221062
       -116.958679         46.232491
       -116.962311         46.247578
       -116.969246         46.258324
       -116.986740         46.269978
       -116.989716         46.275921
       -116.988403         46.286663
       -116.992371         46.292149
       -116.995338         46.292835
       -116.994682         46.294891
       -117.005913         46.303802
       -117.024109         46.330769
       -117.032379         46.335793
       -117.050560         46.341267
       -117.057838         46.347431
       -117.059830         46.353374
       -117.056549         46.365719
       -117.043358         46.380814
       -117.036430         46.392250
       -117.029190         46.417168
       -117.029190         46.417168
       -117.037277         46.420521
       -117.037132         46.546215
       -117.036980         46.671898
       -117.036827         46.797565
       -117.036682         46.923214
       -117.036530         47.048847
       -117.036377         47.174461
       -117.036224         47.300056
       -117.036072         47.425632
       -117.035919         47.551193
       -117.035759         47.676727
       -117.035675         47.744667
       -117.033394         47.759052
       -117.035461         47.765667
       -117.037025         47.799667
       -117.037994         47.801907
       -117.039780         47.806049
       -117.040512         47.815632
       -117.036476         47.820892
       -117.035194         47.926556
       -117.035110         47.933365
       -117.036575         47.949364
       -117.035736         48.000000
       -117.035736         48.000000
       -117.048515         48.000000
       -117.048515         48.000000
       -117.044846         48.121243
       -117.041023         48.246677
       -117.037178         48.372128
       -117.033318         48.497589
       -117.029434         48.623066
       -117.025528         48.748558
       -117.023132         48.825291
       -117.024155         48.874065
       -117.026794         48.999596
END
END
