illinois
1
        -87.418869         42.168350
        -87.520004         41.729259
        -87.522537         41.733028
        -87.524361         41.745811
        -87.533516         41.751530
        -87.535912         41.756966
        -87.544846         41.758106
        -87.549576         41.760960
        -87.557854         41.774029
        -87.563850         41.777767
        -87.565926         41.782753
        -87.571983         41.787632
        -87.566536         41.795567
        -87.584122         41.820213
        -87.587555         41.825024
        -87.598618         41.844666
        -87.601982         41.857178
        -87.601227         41.860634
        -87.598816         41.861614
        -87.594749         41.853474
        -87.592644         41.854446
        -87.592041         41.861107
        -87.594719         41.865620
        -87.603218         41.870205
        -87.604034         41.874306
        -87.598518         41.887287
        -87.601257         41.893169
        -87.609329         41.901432
        -87.610435         41.905296
        -87.609123         41.909916
        -87.614914         41.916611
        -87.617256         41.919323
        -87.621140         41.917156
        -87.622734         41.924675
        -87.619461         41.933239
        -87.628464         41.941475
        -87.624657         41.945244
        -87.627190         41.953197
        -87.621010         41.958862
        -87.621178         41.962296
        -87.631584         41.967743
        -87.645233         41.989143
        -87.658035         42.022938
        -87.667847         42.048798
        -87.666946         42.055470
        -87.661636         42.054008
        -87.660591         42.057705
        -87.673157         42.075237
        -87.688576         42.081917
        -87.695312         42.087460
        -87.700943         42.095325
        -87.719818         42.109241
        -87.729492         42.122456
        -87.751587         42.152588
        -87.759407         42.160851
        -87.779572         42.193283
        -87.784904         42.194965
        -87.788490         42.198761
        -87.792885         42.212158
        -87.800873         42.217434
        -87.801720         42.227951
        -87.804749         42.231926
        -87.807350         42.235355
        -87.825058         42.279083
        -87.828148         42.296871
        -87.817741         42.340488
        -87.816391         42.354565
        -87.815941         42.359337
        -87.813515         42.360321
        -87.809120         42.359070
        -87.801804         42.379219
        -87.797668         42.383003
        -87.795792         42.412624
        -87.788849         42.464161
        -87.790291         42.472546
        -87.793716         42.492447
        -87.795280         42.498306
        -87.795280         42.498306
        -87.776962         42.496998
        -87.664612         42.494148
        -87.637024         42.494949
        -87.626526         42.495251
        -87.611595         42.493984
        -87.466805         42.493542
        -87.455956         42.493500
        -87.296478         42.494080
        -87.126152         42.494446
        -87.005020         42.494545
        -87.007523         42.476223
        -87.020195         42.436363
        -87.026421         42.398449
        -87.033211         42.370502
        -87.063255         42.246544
        -87.088814         42.140724
        -87.090485         42.126030
        -87.091393         42.122406
        -87.122231         41.998581
        -87.127167         41.978733
        -87.161469         41.876137
        -87.194046         41.778397
        -87.196388         41.760590
        -87.228813         41.760380
        -87.397110         41.759132
        -87.518158         41.758076
        -87.520004         41.729259
END
2
        -89.297394         41.398113
        -90.640564         42.506908
        -90.401535         42.503841
        -90.231186         42.503292
        -90.201553         42.503170
        -90.000000         42.501556
        -89.798111         42.499939
        -89.627769         42.499432
        -89.457428         42.498661
        -89.287102         42.497635
        -89.116776         42.496346
        -89.031075         42.495304
        -88.862831         42.494640
        -88.815132         42.495785
        -88.810699         42.494328
        -88.782997         42.494236
        -88.706390         42.493946
        -88.625496         42.493710
        -88.610382         42.495106
        -88.576523         42.494106
        -88.536224         42.494793
        -88.403313         42.496948
        -88.353745         42.497875
        -88.314140         42.496807
        -88.294067         42.495251
        -88.237091         42.496876
        -88.213142         42.495487
        -88.158981         42.497448
        -88.144096         42.497368
        -88.098885         42.497845
        -87.898682         42.498684
        -87.807159         42.498894
        -87.795280         42.498306
        -87.795280         42.498306
        -87.793716         42.492447
        -87.790291         42.472546
        -87.788849         42.464161
        -87.795792         42.412624
        -87.797668         42.383003
        -87.801804         42.379219
        -87.809120         42.359070
        -87.813515         42.360321
        -87.815941         42.359337
        -87.816391         42.354565
        -87.817741         42.340488
        -87.828148         42.296871
        -87.825058         42.279083
        -87.807350         42.235355
        -87.804749         42.231926
        -87.801720         42.227951
        -87.800873         42.217434
        -87.792885         42.212158
        -87.788490         42.198761
        -87.784904         42.194965
        -87.779572         42.193283
        -87.759407         42.160851
        -87.751587         42.152588
        -87.729492         42.122456
        -87.719818         42.109241
        -87.700943         42.095325
        -87.695312         42.087460
        -87.688576         42.081917
        -87.673157         42.075237
        -87.660591         42.057705
        -87.661636         42.054008
        -87.666946         42.055470
        -87.667847         42.048798
        -87.658035         42.022938
        -87.645233         41.989143
        -87.631584         41.967743
        -87.621178         41.962296
        -87.621010         41.958862
        -87.627190         41.953197
        -87.624657         41.945244
        -87.628464         41.941475
        -87.619461         41.933239
        -87.622734         41.924675
        -87.621140         41.917156
        -87.617256         41.919323
        -87.614914         41.916611
        -87.609123         41.909916
        -87.610435         41.905296
        -87.609329         41.901432
        -87.601257         41.893169
        -87.598518         41.887287
        -87.604034         41.874306
        -87.603218         41.870205
        -87.594719         41.865620
        -87.592041         41.861107
        -87.592644         41.854446
        -87.594749         41.853474
        -87.598816         41.861614
        -87.601227         41.860634
        -87.601982         41.857178
        -87.598618         41.844666
        -87.587555         41.825024
        -87.584122         41.820213
        -87.566536         41.795567
        -87.571983         41.787632
        -87.565926         41.782753
        -87.563850         41.777767
        -87.557854         41.774029
        -87.549576         41.760960
        -87.544846         41.758106
        -87.535912         41.756966
        -87.533516         41.751530
        -87.524361         41.745811
        -87.522537         41.733028
        -87.520004         41.729259
        -87.520004         41.729259
        -87.519516         41.545116
        -87.520935         41.516937
        -87.520958         41.414398
        -87.521202         41.291374
        -87.521454         41.165501
        -87.521698         41.039635
        -87.521942         40.913780
        -87.522202         40.878532
        -87.523132         40.752697
        -87.524055         40.626869
        -87.524979         40.501060
        -87.525894         40.375263
        -87.526520         40.288551
        -87.527222         40.249481
        -87.529480         40.123722
        -87.541977         40.000000
        -87.541962         39.999149
        -87.540924         39.995003
        -87.537445         39.981117
        -87.536194         39.921307
        -87.537674         39.879227
        -87.535988         39.801212
        -87.536125         39.763279
        -87.537857         39.750061
        -87.535500         39.726379
        -87.535263         39.683292
        -87.535423         39.604336
        -87.533035         39.564098
        -87.535370         39.555252
        -87.535637         39.540028
        -87.533951         39.521519
        -87.535820         39.492035
        -87.535088         39.469017
        -87.537590         39.426567
        -87.535217         39.384544
        -87.529938         39.369713
        -87.529938         39.369713
        -87.526039         39.355427
        -87.528542         39.348881
        -87.532013         39.345585
        -87.541611         39.347801
        -87.548447         39.347160
        -87.554665         39.338013
        -87.562195         39.335793
        -87.577751         39.337330
        -87.586830         39.329441
        -87.594490         39.320808
        -87.603119         39.306255
        -87.602364         39.299809
        -87.597580         39.296177
        -87.596581         39.293388
        -87.607086         39.286243
        -87.609818         39.280621
        -87.609245         39.275787
        -87.602142         39.271606
        -87.599434         39.267834
        -87.601616         39.257149
        -87.594742         39.244957
        -87.589104         39.245419
        -87.581902         39.251778
        -87.573837         39.253288
        -87.569946         39.249695
        -87.578186         39.236504
        -87.573395         39.224163
        -87.574593         39.215069
        -87.575165         39.210709
        -87.588303         39.194733
        -87.599518         39.185551
        -87.605652         39.181896
        -87.616516         39.182556
        -87.617851         39.180088
        -87.615669         39.172897
        -87.619171         39.168907
        -87.631973         39.166893
        -87.636902         39.163651
        -87.641739         39.152611
        -87.650063         39.146976
        -87.653374         39.132210
        -87.651184         39.129601
        -87.642807         39.127125
        -87.642227         39.126957
        -87.640991         39.123238
        -87.642464         39.118713
        -87.648666         39.113914
        -87.649811         39.109833
        -87.646835         39.105820
        -87.638145         39.103642
        -87.612694         39.101028
        -87.611435         39.097771
        -87.618042         39.086800
        -87.615974         39.082363
        -87.600487         39.080601
        -87.593651         39.077118
        -87.579224         39.063702
        -87.573303         39.055214
        -87.571556         39.050556
        -87.573250         39.047428
        -87.576912         39.040684
        -87.567780         39.022896
        -87.567337         39.016228
        -87.570404         39.005348
        -87.575531         38.998905
        -87.572823         38.995358
        -87.562416         38.992645
        -87.560532         38.990047
        -87.565956         38.987972
        -87.573578         38.988277
        -87.577667         38.984314
        -87.561966         38.981621
        -87.526978         38.968990
        -87.525497         38.968456
        -87.517525         38.955753
        -87.510979         38.952507
        -87.510330         38.949039
        -87.519676         38.936581
        -87.515335         38.931129
        -87.514977         38.927677
        -87.518440         38.919792
        -87.522629         38.918587
        -87.524048         38.914974
        -87.522743         38.908043
        -87.519875         38.907009
        -87.516205         38.904797
        -87.515289         38.900860
        -87.518089         38.898453
        -87.530373         38.894821
        -87.533249         38.891270
        -87.536194         38.882217
        -87.534653         38.878944
        -87.537544         38.875164
        -87.545395         38.871811
        -87.545853         38.869308
        -87.542114         38.863655
        -87.543747         38.861198
        -87.550789         38.861252
        -87.553955         38.857712
        -87.547752         38.853790
        -87.538757         38.852280
        -87.533936         38.849792
        -87.527298         38.843563
        -87.521828         38.824306
        -87.525177         38.818020
        -87.523842         38.811546
        -87.503036         38.785831
        -87.498901         38.780720
        -87.498344         38.775879
        -87.501480         38.772797
        -87.508957         38.770580
        -87.512802         38.765690
        -87.511490         38.763344
        -87.505394         38.762405
        -87.498581         38.763504
        -87.497787         38.757740
        -87.504219         38.744701
        -87.503204         38.742367
        -87.497284         38.738914
        -87.496338         38.735435
        -87.504761         38.727749
        -87.517242         38.711746
        -87.517555         38.698227
        -87.520859         38.688042
        -87.522224         38.686642
        -87.524948         38.683849
        -87.541901         38.675365
        -87.554176         38.671272
        -87.588295         38.664391
        -87.595947         38.659195
        -87.604225         38.644390
        -87.619850         38.638134
        -87.621346         38.633148
        -87.617455         38.625423
        -87.622932         38.617615
        -87.627342         38.599213
        -87.626396         38.595734
        -87.615959         38.589813
        -87.613319         38.585350
        -87.617447         38.580910
        -87.623825         38.581181
        -87.636230         38.588329
        -87.641800         38.588093
        -87.643974         38.586113
        -87.641289         38.573391
        -87.644356         38.571091
        -87.652039         38.565331
        -87.653893         38.554626
        -87.668633         38.543510
        -87.670616         38.539921
        -87.665443         38.533981
        -87.658791         38.519268
        -87.650734         38.512753
        -87.646133         38.502480
        -87.648727         38.498455
        -87.655769         38.498043
        -87.672012         38.504425
        -87.674736         38.498337
        -87.684227         38.487282
        -87.684830         38.486580
        -87.695129         38.480793
        -87.722069         38.474972
        -87.737495         38.475803
        -87.742638         38.473022
        -87.753853         38.457172
        -87.753189         38.453709
        -87.732544         38.447853
        -87.730446         38.444103
        -87.740463         38.433254
        -87.743866         38.425587
        -87.744019         38.413895
        -87.749748         38.396915
        -87.755104         38.390701
        -87.767738         38.379597
        -87.774849         38.373348
        -87.780243         38.366444
        -87.789642         38.360615
        -87.808113         38.354218
        -87.821053         38.343018
        -87.826035         38.333115
        -87.838509         38.281979
        -87.843666         38.277077
        -87.844078         38.276688
        -87.853889         38.273392
        -87.859131         38.273365
        -87.866821         38.276180
        -87.870010         38.285938
        -87.865181         38.307774
        -87.873833         38.309250
        -87.878487         38.304611
        -87.883698         38.290817
        -87.897964         38.276447
        -87.908943         38.268372
        -87.917244         38.265934
        -87.920357         38.272243
        -87.918953         38.274979
        -87.910446         38.291599
        -87.916580         38.296188
        -87.926514         38.295647
        -87.931274         38.293987
        -87.939568         38.286961
        -87.951073         38.269958
        -87.945145         38.261936
        -87.945045         38.258720
        -87.953262         38.252834
        -87.959526         38.250317
        -87.960556         38.242786
        -87.964905         38.243176
        -87.978630         38.256992
        -87.985313         38.257240
        -87.983055         38.232826
        -87.983055         38.232826
        -87.982407         38.208473
        -87.977478         38.197750
        -87.966690         38.187962
        -87.951622         38.181927
        -87.941055         38.173294
        -87.928741         38.154732
        -87.930016         38.147667
        -87.939972         38.139866
        -87.952164         38.110970
        -87.957848         38.097496
        -87.954262         38.078789
        -87.959351         38.070938
        -87.980255         38.060665
        -88.006828         38.052654
        -88.032288         38.054230
        -88.039658         38.046917
        -88.038795         38.041611
        -88.032990         38.035942
        -88.029312         38.034626
        -88.021400         38.035957
        -88.010735         38.034664
        -87.999825         38.027401
        -88.006500         38.022129
        -88.014114         38.020802
        -88.021286         38.017143
        -88.024109         38.013340
        -88.011055         37.982140
        -88.011513         37.973896
        -88.015404         37.966461
        -88.024452         37.963535
        -88.026917         37.962738
        -88.030296         37.959412
        -88.029671         37.944477
        -88.016243         37.920147
        -88.011627         37.898876
        -88.017220         37.892189
        -88.034843         37.893036
        -88.040146         37.891384
        -88.048546         37.891449
        -88.065300         37.897537
        -88.074371         37.902668
        -88.088623         37.910732
        -88.090141         37.898853
        -88.060982         37.860218
        -88.053566         37.852848
        -88.028679         37.847393
        -88.023468         37.842163
        -88.023750         37.831848
        -88.029861         37.826096
        -88.030876         37.825901
        -88.040092         37.824158
        -88.070015         37.832767
        -88.080429         37.832901
        -88.083054         37.827255
        -88.082314         37.819656
        -88.074081         37.806065
        -88.054153         37.805374
        -88.036583         37.809120
        -88.033211         37.807396
        -88.024780         37.792416
        -88.023636         37.785965
        -88.022575         37.779949
        -88.027870         37.767975
        -88.054459         37.741127
        -88.068283         37.727161
        -88.079468         37.723419
        -88.108047         37.708115
        -88.139542         37.681427
        -88.150192         37.665958
        -88.152313         37.653408
        -88.151871         37.648975
        -88.150627         37.636372
        -88.143822         37.618011
        -88.131538         37.599464
        -88.125061         37.575146
        -88.116325         37.565895
        -88.079880         37.543091
        -88.078667         37.542336
        -88.070023         37.531708
        -88.063622         37.517029
        -88.061691         37.499519
        -88.061943         37.494938
        -88.068382         37.482540
        -88.087738         37.471050
        -88.139862         37.465729
        -88.165085         37.463150
        -88.177345         37.460125
        -88.199928         37.457905
        -88.238991         37.449120
        -88.278801         37.447918
        -88.294762         37.443623
        -88.305374         37.440765
        -88.323441         37.431030
        -88.331085         37.422333
        -88.350357         37.405746
        -88.362068         37.401768
        -88.372322         37.403938
        -88.398857         37.419937
        -88.410393         37.419621
        -88.425262         37.416546
        -88.432495         37.415047
        -88.442833         37.409870
        -88.459030         37.396614
        -88.468597         37.383606
        -88.481850         37.330559
        -88.494354         37.310131
        -88.494667         37.309620
        -88.503464         37.282589
        -88.504929         37.270241
        -88.496796         37.254383
        -88.483040         37.242016
        -88.470810         37.227859
        -88.452866         37.213291
        -88.443825         37.201462
        -88.442619         37.199886
        -88.418953         37.156441
        -88.416763         37.148567
        -88.428429         37.115891
        -88.439575         37.093529
        -88.448112         37.085243
        -88.455833         37.077751
        -88.483597         37.060959
        -88.502716         37.056740
        -88.551956         37.066776
        -88.583138         37.086746
        -88.614532         37.107067
        -88.638969         37.114857
        -88.709549         37.136543
        -88.718040         37.134701
        -88.728767         37.136639
        -88.746391         37.144032
        -88.769966         37.158943
        -88.800980         37.177963
        -88.813957         37.182926
        -88.840820         37.185532
        -88.874512         37.202324
        -88.890633         37.207829
        -88.910042         37.211582
        -88.912834         37.212124
        -88.946518         37.223156
        -88.967476         37.223278
        -89.005707         37.215378
        -89.023499         37.208748
        -89.050072         37.186539
        -89.083847         37.158283
        -89.102066         37.133759
        -89.114166         37.111362
        -89.126022         37.101807
        -89.141014         37.092564
        -89.145401         37.088345
        -89.153542         37.080502
        -89.172333         37.055061
        -89.177673         37.028923
        -89.173409         37.019115
        -89.150284         36.993679
        -89.132881         36.987251
        -89.161072         36.979046
        -89.170799         36.979069
        -89.183968         36.986065
        -89.194496         36.994827
        -89.200409         37.012478
        -89.202171         37.017742
        -89.209381         37.023663
        -89.217606         37.025707
        -89.220764         37.028355
        -89.232849         37.038486
        -89.255020         37.072090
        -89.262787         37.078709
        -89.271538         37.082142
        -89.283813         37.083366
        -89.289337         37.081211
        -89.300827         37.073006
        -89.304436         37.061165
        -89.303246         37.054939
        -89.297523         37.047226
        -89.295311         37.045341
        -89.287262         37.038483
        -89.268478         37.028145
        -89.260864         37.010513
        -89.265244         37.000988
        -89.271088         36.997925
        -89.285683         36.997829
        -89.294395         37.002178
        -89.300941         37.003029
        -89.319305         37.009449
        -89.343170         37.021740
        -89.358917         37.029465
        -89.376160         37.042965
        -89.382820         37.056435
        -89.379128         37.078369
        -89.380615         37.092171
        -89.385994         37.101707
        -89.406746         37.127949
        -89.420219         37.144974
        -89.450394         37.179478
        -89.461876         37.196896
        -89.466698         37.213825
        -89.466255         37.224426
        -89.458809         37.243683
        -89.462021         37.246422
        -89.487419         37.247974
        -89.495811         37.250076
        -89.508652         37.261757
        -89.514297         37.280697
        -89.514328         37.294361
        -89.503563         37.315296
        -89.494064         37.323814
        -89.486923         37.327801
        -89.483795         37.329540
        -89.461800         37.333614
        -89.461838         37.332699
        -89.445198         37.339649
        -89.433426         37.346939
        -89.421822         37.380844
        -89.423637         37.393963
        -89.429283         37.412449
        -89.434494         37.421406
        -89.439293         37.429661
        -89.451111         37.444847
        -89.475929         37.466763
        -89.492035         37.491219
        -89.498749         37.512707
        -89.511780         37.529598
        -89.513885         37.532322
        -89.519135         37.554691
        -89.520622         37.577431
        -89.509392         37.619789
        -89.513954         37.634617
        -89.512321         37.639854
        -89.513763         37.653194
        -89.513634         37.676037
        -89.515800         37.683273
        -89.522629         37.690319
        -89.533928         37.697456
        -89.567909         37.704044
        -89.592239         37.714592
        -89.607689         37.718571
        -89.619751         37.724819
        -89.619751         37.724819
        -89.666588         37.747448
        -89.671333         37.758526
        -89.671600         37.763393
        -89.671600         37.763393
        -89.673828         37.787243
        -89.679848         37.797234
        -89.689117         37.805229
        -89.711098         37.819344
        -89.726570         37.833050
        -89.743141         37.853401
        -89.774200         37.873981
        -89.805199         37.882187
        -89.837952         37.898903
        -89.837952         37.898903
        -89.851273         37.907883
        -89.857895         37.909164
        -89.867462         37.908665
        -89.876587         37.904034
        -89.894821         37.885593
        -89.906258         37.881004
        -89.919281         37.881031
        -89.940750         37.888786
        -89.962753         37.907780
        -89.964264         37.909710
        -89.974182         37.922443
        -89.973846         37.933674
        -89.971046         37.940037
        -89.958626         37.948284
        -89.948334         37.962757
        -89.947495         37.971455
        -89.947495         37.971455
        -89.955620         37.970924
        -89.967690         37.964733
        -89.986526         37.964634
        -89.993370         37.968433
        -90.000000         37.973568
        -90.040405         38.004848
        -90.066231         38.014038
        -90.081299         38.016834
        -90.088150         38.018105
        -90.099915         38.022446
        -90.108467         38.027412
        -90.117676         38.040188
        -90.122528         38.053112
        -90.142479         38.065845
        -90.160622         38.070747
        -90.168724         38.071579
        -90.184204         38.078495
        -90.202240         38.089020
        -90.211342         38.094322
        -90.241783         38.117077
        -90.267250         38.142029
        -90.276459         38.156395
        -90.293182         38.172256
        -90.309685         38.180103
        -90.318146         38.184124
        -90.345482         38.206112
        -90.359009         38.222832
        -90.369232         38.266998
        -90.371498         38.289612
        -90.374580         38.320484
        -90.371590         38.335331
        -90.351364         38.374886
        -90.337807         38.392319
        -90.322456         38.404186
        -90.312836         38.411621
        -90.305153         38.415623
        -90.298584         38.421474
        -90.291893         38.432133
        -90.279442         38.484177
        -90.262787         38.517178
        -90.254929         38.532745
        -90.241501         38.551292
        -90.222572         38.572643
        -90.193558         38.591934
        -90.186066         38.603970
        -90.181526         38.628784
        -90.182388         38.643635
        -90.186798         38.663593
        -90.200783         38.692513
        -90.202042         38.698822
        -90.204124         38.709293
        -90.198662         38.727070
        -90.178352         38.752151
        -90.168999         38.772610
        -90.153038         38.777828
        -90.131645         38.788681
        -90.122063         38.798286
        -90.120186         38.800163
        -90.111885         38.813759
        -90.107582         38.830864
        -90.110786         38.841915
        -90.121376         38.850578
        -90.196320         38.884644
        -90.204170         38.888206
        -90.232338         38.909298
        -90.276245         38.923771
        -90.319267         38.928131
        -90.339622         38.934956
        -90.339622         38.934956
        -90.376114         38.953999
        -90.413422         38.964653
        -90.429230         38.966267
        -90.439827         38.965282
        -90.454987         38.957493
        -90.461128         38.951950
        -90.461128         38.951950
        -90.480186         38.934734
        -90.525764         38.880432
        -90.541847         38.869438
        -90.568802         38.867466
        -90.581200         38.866558
        -90.597580         38.868389
        -90.613266         38.874790
        -90.627350         38.887581
        -90.653412         38.916103
        -90.666451         38.937347
        -90.670013         38.951042
        -90.677567         38.980091
        -90.683647         39.011776
        -90.691788         39.029289
        -90.704315         39.048229
        -90.705162         39.064041
        -90.702087         39.070412
        -90.700920         39.071793
        -90.692139         39.082191
        -90.687721         39.096100
        -90.686928         39.105709
        -90.692184         39.121349
        -90.703903         39.137527
        -90.715469         39.161263
        -90.723740         39.187927
        -90.723717         39.189861
        -90.723274         39.224327
        -90.730019         39.239983
        -90.767891         39.289906
        -90.783165         39.302002
        -90.792557         39.309441
        -90.818871         39.320976
        -90.846397         39.346256
        -90.879387         39.364723
        -90.909775         39.378548
        -90.925339         39.385387
        -90.982872         39.420349
        -91.003685         39.429035
        -91.040253         39.452793
        -91.056335         39.463230
        -91.086227         39.529663
        -91.094101         39.536377
        -91.135071         39.545238
        -91.136726         39.545853
        -91.155365         39.552750
        -91.172020         39.566635
        -91.196091         39.599575
        -91.209282         39.608387
        -91.219276         39.613052
        -91.246353         39.635315
        -91.284271         39.666462
        -91.325356         39.696308
        -91.347694         39.710670
        -91.366196         39.719978
        -91.371399         39.735332
        -91.368439         39.759102
        -91.371117         39.781998
        -91.379478         39.801964
        -91.392387         39.813728
        -91.399483         39.816296
        -91.401985         39.819046
        -91.413338         39.824402
        -91.416389         39.827076
        -91.430969         39.839855
        -91.439728         39.852497
        -91.445457         39.871067
        -91.446213         39.883194
        -91.425323         39.915985
        -91.426376         39.927887
        -91.436638         39.940346
        -91.445137         39.950661
        -91.455650         39.967659
        -91.462288         39.986000
        -91.464546         40.000000
        -91.471283         40.002480
        -91.482559         40.022182
        -91.481979         40.039165
        -91.487617         40.058434
        -91.496933         40.091984
        -91.503197         40.116863
        -91.506569         40.156723
        -91.505943         40.163757
        -91.505943         40.163757
        -91.498535         40.229198
        -91.488045         40.246109
        -91.487061         40.263756
        -91.481865         40.287186
        -91.474876         40.318645
        -91.467049         40.333130
        -91.437431         40.363903
        -91.433578         40.371815
        -91.433578         40.371815
        -91.402306         40.374855
        -91.375450         40.382759
        -91.363785         40.392334
        -91.367035         40.411545
        -91.373734         40.430538
        -91.373741         40.451725
        -91.359291         40.478249
        -91.361877         40.501919
        -91.371841         40.518940
        -91.389282         40.530186
        -91.405487         40.540627
        -91.400612         40.559479
        -91.383743         40.574684
        -91.359093         40.593033
        -91.335106         40.606918
        -91.310448         40.614658
        -91.279053         40.624584
        -91.252937         40.629757
        -91.228935         40.633022
        -91.192848         40.631737
        -91.171524         40.638355
        -91.138626         40.656277
        -91.114479         40.669239
        -91.103828         40.689308
        -91.097656         40.718819
        -91.089302         40.738750
        -91.085289         40.755768
        -91.083626         40.784119
        -91.088661         40.798817
        -91.084450         40.814083
        -91.064659         40.847065
        -91.033333         40.870152
        -91.003235         40.894035
        -90.978439         40.913177
        -90.959328         40.931091
        -90.948502         40.950275
        -90.943001         40.964725
        -90.946991         41.003334
        -90.952400         41.033028
        -90.948074         41.058887
        -90.944084         41.076782
        -90.952873         41.093918
        -90.963181         41.114494
        -90.978516         41.138302
        -90.988197         41.152733
        -90.998322         41.160072
        -91.011284         41.161064
        -91.027458         41.159210
        -91.044556         41.166130
        -91.055611         41.182240
        -91.069092         41.199085
        -91.082947         41.219440
        -91.093925         41.234673
        -91.093834         41.255871
        -91.083458         41.279461
        -91.068779         41.306839
        -91.060616         41.329411
        -91.054077         41.356297
        -91.048050         41.376968
        -91.051720         41.400593
        -91.044487         41.409859
        -91.024780         41.423405
        -90.990692         41.434269
        -90.969223         41.431129
        -90.945335         41.427242
        -90.910049         41.426674
        -90.881142         41.431015
        -90.845947         41.442783
        -90.826370         41.446568
        -90.775627         41.444199
        -90.735931         41.446476
        -90.690659         41.451702
        -90.661079         41.461319
        -90.637856         41.475872
        -90.613716         41.493114
        -90.596489         41.509087
        -90.585228         41.514126
        -90.557259         41.516563
        -90.506470         41.514072
        -90.469391         41.519634
        -90.452530         41.527615
        -90.420052         41.556744
        -90.404510         41.566410
        -90.384193         41.575451
        -90.350502         41.579906
        -90.340714         41.588371
        -90.339699         41.602551
        -90.339508         41.637867
        -90.333710         41.663773
        -90.322891         41.686417
        -90.321358         41.707684
        -90.314133         41.731014
        -90.307655         41.749897
        -90.295731         41.761120
        -90.272911         41.769382
        -90.252861         41.769554
        -90.239510         41.778198
        -90.225380         41.791294
        -90.204201         41.804752
        -90.189659         41.813450
        -90.180984         41.821846
        -90.175308         41.837143
        -90.168861         41.856895
        -90.164520         41.873890
        -90.161613         41.884720
        -90.161613         41.884720
        -90.143944         41.894367
        -90.140038         41.903393
        -90.140762         41.911297
        -90.146149         41.931324
        -90.154022         41.939747
        -90.153656         41.948593
        -90.145607         41.964008
        -90.137390         41.977673
        -90.129333         41.993088
        -90.131477         42.003571
        -90.136139         42.014576
        -90.136139         42.014576
        -90.154884         42.045254
        -90.159431         42.065781
        -90.161430         42.087429
        -90.156364         42.104496
        -90.159500         42.124111
        -90.176704         42.123226
        -90.194168         42.125294
        -90.202156         42.139713
        -90.209969         42.152161
        -90.230927         42.162941
        -90.251793         42.172733
        -90.279968         42.175217
        -90.305099         42.187740
        -90.326942         42.193512
        -90.347557         42.200336
        -90.373756         42.209824
        -90.390030         42.226757
        -90.409538         42.249451
        -90.412010         42.275032
        -90.415535         42.311436
        -90.429581         42.346287
        -90.444389         42.361317
        -90.460625         42.377258
        -90.474579         42.383430
        -90.502884         42.399704
        -90.530624         42.410065
        -90.544594         42.416229
        -90.561218         42.422245
        -90.577209         42.435219
        -90.597496         42.450920
        -90.618523         42.460644
        -90.639656         42.471348
        -90.648331         42.477791
        -90.650414         42.498447
        -90.640564         42.506908
END
END
