indiana
1
        -87.208138         41.702194
        -87.520004         41.729259
        -87.518158         41.758076
        -87.397110         41.759132
        -87.228813         41.760380
        -87.196388         41.760590
        -87.028091         41.759983
        -86.859795         41.759121
        -86.810738         41.758793
        -86.810738         41.758793
        -86.825195         41.752457
        -86.846397         41.746082
        -86.874641         41.731083
        -86.892838         41.726360
        -86.903961         41.720867
        -86.906662         41.718185
        -86.915771         41.709171
        -86.936974         41.703236
        -87.002190         41.680328
        -87.053955         41.660152
        -87.068771         41.654373
        -87.128464         41.640903
        -87.134163         41.638252
        -87.138969         41.628525
        -87.142929         41.628204
        -87.144737         41.635265
        -87.148109         41.635418
        -87.149773         41.623695
        -87.154411         41.624966
        -87.153572         41.634377
        -87.170151         41.628731
        -87.188316         41.624645
        -87.222046         41.619968
        -87.298058         41.617931
        -87.309090         41.618580
        -87.317253         41.623653
        -87.327713         41.625229
        -87.332443         41.625519
        -87.359886         41.627190
        -87.382835         41.634640
        -87.397636         41.637478
        -87.404594         41.642574
        -87.420654         41.646294
        -87.428169         41.650227
        -87.429802         41.652477
        -87.425110         41.656948
        -87.401939         41.665321
        -87.398117         41.668854
        -87.403198         41.673077
        -87.415215         41.678558
        -87.422249         41.681763
        -87.425591         41.681221
        -87.430458         41.673767
        -87.429276         41.667839
        -87.432800         41.664772
        -87.435760         41.669277
        -87.438118         41.680904
        -87.446777         41.676102
        -87.458542         41.672592
        -87.463760         41.672920
        -87.485535         41.687481
        -87.494537         41.690228
        -87.502487         41.696663
        -87.508141         41.706367
        -87.514130         41.710110
        -87.514580         41.716339
        -87.514977         41.721771
        -87.520004         41.729259
END
2
        -86.670662         39.055302
        -86.810738         41.758793
        -86.691498         41.757999
        -86.554558         41.756897
        -86.523216         41.757027
        -86.354919         41.757565
        -86.186623         41.757847
        -86.150414         41.757874
        -85.982117         41.758141
        -85.813820         41.758152
        -85.805145         41.758144
        -85.645523         41.758587
        -85.477226         41.758801
        -85.308929         41.758759
        -85.140625         41.758461
        -85.112679         41.758385
        -85.000000         41.758953
        -84.972336         41.759094
        -84.804726         41.759705
        -84.804726         41.759186
        -84.804878         41.695038
        -84.805183         41.569134
        -84.805367         41.494095
        -84.804771         41.443237
        -84.803307         41.317356
        -84.801849         41.191483
        -84.800392         41.065620
        -84.798943         40.939770
        -84.798676         40.916096
        -84.799118         40.790257
        -84.799561         40.664425
        -84.800003         40.538609
        -84.800308         40.451214
        -84.801323         40.412815
        -84.804634         40.287052
        -84.806793         40.204899
        -84.812592         40.051285
        -84.810860         40.000000
        -84.811005         39.992645
        -84.811470         39.949463
        -84.812675         39.933823
        -84.810646         39.922680
        -84.810677         39.895397
        -84.811508         39.862808
        -84.811546         39.843063
        -84.811371         39.813522
        -84.811295         39.799252
        -84.811203         39.795414
        -84.811722         39.774529
        -84.813148         39.761852
        -84.815628         39.743397
        -84.812813         39.733665
        -84.812546         39.698360
        -84.814651         39.667080
        -84.813332         39.653381
        -84.813545         39.632500
        -84.812347         39.600677
        -84.812973         39.589184
        -84.814758         39.561630
        -84.812317         39.556644
        -84.809784         39.554462
        -84.813820         39.549007
        -84.814919         39.528088
        -84.813660         39.511169
        -84.815666         39.498466
        -84.814941         39.484734
        -84.814537         39.471447
        -84.815819         39.445011
        -84.819656         39.438595
        -84.815308         39.434254
        -84.815437         39.426014
        -84.815460         39.424381
        -84.815559         39.370239
        -84.817284         39.361675
        -84.813545         39.331329
        -84.815536         39.314491
        -84.817574         39.278381
        -84.817375         39.252003
        -84.817467         39.249249
        -84.817749         39.229275
        -84.819374         39.211533
        -84.817230         39.182716
        -84.814384         39.176189
        -84.817612         39.164112
        -84.816833         39.149693
        -84.817223         39.143021
        -84.817123         39.104870
        -84.817123         39.104870
        -84.819260         39.104004
        -84.834450         39.098045
        -84.842430         39.092869
        -84.849953         39.089020
        -84.858421         39.082947
        -84.868515         39.076359
        -84.881958         39.069611
        -84.889061         39.067520
        -84.899017         39.059196
        -84.901939         39.053825
        -84.901558         39.049053
        -84.902718         39.044823
        -84.902718         39.044823
        -84.904053         39.042080
        -84.902138         39.036770
        -84.898140         39.030018
        -84.890190         39.023457
        -84.854454         38.984669
        -84.846825         38.975777
        -84.845879         38.970032
        -84.845268         38.962341
        -84.851006         38.953575
        -84.860466         38.941921
        -84.870598         38.938728
        -84.878883         38.930988
        -84.885719         38.923710
        -84.888863         38.919697
        -84.890442         38.908424
        -84.889336         38.900757
        -84.884850         38.894028
        -84.877441         38.887829
        -84.869629         38.882805
        -84.859604         38.880978
        -84.828102         38.882504
        -84.821678         38.882427
        -84.812515         38.879009
        -84.807266         38.875015
        -84.805527         38.865452
        -84.807167         38.861126
        -84.810646         38.855167
        -84.821022         38.848877
        -84.830559         38.844555
        -84.838196         38.834923
        -84.842354         38.825069
        -84.841103         38.815479
        -84.838562         38.808266
        -84.832703         38.802761
        -84.828224         38.796028
        -84.826569         38.793793
        -84.828140         38.788700
        -84.833893         38.786491
        -84.846184         38.786644
        -84.851997         38.788193
        -84.865540         38.790154
        -84.878494         38.793186
        -84.892502         38.792503
        -84.901688         38.790218
        -84.910881         38.787937
        -84.918732         38.785717
        -84.932487         38.781898
        -84.940720         38.780186
        -84.955261         38.777897
        -84.963364         38.778805
        -84.976196         38.780262
        -84.987679         38.781525
        -85.000000         38.777420
        -85.004303         38.775986
        -85.014542         38.770237
        -85.029846         38.760830
        -85.035629         38.757923
        -85.050224         38.752213
        -85.064041         38.745235
        -85.074760         38.741291
        -85.085495         38.737606
        -85.090416         38.732380
        -85.111946         38.721600
        -85.122749         38.714767
        -85.133621         38.708714
        -85.162994         38.695950
        -85.170372         38.692169
        -85.179695         38.691689
        -85.190765         38.692169
        -85.194870         38.693268
        -85.201790         38.696056
        -85.210678         38.702408
        -85.213158         38.708042
        -85.220009         38.713974
        -85.230995         38.729385
        -85.239510         38.735229
        -85.245087         38.737823
        -85.261307         38.743790
        -85.267014         38.744019
        -85.300529         38.744629
        -85.317001         38.741673
        -85.327484         38.739025
        -85.356552         38.734615
        -85.368874         38.733967
        -85.384621         38.734180
        -85.410667         38.737514
        -85.421280         38.736427
        -85.433136         38.734222
        -85.442146         38.730076
        -85.450615         38.723598
        -85.460548         38.714684
        -85.463577         38.707188
        -85.462700         38.685490
        -85.460686         38.677738
        -85.450928         38.661495
        -85.449615         38.646370
        -85.450699         38.642712
        -85.450302         38.640663
        -85.450638         38.623329
        -85.449318         38.611614
        -85.446106         38.599281
        -85.440842         38.588017
        -85.431938         38.577190
        -85.427582         38.572853
        -85.423302         38.565865
        -85.420815         38.558300
        -85.420090         38.549923
        -85.420387         38.542690
        -85.421829         38.538044
        -85.428040         38.531940
        -85.439438         38.525558
        -85.451874         38.520561
        -85.467232         38.513966
        -85.476852         38.508396
        -85.483971         38.498631
        -85.488640         38.488998
        -85.492180         38.480389
        -85.499931         38.474438
        -85.511314         38.468048
        -85.521271         38.462936
        -85.537163         38.459187
        -85.550751         38.457005
        -85.575333         38.454700
        -85.589241         38.452736
        -85.602303         38.448170
        -85.611061         38.443359
        -85.616814         38.439194
        -85.624443         38.432037
        -85.628517         38.426281
        -85.632820         38.419548
        -85.641006         38.401531
        -85.644226         38.389565
        -85.647209         38.378334
        -85.649918         38.360619
        -85.655380         38.342995
        -85.663338         38.325951
        -85.671021         38.310966
        -85.671021         38.310966
        -85.679268         38.295589
        -85.700447         38.281948
        -85.713127         38.275131
        -85.724693         38.268379
        -85.733192         38.264412
        -85.737366         38.261562
        -85.744919         38.259392
        -85.754951         38.260136
        -85.761276         38.262833
        -85.763641         38.264446
        -85.771973         38.270954
        -85.776772         38.275043
        -85.784836         38.278515
        -85.789360         38.279568
        -85.796677         38.280899
        -85.815247         38.278099
        -85.823738         38.274128
        -85.831139         38.270218
        -85.835442         38.264736
        -85.837364         38.261337
        -85.840057         38.252697
        -85.840561         38.246124
        -85.844505         38.239002
        -85.848076         38.232437
        -85.850906         38.230766
        -85.850906         38.230766
        -85.855469         38.228069
        -85.865364         38.220707
        -85.876022         38.212639
        -85.882957         38.206322
        -85.893440         38.199360
        -85.899315         38.193756
        -85.904053         38.187782
        -85.911545         38.178577
        -85.914513         38.168537
        -85.916000         38.160557
        -85.919121         38.149193
        -85.914406         38.109985
        -85.913757         38.099934
        -85.919144         38.089096
        -85.927353         38.066689
        -85.928154         38.051289
        -85.929413         38.034763
        -85.934341         38.025047
        -85.939575         38.018600
        -85.949829         38.012524
        -85.968285         38.008160
        -85.985901         38.006695
        -86.000000         38.005589
        -86.000000         38.005589
        -86.018929         37.993042
        -86.026077         37.987209
        -86.032448         37.976738
        -86.032310         37.969643
        -86.032166         37.961952
        -86.033356         37.957767
        -86.036186         37.955303
        -86.040092         37.954750
        -86.045998         37.956490
        -86.049240         37.959454
        -86.066467         37.976177
        -86.072182         37.991627
        -86.092133         38.007111
        -86.109711         38.012363
        -86.120636         38.013832
        -86.159119         38.010605
        -86.168587         38.009811
        -86.181534         38.011375
        -86.199883         38.018032
        -86.236176         38.036598
        -86.261162         38.051376
        -86.273544         38.063927
        -86.279915         38.080620
        -86.280777         38.082882
        -86.282944         38.096077
        -86.282394         38.106842
        -86.276817         38.133434
        -86.283455         38.148914
        -86.302109         38.163372
        -86.338493         38.184505
        -86.358643         38.196198
        -86.364479         38.196022
        -86.373833         38.187977
        -86.376198         38.176155
        -86.373085         38.167507
        -86.366241         38.161896
        -86.330360         38.155567
        -86.325668         38.152351
        -86.320145         38.141064
        -86.325981         38.133312
        -86.332718         38.129047
        -86.353256         38.130501
        -86.364929         38.129921
        -86.381905         38.124771
        -86.389977         38.114368
        -86.393150         38.107174
        -86.399117         38.105164
        -86.411957         38.108307
        -86.427139         38.118908
        -86.442726         38.124245
        -86.454971         38.123909
        -86.460068         38.121857
        -86.465508         38.116089
        -86.466072         38.115482
        -86.467209         38.108189
        -86.460236         38.100510
        -86.439293         38.089180
        -86.433029         38.087505
        -86.428322         38.080620
        -86.430695         38.068565
        -86.436432         38.061951
        -86.452789         38.049416
        -86.465462         38.043133
        -86.478065         38.041664
        -86.497284         38.043270
        -86.503471         38.043785
        -86.510674         38.040684
        -86.514885         38.034912
        -86.519104         38.021336
        -86.522202         37.995537
        -86.519966         37.955711
        -86.507530         37.939739
        -86.506165         37.930946
        -86.506622         37.930485
        -86.511185         37.925903
        -86.513962         37.919834
        -86.524979         37.915993
        -86.546211         37.915157
        -86.556259         37.916546
        -86.569550         37.921074
        -86.578583         37.920578
        -86.588455         37.916447
        -86.594231         37.901104
        -86.592751         37.881977
        -86.594727         37.865360
        -86.595055         37.862568
        -86.615585         37.847450
        -86.633415         37.839527
        -86.644974         37.838184
        -86.653259         37.840027
        -86.661293         37.845192
        -86.663750         37.854500
        -86.649513         37.890583
        -86.648148         37.901310
        -86.651634         37.905144
        -86.667801         37.910023
        -86.678581         37.909370
        -86.693176         37.904068
        -86.704979         37.897263
        -86.718307         37.889378
        -86.725327         37.888271
        -86.744545         37.902367
        -86.757881         37.911381
        -86.769913         37.929604
        -86.777977         37.938461
        -86.787682         37.960938
        -86.798401         37.985523
        -86.809486         37.992908
        -86.823959         37.997459
        -86.834572         37.995178
        -86.853706         37.987309
        -86.867294         37.975742
        -86.879860         37.962067
        -86.895615         37.949345
        -86.910309         37.937473
        -86.965553         37.927036
        -86.986893         37.924522
        -86.998611         37.918602
        -87.020386         37.905540
        -87.033783         37.891888
        -87.038658         37.879932
        -87.042313         37.843361
        -87.052925         37.812828
        -87.064873         37.799221
        -87.079414         37.787376
        -87.093651         37.779682
        -87.111717         37.777168
        -87.126328         37.778667
        -87.132027         37.786331
        -87.140907         37.806931
        -87.151939         37.826237
        -87.157326         37.831928
        -87.176430         37.838726
        -87.192589         37.839821
        -87.243492         37.853912
        -87.247719         37.855686
        -87.252502         37.857685
        -87.278313         37.879677
        -87.302063         37.893276
        -87.333069         37.906704
        -87.362671         37.924194
        -87.404510         37.941025
        -87.430626         37.940689
        -87.440002         37.939224
        -87.454933         37.932243
        -87.490204         37.910686
        -87.503571         37.905746
        -87.505928         37.904881
        -87.523705         37.903278
        -87.544693         37.905933
        -87.565285         37.910404
        -87.583847         37.924431
        -87.586929         37.935566
        -87.585808         37.944469
        -87.581406         37.957142
        -87.579918         37.962318
        -87.580887         37.966255
        -87.586853         37.969181
        -87.593925         37.969231
        -87.596733         37.967224
        -87.600349         37.962700
        -87.603798         37.950397
        -87.610962         37.940849
        -87.621307         37.932365
        -87.623238         37.915386
        -87.615822         37.903858
        -87.595955         37.892345
        -87.581192         37.880775
        -87.579231         37.875576
        -87.582184         37.863518
        -87.604691         37.834732
        -87.620712         37.824921
        -87.629601         37.822884
        -87.647400         37.822449
        -87.669525         37.825127
        -87.680038         37.833328
        -87.688461         37.842594
        -87.688957         37.848812
        -87.670975         37.883011
        -87.671776         37.893829
        -87.678055         37.897884
        -87.694962         37.897865
        -87.716286         37.891666
        -87.759773         37.875851
        -87.765083         37.873917
        -87.799736         37.870838
        -87.821655         37.872334
        -87.844505         37.883034
        -87.882233         37.916225
        -87.894310         37.921005
        -87.903824         37.921513
        -87.908493         37.917736
        -87.910698         37.915947
        -87.926689         37.894722
        -87.929779         37.881065
        -87.923668         37.866161
        -87.906189         37.837540
        -87.901520         37.817867
        -87.900360         37.812778
        -87.911682         37.804367
        -87.922760         37.797680
        -87.935722         37.787727
        -87.947945         37.772327
        -87.953545         37.771732
        -87.959908         37.772919
        -87.975822         37.783119
        -87.996284         37.789810
        -88.023636         37.785965
        -88.024780         37.792416
        -88.033211         37.807396
        -88.036583         37.809120
        -88.054153         37.805374
        -88.074081         37.806065
        -88.082314         37.819656
        -88.083054         37.827255
        -88.080429         37.832901
        -88.070015         37.832767
        -88.040092         37.824158
        -88.030876         37.825901
        -88.029861         37.826096
        -88.023750         37.831848
        -88.023468         37.842163
        -88.028679         37.847393
        -88.053566         37.852848
        -88.060982         37.860218
        -88.090141         37.898853
        -88.088623         37.910732
        -88.074371         37.902668
        -88.065300         37.897537
        -88.048546         37.891449
        -88.040146         37.891384
        -88.034843         37.893036
        -88.017220         37.892189
        -88.011627         37.898876
        -88.016243         37.920147
        -88.029671         37.944477
        -88.030296         37.959412
        -88.026917         37.962738
        -88.024452         37.963535
        -88.015404         37.966461
        -88.011513         37.973896
        -88.011055         37.982140
        -88.024109         38.013340
        -88.021286         38.017143
        -88.014114         38.020802
        -88.006500         38.022129
        -87.999825         38.027401
        -88.010735         38.034664
        -88.021400         38.035957
        -88.029312         38.034626
        -88.032990         38.035942
        -88.038795         38.041611
        -88.039658         38.046917
        -88.032288         38.054230
        -88.006828         38.052654
        -87.980255         38.060665
        -87.959351         38.070938
        -87.954262         38.078789
        -87.957848         38.097496
        -87.952164         38.110970
        -87.939972         38.139866
        -87.930016         38.147667
        -87.928741         38.154732
        -87.941055         38.173294
        -87.951622         38.181927
        -87.966690         38.187962
        -87.977478         38.197750
        -87.982407         38.208473
        -87.983055         38.232826
        -87.983055         38.232826
        -87.985313         38.257240
        -87.978630         38.256992
        -87.964905         38.243176
        -87.960556         38.242786
        -87.959526         38.250317
        -87.953262         38.252834
        -87.945045         38.258720
        -87.945145         38.261936
        -87.951073         38.269958
        -87.939568         38.286961
        -87.931274         38.293987
        -87.926514         38.295647
        -87.916580         38.296188
        -87.910446         38.291599
        -87.918953         38.274979
        -87.920357         38.272243
        -87.917244         38.265934
        -87.908943         38.268372
        -87.897964         38.276447
        -87.883698         38.290817
        -87.878487         38.304611
        -87.873833         38.309250
        -87.865181         38.307774
        -87.870010         38.285938
        -87.866821         38.276180
        -87.859131         38.273365
        -87.853889         38.273392
        -87.844078         38.276688
        -87.843666         38.277077
        -87.838509         38.281979
        -87.826035         38.333115
        -87.821053         38.343018
        -87.808113         38.354218
        -87.789642         38.360615
        -87.780243         38.366444
        -87.774849         38.373348
        -87.767738         38.379597
        -87.755104         38.390701
        -87.749748         38.396915
        -87.744019         38.413895
        -87.743866         38.425587
        -87.740463         38.433254
        -87.730446         38.444103
        -87.732544         38.447853
        -87.753189         38.453709
        -87.753853         38.457172
        -87.742638         38.473022
        -87.737495         38.475803
        -87.722069         38.474972
        -87.695129         38.480793
        -87.684830         38.486580
        -87.684227         38.487282
        -87.674736         38.498337
        -87.672012         38.504425
        -87.655769         38.498043
        -87.648727         38.498455
        -87.646133         38.502480
        -87.650734         38.512753
        -87.658791         38.519268
        -87.665443         38.533981
        -87.670616         38.539921
        -87.668633         38.543510
        -87.653893         38.554626
        -87.652039         38.565331
        -87.644356         38.571091
        -87.641289         38.573391
        -87.643974         38.586113
        -87.641800         38.588093
        -87.636230         38.588329
        -87.623825         38.581181
        -87.617447         38.580910
        -87.613319         38.585350
        -87.615959         38.589813
        -87.626396         38.595734
        -87.627342         38.599213
        -87.622932         38.617615
        -87.617455         38.625423
        -87.621346         38.633148
        -87.619850         38.638134
        -87.604225         38.644390
        -87.595947         38.659195
        -87.588295         38.664391
        -87.554176         38.671272
        -87.541901         38.675365
        -87.524948         38.683849
        -87.522224         38.686642
        -87.520859         38.688042
        -87.517555         38.698227
        -87.517242         38.711746
        -87.504761         38.727749
        -87.496338         38.735435
        -87.497284         38.738914
        -87.503204         38.742367
        -87.504219         38.744701
        -87.497787         38.757740
        -87.498581         38.763504
        -87.505394         38.762405
        -87.511490         38.763344
        -87.512802         38.765690
        -87.508957         38.770580
        -87.501480         38.772797
        -87.498344         38.775879
        -87.498901         38.780720
        -87.503036         38.785831
        -87.523842         38.811546
        -87.525177         38.818020
        -87.521828         38.824306
        -87.527298         38.843563
        -87.533936         38.849792
        -87.538757         38.852280
        -87.547752         38.853790
        -87.553955         38.857712
        -87.550789         38.861252
        -87.543747         38.861198
        -87.542114         38.863655
        -87.545853         38.869308
        -87.545395         38.871811
        -87.537544         38.875164
        -87.534653         38.878944
        -87.536194         38.882217
        -87.533249         38.891270
        -87.530373         38.894821
        -87.518089         38.898453
        -87.515289         38.900860
        -87.516205         38.904797
        -87.519875         38.907009
        -87.522743         38.908043
        -87.524048         38.914974
        -87.522629         38.918587
        -87.518440         38.919792
        -87.514977         38.927677
        -87.515335         38.931129
        -87.519676         38.936581
        -87.510330         38.949039
        -87.510979         38.952507
        -87.517525         38.955753
        -87.525497         38.968456
        -87.526978         38.968990
        -87.561966         38.981621
        -87.577667         38.984314
        -87.573578         38.988277
        -87.565956         38.987972
        -87.560532         38.990047
        -87.562416         38.992645
        -87.572823         38.995358
        -87.575531         38.998905
        -87.570404         39.005348
        -87.567337         39.016228
        -87.567780         39.022896
        -87.576912         39.040684
        -87.573250         39.047428
        -87.571556         39.050556
        -87.573303         39.055214
        -87.579224         39.063702
        -87.593651         39.077118
        -87.600487         39.080601
        -87.615974         39.082363
        -87.618042         39.086800
        -87.611435         39.097771
        -87.612694         39.101028
        -87.638145         39.103642
        -87.646835         39.105820
        -87.649811         39.109833
        -87.648666         39.113914
        -87.642464         39.118713
        -87.640991         39.123238
        -87.642227         39.126957
        -87.642807         39.127125
        -87.651184         39.129601
        -87.653374         39.132210
        -87.650063         39.146976
        -87.641739         39.152611
        -87.636902         39.163651
        -87.631973         39.166893
        -87.619171         39.168907
        -87.615669         39.172897
        -87.617851         39.180088
        -87.616516         39.182556
        -87.605652         39.181896
        -87.599518         39.185551
        -87.588303         39.194733
        -87.575165         39.210709
        -87.574593         39.215069
        -87.573395         39.224163
        -87.578186         39.236504
        -87.569946         39.249695
        -87.573837         39.253288
        -87.581902         39.251778
        -87.589104         39.245419
        -87.594742         39.244957
        -87.601616         39.257149
        -87.599434         39.267834
        -87.602142         39.271606
        -87.609245         39.275787
        -87.609818         39.280621
        -87.607086         39.286243
        -87.596581         39.293388
        -87.597580         39.296177
        -87.602364         39.299809
        -87.603119         39.306255
        -87.594490         39.320808
        -87.586830         39.329441
        -87.577751         39.337330
        -87.562195         39.335793
        -87.554665         39.338013
        -87.548447         39.347160
        -87.541611         39.347801
        -87.532013         39.345585
        -87.528542         39.348881
        -87.526039         39.355427
        -87.529938         39.369713
        -87.529938         39.369713
        -87.535217         39.384544
        -87.537590         39.426567
        -87.535088         39.469017
        -87.535820         39.492035
        -87.533951         39.521519
        -87.535637         39.540028
        -87.535370         39.555252
        -87.533035         39.564098
        -87.535423         39.604336
        -87.535263         39.683292
        -87.535500         39.726379
        -87.537857         39.750061
        -87.536125         39.763279
        -87.535988         39.801212
        -87.537674         39.879227
        -87.536194         39.921307
        -87.537445         39.981117
        -87.540924         39.995003
        -87.541962         39.999149
        -87.541977         40.000000
        -87.529480         40.123722
        -87.527222         40.249481
        -87.526520         40.288551
        -87.525894         40.375263
        -87.524979         40.501060
        -87.524055         40.626869
        -87.523132         40.752697
        -87.522202         40.878532
        -87.521942         40.913780
        -87.521698         41.039635
        -87.521454         41.165501
        -87.521202         41.291374
        -87.520958         41.414398
        -87.520935         41.516937
        -87.519516         41.545116
        -87.520004         41.729259
        -87.520004         41.729259
        -87.514977         41.721771
        -87.514580         41.716339
        -87.514130         41.710110
        -87.508141         41.706367
        -87.502487         41.696663
        -87.494537         41.690228
        -87.485535         41.687481
        -87.463760         41.672920
        -87.458542         41.672592
        -87.446777         41.676102
        -87.438118         41.680904
        -87.435760         41.669277
        -87.432800         41.664772
        -87.429276         41.667839
        -87.430458         41.673767
        -87.425591         41.681221
        -87.422249         41.681763
        -87.415215         41.678558
        -87.403198         41.673077
        -87.398117         41.668854
        -87.401939         41.665321
        -87.425110         41.656948
        -87.429802         41.652477
        -87.428169         41.650227
        -87.420654         41.646294
        -87.404594         41.642574
        -87.397636         41.637478
        -87.382835         41.634640
        -87.359886         41.627190
        -87.332443         41.625519
        -87.327713         41.625229
        -87.317253         41.623653
        -87.309090         41.618580
        -87.298058         41.617931
        -87.222046         41.619968
        -87.188316         41.624645
        -87.170151         41.628731
        -87.153572         41.634377
        -87.154411         41.624966
        -87.149773         41.623695
        -87.148109         41.635418
        -87.144737         41.635265
        -87.142929         41.628204
        -87.138969         41.628525
        -87.134163         41.638252
        -87.128464         41.640903
        -87.068771         41.654373
        -87.053955         41.660152
        -87.002190         41.680328
        -86.936974         41.703236
        -86.915771         41.709171
        -86.906662         41.718185
        -86.903961         41.720867
        -86.892838         41.726360
        -86.874641         41.731083
        -86.846397         41.746082
        -86.825195         41.752457
        -86.810738         41.758793
END
END
