iowa
1
        -92.599075         42.132481
        -96.608009         43.502316
        -96.458351         43.505615
        -96.281853         43.504089
        -96.108788         43.503723
        -95.935730         43.503094
        -95.762672         43.502197
        -95.589615         43.501038
        -95.525291         43.500542
        -95.352303         43.504337
        -95.320320         43.505013
        -95.179260         43.504009
        -95.006210         43.502537
        -95.000000         43.502476
        -94.842865         43.500904
        -94.833176         43.501305
        -94.784454         43.503307
        -94.660217         43.505287
        -94.600784         43.506187
        -94.513931         43.502277
        -94.487358         43.503078
        -94.460632         43.503880
        -94.314316         43.503330
        -94.141258         43.502438
        -94.133148         43.502388
        -93.960083         43.503078
        -93.787025         43.503502
        -93.613960         43.503662
        -93.440895         43.503559
        -93.267830         43.503193
        -93.094765         43.502560
        -93.000000         43.500359
        -92.986038         43.500542
        -92.965469         43.499550
        -92.943420         43.498486
        -92.899948         43.500542
        -92.770340         43.501656
        -92.597160         43.502911
        -92.488556         43.503563
        -92.457916         43.502853
        -92.458031         43.503765
        -92.406021         43.505306
        -92.344437         43.506058
        -92.316811         43.505741
        -92.201271         43.504345
        -92.143661         43.505684
        -92.142921         43.505703
        -92.129105         43.503803
        -91.970718         43.504257
        -91.948929         43.504303
        -91.886185         43.503036
        -91.866066         43.504013
        -91.858658         43.505608
        -91.852119         43.503700
        -91.813286         43.504177
        -91.798439         43.503670
        -91.766640         43.502575
        -91.715874         43.503719
        -91.625313         43.503166
        -91.572914         43.502815
        -91.546478         43.503868
        -91.452171         43.503418
        -91.218239         43.503567
        -91.218239         43.503567
        -91.214348         43.495758
        -91.215385         43.478153
        -91.225281         43.441013
        -91.209694         43.427322
        -91.201012         43.412487
        -91.192169         43.396198
        -91.185242         43.379066
        -91.173500         43.363682
        -91.151886         43.349613
        -91.121803         43.340424
        -91.093399         43.328201
        -91.079628         43.312199
        -91.067528         43.293171
        -91.064987         43.269932
        -91.068970         43.251427
        -91.085953         43.232891
        -91.113785         43.212982
        -91.129745         43.194496
        -91.158272         43.154068
        -91.170830         43.132122
        -91.173538         43.111492
        -91.173271         43.091042
        -91.172760         43.068413
        -91.168343         43.055519
        -91.160606         43.021626
        -91.158051         42.998386
        -91.151817         42.987064
        -91.150810         42.968849
        -91.150787         42.950577
        -91.141342         42.918980
        -91.129219         42.899231
        -91.106049         42.887447
        -91.091850         42.875862
        -91.081657         42.855267
        -91.079292         42.833481
        -91.080673         42.800510
        -91.075226         42.786945
        -91.068451         42.761036
        -91.053505         42.742180
        -91.022881         42.724979
        -91.002541         42.720322
        -90.985527         42.709621
        -90.953873         42.691730
        -90.927025         42.681591
        -90.890106         42.679333
        -90.860855         42.674431
        -90.817436         42.666676
        -90.775162         42.660297
        -90.715408         42.647579
        -90.689301         42.634422
        -90.673698         42.607529
        -90.664871         42.569302
        -90.644569         42.554356
        -90.632065         42.538242
        -90.637634         42.524784
        -90.640564         42.506908
        -90.650414         42.498447
        -90.648331         42.477791
        -90.639656         42.471348
        -90.618523         42.460644
        -90.597496         42.450920
        -90.577209         42.435219
        -90.561218         42.422245
        -90.544594         42.416229
        -90.530624         42.410065
        -90.502884         42.399704
        -90.474579         42.383430
        -90.460625         42.377258
        -90.444389         42.361317
        -90.429581         42.346287
        -90.415535         42.311436
        -90.412010         42.275032
        -90.409538         42.249451
        -90.390030         42.226757
        -90.373756         42.209824
        -90.347557         42.200336
        -90.326942         42.193512
        -90.305099         42.187740
        -90.279968         42.175217
        -90.251793         42.172733
        -90.230927         42.162941
        -90.209969         42.152161
        -90.202156         42.139713
        -90.194168         42.125294
        -90.176704         42.123226
        -90.159500         42.124111
        -90.156364         42.104496
        -90.161430         42.087429
        -90.159431         42.065781
        -90.154884         42.045254
        -90.136139         42.014576
        -90.136139         42.014576
        -90.131477         42.003571
        -90.129333         41.993088
        -90.137390         41.977673
        -90.145607         41.964008
        -90.153656         41.948593
        -90.154022         41.939747
        -90.146149         41.931324
        -90.140762         41.911297
        -90.140038         41.903393
        -90.143944         41.894367
        -90.161613         41.884720
        -90.161613         41.884720
        -90.164520         41.873890
        -90.168861         41.856895
        -90.175308         41.837143
        -90.180984         41.821846
        -90.189659         41.813450
        -90.204201         41.804752
        -90.225380         41.791294
        -90.239510         41.778198
        -90.252861         41.769554
        -90.272911         41.769382
        -90.295731         41.761120
        -90.307655         41.749897
        -90.314133         41.731014
        -90.321358         41.707684
        -90.322891         41.686417
        -90.333710         41.663773
        -90.339508         41.637867
        -90.339699         41.602551
        -90.340714         41.588371
        -90.350502         41.579906
        -90.384193         41.575451
        -90.404510         41.566410
        -90.420052         41.556744
        -90.452530         41.527615
        -90.469391         41.519634
        -90.506470         41.514072
        -90.557259         41.516563
        -90.585228         41.514126
        -90.596489         41.509087
        -90.613716         41.493114
        -90.637856         41.475872
        -90.661079         41.461319
        -90.690659         41.451702
        -90.735931         41.446476
        -90.775627         41.444199
        -90.826370         41.446568
        -90.845947         41.442783
        -90.881142         41.431015
        -90.910049         41.426674
        -90.945335         41.427242
        -90.969223         41.431129
        -90.990692         41.434269
        -91.024780         41.423405
        -91.044487         41.409859
        -91.051720         41.400593
        -91.048050         41.376968
        -91.054077         41.356297
        -91.060616         41.329411
        -91.068779         41.306839
        -91.083458         41.279461
        -91.093834         41.255871
        -91.093925         41.234673
        -91.082947         41.219440
        -91.069092         41.199085
        -91.055611         41.182240
        -91.044556         41.166130
        -91.027458         41.159210
        -91.011284         41.161064
        -90.998322         41.160072
        -90.988197         41.152733
        -90.978516         41.138302
        -90.963181         41.114494
        -90.952873         41.093918
        -90.944084         41.076782
        -90.948074         41.058887
        -90.952400         41.033028
        -90.946991         41.003334
        -90.943001         40.964725
        -90.948502         40.950275
        -90.959328         40.931091
        -90.978439         40.913177
        -91.003235         40.894035
        -91.033333         40.870152
        -91.064659         40.847065
        -91.084450         40.814083
        -91.088661         40.798817
        -91.083626         40.784119
        -91.085289         40.755768
        -91.089302         40.738750
        -91.097656         40.718819
        -91.103828         40.689308
        -91.114479         40.669239
        -91.138626         40.656277
        -91.171524         40.638355
        -91.192848         40.631737
        -91.228935         40.633022
        -91.252937         40.629757
        -91.279053         40.624584
        -91.310448         40.614658
        -91.335106         40.606918
        -91.359093         40.593033
        -91.383743         40.574684
        -91.400612         40.559479
        -91.405487         40.540627
        -91.389282         40.530186
        -91.371841         40.518940
        -91.361877         40.501919
        -91.359291         40.478249
        -91.373741         40.451725
        -91.373734         40.430538
        -91.367035         40.411545
        -91.363785         40.392334
        -91.375450         40.382759
        -91.402306         40.374855
        -91.433578         40.371815
        -91.438904         40.377430
        -91.450356         40.379108
        -91.469383         40.379223
        -91.481598         40.384617
        -91.485107         40.390846
        -91.482613         40.396927
        -91.487518         40.399837
        -91.499588         40.400665
        -91.514114         40.407791
        -91.521278         40.415127
        -91.516090         40.428650
        -91.525032         40.436138
        -91.518677         40.448662
        -91.522804         40.454044
        -91.551666         40.456730
        -91.565598         40.461464
        -91.578484         40.475689
        -91.585381         40.486805
        -91.590302         40.492939
        -91.599007         40.495056
        -91.608719         40.499798
        -91.615234         40.507442
        -91.616142         40.515453
        -91.616409         40.524048
        -91.617073         40.529926
        -91.622589         40.534946
        -91.633522         40.537987
        -91.669785         40.546345
        -91.682678         40.554096
        -91.686859         40.559742
        -91.685974         40.570564
        -91.687416         40.576931
        -91.695221         40.583408
        -91.707367         40.590672
        -91.717339         40.597538
        -91.730927         40.611164
        -91.730927         40.611164
        -91.911873         40.606216
        -92.076996         40.602146
        -92.242096         40.597820
        -92.402145         40.593388
        -92.407173         40.593277
        -92.572273         40.589539
        -92.737350         40.585548
        -92.902412         40.581306
        -93.000000         40.578678
        -93.106323         40.582451
        -93.139481         40.581795
        -93.271324         40.580444
        -93.436325         40.578529
        -93.601318         40.576359
        -93.766304         40.573940
        -93.931267         40.571270
        -94.037605         40.569412
        -94.096237         40.569180
        -94.261223         40.568352
        -94.426208         40.567276
        -94.518181         40.566566
        -94.591179         40.567814
        -94.756134         40.570454
        -94.921104         40.572842
        -95.000000         40.573864
        -95.086090         40.574978
        -95.251083         40.576862
        -95.401299         40.578358
        -95.416084         40.578552
        -95.581085         40.580585
        -95.746094         40.582363
        -95.746094         40.582363
        -95.762260         40.582958
        -95.769745         40.598103
        -95.778458         40.639320
        -95.782936         40.650242
        -95.791672         40.658298
        -95.794365         40.659489
        -95.802025         40.662865
        -95.833763         40.668419
        -95.846634         40.675137
        -95.860519         40.702812
        -95.875839         40.712696
        -95.890594         40.729698
        -95.891045         40.740940
        -95.888794         40.746506
        -95.884361         40.757465
        -95.855125         40.770405
        -95.842384         40.778492
        -95.842461         40.794308
        -95.849724         40.804337
        -95.851082         40.812561
        -95.850975         40.822247
        -95.847397         40.833305
        -95.850098         40.841595
        -95.848640         40.852333
        -95.848450         40.853760
        -95.826141         40.880280
        -95.820038         40.889179
        -95.817963         40.898266
        -95.827499         40.913502
        -95.837822         40.919083
        -95.847549         40.940449
        -95.843277         40.960148
        -95.840263         40.964092
        -95.838997         40.979847
        -95.843079         40.987690
        -95.865929         40.996902
        -95.871117         41.002304
        -95.876144         41.004002
        -95.876335         41.010132
        -95.864426         41.032547
        -95.865707         41.041790
        -95.877197         41.049969
        -95.889030         41.062244
        -95.884064         41.073753
        -95.870193         41.086895
        -95.869705         41.092995
        -95.871971         41.112766
        -95.872887         41.120693
        -95.887596         41.147896
        -95.887093         41.162670
        -95.880135         41.173580
        -95.864731         41.171856
        -95.854500         41.172916
        -95.850136         41.176800
        -95.848457         41.180805
        -95.849442         41.185444
        -95.864563         41.190727
        -95.884995         41.190681
        -95.917984         41.190605
        -95.927010         41.196114
        -95.931999         41.201443
        -95.930321         41.214123
        -95.922653         41.225510
        -95.917191         41.243122
        -95.926529         41.261913
        -95.924164         41.274567
        -95.913277         41.278576
        -95.892082         41.286381
        -95.884048         41.293671
        -95.880859         41.299648
        -95.883255         41.312004
        -95.888718         41.319908
        -95.901978         41.323570
        -95.935532         41.327637
        -95.957321         41.343410
        -95.961563         41.349724
        -95.960526         41.354271
        -95.959534         41.358307
        -95.957703         41.359241
        -95.941162         41.367691
        -95.937180         41.375168
        -95.936577         41.382793
        -95.943230         41.401463
        -95.935143         41.417942
        -95.938583         41.434425
        -95.926178         41.453770
        -95.926964         41.460949
        -95.931976         41.466278
        -95.939896         41.469185
        -95.969231         41.467434
        -96.020821         41.485027
        -96.025604         41.493404
        -96.052055         41.511402
        -96.080482         41.524052
        -96.091476         41.528938
        -96.097107         41.535309
        -96.101822         41.544697
        -96.104309         41.556541
        -96.100929         41.565071
        -96.100121         41.584427
        -96.104958         41.592289
        -96.121849         41.602715
        -96.122620         41.610401
        -96.120720         41.617462
        -96.112633         41.625278
        -96.108238         41.633007
        -96.105545         41.637733
        -96.103287         41.649372
        -96.105980         41.658672
        -96.121254         41.672600
        -96.129150         41.685188
        -96.129555         41.688778
        -96.125648         41.695244
        -96.114876         41.702435
        -96.109650         41.708332
        -96.108261         41.717461
        -96.113297         41.740643
        -96.111465         41.746689
        -96.107773         41.754078
        -96.100983         41.767670
        -96.085075         41.779232
        -96.078896         41.797337
        -96.084587         41.803196
        -96.104485         41.810692
        -96.116905         41.817860
        -96.122444         41.825752
        -96.126816         41.848907
        -96.133156         41.855476
        -96.135040         41.857426
        -96.150955         41.863716
        -96.154343         41.873047
        -96.155533         41.884327
        -96.168701         41.908871
        -96.147995         41.920242
        -96.144768         41.926739
        -96.148560         41.963055
        -96.149109         41.968266
        -96.154587         41.977173
        -96.190483         41.982265
        -96.202034         41.992451
        -96.209351         41.995308
        -96.219437         41.997772
        -96.236542         41.997978
        -96.248245         42.015308
        -96.249908         42.029667
        -96.258797         42.036602
        -96.260269         42.037750
        -96.271461         42.043831
        -96.280457         42.051857
        -96.284294         42.083145
        -96.290558         42.100246
        -96.289154         42.109886
        -96.293343         42.127411
        -96.307365         42.132580
        -96.318886         42.134583
        -96.326187         42.137943
        -96.333458         42.150997
        -96.356972         42.167267
        -96.365364         42.183937
        -96.363892         42.194595
        -96.369278         42.209202
        -96.371346         42.214798
        -96.368233         42.219776
        -96.350609         42.225697
        -96.342552         42.232517
        -96.344543         42.242805
        -96.344803         42.276501
        -96.351746         42.284946
        -96.379585         42.299339
        -96.384216         42.310787
        -96.384827         42.312309
        -96.392242         42.323837
        -96.401299         42.331856
        -96.422417         42.344437
        -96.426743         42.351242
        -96.428749         42.361530
        -96.425156         42.373127
        -96.418602         42.377968
        -96.416931         42.381985
        -96.421165         42.399506
        -96.421265         42.407677
        -96.418495         42.417263
        -96.415108         42.420742
        -96.411789         42.424141
        -96.398743         42.432808
        -96.392967         42.445847
        -96.389969         42.458485
        -96.393982         42.479061
        -96.404282         42.489170
        -96.421265         42.492908
        -96.469185         42.489727
        -96.481056         42.500443
        -96.484352         42.510883
        -96.487221         42.514202
        -96.499031         42.518093
        -96.501236         42.522072
        -96.499741         42.525681
        -96.491989         42.530197
        -96.488823         42.535721
        -96.487747         42.537594
        -96.487984         42.556393
        -96.491043         42.561325
        -96.500893         42.562389
        -96.504158         42.564579
        -96.506126         42.576340
        -96.498917         42.581791
        -96.509193         42.603497
        -96.518250         42.615990
        -96.524651         42.613255
        -96.530823         42.613720
        -96.533699         42.617039
        -96.533195         42.619770
        -96.527977         42.623466
        -96.526016         42.629349
        -96.526962         42.633511
        -96.530365         42.638222
        -96.542442         42.647617
        -96.547775         42.656609
        -96.550232         42.660748
        -96.555153         42.661392
        -96.559013         42.659477
        -96.563675         42.659424
        -96.567177         42.662762
        -96.565834         42.668671
        -96.567642         42.674007
        -96.571762         42.677372
        -96.575447         42.677971
        -96.582405         42.676170
        -96.582405         42.680752
        -96.589531         42.685604
        -96.594650         42.692440
        -96.604568         42.692814
        -96.609512         42.697807
        -96.621124         42.700764
        -96.630295         42.707520
        -96.636765         42.717613
        -96.642624         42.736622
        -96.639183         42.746117
        -96.632683         42.754810
        -96.632477         42.757782
        -96.638283         42.759373
        -96.639587         42.763088
        -96.637215         42.770561
        -96.629929         42.781521
        -96.625633         42.785255
        -96.617821         42.785652
        -96.612045         42.788185
        -96.609222         42.791237
        -96.604652         42.796158
        -96.602135         42.801105
        -96.602631         42.807541
        -96.600655         42.813656
        -96.594917         42.820084
        -96.589096         42.832241
        -96.586128         42.834652
        -96.582397         42.834511
        -96.580803         42.830555
        -96.573441         42.828903
        -96.571449         42.835243
        -96.565620         42.838463
        -96.566872         42.842865
        -96.564117         42.846657
        -96.555115         42.850670
        -96.553711         42.852909
        -96.557571         42.860157
        -96.558670         42.866844
        -96.555786         42.872467
        -96.547600         42.878113
        -96.547440         42.883991
        -96.547401         42.885441
        -96.541046         42.891617
        -96.541710         42.895535
        -96.547424         42.898502
        -96.549690         42.901798
        -96.552536         42.914738
        -96.551064         42.922474
        -96.545837         42.930298
        -96.539001         42.934391
        -96.529419         42.933113
        -96.527115         42.934856
        -96.528053         42.939247
        -96.518265         42.945293
        -96.518616         42.949200
        -96.511513         42.961536
        -96.511375         42.967945
        -96.516083         42.972019
        -96.523788         42.973461
        -96.527199         42.982758
        -96.525192         42.989098
        -96.517120         42.997269
        -96.502411         43.006561
        -96.499283         43.011028
        -96.500717         43.017269
        -96.515511         43.024708
        -96.517204         43.027294
        -96.517265         43.035316
        -96.526382         43.043453
        -96.522728         43.046524
        -96.505493         43.051598
        -96.484924         43.063877
        -96.469124         43.066250
        -96.470139         43.069496
        -96.466736         43.077847
        -96.466461         43.090439
        -96.461464         43.103539
        -96.448166         43.123196
        -96.451447         43.134323
        -96.454140         43.136131
        -96.463394         43.142345
        -96.473633         43.156948
        -96.478500         43.180969
        -96.477493         43.195137
        -96.479683         43.212868
        -96.485062         43.225449
        -96.490364         43.230236
        -96.495743         43.229523
        -96.511269         43.218426
        -96.517723         43.219200
        -96.530853         43.220772
        -96.543556         43.227436
        -96.555534         43.226513
        -96.566414         43.227837
        -96.573242         43.233364
        -96.573494         43.243225
        -96.563324         43.249722
        -96.561279         43.256519
        -96.566734         43.263828
        -96.571518         43.267216
        -96.578682         43.267941
        -96.584045         43.272038
        -96.592278         43.270969
        -96.594902         43.273815
        -96.589607         43.277744
        -96.586777         43.282452
        -96.586365         43.288395
        -96.588997         43.291245
        -96.594246         43.296936
        -96.592476         43.299850
        -96.581322         43.302185
        -96.576332         43.301769
        -96.569481         43.296471
        -96.562637         43.295528
        -96.546280         43.296062
        -96.543961         43.297806
        -96.532608         43.374294
        -96.530838         43.386230
        -96.532303         43.392246
        -96.575455         43.418152
        -96.576958         43.423710
        -96.574020         43.429787
        -96.578392         43.434761
        -96.586128         43.432072
        -96.594635         43.431927
        -96.603584         43.438904
        -96.607040         43.443615
        -96.608742         43.450783
        -96.605835         43.456406
        -96.597343         43.460903
        -96.597054         43.461617
        -96.595436         43.465645
        -96.592674         43.491898
        -96.595871         43.495682
        -96.605080         43.499229
        -96.608009         43.502316
END
END
