iraq
1
     0.4250000E+02     0.3280864E+02
     0.4273460E+02     0.3731252E+02
     0.4273702E+02     0.3731342E+02
     0.4274327E+02     0.3731804E+02
     0.4274587E+02     0.3732439E+02
     0.4274334E+02     0.3733135E+02
     0.4273934E+02     0.3733573E+02
     0.4273081E+02     0.3734506E+02
     0.4273426E+02     0.3734790E+02
     0.4275048E+02     0.3735041E+02
     0.4277423E+02     0.3735641E+02
     0.4278474E+02     0.3736298E+02
     0.4278651E+02     0.3736526E+02
     0.4279360E+02     0.3737442E+02
     0.4279906E+02     0.3737748E+02
     0.4280326E+02     0.3737804E+02
     0.4283128E+02     0.3737160E+02
     0.4283457E+02     0.3736818E+02
     0.4284213E+02     0.3735133E+02
     0.4284983E+02     0.3734686E+02
     0.4286766E+02     0.3734713E+02
     0.4287307E+02     0.3734594E+02
     0.4288208E+02     0.3733902E+02
     0.4288647E+02     0.3733763E+02
     0.4291212E+02     0.3733281E+02
     0.4292137E+02     0.3733107E+02
     0.4296025E+02     0.3731785E+02
     0.4297369E+02     0.3731652E+02
     0.4297747E+02     0.3731744E+02
     0.4298742E+02     0.3732413E+02
     0.4302004E+02     0.3733299E+02
     0.4302707E+02     0.3733862E+02
     0.4303466E+02     0.3735272E+02
     0.4303810E+02     0.3735548E+02
     0.4304518E+02     0.3735612E+02
     0.4306799E+02     0.3735821E+02
     0.4309170E+02     0.3736389E+02
     0.4310859E+02     0.3736519E+02
     0.4312890E+02     0.3737177E+02
     0.4314118E+02     0.3737000E+02
     0.4316740E+02     0.3737398E+02
     0.4317049E+02     0.3737239E+02
     0.4317887E+02     0.3735916E+02
     0.4318194E+02     0.3735734E+02
     0.4318804E+02     0.3735682E+02
     0.4320814E+02     0.3735511E+02
     0.4322888E+02     0.3734469E+02
     0.4323399E+02     0.3734360E+02
     0.4325273E+02     0.3734459E+02
     0.4326348E+02     0.3733564E+02
     0.4327969E+02     0.3732673E+02
     0.4328864E+02     0.3731657E+02
     0.4331182E+02     0.3731201E+02
     0.4332330E+02     0.3730497E+02
     0.4332547E+02     0.3730364E+02
     0.4332792E+02     0.3730391E+02
     0.4333199E+02     0.3731570E+02
     0.4333459E+02     0.3731871E+02
     0.4334621E+02     0.3732646E+02
     0.4336007E+02     0.3733035E+02
     0.4337004E+02     0.3732864E+02
     0.4338366E+02     0.3731992E+02
     0.4340537E+02     0.3729601E+02
     0.4343858E+02     0.3728078E+02
     0.4344350E+02     0.3727853E+02
     0.4347154E+02     0.3727125E+02
     0.4347777E+02     0.3726701E+02
     0.4349384E+02     0.3725097E+02
     0.4350114E+02     0.3724796E+02
     0.4353115E+02     0.3724289E+02
     0.4353593E+02     0.3724364E+02
     0.4355481E+02     0.3725249E+02
     0.4357677E+02     0.3725810E+02
     0.4358688E+02     0.3725327E+02
     0.4358834E+02     0.3725096E+02
     0.4359762E+02     0.3723632E+02
     0.4361129E+02     0.3723009E+02
     0.4362676E+02     0.3722967E+02
     0.4364391E+02     0.3721936E+02
     0.4365104E+02     0.3721862E+02
     0.4366275E+02     0.3722276E+02
     0.4368284E+02     0.3722311E+02
     0.4370506E+02     0.3723486E+02
     0.4370940E+02     0.3723538E+02
     0.4371793E+02     0.3722953E+02
     0.4371989E+02     0.3723022E+02
     0.4373082E+02     0.3723407E+02
     0.4373656E+02     0.3723407E+02
     0.4374778E+02     0.3722995E+02
     0.4375262E+02     0.3722953E+02
     0.4376545E+02     0.3723291E+02
     0.4380025E+02     0.3722991E+02
     0.4381430E+02     0.3722543E+02
     0.4381982E+02     0.3722200E+02
     0.4383410E+02     0.3720281E+02
     0.4385316E+02     0.3719084E+02
     0.4385868E+02     0.3720935E+02
     0.4386278E+02     0.3721550E+02
     0.4386464E+02     0.3721795E+02
     0.4387532E+02     0.3722374E+02
     0.4389403E+02     0.3722441E+02
     0.4389815E+02     0.3722375E+02
     0.4391777E+02     0.3722063E+02
     0.4392810E+02     0.3722287E+02
     0.4393711E+02     0.3722700E+02
     0.4394243E+02     0.3723195E+02
     0.4395147E+02     0.3724606E+02
     0.4395124E+02     0.3725651E+02
     0.4396704E+02     0.3727529E+02
     0.4397061E+02     0.3728674E+02
     0.4397857E+02     0.3729239E+02
     0.4399916E+02     0.3729816E+02
     0.4400444E+02     0.3729964E+02
     0.4400788E+02     0.3730181E+02
     0.4402985E+02     0.3732470E+02
     0.4403303E+02     0.3732503E+02
     0.4403668E+02     0.3732133E+02
     0.4403995E+02     0.3732074E+02
     0.4406145E+02     0.3732207E+02
     0.4407505E+02     0.3731649E+02
     0.4409410E+02     0.3731309E+02
     0.4411203E+02     0.3731249E+02
     0.4413682E+02     0.3731512E+02
     0.4414184E+02     0.3731565E+02
     0.4415632E+02     0.3730601E+02
     0.4416834E+02     0.3730070E+02
     0.4417991E+02     0.3729955E+02
     0.4419448E+02     0.3729138E+02
     0.4421558E+02     0.3728421E+02
     0.4423738E+02     0.3727907E+02
     0.4426719E+02     0.3725208E+02
     0.4426778E+02     0.3725154E+02
     0.4427886E+02     0.3723628E+02
     0.4428212E+02     0.3722674E+02
     0.4427906E+02     0.3720391E+02
     0.4429028E+02     0.3718440E+02
     0.4429010E+02     0.3717500E+02
     0.4428166E+02     0.3716215E+02
     0.4426859E+02     0.3715524E+02
     0.4425631E+02     0.3715390E+02
     0.4424781E+02     0.3715557E+02
     0.4424228E+02     0.3715666E+02
     0.4423346E+02     0.3713981E+02
     0.4421732E+02     0.3712521E+02
     0.4420849E+02     0.3711502E+02
     0.4420268E+02     0.3710481E+02
     0.4420225E+02     0.3709806E+02
     0.4420556E+02     0.3708702E+02
     0.4421486E+02     0.3707333E+02
     0.4422411E+02     0.3706549E+02
     0.4423995E+02     0.3705637E+02
     0.4424234E+02     0.3705499E+02
     0.4424690E+02     0.3705009E+02
     0.4424821E+02     0.3704602E+02
     0.4424272E+02     0.3703408E+02
     0.4424354E+02     0.3702671E+02
     0.4426036E+02     0.3700329E+02
     0.4426879E+02     0.3698297E+02
     0.4427712E+02     0.3697677E+02
     0.4428217E+02     0.3697519E+02
     0.4430333E+02     0.3697488E+02
     0.4431998E+02     0.3696706E+02
     0.4432347E+02     0.3698251E+02
     0.4432382E+02     0.3698291E+02
     0.4432382E+02     0.3698291E+02
     0.4434278E+02     0.3700530E+02
     0.4436126E+02     0.3702032E+02
     0.4436512E+02     0.3702635E+02
     0.4436485E+02     0.3703073E+02
     0.4434856E+02     0.3704341E+02
     0.4434816E+02     0.3704595E+02
     0.4435068E+02     0.3704929E+02
     0.4435781E+02     0.3705310E+02
     0.4437094E+02     0.3705664E+02
     0.4438079E+02     0.3705639E+02
     0.4440579E+02     0.3705575E+02
     0.4442607E+02     0.3706333E+02
     0.4445660E+02     0.3706997E+02
     0.4447410E+02     0.3707859E+02
     0.4451138E+02     0.3709355E+02
     0.4451971E+02     0.3709991E+02
     0.4452059E+02     0.3710353E+02
     0.4452214E+02     0.3710991E+02
     0.4452774E+02     0.3711608E+02
     0.4453813E+02     0.3712111E+02
     0.4454158E+02     0.3712155E+02
     0.4454158E+02     0.3712155E+02
     0.4455403E+02     0.3712313E+02
     0.4456395E+02     0.3713760E+02
     0.4457707E+02     0.3715261E+02
     0.4458624E+02     0.3716045E+02
     0.4460354E+02     0.3716584E+02
     0.4462646E+02     0.3718153E+02
     0.4463163E+02     0.3718392E+02
     0.4463774E+02     0.3718674E+02
     0.4464497E+02     0.3718755E+02
     0.4465228E+02     0.3718559E+02
     0.4467846E+02     0.3717516E+02
     0.4468870E+02     0.3717398E+02
     0.4470943E+02     0.3717529E+02
     0.4471854E+02     0.3717439E+02
     0.4473376E+02     0.3717090E+02
     0.4475470E+02     0.3716323E+02
     0.4476332E+02     0.3716740E+02
     0.4477106E+02     0.3716749E+02
     0.4477872E+02     0.3716329E+02
     0.4478495E+02     0.3715987E+02
     0.4480497E+02     0.3714814E+02
     0.4478675E+02     0.3713502E+02
     0.4477718E+02     0.3712145E+02
     0.4477563E+02     0.3711578E+02
     0.4477728E+02     0.3711089E+02
     0.4479445E+02     0.3709037E+02
     0.4479642E+02     0.3707788E+02
     0.4479922E+02     0.3707293E+02
     0.4480819E+02     0.3706610E+02
     0.4482175E+02     0.3704757E+02
     0.4482778E+02     0.3704422E+02
     0.4483663E+02     0.3703931E+02
     0.4485464E+02     0.3704675E+02
     0.4486912E+02     0.3704883E+02
     0.4487789E+02     0.3704338E+02
     0.4488675E+02     0.3703516E+02
     0.4491463E+02     0.3702858E+02
     0.4492062E+02     0.3702050E+02
     0.4492192E+02     0.3701470E+02
     0.4491690E+02     0.3700483E+02
     0.4490680E+02     0.3699589E+02
     0.4490389E+02     0.3698787E+02
     0.4489317E+02     0.3695819E+02
     0.4491574E+02     0.3693418E+02
     0.4492473E+02     0.3691631E+02
     0.4492407E+02     0.3690739E+02
     0.4490800E+02     0.3687283E+02
     0.4490745E+02     0.3687166E+02
     0.4489951E+02     0.3686858E+02
     0.4487798E+02     0.3685558E+02
     0.4485987E+02     0.3683438E+02
     0.4485220E+02     0.3681522E+02
     0.4485174E+02     0.3680491E+02
     0.4485574E+02     0.3679302E+02
     0.4486080E+02     0.3678406E+02
     0.4486618E+02     0.3677945E+02
     0.4487954E+02     0.3677544E+02
     0.4488518E+02     0.3677374E+02
     0.4491141E+02     0.3677321E+02
     0.4493903E+02     0.3677605E+02
     0.4495636E+02     0.3677477E+02
     0.4497393E+02     0.3676522E+02
     0.4498456E+02     0.3675461E+02
     0.4499625E+02     0.3674671E+02
     0.4500000E+02     0.3674619E+02
     0.4502172E+02     0.3674316E+02
     0.4502620E+02     0.3674253E+02
     0.4503231E+02     0.3674017E+02
     0.4504748E+02     0.3672934E+02
     0.4507227E+02     0.3669072E+02
     0.4507912E+02     0.3667179E+02
     0.4507658E+02     0.3666066E+02
     0.4507776E+02     0.3664224E+02
     0.4507669E+02     0.3663458E+02
     0.4507655E+02     0.3663357E+02
     0.4507364E+02     0.3662521E+02
     0.4506260E+02     0.3661863E+02
     0.4506167E+02     0.3661385E+02
     0.4505531E+02     0.3661255E+02
     0.4504828E+02     0.3660622E+02
     0.4504111E+02     0.3659417E+02
     0.4504241E+02     0.3658860E+02
     0.4505474E+02     0.3657446E+02
     0.4505440E+02     0.3656988E+02
     0.4503685E+02     0.3655603E+02
     0.4501938E+02     0.3654699E+02
     0.4501597E+02     0.3654325E+02
     0.4501490E+02     0.3653641E+02
     0.4501908E+02     0.3652748E+02
     0.4502251E+02     0.3652388E+02
     0.4502674E+02     0.3652111E+02
     0.4503690E+02     0.3651446E+02
     0.4505912E+02     0.3650329E+02
     0.4506310E+02     0.3649942E+02
     0.4506970E+02     0.3648877E+02
     0.4507273E+02     0.3646841E+02
     0.4509180E+02     0.3644958E+02
     0.4509269E+02     0.3643484E+02
     0.4509942E+02     0.3642602E+02
     0.4510605E+02     0.3642073E+02
     0.4510800E+02     0.3641917E+02
     0.4512962E+02     0.3640801E+02
     0.4514417E+02     0.3640501E+02
     0.4516210E+02     0.3640527E+02
     0.4517752E+02     0.3641370E+02
     0.4518901E+02     0.3641521E+02
     0.4519942E+02     0.3642135E+02
     0.4522167E+02     0.3642599E+02
     0.4523813E+02     0.3643298E+02
     0.4524571E+02     0.3643169E+02
     0.4524745E+02     0.3643053E+02
     0.4525274E+02     0.3642698E+02
     0.4525846E+02     0.3642003E+02
     0.4527018E+02     0.3640245E+02
     0.4527935E+02     0.3639235E+02
     0.4528432E+02     0.3638314E+02
     0.4528722E+02     0.3636921E+02
     0.4528491E+02     0.3635762E+02
     0.4528850E+02     0.3634159E+02
     0.4528251E+02     0.3632650E+02
     0.4528181E+02     0.3631487E+02
     0.4528151E+02     0.3631001E+02
     0.4528344E+02     0.3630555E+02
     0.4528889E+02     0.3630252E+02
     0.4529818E+02     0.3629057E+02
     0.4531133E+02     0.3628072E+02
     0.4531465E+02     0.3627596E+02
     0.4529652E+02     0.3626906E+02
     0.4528611E+02     0.3626292E+02
     0.4527850E+02     0.3625619E+02
     0.4527913E+02     0.3625340E+02
     0.4529314E+02     0.3624741E+02
     0.4532368E+02     0.3624243E+02
     0.4533323E+02     0.3623391E+02
     0.4533759E+02     0.3621347E+02
     0.4534399E+02     0.3619730E+02
     0.4533577E+02     0.3617543E+02
     0.4534072E+02     0.3616255E+02
     0.4534161E+02     0.3614482E+02
     0.4535467E+02     0.3613428E+02
     0.4535732E+02     0.3612630E+02
     0.4535949E+02     0.3611979E+02
     0.4536126E+02     0.3611717E+02
     0.4537392E+02     0.3610872E+02
     0.4538681E+02     0.3608532E+02
     0.4538712E+02     0.3607841E+02
     0.4537018E+02     0.3606458E+02
     0.4536385E+02     0.3605594E+02
     0.4535944E+02     0.3603205E+02
     0.4534925E+02     0.3601740E+02
     0.4534188E+02     0.3600681E+02
     0.4534928E+02     0.3599701E+02
     0.4535571E+02     0.3598217E+02
     0.4536105E+02     0.3597844E+02
     0.4537112E+02     0.3598065E+02
     0.4538033E+02     0.3597578E+02
     0.4538919E+02     0.3597714E+02
     0.4540243E+02     0.3597320E+02
     0.4540572E+02     0.3597302E+02
     0.4541003E+02     0.3597279E+02
     0.4541451E+02     0.3597576E+02
     0.4541713E+02     0.3598367E+02
     0.4542786E+02     0.3598354E+02
     0.4543339E+02     0.3598554E+02
     0.4544250E+02     0.3599677E+02
     0.4545096E+02     0.3599653E+02
     0.4545975E+02     0.3599352E+02
     0.4546680E+02     0.3599336E+02
     0.4547406E+02     0.3599572E+02
     0.4548258E+02     0.3600307E+02
     0.4548892E+02     0.3600456E+02
     0.4550248E+02     0.3600451E+02
     0.4551870E+02     0.3599901E+02
     0.4552955E+02     0.3599702E+02
     0.4553653E+02     0.3599940E+02
     0.4554833E+02     0.3600196E+02
     0.4555675E+02     0.3600126E+02
     0.4556162E+02     0.3599869E+02
     0.4557371E+02     0.3598444E+02
     0.4557810E+02     0.3598282E+02
     0.4559750E+02     0.3598173E+02
     0.4560125E+02     0.3597922E+02
     0.4560161E+02     0.3596678E+02
     0.4560520E+02     0.3596244E+02
     0.4563119E+02     0.3595914E+02
     0.4564460E+02     0.3594925E+02
     0.4564254E+02     0.3594407E+02
     0.4564627E+02     0.3593553E+02
     0.4566112E+02     0.3592446E+02
     0.4566927E+02     0.3591472E+02
     0.4567292E+02     0.3590527E+02
     0.4569678E+02     0.3589362E+02
     0.4570267E+02     0.3588402E+02
     0.4571412E+02     0.3587315E+02
     0.4572610E+02     0.3584919E+02
     0.4572840E+02     0.3584457E+02
     0.4575741E+02     0.3580398E+02
     0.4576278E+02     0.3580087E+02
     0.4577318E+02     0.3580298E+02
     0.4578082E+02     0.3581172E+02
     0.4579885E+02     0.3582257E+02
     0.4581505E+02     0.3581416E+02
     0.4582501E+02     0.3581167E+02
     0.4583332E+02     0.3581335E+02
     0.4584929E+02     0.3581657E+02
     0.4587060E+02     0.3581428E+02
     0.4588026E+02     0.3583212E+02
     0.4588643E+02     0.3583725E+02
     0.4589684E+02     0.3583935E+02
     0.4590802E+02     0.3583771E+02
     0.4594075E+02     0.3582451E+02
     0.4595178E+02     0.3583302E+02
     0.4595579E+02     0.3583922E+02
     0.4595732E+02     0.3583997E+02
     0.4596413E+02     0.3584329E+02
     0.4597540E+02     0.3584256E+02
     0.4600000E+02     0.3583755E+02
     0.4600367E+02     0.3583312E+02
     0.4601477E+02     0.3583216E+02
     0.4601954E+02     0.3583244E+02
     0.4602540E+02     0.3583325E+02
     0.4603277E+02     0.3583621E+02
     0.4603670E+02     0.3583966E+02
     0.4604147E+02     0.3584315E+02
     0.4604434E+02     0.3584585E+02
     0.4604692E+02     0.3584853E+02
     0.4604959E+02     0.3585030E+02
     0.4605295E+02     0.3585072E+02
     0.4605909E+02     0.3585154E+02
     0.4606383E+02     0.3585228E+02
     0.4606961E+02     0.3585399E+02
     0.4607455E+02     0.3585566E+02
     0.4607975E+02     0.3585757E+02
     0.4608384E+02     0.3585919E+02
     0.4608687E+02     0.3586005E+02
     0.4609023E+02     0.3586048E+02
     0.4609332E+02     0.3586066E+02
     0.4610165E+02     0.3585586E+02
     0.4610928E+02     0.3584940E+02
     0.4611486E+02     0.3584375E+02
     0.4611671E+02     0.3584202E+02
     0.4612288E+02     0.3584261E+02
     0.4612817E+02     0.3584338E+02
     0.4613265E+02     0.3584386E+02
     0.4613599E+02     0.3584452E+02
     0.4613964E+02     0.3584473E+02
     0.4614223E+02     0.3584419E+02
     0.4614357E+02     0.3584174E+02
     0.4614217E+02     0.3583844E+02
     0.4613934E+02     0.3583529E+02
     0.4613695E+02     0.3583354E+02
     0.4613516E+02     0.3583137E+02
     0.4613544E+02     0.3582817E+02
     0.4613678E+02     0.3582572E+02
     0.4614242E+02     0.3581616E+02
     0.4614495E+02     0.3581309E+02
     0.4614774E+02     0.3581026E+02
     0.4615023E+02     0.3580765E+02
     0.4615331E+02     0.3580461E+02
     0.4615638E+02     0.3580180E+02
     0.4616046E+02     0.3580043E+02
     0.4616415E+02     0.3580018E+02
     0.4616758E+02     0.3579969E+02
     0.4617478E+02     0.3579803E+02
     0.4618722E+02     0.3579783E+02
     0.4619109E+02     0.3579874E+02
     0.4619555E+02     0.3579945E+02
     0.4619948E+02     0.3579968E+02
     0.4620315E+02     0.3579966E+02
     0.4620758E+02     0.3579739E+02
     0.4621083E+02     0.3579573E+02
     0.4621575E+02     0.3579762E+02
     0.4622509E+02     0.3580712E+02
     0.4622766E+02     0.3581002E+02
     0.4623013E+02     0.3581086E+02
     0.4623433E+02     0.3581133E+02
     0.4623800E+02     0.3581130E+02
     0.4624165E+02     0.3581151E+02
     0.4624589E+02     0.3581152E+02
     0.4625222E+02     0.3581004E+02
     0.4625897E+02     0.3581043E+02
     0.4626176E+02     0.3581081E+02
     0.4626786E+02     0.3581208E+02
     0.4627298E+02     0.3581490E+02
     0.4627771E+02     0.3581907E+02
     0.4628026E+02     0.3582220E+02
     0.4628444E+02     0.3582612E+02
     0.4628764E+02     0.3582837E+02
     0.4629082E+02     0.3583084E+02
     0.4629445E+02     0.3583128E+02
     0.4629815E+02     0.3583103E+02
     0.4630225E+02     0.3582919E+02
     0.4630608E+02     0.3582734E+02
     0.4631220E+02     0.3582516E+02
     0.4632135E+02     0.3582383E+02
     0.4632647E+02     0.3582343E+02
     0.4633104E+02     0.3582277E+02
     0.4633565E+02     0.3582165E+02
     0.4633966E+02     0.3582096E+02
     0.4634295E+02     0.3581884E+02
     0.4634515E+02     0.3581621E+02
     0.4634689E+02     0.3581240E+02
     0.4634886E+02     0.3580906E+02
     0.4634890E+02     0.3580194E+02
     0.4634921E+02     0.3579828E+02
     0.4634919E+02     0.3579530E+02
     0.4634912E+02     0.3579276E+02
     0.4634875E+02     0.3579045E+02
     0.4634836E+02     0.3578836E+02
     0.4634605E+02     0.3578570E+02
     0.4634428E+02     0.3578330E+02
     0.4634144E+02     0.3578016E+02
     0.4633965E+02     0.3577799E+02
     0.4633735E+02     0.3577510E+02
     0.4633424E+02     0.3577194E+02
     0.4633389E+02     0.3576939E+02
     0.4633242E+02     0.3576678E+02
     0.4633063E+02     0.3576461E+02
     0.4632691E+02     0.3576188E+02
     0.4632450E+02     0.3576036E+02
     0.4632181E+02     0.3575883E+02
     0.4631792E+02     0.3575815E+02
     0.4631404E+02     0.3575724E+02
     0.4630871E+02     0.3575694E+02
     0.4630584E+02     0.3575747E+02
     0.4630370E+02     0.3575620E+02
     0.4630227E+02     0.3575313E+02
     0.4630133E+02     0.3575078E+02
     0.4630125E+02     0.3574848E+02
     0.4630024E+02     0.3574704E+02
     0.4629669E+02     0.3574570E+02
     0.4629198E+02     0.3574474E+02
     0.4628859E+02     0.3574478E+02
     0.4628464E+02     0.3574479E+02
     0.4628270E+02     0.3574444E+02
     0.4628223E+02     0.3574327E+02
     0.4628213E+02     0.3574120E+02
     0.4628240E+02     0.3573800E+02
     0.4628266E+02     0.3573502E+02
     0.4628177E+02     0.3573221E+02
     0.4627946E+02     0.3572955E+02
     0.4627649E+02     0.3572801E+02
     0.4627131E+02     0.3572588E+02
     0.4626634E+02     0.3572467E+02
     0.4626139E+02     0.3572324E+02
     0.4625832E+02     0.3572284E+02
     0.4625340E+02     0.3572095E+02
     0.4624935E+02     0.3571888E+02
     0.4624506E+02     0.3571634E+02
     0.4624271E+02     0.3571414E+02
     0.4623920E+02     0.3571233E+02
     0.4623561E+02     0.3571143E+02
     0.4623220E+02     0.3571170E+02
     0.4622672E+02     0.3571323E+02
     0.4622237E+02     0.3571458E+02
     0.4621682E+02     0.3571680E+02
     0.4621247E+02     0.3571815E+02
     0.4620638E+02     0.3572010E+02
     0.4620165E+02     0.3571938E+02
     0.4619812E+02     0.3571779E+02
     0.4619519E+02     0.3571579E+02
     0.4619182E+02     0.3571238E+02
     0.4618859E+02     0.3571058E+02
     0.4618238E+02     0.3571069E+02
     0.4617989E+02     0.3571008E+02
     0.4617590E+02     0.3570411E+02
     0.4617259E+02     0.3569679E+02
     0.4616844E+02     0.3569265E+02
     0.4616493E+02     0.3569083E+02
     0.4615926E+02     0.3568798E+02
     0.4615509E+02     0.3568728E+02
     0.4614878E+02     0.3568852E+02
     0.4614526E+02     0.3569016E+02
     0.4614227E+02     0.3569205E+02
     0.4613794E+02     0.3569318E+02
     0.4613422E+02     0.3569389E+02
     0.4612871E+02     0.3569242E+02
     0.4612320E+02     0.3569095E+02
     0.4611657E+02     0.3568941E+02
     0.4611111E+02     0.3568726E+02
     0.4610755E+02     0.3568613E+02
     0.4610370E+02     0.3568499E+02
     0.4609982E+02     0.3568430E+02
     0.4609647E+02     0.3568388E+02
     0.4609282E+02     0.3568367E+02
     0.4608856E+02     0.3568411E+02
     0.4608455E+02     0.3568480E+02
     0.4607928E+02     0.3568702E+02
     0.4607283E+02     0.3568985E+02
     0.4606659E+02     0.3569340E+02
     0.4606250E+02     0.3569500E+02
     0.4605835E+02     0.3569728E+02
     0.4605490E+02     0.3569800E+02
     0.4605070E+02     0.3569775E+02
     0.4604717E+02     0.3569617E+02
     0.4604455E+02     0.3569395E+02
     0.4603942E+02     0.3569135E+02
     0.4603370E+02     0.3568917E+02
     0.4602937E+02     0.3568708E+02
     0.4602396E+02     0.3568446E+02
     0.4601940E+02     0.3568190E+02
     0.4601508E+02     0.3567980E+02
     0.4601299E+02     0.3567784E+02
     0.4601158E+02     0.3567477E+02
     0.4600992E+02     0.3567122E+02
     0.4600806E+02     0.3566675E+02
     0.4600845E+02     0.3566240E+02
     0.4600912E+02     0.3565807E+02
     0.4600896E+02     0.3565347E+02
     0.4600761E+02     0.3564971E+02
     0.4600549E+02     0.3564499E+02
     0.4600379E+02     0.3564190E+02
     0.4600175E+02     0.3563948E+02
     0.4600000E+02     0.3563783E+02
     0.4600000E+02     0.3563783E+02
     0.4600000E+02     0.3563531E+02
     0.4600000E+02     0.3563457E+02
     0.4600000E+02     0.3563457E+02
     0.4600323E+02     0.3563245E+02
     0.4600711E+02     0.3562992E+02
     0.4600982E+02     0.3562801E+02
     0.4601202E+02     0.3562538E+02
     0.4601209E+02     0.3562148E+02
     0.4601324E+02     0.3561810E+02
     0.4601350E+02     0.3561512E+02
     0.4601355E+02     0.3561145E+02
     0.4601287E+02     0.3560635E+02
     0.4601244E+02     0.3560173E+02
     0.4601218E+02     0.3559827E+02
     0.4601169E+02     0.3559433E+02
     0.4601081E+02     0.3559152E+02
     0.4600859E+02     0.3558794E+02
     0.4600770E+02     0.3558536E+02
     0.4601109E+02     0.3558212E+02
     0.4601503E+02     0.3557890E+02
     0.4601659E+02     0.3557715E+02
     0.4601818E+02     0.3557518E+02
     0.4601806E+02     0.3557333E+02
     0.4601602E+02     0.3557092E+02
     0.4601330E+02     0.3556984E+02
     0.4600996E+02     0.3556941E+02
     0.4600546E+02     0.3556937E+02
     0.4600000E+02     0.3557412E+02
     0.4598698E+02     0.3557710E+02
     0.4597977E+02     0.3557671E+02
     0.4597804E+02     0.3557462E+02
     0.4598323E+02     0.3556605E+02
     0.4599083E+02     0.3555809E+02
     0.4599576E+02     0.3555293E+02
     0.4600000E+02     0.3554718E+02
     0.4600000E+02     0.3554650E+02
     0.4600888E+02     0.3552774E+02
     0.4601218E+02     0.3552541E+02
     0.4601275E+02     0.3552222E+02
     0.4601122E+02     0.3551731E+02
     0.4600850E+02     0.3551623E+02
     0.4600000E+02     0.3551439E+02
     0.4599780E+02     0.3551397E+02
     0.4599242E+02     0.3550864E+02
     0.4598926E+02     0.3549963E+02
     0.4600000E+02     0.3548043E+02
     0.4600992E+02     0.3544644E+02
     0.4601392E+02     0.3544254E+02
     0.4601740E+02     0.3543815E+02
     0.4602124E+02     0.3543286E+02
     0.4602612E+02     0.3542855E+02
     0.4602900E+02     0.3542458E+02
     0.4603119E+02     0.3541897E+02
     0.4603361E+02     0.3541383E+02
     0.4603659E+02     0.3540871E+02
     0.4603791E+02     0.3540649E+02
     0.4604059E+02     0.3540160E+02
     0.4604283E+02     0.3539851E+02
     0.4604509E+02     0.3539520E+02
     0.4604585E+02     0.3539294E+02
     0.4604755E+02     0.3538960E+02
     0.4604867E+02     0.3538644E+02
     0.4605090E+02     0.3538336E+02
     0.4605440E+02     0.3538195E+02
     0.4606109E+02     0.3537936E+02
     0.4606384E+02     0.3537676E+02
     0.4606550E+02     0.3537387E+02
     0.4606692E+02     0.3537051E+02
     0.4606910E+02     0.3536811E+02
     0.4607038E+02     0.3536634E+02
     0.4607371E+02     0.3536355E+02
     0.4608038E+02     0.3536119E+02
     0.4608415E+02     0.3535980E+02
     0.4608828E+02     0.3535751E+02
     0.4609076E+02     0.3535490E+02
     0.4609295E+02     0.3535227E+02
     0.4609453E+02     0.3535029E+02
     0.4609772E+02     0.3534588E+02
     0.4609952E+02     0.3534461E+02
     0.4610686E+02     0.3534412E+02
     0.4611418E+02     0.3534386E+02
     0.4612019E+02     0.3534260E+02
     0.4612691E+02     0.3533954E+02
     0.4612914E+02     0.3533646E+02
     0.4613120E+02     0.3533221E+02
     0.4612974E+02     0.3532960E+02
     0.4612944E+02     0.3532659E+02
     0.4613036E+02     0.3532251E+02
     0.4613365E+02     0.3532017E+02
     0.4613582E+02     0.3531777E+02
     0.4614069E+02     0.3531346E+02
     0.4614346E+02     0.3531063E+02
     0.4614509E+02     0.3530797E+02
     0.4614745E+02     0.3530351E+02
     0.4614944E+02     0.3529995E+02
     0.4615083E+02     0.3529681E+02
     0.4615219E+02     0.3529413E+02
     0.4615394E+02     0.3529010E+02
     0.4615563E+02     0.3528675E+02
     0.4615681E+02     0.3528291E+02
     0.4615597E+02     0.3527964E+02
     0.4615228E+02     0.3527690E+02
     0.4614670E+02     0.3527336E+02
     0.4614420E+02     0.3526976E+02
     0.4614331E+02     0.3526719E+02
     0.4614191E+02     0.3526389E+02
     0.4613823E+02     0.3526114E+02
     0.4613239E+02     0.3525736E+02
     0.4612816E+02     0.3525435E+02
     0.4612338E+02     0.3525132E+02
     0.4611943E+02     0.3524833E+02
     0.4611607E+02     0.3524514E+02
     0.4611389E+02     0.3524111E+02
     0.4611192E+02     0.3523801E+02
     0.4611105E+02     0.3523520E+02
     0.4611067E+02     0.3523311E+02
     0.4611180E+02     0.3522973E+02
     0.4611539E+02     0.3523040E+02
     0.4611830E+02     0.3523241E+02
     0.4612151E+02     0.3523420E+02
     0.4612529E+02     0.3523580E+02
     0.4612752E+02     0.3523593E+02
     0.4612957E+02     0.3523490E+02
     0.4612923E+02     0.3523235E+02
     0.4612752E+02     0.3522950E+02
     0.4612694E+02     0.3522647E+02
     0.4612899E+02     0.3522544E+02
     0.4613284E+02     0.3522636E+02
     0.4613479E+02     0.3522647E+02
     0.4614371E+02     0.3522699E+02
     0.4615097E+02     0.3522420E+02
     0.4615308E+02     0.3522248E+02
     0.4615604E+02     0.3522058E+02
     0.4616142E+02     0.3521998E+02
     0.4616714E+02     0.3522192E+02
     0.4617300E+02     0.3522226E+02
     0.4617732E+02     0.3522090E+02
     0.4618339E+02     0.3521872E+02
     0.4618869E+02     0.3521581E+02
     0.4619086E+02     0.3521341E+02
     0.4619414E+02     0.3521107E+02
     0.4619595E+02     0.3520957E+02
     0.4619585E+02     0.3520749E+02
     0.4619475E+02     0.3520398E+02
     0.4619656E+02     0.3520248E+02
     0.4620008E+02     0.3520061E+02
     0.4620287E+02     0.3519756E+02
     0.4620400E+02     0.3519418E+02
     0.4620286E+02     0.3519112E+02
     0.4619870E+02     0.3518744E+02
     0.4619505E+02     0.3518423E+02
     0.4619083E+02     0.3518123E+02
     0.4618684E+02     0.3517871E+02
     0.4618204E+02     0.3517590E+02
     0.4617611E+02     0.3517326E+02
     0.4617036E+02     0.3517178E+02
     0.4616412E+02     0.3516935E+02
     0.4615968E+02     0.3516564E+02
     0.4615747E+02     0.3516206E+02
     0.4615660E+02     0.3515926E+02
     0.4615687E+02     0.3515606E+02
     0.4615725E+02     0.3515171E+02
     0.4615846E+02     0.3514742E+02
     0.4615928E+02     0.3514447E+02
     0.4615905E+02     0.3514056E+02
     0.4615802E+02     0.3513636E+02
     0.4615589E+02     0.3513187E+02
     0.4615417E+02     0.3512901E+02
     0.4615447E+02     0.3512558E+02
     0.4615577E+02     0.3512359E+02
     0.4615929E+02     0.3512172E+02
     0.4616565E+02     0.3511934E+02
     0.4617397E+02     0.3511706E+02
     0.4618242E+02     0.3511319E+02
     0.4618679E+02     0.3511114E+02
     0.4618900E+02     0.3510828E+02
     0.4617429E+02     0.3509712E+02
     0.4617383E+02     0.3509687E+02
     0.4617335E+02     0.3509641E+02
     0.4616830E+02     0.3509150E+02
     0.4616032E+02     0.3508376E+02
     0.4614337E+02     0.3508265E+02
     0.4613026E+02     0.3507874E+02
     0.4612309E+02     0.3507400E+02
     0.4611372E+02     0.3507236E+02
     0.4609920E+02     0.3507596E+02
     0.4609424E+02     0.3508581E+02
     0.4608508E+02     0.3508510E+02
     0.4607240E+02     0.3507937E+02
     0.4606650E+02     0.3505838E+02
     0.4606875E+02     0.3505459E+02
     0.4607689E+02     0.3505410E+02
     0.4607473E+02     0.3504962E+02
     0.4607003E+02     0.3504891E+02
     0.4606745E+02     0.3504625E+02
     0.4606407E+02     0.3503595E+02
     0.4605655E+02     0.3503578E+02
     0.4605532E+02     0.3504078E+02
     0.4605206E+02     0.3504313E+02
     0.4605165E+02     0.3504839E+02
     0.4604559E+02     0.3504738E+02
     0.4603959E+02     0.3504913E+02
     0.4603306E+02     0.3504695E+02
     0.4602902E+02     0.3504857E+02
     0.4602604E+02     0.3505094E+02
     0.4602228E+02     0.3505970E+02
     0.4601682E+02     0.3506171E+02
     0.4601181E+02     0.3506857E+02
     0.4600000E+02     0.3506323E+02
     0.4599344E+02     0.3506250E+02
     0.4598501E+02     0.3506508E+02
     0.4596869E+02     0.3507282E+02
     0.4596114E+02     0.3507640E+02
     0.4595699E+02     0.3508010E+02
     0.4593985E+02     0.3508192E+02
     0.4593443E+02     0.3508073E+02
     0.4592995E+02     0.3507730E+02
     0.4592546E+02     0.3506882E+02
     0.4592998E+02     0.3504593E+02
     0.4592850E+02     0.3504337E+02
     0.4590703E+02     0.3504240E+02
     0.4589293E+02     0.3503928E+02
     0.4588463E+02     0.3503527E+02
     0.4588301E+02     0.3503099E+02
     0.4588496E+02     0.3501066E+02
     0.4588602E+02     0.3500623E+02
     0.4588750E+02     0.3500000E+02
     0.4588838E+02     0.3499633E+02
     0.4589395E+02     0.3498602E+02
     0.4589278E+02     0.3497701E+02
     0.4590247E+02     0.3495922E+02
     0.4590265E+02     0.3495462E+02
     0.4589750E+02     0.3494480E+02
     0.4588146E+02     0.3492479E+02
     0.4587408E+02     0.3490153E+02
     0.4587013E+02     0.3489761E+02
     0.4586538E+02     0.3489581E+02
     0.4586121E+02     0.3489539E+02
     0.4584863E+02     0.3489410E+02
     0.4580911E+02     0.3490907E+02
     0.4579856E+02     0.3490988E+02
     0.4579074E+02     0.3490296E+02
     0.4578982E+02     0.3489681E+02
     0.4579626E+02     0.3487152E+02
     0.4579712E+02     0.3485814E+02
     0.4579234E+02     0.3484737E+02
     0.4578915E+02     0.3484339E+02
     0.4578767E+02     0.3484154E+02
     0.4577572E+02     0.3483175E+02
     0.4576820E+02     0.3482849E+02
     0.4576170E+02     0.3482735E+02
     0.4574464E+02     0.3483025E+02
     0.4573316E+02     0.3482962E+02
     0.4570106E+02     0.3481196E+02
     0.4569882E+02     0.3480841E+02
     0.4570033E+02     0.3479431E+02
     0.4571058E+02     0.3477444E+02
     0.4570976E+02     0.3477243E+02
     0.4570866E+02     0.3476972E+02
     0.4568814E+02     0.3475361E+02
     0.4568635E+02     0.3475038E+02
     0.4568623E+02     0.3473843E+02
     0.4567574E+02     0.3472407E+02
     0.4567433E+02     0.3471691E+02
     0.4567708E+02     0.3471297E+02
     0.4569093E+02     0.3470520E+02
     0.4570821E+02     0.3468989E+02
     0.4571035E+02     0.3468702E+02
     0.4571340E+02     0.3466951E+02
     0.4571358E+02     0.3466846E+02
     0.4572123E+02     0.3466666E+02
     0.4572747E+02     0.3465609E+02
     0.4573671E+02     0.3462840E+02
     0.4573678E+02     0.3461950E+02
     0.4573475E+02     0.3461220E+02
     0.4574324E+02     0.3458791E+02
     0.4574903E+02     0.3457788E+02
     0.4574511E+02     0.3455995E+02
     0.4574762E+02     0.3455330E+02
     0.4575014E+02     0.3454664E+02
     0.4574831E+02     0.3454156E+02
     0.4573644E+02     0.3453936E+02
     0.4572192E+02     0.3454465E+02
     0.4570596E+02     0.3455616E+02
     0.4568731E+02     0.3455885E+02
     0.4565998E+02     0.3455399E+02
     0.4565228E+02     0.3455490E+02
     0.4564702E+02     0.3455842E+02
     0.4564397E+02     0.3455836E+02
     0.4562897E+02     0.3455164E+02
     0.4561680E+02     0.3455210E+02
     0.4560770E+02     0.3455443E+02
     0.4559587E+02     0.3455744E+02
     0.4557988E+02     0.3456548E+02
     0.4555199E+02     0.3459262E+02
     0.4554003E+02     0.3459343E+02
     0.4553599E+02     0.3459146E+02
     0.4552739E+02     0.3457389E+02
     0.4552413E+02     0.3456246E+02
     0.4552468E+02     0.3454991E+02
     0.4553658E+02     0.3452986E+02
     0.4553841E+02     0.3451425E+02
     0.4553150E+02     0.3449153E+02
     0.4552769E+02     0.3448463E+02
     0.4552083E+02     0.3447223E+02
     0.4551703E+02     0.3446795E+02
     0.4551167E+02     0.3446502E+02
     0.4550009E+02     0.3446254E+02
     0.4548666E+02     0.3446291E+02
     0.4547673E+02     0.3446907E+02
     0.4547024E+02     0.3446952E+02
     0.4546573E+02     0.3446505E+02
     0.4545322E+02     0.3445756E+02
     0.4545438E+02     0.3443659E+02
     0.4546354E+02     0.3442416E+02
     0.4546700E+02     0.3441357E+02
     0.4547139E+02     0.3440008E+02
     0.4547738E+02     0.3437357E+02
     0.4549160E+02     0.3434778E+02
     0.4549302E+02     0.3433955E+02
     0.4550337E+02     0.3432685E+02
     0.4551453E+02     0.3434217E+02
     0.4551970E+02     0.3434652E+02
     0.4552750E+02     0.3434873E+02
     0.4554815E+02     0.3434906E+02
     0.4555947E+02     0.3434475E+02
     0.4557509E+02     0.3432745E+02
     0.4558786E+02     0.3430274E+02
     0.4559445E+02     0.3428001E+02
     0.4559344E+02     0.3425956E+02
     0.4559110E+02     0.3424819E+02
     0.4558356E+02     0.3422687E+02
     0.4557940E+02     0.3421510E+02
     0.4557159E+02     0.3420083E+02
     0.4556571E+02     0.3417966E+02
     0.4557780E+02     0.3415752E+02
     0.4558119E+02     0.3414780E+02
     0.4558042E+02     0.3414325E+02
     0.4557240E+02     0.3413438E+02
     0.4555857E+02     0.3412545E+02
     0.4555011E+02     0.3412474E+02
     0.4554375E+02     0.3412120E+02
     0.4553795E+02     0.3411440E+02
     0.4551883E+02     0.3410997E+02
     0.4550968E+02     0.3410267E+02
     0.4550258E+02     0.3409341E+02
     0.4550065E+02     0.3408672E+02
     0.4549913E+02     0.3408142E+02
     0.4548415E+02     0.3407224E+02
     0.4547905E+02     0.3406514E+02
     0.4547739E+02     0.3405828E+02
     0.4548286E+02     0.3405429E+02
     0.4548397E+02     0.3403722E+02
     0.4547963E+02     0.3403470E+02
     0.4547741E+02     0.3403115E+02
     0.4547878E+02     0.3401383E+02
     0.4547581E+02     0.3401123E+02
     0.4546331E+02     0.3400665E+02
     0.4545491E+02     0.3400161E+02
     0.4544694E+02     0.3398553E+02
     0.4544059E+02     0.3398191E+02
     0.4541798E+02     0.3397484E+02
     0.4541276E+02     0.3397156E+02
     0.4541412E+02     0.3396953E+02
     0.4543131E+02     0.3395794E+02
     0.4544465E+02     0.3394127E+02
     0.4545864E+02     0.3393490E+02
     0.4547169E+02     0.3393248E+02
     0.4548121E+02     0.3393266E+02
     0.4550464E+02     0.3394033E+02
     0.4550625E+02     0.3394085E+02
     0.4551627E+02     0.3393848E+02
     0.4552472E+02     0.3393182E+02
     0.4554137E+02     0.3390129E+02
     0.4555355E+02     0.3388248E+02
     0.4558717E+02     0.3384380E+02
     0.4558899E+02     0.3384056E+02
     0.4559756E+02     0.3382531E+02
     0.4561052E+02     0.3380967E+02
     0.4561684E+02     0.3379727E+02
     0.4564418E+02     0.3377739E+02
     0.4565433E+02     0.3376477E+02
     0.4565898E+02     0.3375395E+02
     0.4566113E+02     0.3373426E+02
     0.4566201E+02     0.3372622E+02
     0.4568308E+02     0.3370048E+02
     0.4571015E+02     0.3367440E+02
     0.4575850E+02     0.3364123E+02
     0.4576682E+02     0.3363552E+02
     0.4577721E+02     0.3362288E+02
     0.4577722E+02     0.3361621E+02
     0.4577483E+02     0.3361370E+02
     0.4575435E+02     0.3360222E+02
     0.4575385E+02     0.3359801E+02
     0.4575436E+02     0.3359629E+02
     0.4575520E+02     0.3359347E+02
     0.4575940E+02     0.3359097E+02
     0.4576591E+02     0.3358997E+02
     0.4578223E+02     0.3359652E+02
     0.4581685E+02     0.3361708E+02
     0.4584336E+02     0.3362557E+02
     0.4586287E+02     0.3362377E+02
     0.4587939E+02     0.3362421E+02
     0.4588960E+02     0.3362571E+02
     0.4590080E+02     0.3362735E+02
     0.4590702E+02     0.3362607E+02
     0.4591020E+02     0.3362302E+02
     0.4590569E+02     0.3360479E+02
     0.4590633E+02     0.3360096E+02
     0.4592854E+02     0.3359049E+02
     0.4593854E+02     0.3358176E+02
     0.4595005E+02     0.3356479E+02
     0.4595162E+02     0.3355229E+02
     0.4595021E+02     0.3354675E+02
     0.4594103E+02     0.3353567E+02
     0.4593786E+02     0.3353184E+02
     0.4587883E+02     0.3349962E+02
     0.4587240E+02     0.3349482E+02
     0.4587126E+02     0.3349086E+02
     0.4587404E+02     0.3348795E+02
     0.4587875E+02     0.3348687E+02
     0.4592033E+02     0.3348380E+02
     0.4593025E+02     0.3348397E+02
     0.4594189E+02     0.3348417E+02
     0.4595660E+02     0.3348619E+02
     0.4596284E+02     0.3348870E+02
     0.4598433E+02     0.3350135E+02
     0.4599018E+02     0.3350239E+02
     0.4599474E+02     0.3350121E+02
     0.4599787E+02     0.3349758E+02
     0.4600000E+02     0.3349104E+02
     0.4600643E+02     0.3347989E+02
     0.4601852E+02     0.3347649E+02
     0.4602396E+02     0.3347383E+02
     0.4602857E+02     0.3347136E+02
     0.4603327E+02     0.3346774E+02
     0.4603545E+02     0.3346465E+02
     0.4603692E+02     0.3346038E+02
     0.4603786E+02     0.3345262E+02
     0.4603886E+02     0.3344740E+02
     0.4603775E+02     0.3343171E+02
     0.4603649E+02     0.3342406E+02
     0.4603909E+02     0.3341618E+02
     0.4603951E+02     0.3341138E+02
     0.4604186E+02     0.3339682E+02
     0.4604227E+02     0.3339202E+02
     0.4604417E+02     0.3338593E+02
     0.4604557E+02     0.3338234E+02
     0.4604781E+02     0.3337857E+02
     0.4605068E+02     0.3337392E+02
     0.4605637E+02     0.3336829E+02
     0.4606278E+02     0.3336386E+02
     0.4606825E+02     0.3336074E+02
     0.4607335E+02     0.3335875E+02
     0.4607964E+02     0.3335569E+02
     0.4608517E+02     0.3335188E+02
     0.4609029E+02     0.3334645E+02
     0.4609426E+02     0.3334163E+02
     0.4610030E+02     0.3333511E+02
     0.4610402E+02     0.3333004E+02
     0.4610974E+02     0.3332396E+02
     0.4611384E+02     0.3332076E+02
     0.4611686E+02     0.3331749E+02
     0.4611993E+02     0.3331354E+02
     0.4612277E+02     0.3330912E+02
     0.4612491E+02     0.3330649E+02
     0.4612886E+02     0.3330190E+02
     0.4613046E+02     0.3329924E+02
     0.4613207E+02     0.3329635E+02
     0.4613462E+02     0.3329214E+02
     0.4613880E+02     0.3328803E+02
     0.4614121E+02     0.3328542E+02
     0.4614304E+02     0.3328323E+02
     0.4614541E+02     0.3328107E+02
     0.4614980E+02     0.3327766E+02
     0.4615638E+02     0.3327438E+02
     0.4616508E+02     0.3327168E+02
     0.4617200E+02     0.3326750E+02
     0.4618105E+02     0.3326413E+02
     0.4618697E+02     0.3326195E+02
     0.4619129E+02     0.3325945E+02
     0.4619393E+02     0.3325731E+02
     0.4619572E+02     0.3325558E+02
     0.4619727E+02     0.3325338E+02
     0.4619713E+02     0.3324855E+02
     0.4619738E+02     0.3324557E+02
     0.4619623E+02     0.3323977E+02
     0.4619623E+02     0.3323977E+02
     0.4619321E+02     0.3323339E+02
     0.4619163E+02     0.3322939E+02
     0.4618939E+02     0.3322352E+02
     0.4618845E+02     0.3321841E+02
     0.4618736E+02     0.3321513E+02
     0.4618639E+02     0.3321048E+02
     0.4618586E+02     0.3320700E+02
     0.4618533E+02     0.3320353E+02
     0.4618448E+02     0.3320072E+02
     0.4618420E+02     0.3319749E+02
     0.4618443E+02     0.3319475E+02
     0.4618581E+02     0.3319139E+02
     0.4618803E+02     0.3319106E+02
     0.4619298E+02     0.3319066E+02
     0.4619712E+02     0.3319022E+02
     0.4620094E+02     0.3319022E+02
     0.4620317E+02     0.3318966E+02
     0.4620552E+02     0.3318773E+02
     0.4620638E+02     0.3318410E+02
     0.4620480E+02     0.3318011E+02
     0.4620235E+02     0.3317675E+02
     0.4619984E+02     0.3317408E+02
     0.4619725E+02     0.3317231E+02
     0.4619364E+02     0.3316980E+02
     0.4618872E+02     0.3316653E+02
     0.4618517E+02     0.3316333E+02
     0.4618214E+02     0.3316040E+02
     0.4617812E+02     0.3315625E+02
     0.4617599E+02     0.3315223E+02
     0.4617228E+02     0.3314764E+02
     0.4616772E+02     0.3314347E+02
     0.4616104E+02     0.3313848E+02
     0.4615676E+02     0.3313409E+02
     0.4615251E+02     0.3312947E+02
     0.4614931E+02     0.3312538E+02
     0.4614523E+02     0.3312192E+02
     0.4614220E+02     0.3311898E+02
     0.4613884E+02     0.3311672E+02
     0.4613440E+02     0.3311439E+02
     0.4612951E+02     0.3311088E+02
     0.4612574E+02     0.3311020E+02
     0.4612171E+02     0.3310949E+02
     0.4611573E+02     0.3310913E+02
     0.4610941E+02     0.3310968E+02
     0.4610360E+02     0.3311048E+02
     0.4609631E+02     0.3311279E+02
     0.4609106E+02     0.3311340E+02
     0.4608435E+02     0.3311529E+02
     0.4607736E+02     0.3311716E+02
     0.4607148E+02     0.3311888E+02
     0.4606577E+02     0.3312175E+02
     0.4606119E+02     0.3312423E+02
     0.4605672E+02     0.3312534E+02
     0.4605164E+02     0.3312411E+02
     0.4604972E+02     0.3312101E+02
     0.4604920E+02     0.3311432E+02
     0.4604746E+02     0.3310595E+02
     0.4604657E+02     0.3310038E+02
     0.4604693E+02     0.3309627E+02
     0.4604906E+02     0.3309364E+02
     0.4605448E+02     0.3309098E+02
     0.4605986E+02     0.3308878E+02
     0.4606739E+02     0.3308694E+02
     0.4608213E+02     0.3308369E+02
     0.4608733E+02     0.3308355E+02
     0.4609251E+02     0.3308363E+02
     0.4609862E+02     0.3308239E+02
     0.4610369E+02     0.3308063E+02
     0.4610703E+02     0.3307669E+02
     0.4611085E+02     0.3307348E+02
     0.4612151E+02     0.3306999E+02
     0.4612732E+02     0.3306919E+02
     0.4614060E+02     0.3306699E+02
     0.4614886E+02     0.3306611E+02
     0.4615720E+02     0.3306431E+02
     0.4616190E+02     0.3306367E+02
     0.4616581E+02     0.3306253E+02
     0.4616841E+02     0.3306084E+02
     0.4616816E+02     0.3305739E+02
     0.4616474E+02     0.3305259E+02
     0.4615933E+02     0.3304561E+02
     0.4615405E+02     0.3304025E+02
     0.4614808E+02     0.3303346E+02
     0.4614429E+02     0.3302979E+02
     0.4614007E+02     0.3302494E+02
     0.4613625E+02     0.3302173E+02
     0.4613256E+02     0.3302013E+02
     0.4612844E+02     0.3301736E+02
     0.4612483E+02     0.3301485E+02
     0.4612289E+02     0.3301519E+02
     0.4611549E+02     0.3301567E+02
     0.4611066E+02     0.3301469E+02
     0.4610719E+02     0.3301379E+02
     0.4610465E+02     0.3301157E+02
     0.4610190E+02     0.3300865E+02
     0.4610004E+02     0.3300486E+02
     0.4609850E+02     0.3299421E+02
     0.4609749E+02     0.3298680E+02
     0.4609571E+02     0.3298210E+02
     0.4609542E+02     0.3297910E+02
     0.4609620E+02     0.3297639E+02
     0.4609867E+02     0.3297287E+02
     0.4610195E+02     0.3296962E+02
     0.4610706E+02     0.3296717E+02
     0.4611293E+02     0.3296546E+02
     0.4612185E+02     0.3296324E+02
     0.4612942E+02     0.3296070E+02
     0.4613444E+02     0.3295940E+02
     0.4614033E+02     0.3295745E+02
     0.4614400E+02     0.3295584E+02
     0.4614837E+02     0.3295587E+02
     0.4615276E+02     0.3295544E+02
     0.4615865E+02     0.3295350E+02
     0.4616144E+02     0.3295275E+02
     0.4616438E+02     0.3295338E+02
     0.4616895E+02     0.3295411E+02
     0.4617515E+02     0.3295494E+02
     0.4618197E+02     0.3295489E+02
     0.4618958E+02     0.3295511E+02
     0.4619316E+02     0.3295463E+02
     0.4621421E+02     0.3295060E+02
     0.4622523E+02     0.3294918E+02
     0.4623261E+02     0.3294893E+02
     0.4623784E+02     0.3294832E+02
     0.4624354E+02     0.3294866E+02
     0.4625064E+02     0.3294839E+02
     0.4625648E+02     0.3295034E+02
     0.4626297E+02     0.3295095E+02
     0.4626839E+02     0.3295127E+02
     0.4627378E+02     0.3295204E+02
     0.4628030E+02     0.3295219E+02
     0.4628817E+02     0.3295266E+02
     0.4629446E+02     0.3295234E+02
     0.4630210E+02     0.3295232E+02
     0.4631166E+02     0.3295196E+02
     0.4631817E+02     0.3295234E+02
     0.4632278E+02     0.3295261E+02
     0.4633041E+02     0.3295259E+02
     0.4633725E+02     0.3295230E+02
     0.4634277E+02     0.3295148E+02
     0.4635044E+02     0.3295100E+02
     0.4635615E+02     0.3295110E+02
     0.4636326E+02     0.3295083E+02
     0.4637094E+02     0.3295012E+02
     0.4638392E+02     0.3294812E+02
     0.4639164E+02     0.3294696E+02
     0.4639658E+02     0.3294655E+02
     0.4640240E+02     0.3294528E+02
     0.4640857E+02     0.3294311E+02
     0.4641225E+02     0.3294149E+02
     0.4642503E+02     0.3293510E+02
     0.4643042E+02     0.3293243E+02
     0.4643549E+02     0.3293042E+02
     0.4644028E+02     0.3292840E+02
     0.4644788E+02     0.3292539E+02
     0.4645354E+02     0.3292273E+02
     0.4646076E+02     0.3291764E+02
     0.4646564E+02     0.3291447E+02
     0.4647026E+02     0.3291129E+02
     0.4647547E+02     0.3290746E+02
     0.4648160E+02     0.3290574E+02
     0.4648708E+02     0.3290536E+02
     0.4649290E+02     0.3290408E+02
     0.4649704E+02     0.3290340E+02
     0.4650261E+02     0.3290188E+02
     0.4650855E+02     0.3289901E+02
     0.4651313E+02     0.3289628E+02
     0.4651745E+02     0.3289331E+02
     0.4652071E+02     0.3289005E+02
     0.4652624E+02     0.3288210E+02
     0.4653069E+02     0.3287753E+02
     0.4653392E+02     0.3287450E+02
     0.4653792E+02     0.3287220E+02
     0.4654135E+02     0.3287010E+02
     0.4654533E+02     0.3286803E+02
     0.4655319E+02     0.3286503E+02
     0.4655901E+02     0.3286375E+02
     0.4656294E+02     0.3286214E+02
     0.4656820E+02     0.3285761E+02
     0.4657561E+02     0.3285344E+02
     0.4658605E+02     0.3284874E+02
     0.4659733E+02     0.3284364E+02
     0.4660658E+02     0.3284025E+02
     0.4661707E+02     0.3283487E+02
     0.4662725E+02     0.3282993E+02
     0.4663400E+02     0.3282709E+02
     0.4663794E+02     0.3282547E+02
     0.4664675E+02     0.3282069E+02
     0.4664980E+02     0.3281649E+02
     0.4665345E+02     0.3281142E+02
     0.4665677E+02     0.3280724E+02
     0.4665946E+02     0.3280418E+02
     0.4666523E+02     0.3279991E+02
     0.4667200E+02     0.3279684E+02
     0.4667840E+02     0.3279490E+02
     0.4668571E+02     0.3279186E+02
     0.4668943E+02     0.3278954E+02
     0.4669666E+02     0.3278397E+02
     0.4670060E+02     0.3277868E+02
     0.4670608E+02     0.3277462E+02
     0.4670976E+02     0.3277276E+02
     0.4671537E+02     0.3277055E+02
     0.4672204E+02     0.3276862E+02
     0.4673042E+02     0.3276563E+02
     0.4673698E+02     0.3276163E+02
     0.4674302E+02     0.3275737E+02
     0.4674902E+02     0.3275357E+02
     0.4675312E+02     0.3274966E+02
     0.4676081E+02     0.3274160E+02
     0.4676630E+02     0.3273730E+02
     0.4677271E+02     0.3273169E+02
     0.4677739E+02     0.3272735E+02
     0.4678070E+02     0.3272318E+02
     0.4678424E+02     0.3271947E+02
     0.4678751E+02     0.3271574E+02
     0.4679203E+02     0.3271346E+02
     0.4679791E+02     0.3271126E+02
     0.4680398E+02     0.3270998E+02
     0.4681090E+02     0.3270829E+02
     0.4681873E+02     0.3270527E+02
     0.4682358E+02     0.3270232E+02
     0.4682769E+02     0.3269818E+02
     0.4683216E+02     0.3269292E+02
     0.4684173E+02     0.3268495E+02
     0.4684686E+02     0.3268178E+02
     0.4685121E+02     0.3267812E+02
     0.4685818E+02     0.3267207E+02
     0.4686415E+02     0.3266849E+02
     0.4687114E+02     0.3266221E+02
     0.4687667E+02     0.3265723E+02
     0.4687996E+02     0.3265327E+02
     0.4688417E+02     0.3264776E+02
     0.4688688E+02     0.3264424E+02
     0.4689072E+02     0.3264008E+02
     0.4689791E+02     0.3263473E+02
     0.4690806E+02     0.3262954E+02
     0.4692033E+02     0.3262514E+02
     0.4692405E+02     0.3262259E+02
     0.4692904E+02     0.3261758E+02
     0.4693588E+02     0.3261312E+02
     0.4694046E+02     0.3260993E+02
     0.4694466E+02     0.3260442E+02
     0.4694907E+02     0.3259983E+02
     0.4695200E+02     0.3259700E+02
     0.4695598E+02     0.3259446E+02
     0.4695995E+02     0.3259215E+02
     0.4696423E+02     0.3258939E+02
     0.4696848E+02     0.3258686E+02
     0.4697414E+02     0.3258372E+02
     0.4697755E+02     0.3258161E+02
     0.4698347E+02     0.3257848E+02
     0.4698916E+02     0.3257488E+02
     0.4699536E+02     0.3257176E+02
     0.4699969E+02     0.3256809E+02
     0.4700896E+02     0.3256009E+02
     0.4701304E+02     0.3255618E+02
     0.4701934E+02     0.3255169E+02
     0.4702337E+02     0.3254846E+02
     0.4702914E+02     0.3254372E+02
     0.4703315E+02     0.3254071E+02
     0.4703786E+02     0.3253568E+02
     0.4704393E+02     0.3253049E+02
     0.4704959E+02     0.3252712E+02
     0.4705585E+02     0.3252309E+02
     0.4705991E+02     0.3251940E+02
     0.4706259E+02     0.3251610E+02
     0.4706788E+02     0.3251041E+02
     0.4707366E+02     0.3250544E+02
     0.4707915E+02     0.3250068E+02
     0.4708438E+02     0.3249590E+02
     0.4708844E+02     0.3249221E+02
     0.4709484E+02     0.3248612E+02
     0.4709971E+02     0.3248248E+02
     0.4710403E+02     0.3247880E+02
     0.4710831E+02     0.3247581E+02
     0.4711387E+02     0.3247380E+02
     0.4711834E+02     0.3247197E+02
     0.4712582E+02     0.3246960E+02
     0.4713138E+02     0.3246759E+02
     0.4713617E+02     0.3246509E+02
     0.4714405E+02     0.3246091E+02
     0.4714800E+02     0.3245859E+02
     0.4715439E+02     0.3245639E+02
     0.4715915E+02     0.3245411E+02
     0.4716901E+02     0.3245255E+02
     0.4717344E+02     0.3245118E+02
     0.4717720E+02     0.3245160E+02
     0.4717897E+02     0.3245329E+02
     0.4718089E+02     0.3245683E+02
     0.4718142E+02     0.3246076E+02
     0.4718940E+02     0.3245887E+02
     0.4719844E+02     0.3245750E+02
     0.4720339E+02     0.3245637E+02
     0.4720910E+02     0.3245597E+02
     0.4721424E+02     0.3245601E+02
     0.4722141E+02     0.3245797E+02
     0.4722746E+02     0.3246058E+02
     0.4723373E+02     0.3246365E+02
     0.4724089E+02     0.3246584E+02
     0.4724651E+02     0.3246681E+02
     0.4725309E+02     0.3246944E+02
     0.4726132E+02     0.3247169E+02
     0.4726859E+02     0.3247618E+02
     0.4727511E+02     0.3247972E+02
     0.4728133E+02     0.3248370E+02
     0.4728334E+02     0.3248587E+02
     0.4728690E+02     0.3248925E+02
     0.4729080E+02     0.3249152E+02
     0.4729374E+02     0.3249212E+02
     0.4729831E+02     0.3249258E+02
     0.4730385E+02     0.3249079E+02
     0.4731149E+02     0.3248613E+02
     0.4732066E+02     0.3247879E+02
     0.4732320E+02     0.3247731E+02
     0.4732932E+02     0.3247509E+02
     0.4733243E+02     0.3247318E+02
     0.4733666E+02     0.3247064E+02
     0.4733942E+02     0.3246986E+02
     0.4734355E+02     0.3246892E+02
     0.4734742E+02     0.3246774E+02
     0.4735152E+02     0.3246725E+02
     0.4735611E+02     0.3246748E+02
     0.4736014E+02     0.3246790E+02
     0.4736472E+02     0.3246813E+02
     0.4737012E+02     0.3246840E+02
     0.4737472E+02     0.3246840E+02
     0.4737988E+02     0.3246819E+02
     0.4738510E+02     0.3246707E+02
     0.4738908E+02     0.3246429E+02
     0.4739343E+02     0.3246014E+02
     0.4739703E+02     0.3245505E+02
     0.4741019E+02     0.3244079E+02
     0.4741383E+02     0.3243501E+02
     0.4741718E+02     0.3242966E+02
     0.4742092E+02     0.3242641E+02
     0.4742672E+02     0.3242073E+02
     0.4743139E+02     0.3241569E+02
     0.4743648E+02     0.3241249E+02
     0.4744043E+02     0.3241016E+02
     0.4744305E+02     0.3240731E+02
     0.4744630E+02     0.3240334E+02
     0.4744888E+02     0.3240118E+02
     0.4745129E+02     0.3239762E+02
     0.4745319E+02     0.3239359E+02
     0.4745423E+02     0.3239020E+02
     0.4745457E+02     0.3238517E+02
     0.4745518E+02     0.3238016E+02
     0.4745612E+02     0.3237424E+02
     0.4745422E+02     0.3237048E+02
     0.4745134E+02     0.3236507E+02
     0.4744939E+02     0.3236199E+02
     0.4744426E+02     0.3235785E+02
     0.4743842E+02     0.3235641E+02
     0.4743328E+02     0.3235639E+02
     0.4742813E+02     0.3235660E+02
     0.4742577E+02     0.3235556E+02
     0.4742558E+02     0.3235441E+02
     0.4742622E+02     0.3235284E+02
     0.4742909E+02     0.3235045E+02
     0.4743302E+02     0.3234835E+02
     0.4743804E+02     0.3234608E+02
     0.4744090E+02     0.3234369E+02
     0.4744209E+02     0.3234215E+02
     0.4744310E+02     0.3233921E+02
     0.4744360E+02     0.3233580E+02
     0.4744406E+02     0.3233307E+02
     0.4744303E+02     0.3232843E+02
     0.4744402E+02     0.3232573E+02
     0.4744526E+02     0.3232350E+02
     0.4744725E+02     0.3232199E+02
     0.4745143E+02     0.3232013E+02
     0.4745908E+02     0.3231890E+02
     0.4746409E+02     0.3232075E+02
     0.4746870E+02     0.3232051E+02
     0.4747473E+02     0.3231920E+02
     0.4748109E+02     0.3231699E+02
     0.4748502E+02     0.3231489E+02
     0.4748895E+02     0.3231279E+02
     0.4749209E+02     0.3231018E+02
     0.4749584E+02     0.3230670E+02
     0.4749954E+02     0.3230390E+02
     0.4750218E+02     0.3230082E+02
     0.4750265E+02     0.3229786E+02
     0.4750043E+02     0.3229477E+02
     0.4749847E+02     0.3229169E+02
     0.4749787E+02     0.3228868E+02
     0.4749680E+02     0.3228451E+02
     0.4749615E+02     0.3228218E+02
     0.4749630E+02     0.3227990E+02
     0.4749764E+02     0.3227607E+02
     0.4749976E+02     0.3227273E+02
     0.4750491E+02     0.3226839E+02
     0.4750965E+02     0.3226610E+02
     0.4751389E+02     0.3226332E+02
     0.4751814E+02     0.3226032E+02
     0.4752184E+02     0.3225751E+02
     0.4752475E+02     0.3225445E+02
     0.4752688E+02     0.3225088E+02
     0.4752840E+02     0.3224820E+02
     0.4753100E+02     0.3224581E+02
     0.4753426E+02     0.3224138E+02
     0.4753825E+02     0.3223836E+02
     0.4754321E+02     0.3223677E+02
     0.4755066E+02     0.3223437E+02
     0.4755703E+02     0.3223193E+02
     0.4756207E+02     0.3222919E+02
     0.4756550E+02     0.3222637E+02
     0.4756728E+02     0.3222393E+02
     0.4756771E+02     0.3222144E+02
     0.4756768E+02     0.3221799E+02
     0.4756792E+02     0.3221434E+02
     0.4756680E+02     0.3221085E+02
     0.4756486E+02     0.3220754E+02
     0.4756408E+02     0.3220315E+02
     0.4756269E+02     0.3219965E+02
     0.4755772E+02     0.3219322E+02
     0.4755470E+02     0.3219009E+02
     0.4755187E+02     0.3218789E+02
     0.4754904E+02     0.3218592E+02
     0.4754592E+02     0.3218417E+02
     0.4754261E+02     0.3218126E+02
     0.4753958E+02     0.3217813E+02
     0.4753577E+02     0.3217451E+02
     0.4753510E+02     0.3217242E+02
     0.4753487E+02     0.3216782E+02
     0.4753429E+02     0.3216046E+02
     0.4753437E+02     0.3215519E+02
     0.4753514E+02     0.3214766E+02
     0.4753576E+02     0.3214242E+02
     0.4753786E+02     0.3213931E+02
     0.4753989E+02     0.3213712E+02
     0.4754709E+02     0.3213425E+02
     0.4755267E+02     0.3213154E+02
     0.4755549E+02     0.3212961E+02
     0.4755787E+02     0.3212629E+02
     0.4756071E+02     0.3212001E+02
     0.4756341E+02     0.3211601E+02
     0.4757163E+02     0.3211388E+02
     0.4758156E+02     0.3211459E+02
     0.4758926E+02     0.3211633E+02
     0.4759601E+02     0.3211619E+02
     0.4760089E+02     0.3211574E+02
     0.4760563E+02     0.3211344E+02
     0.4761178E+02     0.3211007E+02
     0.4761999E+02     0.3210404E+02
     0.4762878E+02     0.3209735E+02
     0.4763286E+02     0.3209273E+02
     0.4763679E+02     0.3209039E+02
     0.4764319E+02     0.3208726E+02
     0.4764796E+02     0.3208427E+02
     0.4765001E+02     0.3208185E+02
     0.4765155E+02     0.3207894E+02
     0.4765235E+02     0.3207485E+02
     0.4765185E+02     0.3207024E+02
     0.4765218E+02     0.3206522E+02
     0.4765255E+02     0.3205951E+02
     0.4765281E+02     0.3205562E+02
     0.4765367E+02     0.3205062E+02
     0.4765579E+02     0.3204705E+02
     0.4765982E+02     0.3204312E+02
     0.4766596E+02     0.3203974E+02
     0.4767184E+02     0.3203635E+02
     0.4767656E+02     0.3203405E+02
     0.4768129E+02     0.3203175E+02
     0.4770837E+02     0.3200000E+02
     0.4770837E+02     0.3200000E+02
     0.4770891E+02     0.3199886E+02
     0.4771043E+02     0.3198878E+02
     0.4773140E+02     0.3196392E+02
     0.4773324E+02     0.3195964E+02
     0.4773534E+02     0.3195474E+02
     0.4773751E+02     0.3192955E+02
     0.4774546E+02     0.3191966E+02
     0.4775558E+02     0.3191226E+02
     0.4777562E+02     0.3190274E+02
     0.4780355E+02     0.3188011E+02
     0.4779909E+02     0.3186366E+02
     0.4779919E+02     0.3186096E+02
     0.4779951E+02     0.3185244E+02
     0.4780476E+02     0.3184119E+02
     0.4781854E+02     0.3182644E+02
     0.4786430E+02     0.3179290E+02
     0.4786495E+02     0.3177916E+02
     0.4785627E+02     0.3175938E+02
     0.4780460E+02     0.3164151E+02
     0.4775306E+02     0.3152360E+02
     0.4770163E+02     0.3140565E+02
     0.4769918E+02     0.3140004E+02
     0.4769993E+02     0.3128011E+02
     0.4770071E+02     0.3115416E+02
     0.4770150E+02     0.3102820E+02
     0.4770172E+02     0.3099250E+02
     0.4780655E+02     0.3099300E+02
     0.4795284E+02     0.3099357E+02
     0.4803083E+02     0.3099381E+02
     0.4803131E+02     0.3093500E+02
     0.4803236E+02     0.3080901E+02
     0.4803341E+02     0.3068300E+02
     0.4803445E+02     0.3055697E+02
     0.4803505E+02     0.3048498E+02
     0.4804235E+02     0.3047620E+02
     0.4807389E+02     0.3045825E+02
     0.4808606E+02     0.3045814E+02
     0.4809028E+02     0.3045234E+02
     0.4811736E+02     0.3045075E+02
     0.4814274E+02     0.3044275E+02
     0.4817046E+02     0.3042266E+02
     0.4817691E+02     0.3040910E+02
     0.4818124E+02     0.3038305E+02
     0.4818390E+02     0.3036710E+02
     0.4819828E+02     0.3032717E+02
     0.4820397E+02     0.3032215E+02
     0.4821378E+02     0.3031853E+02
     0.4822363E+02     0.3031917E+02
     0.4823104E+02     0.3032338E+02
     0.4824262E+02     0.3033325E+02
     0.4825579E+02     0.3033813E+02
     0.4826601E+02     0.3033615E+02
     0.4826725E+02     0.3033591E+02
     0.4828192E+02     0.3032655E+02
     0.4831605E+02     0.3029712E+02
     0.4836222E+02     0.3024288E+02
     0.4836298E+02     0.3024198E+02
     0.4839868E+02     0.3021038E+02
     0.4840755E+02     0.3019822E+02
     0.4841153E+02     0.3018822E+02
     0.4841384E+02     0.3017540E+02
     0.4841294E+02     0.3016901E+02
     0.4840134E+02     0.3015702E+02
     0.4838891E+02     0.3013942E+02
     0.4838637E+02     0.3013581E+02
     0.4838300E+02     0.3012730E+02
     0.4839348E+02     0.3011370E+02
     0.4841218E+02     0.3010287E+02
     0.4842921E+02     0.3008920E+02
     0.4844125E+02     0.3006918E+02
     0.4844258E+02     0.3004428E+02
     0.4844393E+02     0.3003506E+02
     0.4844788E+02     0.3000795E+02
     0.4845504E+02     0.3000000E+02
     0.4845757E+02     0.2999719E+02
     0.4848461E+02     0.2997987E+02
     0.4848461E+02     0.2997987E+02
     0.4848330E+02     0.2997468E+02
     0.4848330E+02     0.2997468E+02
     0.4850369E+02     0.2996175E+02
     0.4853907E+02     0.2995030E+02
     0.4856374E+02     0.2994517E+02
     0.4857545E+02     0.2993722E+02
     0.4857591E+02     0.2993309E+02
     0.4857007E+02     0.2992803E+02
     0.4857007E+02     0.2992803E+02
     0.4856673E+02     0.2991556E+02
     0.4855319E+02     0.2991574E+02
     0.4853473E+02     0.2991266E+02
     0.4851259E+02     0.2991213E+02
     0.4848675E+02     0.2990933E+02
     0.4847913E+02     0.2991191E+02
     0.4846280E+02     0.2991157E+02
     0.4844281E+02     0.2991515E+02
     0.4839931E+02     0.2992825E+02
     0.4834562E+02     0.2995527E+02
     0.4831882E+02     0.2996714E+02
     0.4827944E+02     0.2999171E+02
     0.4827641E+02     0.2999438E+02
     0.4827004E+02     0.3000000E+02
     0.4826345E+02     0.3000581E+02
     0.4822877E+02     0.3002597E+02
     0.4820982E+02     0.3003296E+02
     0.4817925E+02     0.3003725E+02
     0.4817187E+02     0.3003774E+02
     0.4817054E+02     0.3003660E+02
     0.4816423E+02     0.3003893E+02
     0.4815051E+02     0.3003807E+02
     0.4814716E+02     0.3003834E+02
     0.4809462E+02     0.3004246E+02
     0.4808828E+02     0.3004133E+02
     0.4807639E+02     0.3003633E+02
     0.4804920E+02     0.3003024E+02
     0.4803069E+02     0.3001906E+02
     0.4801903E+02     0.3000303E+02
     0.4801137E+02     0.3000000E+02
     0.4799977E+02     0.3000126E+02
     0.4798450E+02     0.3000660E+02
     0.4798003E+02     0.3001075E+02
     0.4797615E+02     0.3002936E+02
     0.4796410E+02     0.3005237E+02
     0.4796410E+02     0.3005237E+02
     0.4795435E+02     0.3005653E+02
     0.4795247E+02     0.3005967E+02
     0.4795247E+02     0.3005967E+02
     0.4795015E+02     0.3006120E+02
     0.4794909E+02     0.3005761E+02
     0.4795421E+02     0.3005083E+02
     0.4795110E+02     0.3004905E+02
     0.4793414E+02     0.3006443E+02
     0.4793151E+02     0.3005905E+02
     0.4794741E+02     0.3003963E+02
     0.4795293E+02     0.3002875E+02
     0.4795370E+02     0.3001933E+02
     0.4795707E+02     0.3001171E+02
     0.4795707E+02     0.3001171E+02
     0.4792042E+02     0.3002418E+02
     0.4778537E+02     0.3007005E+02
     0.4770889E+02     0.3009595E+02
     0.4764594E+02     0.3009535E+02
     0.4750090E+02     0.3009386E+02
     0.4735587E+02     0.3009221E+02
     0.4735355E+02     0.3009219E+02
     0.4733868E+02     0.3007505E+02
     0.4731116E+02     0.3005911E+02
     0.4725309E+02     0.3004740E+02
     0.4722911E+02     0.3004034E+02
     0.4718075E+02     0.3002608E+02
     0.4715404E+02     0.3000461E+02
     0.4715108E+02     0.3000000E+02
     0.4712602E+02     0.2996092E+02
     0.4710473E+02     0.2992768E+02
     0.4707716E+02     0.2984298E+02
     0.4706402E+02     0.2980256E+02
     0.4701358E+02     0.2973088E+02
     0.4700987E+02     0.2972560E+02
     0.4697255E+02     0.2962152E+02
     0.4696555E+02     0.2961253E+02
     0.4690833E+02     0.2953902E+02
     0.4689603E+02     0.2950338E+02
     0.4688064E+02     0.2945876E+02
     0.4686723E+02     0.2943170E+02
     0.4684623E+02     0.2940992E+02
     0.4682633E+02     0.2939725E+02
     0.4682210E+02     0.2939456E+02
     0.4679929E+02     0.2937278E+02
     0.4673843E+02     0.2929777E+02
     0.4665514E+02     0.2919490E+02
     0.4664404E+02     0.2918116E+02
     0.4658865E+02     0.2913797E+02
     0.4655759E+02     0.2910305E+02
     0.4655759E+02     0.2910305E+02
     0.4645750E+02     0.2913585E+02
     0.4632386E+02     0.2918238E+02
     0.4619010E+02     0.2922877E+02
     0.4605622E+02     0.2927504E+02
     0.4592223E+02     0.2932118E+02
     0.4578813E+02     0.2936719E+02
     0.4565390E+02     0.2941306E+02
     0.4551957E+02     0.2945881E+02
     0.4547203E+02     0.2947496E+02
     0.4538561E+02     0.2944445E+02
     0.4525200E+02     0.2939715E+02
     0.4511850E+02     0.2934971E+02
     0.4500000E+02     0.2930745E+02
     0.4498513E+02     0.2930215E+02
     0.4485187E+02     0.2925446E+02
     0.4471873E+02     0.2920663E+02
     0.4458553E+02     0.2925430E+02
     0.4445220E+02     0.2930184E+02
     0.4431876E+02     0.2934925E+02
     0.4418519E+02     0.2939653E+02
     0.4405151E+02     0.2944368E+02
     0.4391771E+02     0.2949070E+02
     0.4378379E+02     0.2953759E+02
     0.4364976E+02     0.2958435E+02
     0.4359605E+02     0.2960304E+02
     0.4359921E+02     0.2967861E+02
     0.4360449E+02     0.2980464E+02
     0.4360979E+02     0.2993066E+02
     0.4361271E+02     0.3000000E+02
     0.4361509E+02     0.3005667E+02
     0.4361683E+02     0.3009777E+02
     0.4363032E+02     0.3018191E+02
     0.4365038E+02     0.3030677E+02
     0.4366146E+02     0.3037560E+02
     0.4359637E+02     0.3037956E+02
     0.4345127E+02     0.3038827E+02
     0.4330616E+02     0.3039684E+02
     0.4316101E+02     0.3040525E+02
     0.4306550E+02     0.3041070E+02
     0.4305376E+02     0.3045259E+02
     0.4301939E+02     0.3057507E+02
     0.4298494E+02     0.3069752E+02
     0.4297720E+02     0.3072498E+02
     0.4287590E+02     0.3076865E+02
     0.4274521E+02     0.3082483E+02
     0.4261438E+02     0.3088088E+02
     0.4248341E+02     0.3093682E+02
     0.4235229E+02     0.3099262E+02
     0.4222104E+02     0.3104831E+02
     0.4213899E+02     0.3108205E+02
     0.4100000E+02     0.3161897E+02
     0.4100000E+02     0.3161897E+02
     0.4011028E+02     0.3200000E+02
     0.4003000E+02     0.3204271E+02
     0.4002534E+02     0.3204491E+02
     0.4000000E+02     0.3205139E+02
     0.3988880E+02     0.3207982E+02
     0.3974676E+02     0.3211594E+02
     0.3960413E+02     0.3214875E+02
     0.3946112E+02     0.3218143E+02
     0.3944801E+02     0.3218443E+02
     0.3931893E+02     0.3221677E+02
     0.3926646E+02     0.3233454E+02
     0.3921383E+02     0.3245229E+02
     0.3916105E+02     0.3257004E+02
     0.3915638E+02     0.3258044E+02
     0.3910958E+02     0.3268824E+02
     0.3905811E+02     0.3280647E+02
     0.3902560E+02     0.3288095E+02
     0.3900604E+02     0.3292455E+02
     0.3895307E+02     0.3304237E+02
     0.3889995E+02     0.3316019E+02
     0.3884667E+02     0.3327798E+02
     0.3880408E+02     0.3337191E+02
     0.3885792E+02     0.3339862E+02
     0.3898742E+02     0.3346268E+02
     0.3911713E+02     0.3352660E+02
     0.3924703E+02     0.3359037E+02
     0.3937714E+02     0.3365401E+02
     0.3947203E+02     0.3370026E+02
     0.3950754E+02     0.3371737E+02
     0.3963838E+02     0.3378026E+02
     0.3976941E+02     0.3384300E+02
     0.3990065E+02     0.3390559E+02
     0.4000000E+02     0.3395279E+02
     0.4003210E+02     0.3396804E+02
     0.4016374E+02     0.3403034E+02
     0.4029559E+02     0.3409250E+02
     0.4042763E+02     0.3415451E+02
     0.4055988E+02     0.3421637E+02
     0.4060371E+02     0.3423682E+02
     0.4069336E+02     0.3427653E+02
     0.4079230E+02     0.3432024E+02
     0.4082730E+02     0.3433613E+02
     0.4096080E+02     0.3439658E+02
     0.4101237E+02     0.3441986E+02
     0.4101724E+02     0.3443951E+02
     0.4101925E+02     0.3444269E+02
     0.4102709E+02     0.3444670E+02
     0.4103303E+02     0.3445211E+02
     0.4105099E+02     0.3448799E+02
     0.4110944E+02     0.3460444E+02
     0.4113947E+02     0.3466415E+02
     0.4118186E+02     0.3471464E+02
     0.4123450E+02     0.3477724E+02
     0.4123775E+02     0.3478498E+02
     0.4123326E+02     0.3482653E+02
     0.4122964E+02     0.3486010E+02
     0.4122965E+02     0.3493783E+02
     0.4122879E+02     0.3495248E+02
     0.4122596E+02     0.3500000E+02
     0.4122131E+02     0.3507844E+02
     0.4121811E+02     0.3513225E+02
     0.4122525E+02     0.3520424E+02
     0.4123333E+02     0.3524803E+02
     0.4124240E+02     0.3528548E+02
     0.4125618E+02     0.3532763E+02
     0.4127492E+02     0.3538492E+02
     0.4127998E+02     0.3545159E+02
     0.4128260E+02     0.3548615E+02
     0.4134245E+02     0.3556346E+02
     0.4139429E+02     0.3563027E+02
     0.4139127E+02     0.3567723E+02
     0.4138315E+02     0.3580316E+02
     0.4138108E+02     0.3583529E+02
     0.4133320E+02     0.3592077E+02
     0.4126875E+02     0.3603549E+02
     0.4125801E+02     0.3605457E+02
     0.4126690E+02     0.3609203E+02
     0.4127654E+02     0.3615855E+02
     0.4129179E+02     0.3626358E+02
     0.4129239E+02     0.3628392E+02
     0.4129453E+02     0.3635617E+02
     0.4132727E+02     0.3640303E+02
     0.4140413E+02     0.3651278E+02
     0.4141123E+02     0.3652290E+02
     0.4155069E+02     0.3654403E+02
     0.4170440E+02     0.3656712E+02
     0.4170681E+02     0.3656748E+02
     0.4182825E+02     0.3659315E+02
     0.4184969E+02     0.3660818E+02
     0.4193848E+02     0.3667033E+02
     0.4196275E+02     0.3669481E+02
     0.4199076E+02     0.3672305E+02
     0.4203441E+02     0.3676378E+02
     0.4206493E+02     0.3679034E+02
     0.4209245E+02     0.3681426E+02
     0.4213727E+02     0.3686067E+02
     0.4216888E+02     0.3688440E+02
     0.4217694E+02     0.3689045E+02
     0.4224925E+02     0.3695770E+02
     0.4227420E+02     0.3697782E+02
     0.4238474E+02     0.3706718E+02
     0.4238504E+02     0.3707412E+02
     0.4238110E+02     0.3708203E+02
     0.4237358E+02     0.3708684E+02
     0.4236596E+02     0.3708912E+02
     0.4236462E+02     0.3709123E+02
     0.4236221E+02     0.3709497E+02
     0.4236371E+02     0.3710926E+02
     0.4237523E+02     0.3711777E+02
     0.4238438E+02     0.3711751E+02
     0.4239587E+02     0.3711213E+02
     0.4240359E+02     0.3711214E+02
     0.4241179E+02     0.3711626E+02
     0.4242683E+02     0.3711972E+02
     0.4243476E+02     0.3712431E+02
     0.4244526E+02     0.3712674E+02
     0.4245066E+02     0.3712798E+02
     0.4246035E+02     0.3713343E+02
     0.4247137E+02     0.3713655E+02
     0.4248395E+02     0.3713618E+02
     0.4249386E+02     0.3713382E+02
     0.4250756E+02     0.3713295E+02
     0.4251218E+02     0.3713396E+02
     0.4252672E+02     0.3714500E+02
     0.4253634E+02     0.3714885E+02
     0.4256437E+02     0.3714823E+02
     0.4258055E+02     0.3714544E+02
     0.4259165E+02     0.3714725E+02
     0.4259603E+02     0.3717022E+02
     0.4260218E+02     0.3717921E+02
     0.4261588E+02     0.3719050E+02
     0.4262164E+02     0.3719721E+02
     0.4262379E+02     0.3720796E+02
     0.4262702E+02     0.3721403E+02
     0.4262702E+02     0.3721403E+02
     0.4264204E+02     0.3722252E+02
     0.4265250E+02     0.3723160E+02
     0.4265811E+02     0.3724107E+02
     0.4266225E+02     0.3725451E+02
     0.4266455E+02     0.3726199E+02
     0.4267441E+02     0.3727017E+02
     0.4268561E+02     0.3727051E+02
     0.4269326E+02     0.3728060E+02
     0.4270066E+02     0.3728542E+02
     0.4270322E+02     0.3729084E+02
     0.4269890E+02     0.3730246E+02
     0.4269933E+02     0.3730543E+02
     0.4270460E+02     0.3730756E+02
     0.4272679E+02     0.3730961E+02
     0.4273460E+02     0.3731252E+02
END
2
     0.4796457E+02     0.3002751E+02
     0.4797028E+02     0.3001124E+02
     0.4796555E+02     0.3001470E+02
     0.4796056E+02     0.3002321E+02
     0.4796111E+02     0.3002666E+02
     0.4795874E+02     0.3002896E+02
     0.4795957E+02     0.3004021E+02
     0.4796511E+02     0.3004019E+02
     0.4796904E+02     0.3003237E+02
     0.4796873E+02     0.3002135E+02
     0.4797187E+02     0.3001353E+02
     0.4797028E+02     0.3001124E+02
END
END
