isa-neutral_zone
1
     0.4553730E+02     0.2909702E+02
     0.4500000E+02     0.2930745E+02
     0.4511850E+02     0.2934971E+02
     0.4525200E+02     0.2939715E+02
     0.4538561E+02     0.2944445E+02
     0.4547203E+02     0.2947496E+02
     0.4551957E+02     0.2945881E+02
     0.4565390E+02     0.2941306E+02
     0.4578813E+02     0.2936719E+02
     0.4592223E+02     0.2932118E+02
     0.4605622E+02     0.2927504E+02
     0.4619010E+02     0.2922877E+02
     0.4632386E+02     0.2918238E+02
     0.4645750E+02     0.2913585E+02
     0.4655759E+02     0.2910305E+02
     0.4641805E+02     0.2906073E+02
     0.4628248E+02     0.2901909E+02
     0.4614702E+02     0.2897731E+02
     0.4601166E+02     0.2893540E+02
     0.4587641E+02     0.2889335E+02
     0.4574126E+02     0.2885117E+02
     0.4560622E+02     0.2880886E+02
     0.4550752E+02     0.2877784E+02
     0.4547485E+02     0.2879576E+02
     0.4535314E+02     0.2886239E+02
     0.4523127E+02     0.2892892E+02
     0.4510925E+02     0.2899534E+02
     0.4500000E+02     0.2905464E+02
     0.4498708E+02     0.2906165E+02
     0.4486476E+02     0.2912785E+02
     0.4474229E+02     0.2919394E+02
     0.4471873E+02     0.2920663E+02
     0.4485187E+02     0.2925446E+02
     0.4498513E+02     0.2930215E+02
     0.4500000E+02     0.2930745E+02
END
END
