isle_of_man
1
    -0.4527570E+01     0.5425080E+02
    -0.4383492E+01     0.5432594E+02
    -0.4374701E+01     0.5431689E+02
    -0.4365167E+01     0.5431380E+02
    -0.4363689E+01     0.5431332E+02
    -0.4356276E+01     0.5431360E+02
    -0.4350357E+01     0.5431068E+02
    -0.4339800E+01     0.5431007E+02
    -0.4328031E+01     0.5430742E+02
    -0.4314669E+01     0.5430318E+02
    -0.4311500E+01     0.5430093E+02
    -0.4312620E+01     0.5429841E+02
    -0.4323822E+01     0.5429263E+02
    -0.4331247E+01     0.5429303E+02
    -0.4328398E+01     0.5428736E+02
    -0.4330245E+01     0.5428233E+02
    -0.4345651E+01     0.5427264E+02
    -0.4347081E+01     0.5426648E+02
    -0.4370869E+01     0.5424806E+02
    -0.4372759E+01     0.5424531E+02
    -0.4369976E+01     0.5424282E+02
    -0.4377944E+01     0.5423273E+02
    -0.4382778E+01     0.5423007E+02
    -0.4387187E+01     0.5422765E+02
    -0.4395739E+01     0.5422667E+02
    -0.4404532E+01     0.5421907E+02
    -0.4405978E+01     0.5421405E+02
    -0.4403483E+01     0.5420700E+02
    -0.4396812E+01     0.5420477E+02
    -0.4396771E+01     0.5420295E+02
    -0.4391248E+01     0.5419979E+02
    -0.4391967E+01     0.5419706E+02
    -0.4411083E+01     0.5418118E+02
    -0.4425795E+01     0.5417764E+02
    -0.4425702E+01     0.5417353E+02
    -0.4441173E+01     0.5416931E+02
    -0.4446669E+01     0.5417131E+02
    -0.4454350E+01     0.5416692E+02
    -0.4459063E+01     0.5416870E+02
    -0.4467207E+01     0.5416750E+02
    -0.4476437E+01     0.5416286E+02
    -0.4480600E+01     0.5415804E+02
    -0.4478852E+01     0.5415007E+02
    -0.4473418E+01     0.5415057E+02
    -0.4471051E+01     0.5414923E+02
    -0.4471326E+01     0.5414444E+02
    -0.4477455E+01     0.5414051E+02
    -0.4487499E+01     0.5413769E+02
    -0.4507843E+01     0.5412680E+02
    -0.4516068E+01     0.5412923E+02
    -0.4526920E+01     0.5412777E+02
    -0.4534213E+01     0.5412406E+02
    -0.4532955E+01     0.5412042E+02
    -0.4535977E+01     0.5411697E+02
    -0.4547131E+01     0.5411232E+02
    -0.4547750E+01     0.5410615E+02
    -0.4554267E+01     0.5410267E+02
    -0.4574838E+01     0.5410320E+02
    -0.4580710E+01     0.5410335E+02
    -0.4606476E+01     0.5409330E+02
    -0.4608326E+01     0.5408986E+02
    -0.4616327E+01     0.5408409E+02
    -0.4625196E+01     0.5408172E+02
    -0.4626687E+01     0.5407943E+02
    -0.4623812E+01     0.5407375E+02
    -0.4619886E+01     0.5407219E+02
    -0.4606834E+01     0.5407779E+02
    -0.4607906E+01     0.5407436E+02
    -0.4615591E+01     0.5407132E+02
    -0.4624163E+01     0.5405824E+02
    -0.4628757E+01     0.5405592E+02
    -0.4636176E+01     0.5405745E+02
    -0.4630054E+01     0.5406070E+02
    -0.4628064E+01     0.5407303E+02
    -0.4630444E+01     0.5407483E+02
    -0.4642384E+01     0.5407785E+02
    -0.4655751E+01     0.5407576E+02
    -0.4664513E+01     0.5407108E+02
    -0.4663270E+01     0.5406836E+02
    -0.4665400E+01     0.5406517E+02
    -0.4682851E+01     0.5406513E+02
    -0.4682654E+01     0.5406725E+02
    -0.4687425E+01     0.5407108E+02
    -0.4686721E+01     0.5407359E+02
    -0.4683648E+01     0.5407476E+02
    -0.4691505E+01     0.5407788E+02
    -0.4695882E+01     0.5408149E+02
    -0.4696766E+01     0.5408512E+02
    -0.4710740E+01     0.5408475E+02
    -0.4721681E+01     0.5408692E+02
    -0.4732868E+01     0.5408430E+02
    -0.4733099E+01     0.5407905E+02
    -0.4739707E+01     0.5407921E+02
    -0.4739985E+01     0.5407556E+02
    -0.4734842E+01     0.5407242E+02
    -0.4736313E+01     0.5406967E+02
    -0.4742531E+01     0.5406983E+02
    -0.4747646E+01     0.5407206E+02
    -0.4753414E+01     0.5407017E+02
    -0.4754957E+01     0.5406746E+02
    -0.4757469E+01     0.5406306E+02
    -0.4771434E+01     0.5406268E+02
    -0.4771717E+01     0.5405926E+02
    -0.4777884E+01     0.5405782E+02
    -0.4782958E+01     0.5405868E+02
    -0.4786205E+01     0.5406321E+02
    -0.4798655E+01     0.5406398E+02
    -0.4798726E+01     0.5406626E+02
    -0.4790696E+01     0.5407022E+02
    -0.4789293E+01     0.5407503E+02
    -0.4778924E+01     0.5407879E+02
    -0.4775663E+01     0.5408635E+02
    -0.4771447E+01     0.5408822E+02
    -0.4767916E+01     0.5408712E+02
    -0.4763672E+01     0.5408808E+02
    -0.4762980E+01     0.5409082E+02
    -0.4780952E+01     0.5409405E+02
    -0.4781080E+01     0.5409815E+02
    -0.4768966E+01     0.5410855E+02
    -0.4760890E+01     0.5411137E+02
    -0.4752681E+01     0.5410986E+02
    -0.4751772E+01     0.5411831E+02
    -0.4747721E+01     0.5412147E+02
    -0.4739618E+01     0.5412778E+02
    -0.4740950E+01     0.5413324E+02
    -0.4734928E+01     0.5413992E+02
    -0.4733905E+01     0.5414472E+02
    -0.4738320E+01     0.5414923E+02
    -0.4735019E+01     0.5415588E+02
    -0.4745485E+01     0.5416740E+02
    -0.4743720E+01     0.5417335E+02
    -0.4728434E+01     0.5418286E+02
    -0.4724336E+01     0.5418906E+02
    -0.4723911E+01     0.5420092E+02
    -0.4718562E+01     0.5420440E+02
    -0.4723104E+01     0.5421301E+02
    -0.4703728E+01     0.5422985E+02
    -0.4702089E+01     0.5422713E+02
    -0.4690030E+01     0.5422794E+02
    -0.4686239E+01     0.5423163E+02
    -0.4667658E+01     0.5423615E+02
    -0.4655477E+01     0.5424652E+02
    -0.4630511E+01     0.5426022E+02
    -0.4608371E+01     0.5427798E+02
    -0.4600029E+01     0.5428695E+02
    -0.4585114E+01     0.5431308E+02
    -0.4576960E+01     0.5432178E+02
    -0.4562698E+01     0.5433700E+02
    -0.4556496E+01     0.5435393E+02
    -0.4548144E+01     0.5436357E+02
    -0.4521154E+01     0.5437863E+02
    -0.4465779E+01     0.5440189E+02
    -0.4434596E+01     0.5440463E+02
    -0.4431411E+01     0.5440491E+02
    -0.4395640E+01     0.5441544E+02
    -0.4371070E+01     0.5441973E+02
    -0.4367136E+01     0.5441885E+02
    -0.4366179E+01     0.5439264E+02
    -0.4386073E+01     0.5435442E+02
    -0.4388216E+01     0.5434528E+02
    -0.4386418E+01     0.5433792E+02
    -0.4383492E+01     0.5432594E+02
END
2
    -0.4814822E+01     0.5405306E+02
    -0.4805661E+01     0.5405227E+02
    -0.4810984E+01     0.5404879E+02
    -0.4812421E+01     0.5404513E+02
    -0.4815510E+01     0.5404464E+02
    -0.4818320E+01     0.5404757E+02
    -0.4822559E+01     0.5404661E+02
    -0.4826483E+01     0.5404794E+02
    -0.4830181E+01     0.5405428E+02
    -0.4828709E+01     0.5405681E+02
    -0.4819914E+01     0.5406101E+02
    -0.4812906E+01     0.5406041E+02
    -0.4806777E+01     0.5406298E+02
    -0.4803247E+01     0.5406188E+02
    -0.4805661E+01     0.5405227E+02
END
END
