israel
1
     0.3511476E+02     0.3175298E+02
     0.3499886E+02     0.3200000E+02
     0.3500000E+02     0.3199743E+02
     0.3500324E+02     0.3199013E+02
     0.3500000E+02     0.3198421E+02
     0.3498956E+02     0.3196516E+02
     0.3499200E+02     0.3194251E+02
     0.3500000E+02     0.3193331E+02
     0.3500732E+02     0.3192490E+02
     0.3503015E+02     0.3190936E+02
     0.3503499E+02     0.3189334E+02
     0.3502614E+02     0.3186998E+02
     0.3500000E+02     0.3186600E+02
     0.3497622E+02     0.3186237E+02
     0.3496389E+02     0.3184679E+02
     0.3497224E+02     0.3182001E+02
     0.3499156E+02     0.3181294E+02
     0.3500000E+02     0.3181190E+02
     0.3501920E+02     0.3180954E+02
     0.3504467E+02     0.3181735E+02
     0.3506345E+02     0.3183476E+02
     0.3508250E+02     0.3184439E+02
     0.3510450E+02     0.3182700E+02
     0.3512462E+02     0.3181876E+02
     0.3516780E+02     0.3180389E+02
     0.3521420E+02     0.3180411E+02
     0.3523242E+02     0.3178785E+02
     0.3522941E+02     0.3175167E+02
     0.3521759E+02     0.3173588E+02
     0.3516720E+02     0.3173475E+02
     0.3512457E+02     0.3171986E+02
     0.3507231E+02     0.3167565E+02
     0.3504552E+02     0.3166487E+02
     0.3502544E+02     0.3165638E+02
     0.3500883E+02     0.3164399E+02
     0.3500000E+02     0.3163583E+02
     0.3497833E+02     0.3161579E+02
     0.3496469E+02     0.3159631E+02
     0.3495374E+02     0.3158301E+02
     0.3494495E+02     0.3154544E+02
     0.3494928E+02     0.3150468E+02
     0.3494556E+02     0.3148727E+02
     0.3492554E+02     0.3145472E+02
     0.3490340E+02     0.3143017E+02
     0.3488395E+02     0.3139669E+02
     0.3488665E+02     0.3137677E+02
     0.3489790E+02     0.3136122E+02
     0.3491394E+02     0.3134979E+02
     0.3493879E+02     0.3134411E+02
     0.3498418E+02     0.3134921E+02
     0.3500000E+02     0.3135260E+02
     0.3502611E+02     0.3135819E+02
     0.3506697E+02     0.3135525E+02
     0.3512466E+02     0.3135207E+02
     0.3514577E+02     0.3136146E+02
     0.3515965E+02     0.3135872E+02
     0.3518129E+02     0.3136192E+02
     0.3519999E+02     0.3136329E+02
     0.3522404E+02     0.3136718E+02
     0.3523874E+02     0.3137473E+02
     0.3526790E+02     0.3140037E+02
     0.3529280E+02     0.3142439E+02
     0.3532517E+02     0.3143673E+02
     0.3535837E+02     0.3145753E+02
     0.3539374E+02     0.3148427E+02
     0.3540953E+02     0.3148906E+02
     0.3547559E+02     0.3148824E+02
     0.3547559E+02     0.3148824E+02
     0.3547506E+02     0.3141976E+02
     0.3547151E+02     0.3139961E+02
     0.3545506E+02     0.3135933E+02
     0.3541721E+02     0.3130099E+02
     0.3540567E+02     0.3128085E+02
     0.3539494E+02     0.3126461E+02
     0.3538981E+02     0.3124446E+02
     0.3540122E+02     0.3122313E+02
     0.3544585E+02     0.3117150E+02
     0.3545379E+02     0.3115682E+02
     0.3545878E+02     0.3113596E+02
     0.3545979E+02     0.3112038E+02
     0.3545303E+02     0.3109473E+02
     0.3544684E+02     0.3107641E+02
     0.3542089E+02     0.3104140E+02
     0.3540859E+02     0.3102561E+02
     0.3540453E+02     0.3100522E+02
     0.3540688E+02     0.3098895E+02
     0.3541506E+02     0.3096946E+02
     0.3541500E+02     0.3094883E+02
     0.3539766E+02     0.3093511E+02
     0.3536010E+02     0.3091386E+02
     0.3533337E+02     0.3086301E+02
     0.3533306E+02     0.3084491E+02
     0.3533807E+02     0.3082840E+02
     0.3533297E+02     0.3080824E+02
     0.3531383E+02     0.3080230E+02
     0.3529892E+02     0.3078673E+02
     0.3529011E+02     0.3076588E+02
     0.3529002E+02     0.3072508E+02
     0.3527590E+02     0.3069667E+02
     0.3525142E+02     0.3065794E+02
     0.3524607E+02     0.3063571E+02
     0.3523120E+02     0.3062380E+02
     0.3520170E+02     0.3057452E+02
     0.3519930E+02     0.3055802E+02
     0.3517668E+02     0.3046723E+02
     0.3516977E+02     0.3044935E+02
     0.3515599E+02     0.3043215E+02
     0.3515201E+02     0.3041862E+02
     0.3516338E+02     0.3040074E+02
     0.3518663E+02     0.3036222E+02
     0.3519190E+02     0.3034662E+02
     0.3518872E+02     0.3033470E+02
     0.3516648E+02     0.3031338E+02
     0.3516012E+02     0.3029618E+02
     0.3516354E+02     0.3027623E+02
     0.3514448E+02     0.3023953E+02
     0.3517581E+02     0.3011914E+02
     0.3509845E+02     0.3002256E+02
     0.3509192E+02     0.3000000E+02
     0.3507761E+02     0.2995053E+02
     0.3508077E+02     0.2987231E+02
     0.3505128E+02     0.2982091E+02
     0.3504681E+02     0.2980210E+02
     0.3504971E+02     0.2978719E+02
     0.3504682E+02     0.2976700E+02
     0.3502975E+02     0.2970504E+02
     0.3502976E+02     0.2967132E+02
     0.3503240E+02     0.2965021E+02
     0.3503267E+02     0.2963071E+02
     0.3501954E+02     0.2961670E+02
     0.3500168E+02     0.2960522E+02
     0.3500000E+02     0.2960352E+02
     0.3498646E+02     0.2958982E+02
     0.3497570E+02     0.2957100E+02
     0.3496632E+02     0.2954760E+02
     0.3496632E+02     0.2954760E+02
     0.3495585E+02     0.2954902E+02
     0.3494357E+02     0.2953589E+02
     0.3494175E+02     0.2953083E+02
     0.3492712E+02     0.2951654E+02
     0.3492531E+02     0.2951149E+02
     0.3491800E+02     0.2950274E+02
     0.3491122E+02     0.2949664E+02
     0.3491122E+02     0.2949664E+02
     0.3488545E+02     0.2952267E+02
     0.3487228E+02     0.2954444E+02
     0.3486753E+02     0.2956117E+02
     0.3486353E+02     0.2959030E+02
     0.3487294E+02     0.2961762E+02
     0.3487761E+02     0.2964494E+02
     0.3487311E+02     0.2966374E+02
     0.3485518E+02     0.2969100E+02
     0.3485587E+02     0.2973918E+02
     0.3475359E+02     0.2998941E+02
     0.3475503E+02     0.3000000E+02
     0.3475565E+02     0.3000456E+02
     0.3472322E+02     0.3008244E+02
     0.3463712E+02     0.3029405E+02
     0.3461674E+02     0.3036047E+02
     0.3454696E+02     0.3040008E+02
     0.3454442E+02     0.3043079E+02
     0.3456509E+02     0.3048132E+02
     0.3452169E+02     0.3052538E+02
     0.3452459E+02     0.3057996E+02
     0.3449565E+02     0.3068413E+02
     0.3440759E+02     0.3084391E+02
     0.3435052E+02     0.3098798E+02
     0.3426801E+02     0.3122361E+02
     0.3426801E+02     0.3122361E+02
     0.3431301E+02     0.3125260E+02
     0.3435752E+02     0.3128562E+02
     0.3436857E+02     0.3130301E+02
     0.3436833E+02     0.3132994E+02
     0.3436583E+02     0.3135877E+02
     0.3437457E+02     0.3138384E+02
     0.3440790E+02     0.3142061E+02
     0.3445248E+02     0.3145744E+02
     0.3450824E+02     0.3150393E+02
     0.3453739E+02     0.3150987E+02
     0.3454627E+02     0.3152338E+02
     0.3454613E+02     0.3154261E+02
     0.3453252E+02     0.3155984E+02
     0.3448946E+02     0.3159407E+02
     0.3448946E+02     0.3159407E+02
     0.3449973E+02     0.3160735E+02
     0.3455429E+02     0.3167758E+02
     0.3457071E+02     0.3170105E+02
     0.3457872E+02     0.3170453E+02
     0.3457774E+02     0.3171106E+02
     0.3457758E+02     0.3171209E+02
     0.3459004E+02     0.3172911E+02
     0.3464023E+02     0.3181571E+02
     0.3464023E+02     0.3181571E+02
     0.3464800E+02     0.3183030E+02
     0.3464800E+02     0.3183030E+02
     0.3469375E+02     0.3192232E+02
     0.3470441E+02     0.3193497E+02
     0.3470682E+02     0.3193567E+02
     0.3470625E+02     0.3193979E+02
     0.3472504E+02     0.3198248E+02
     0.3473072E+02     0.3200000E+02
     0.3473309E+02     0.3200456E+02
     0.3473419E+02     0.3201996E+02
     0.3474452E+02     0.3204945E+02
     0.3474898E+02     0.3205695E+02
     0.3475549E+02     0.3206108E+02
     0.3475900E+02     0.3206602E+02
     0.3476986E+02     0.3209484E+02
     0.3477039E+02     0.3209624E+02
     0.3478449E+02     0.3212059E+02
     0.3478817E+02     0.3214388E+02
     0.3479983E+02     0.3217960E+02
     0.3480143E+02     0.3220144E+02
     0.3480621E+02     0.3221354E+02
     0.3480761E+02     0.3221524E+02
     0.3482043E+02     0.3223078E+02
     0.3482258E+02     0.3223636E+02
     0.3483062E+02     0.3227517E+02
     0.3484353E+02     0.3230819E+02
     0.3484668E+02     0.3233492E+02
     0.3484770E+02     0.3234365E+02
     0.3486073E+02     0.3236933E+02
     0.3486852E+02     0.3239185E+02
     0.3488311E+02     0.3244648E+02
     0.3488642E+02     0.3245579E+02
     0.3489236E+02     0.3247249E+02
     0.3489585E+02     0.3250036E+02
     0.3491240E+02     0.3255437E+02
     0.3491760E+02     0.3257865E+02
     0.3492915E+02     0.3263248E+02
     0.3493632E+02     0.3265749E+02
     0.3493649E+02     0.3269856E+02
     0.3493931E+02     0.3270230E+02
     0.3494769E+02     0.3271339E+02
     0.3495354E+02     0.3272667E+02
     0.3495813E+02     0.3277752E+02
     0.3496338E+02     0.3280890E+02
     0.3496282E+02     0.3282058E+02
     0.3496427E+02     0.3282467E+02
     0.3496520E+02     0.3282731E+02
     0.3497180E+02     0.3283121E+02
     0.3498125E+02     0.3283221E+02
     0.3498563E+02     0.3283695E+02
     0.3499266E+02     0.3283742E+02
     0.3500000E+02     0.3283183E+02
     0.3500902E+02     0.3282443E+02
     0.3501562E+02     0.3281686E+02
     0.3502009E+02     0.3281425E+02
     0.3502636E+02     0.3281355E+02
     0.3503413E+02     0.3281564E+02
     0.3505251E+02     0.3282841E+02
     0.3506059E+02     0.3283556E+02
     0.3507079E+02     0.3284920E+02
     0.3507318E+02     0.3285395E+02
     0.3508196E+02     0.3287136E+02
     0.3508755E+02     0.3289104E+02
     0.3509027E+02     0.3290834E+02
     0.3508627E+02     0.3291830E+02
     0.3507871E+02     0.3291737E+02
     0.3507567E+02     0.3291841E+02
     0.3507475E+02     0.3292068E+02
     0.3508097E+02     0.3296172E+02
     0.3508271E+02     0.3296741E+02
     0.3510195E+02     0.3303009E+02
     0.3511441E+02     0.3307775E+02
     0.3511546E+02     0.3309018E+02
     0.3511546E+02     0.3309018E+02
     0.3514950E+02     0.3309043E+02
     0.3517575E+02     0.3309231E+02
     0.3518101E+02     0.3309268E+02
     0.3521642E+02     0.3308750E+02
     0.3521991E+02     0.3308877E+02
     0.3522565E+02     0.3309401E+02
     0.3523721E+02     0.3309716E+02
     0.3527423E+02     0.3309821E+02
     0.3531273E+02     0.3310273E+02
     0.3532072E+02     0.3310115E+02
     0.3533254E+02     0.3309882E+02
     0.3534936E+02     0.3307187E+02
     0.3535878E+02     0.3306279E+02
     0.3537384E+02     0.3305527E+02
     0.3537963E+02     0.3305386E+02
     0.3540507E+02     0.3306341E+02
     0.3543250E+02     0.3306524E+02
     0.3543971E+02     0.3306845E+02
     0.3545678E+02     0.3308231E+02
     0.3546170E+02     0.3308798E+02
     0.3546992E+02     0.3309306E+02
     0.3547426E+02     0.3309343E+02
     0.3549187E+02     0.3308987E+02
     0.3550879E+02     0.3309524E+02
     0.3551114E+02     0.3309761E+02
     0.3551183E+02     0.3310416E+02
     0.3551247E+02     0.3311026E+02
     0.3551474E+02     0.3311446E+02
     0.3553378E+02     0.3312126E+02
     0.3553878E+02     0.3313128E+02
     0.3554080E+02     0.3315313E+02
     0.3554707E+02     0.3317740E+02
     0.3555347E+02     0.3318678E+02
     0.3555843E+02     0.3319794E+02
     0.3555761E+02     0.3321007E+02
     0.3555622E+02     0.3321532E+02
     0.3555400E+02     0.3322371E+02
     0.3555447E+02     0.3323152E+02
     0.3556301E+02     0.3324784E+02
     0.3556884E+02     0.3325193E+02
     0.3557821E+02     0.3326231E+02
     0.3558780E+02     0.3328004E+02
     0.3559016E+02     0.3328218E+02
     0.3559720E+02     0.3327736E+02
     0.3562085E+02     0.3324898E+02
     0.3562472E+02     0.3324795E+02
     0.3562841E+02     0.3325093E+02
     0.3563676E+02     0.3324432E+02
     0.3564420E+02     0.3324282E+02
     0.3565163E+02     0.3324443E+02
     0.3566476E+02     0.3325034E+02
     0.3567074E+02     0.3325098E+02
     0.3568336E+02     0.3324954E+02
     0.3568908E+02     0.3324673E+02
     0.3569001E+02     0.3324413E+02
     0.3568145E+02     0.3322747E+02
     0.3567653E+02     0.3321184E+02
     0.3567584E+02     0.3319004E+02
     0.3567730E+02     0.3317928E+02
     0.3567765E+02     0.3317668E+02
     0.3568250E+02     0.3315929E+02
     0.3568238E+02     0.3315252E+02
     0.3567868E+02     0.3314037E+02
     0.3566378E+02     0.3310690E+02
     0.3566105E+02     0.3308503E+02
     0.3566073E+02     0.3305904E+02
     0.3565783E+02     0.3306189E+02
     0.3564706E+02     0.3305915E+02
     0.3564236E+02     0.3305453E+02
     0.3563205E+02     0.3303793E+02
     0.3561564E+02     0.3302412E+02
     0.3561598E+02     0.3301944E+02
     0.3562754E+02     0.3300111E+02
     0.3562924E+02     0.3297801E+02
     0.3562753E+02     0.3295823E+02
     0.3562482E+02     0.3292675E+02
     0.3562275E+02     0.3291821E+02
     0.3561697E+02     0.3290736E+02
     0.3561665E+02     0.3290219E+02
     0.3561875E+02     0.3289790E+02
     0.3562333E+02     0.3289576E+02
     0.3563082E+02     0.3289851E+02
     0.3563503E+02     0.3289246E+02
     0.3564380E+02     0.3288448E+02
     0.3565684E+02     0.3286299E+02
     0.3566119E+02     0.3285350E+02
     0.3566392E+02     0.3283754E+02
     0.3566199E+02     0.3282246E+02
     0.3565496E+02     0.3279990E+02
     0.3565401E+02     0.3278077E+02
     0.3565315E+02     0.3276351E+02
     0.3565011E+02     0.3274599E+02
     0.3563890E+02     0.3272616E+02
     0.3561995E+02     0.3270987E+02
     0.3561963E+02     0.3270791E+02
     0.3562687E+02     0.3270355E+02
     0.3564604E+02     0.3269625E+02
     0.3564886E+02     0.3269358E+02
     0.3564941E+02     0.3268730E+02
     0.3562122E+02     0.3267692E+02
     0.3561473E+02     0.3267065E+02
     0.3561657E+02     0.3265656E+02
     0.3560527E+02     0.3265278E+02
     0.3560574E+02     0.3264666E+02
     0.3560331E+02     0.3264426E+02
     0.3559446E+02     0.3264217E+02
     0.3558000E+02     0.3263290E+02
     0.3557867E+02     0.3262263E+02
     0.3558181E+02     0.3261952E+02
     0.3558033E+02     0.3260465E+02
     0.3558263E+02     0.3260005E+02
     0.3558308E+02     0.3259983E+02
     0.3559005E+02     0.3259661E+02
     0.3559164E+02     0.3259243E+02
     0.3559200E+02     0.3259038E+02
     0.3558726E+02     0.3258106E+02
     0.3558659E+02     0.3257164E+02
     0.3559687E+02     0.3255363E+02
     0.3559587E+02     0.3255154E+02
     0.3558585E+02     0.3255168E+02
     0.3558410E+02     0.3254223E+02
     0.3557950E+02     0.3254231E+02
     0.3557367E+02     0.3254556E+02
     0.3557155E+02     0.3254458E+02
     0.3557219E+02     0.3253864E+02
     0.3557894E+02     0.3252942E+02
     0.3557673E+02     0.3252624E+02
     0.3556664E+02     0.3252445E+02
     0.3556130E+02     0.3251807E+02
     0.3556601E+02     0.3251506E+02
     0.3557247E+02     0.3251520E+02
     0.3557886E+02     0.3250285E+02
     0.3558632E+02     0.3250028E+02
     0.3558825E+02     0.3249759E+02
     0.3558702E+02     0.3249248E+02
     0.3558105E+02     0.3248278E+02
     0.3557469E+02     0.3247364E+02
     0.3557383E+02     0.3246857E+02
     0.3557539E+02     0.3246404E+02
     0.3558365E+02     0.3246063E+02
     0.3558569E+02     0.3245726E+02
     0.3558321E+02     0.3245237E+02
     0.3557835E+02     0.3245221E+02
     0.3557495E+02     0.3244958E+02
     0.3557742E+02     0.3243637E+02
     0.3556567E+02     0.3243325E+02
     0.3556856E+02     0.3241065E+02
     0.3556683E+02     0.3240693E+02
     0.3555935E+02     0.3240509E+02
     0.3555834E+02     0.3240345E+02
     0.3556786E+02     0.3238978E+02
     0.3556121E+02     0.3239032E+02
     0.3555973E+02     0.3239043E+02
     0.3553651E+02     0.3239610E+02
     0.3550706E+02     0.3240775E+02
     0.3549448E+02     0.3241101E+02
     0.3547174E+02     0.3241187E+02
     0.3545677E+02     0.3240817E+02
     0.3544426E+02     0.3240982E+02
     0.3543754E+02     0.3241487E+02
     0.3543785E+02     0.3241992E+02
     0.3543073E+02     0.3242770E+02
     0.3543037E+02     0.3242861E+02
     0.3542493E+02     0.3244218E+02
     0.3542617E+02     0.3246215E+02
     0.3542302E+02     0.3248359E+02
     0.3540679E+02     0.3250689E+02
     0.3539061E+02     0.3251712E+02
     0.3538214E+02     0.3251890E+02
     0.3536291E+02     0.3251917E+02
     0.3536039E+02     0.3251878E+02
     0.3531401E+02     0.3251155E+02
     0.3530237E+02     0.3251161E+02
     0.3529443E+02     0.3251340E+02
     0.3527869E+02     0.3251996E+02
     0.3526334E+02     0.3252952E+02
     0.3524553E+02     0.3254517E+02
     0.3523168E+02     0.3255157E+02
     0.3522805E+02     0.3255109E+02
     0.3522199E+02     0.3255031E+02
     0.3521669E+02     0.3254806E+02
     0.3519832E+02     0.3253046E+02
     0.3519483E+02     0.3252438E+02
     0.3518286E+02     0.3251456E+02
     0.3516316E+02     0.3250240E+02
     0.3513825E+02     0.3249165E+02
     0.3510839E+02     0.3248208E+02
     0.3509803E+02     0.3247875E+02
     0.3509043E+02     0.3247389E+02
     0.3508116E+02     0.3245912E+02
     0.3507673E+02     0.3244521E+02
     0.3507206E+02     0.3241959E+02
     0.3506336E+02     0.3239911E+02
     0.3505924E+02     0.3237375E+02
     0.3505581E+02     0.3237093E+02
     0.3505223E+02     0.3236799E+02
     0.3502626E+02     0.3235810E+02
     0.3501959E+02     0.3235098E+02
     0.3500900E+02     0.3233402E+02
     0.3500788E+02     0.3230708E+02
     0.3501258E+02     0.3227846E+02
     0.3500926E+02     0.3227103E+02
     0.3500082E+02     0.3226590E+02
     0.3500000E+02     0.3226490E+02
     0.3498707E+02     0.3224900E+02
     0.3498061E+02     0.3223660E+02
     0.3496898E+02     0.3221424E+02
     0.3496727E+02     0.3220258E+02
     0.3496772E+02     0.3219097E+02
     0.3498135E+02     0.3217361E+02
     0.3498676E+02     0.3216398E+02
     0.3499433E+02     0.3213545E+02
     0.3499554E+02     0.3212264E+02
     0.3499424E+02     0.3211833E+02
     0.3499236E+02     0.3211216E+02
     0.3498423E+02     0.3209909E+02
     0.3498310E+02     0.3209110E+02
     0.3498624E+02     0.3208447E+02
     0.3499666E+02     0.3207497E+02
     0.3500000E+02     0.3206956E+02
     0.3500816E+02     0.3205634E+02
     0.3501147E+02     0.3204481E+02
     0.3500916E+02     0.3203007E+02
     0.3500112E+02     0.3201517E+02
     0.3500138E+02     0.3200845E+02
     0.3500329E+02     0.3200306E+02
     0.3500000E+02     0.3200079E+02
     0.3499886E+02     0.3200000E+02
END
END
