jamaica
1
    -0.7719711E+02     0.1816609E+02
    -0.7728433E+02     0.1777599E+02
    -0.7729932E+02     0.1778810E+02
    -0.7731808E+02     0.1780715E+02
    -0.7732684E+02     0.1781874E+02
    -0.7736121E+02     0.1783817E+02
    -0.7737270E+02     0.1784035E+02
    -0.7737555E+02     0.1784383E+02
    -0.7740587E+02     0.1786091E+02
    -0.7741066E+02     0.1786211E+02
    -0.7743036E+02     0.1786161E+02
    -0.7746620E+02     0.1785598E+02
    -0.7747778E+02     0.1785057E+02
    -0.7749054E+02     0.1784748E+02
    -0.7749852E+02     0.1784180E+02
    -0.7750958E+02     0.1783961E+02
    -0.7751316E+02     0.1784217E+02
    -0.7751989E+02     0.1784154E+02
    -0.7752369E+02     0.1784617E+02
    -0.7755212E+02     0.1786161E+02
    -0.7757009E+02     0.1786591E+02
    -0.7758598E+02     0.1786389E+02
    -0.7760234E+02     0.1785837E+02
    -0.7760976E+02     0.1786166E+02
    -0.7761553E+02     0.1786056E+02
    -0.7762007E+02     0.1786267E+02
    -0.7762705E+02     0.1786066E+02
    -0.7763785E+02     0.1786190E+02
    -0.7765854E+02     0.1785771E+02
    -0.7769765E+02     0.1786171E+02
    -0.7770584E+02     0.1785856E+02
    -0.7771396E+02     0.1785834E+02
    -0.7771906E+02     0.1785820E+02
    -0.7772917E+02     0.1785415E+02
    -0.7773591E+02     0.1785328E+02
    -0.7774070E+02     0.1785424E+02
    -0.7773923E+02     0.1785768E+02
    -0.7773991E+02     0.1786228E+02
    -0.7775045E+02     0.1786581E+02
    -0.7776141E+02     0.1787578E+02
    -0.7776545E+02     0.1788225E+02
    -0.7777074E+02     0.1788206E+02
    -0.7777573E+02     0.1788762E+02
    -0.7778866E+02     0.1789370E+02
    -0.7779197E+02     0.1789970E+02
    -0.7779745E+02     0.1790457E+02
    -0.7779839E+02     0.1790757E+02
    -0.7779714E+02     0.1791422E+02
    -0.7779877E+02     0.1792044E+02
    -0.7780032E+02     0.1792225E+02
    -0.7780592E+02     0.1792878E+02
    -0.7781670E+02     0.1793231E+02
    -0.7782314E+02     0.1793833E+02
    -0.7783729E+02     0.1794188E+02
    -0.7783604E+02     0.1794716E+02
    -0.7783941E+02     0.1797892E+02
    -0.7783431E+02     0.1798532E+02
    -0.7783138E+02     0.1799219E+02
    -0.7783155E+02     0.1800024E+02
    -0.7783391E+02     0.1800670E+02
    -0.7783962E+02     0.1801318E+02
    -0.7784880E+02     0.1802072E+02
    -0.7786549E+02     0.1802532E+02
    -0.7787242E+02     0.1803112E+02
    -0.7787746E+02     0.1803322E+02
    -0.7788133E+02     0.1802911E+02
    -0.7788470E+02     0.1802891E+02
    -0.7788972E+02     0.1803354E+02
    -0.7789259E+02     0.1803425E+02
    -0.7790463E+02     0.1803250E+02
    -0.7790876E+02     0.1802609E+02
    -0.7793013E+02     0.1802969E+02
    -0.7793948E+02     0.1803366E+02
    -0.7794638E+02     0.1804382E+02
    -0.7794636E+02     0.1804658E+02
    -0.7795065E+02     0.1805167E+02
    -0.7795182E+02     0.1805792E+02
    -0.7795297E+02     0.1806410E+02
    -0.7796374E+02     0.1807199E+02
    -0.7796963E+02     0.1808973E+02
    -0.7798611E+02     0.1810616E+02
    -0.7799045E+02     0.1810550E+02
    -0.7799404E+02     0.1810783E+02
    -0.7800196E+02     0.1810949E+02
    -0.7800219E+02     0.1811225E+02
    -0.7800481E+02     0.1811571E+02
    -0.7801521E+02     0.1811925E+02
    -0.7802137E+02     0.1812134E+02
    -0.7802519E+02     0.1812573E+02
    -0.7802563E+02     0.1813102E+02
    -0.7802296E+02     0.1813468E+02
    -0.7802390E+02     0.1813883E+02
    -0.7803201E+02     0.1814946E+02
    -0.7802885E+02     0.1815495E+02
    -0.7802929E+02     0.1816163E+02
    -0.7803259E+02     0.1817245E+02
    -0.7804375E+02     0.1819644E+02
    -0.7805331E+02     0.1820523E+02
    -0.7806459E+02     0.1821036E+02
    -0.7807735E+02     0.1821090E+02
    -0.7808385E+02     0.1821048E+02
    -0.7808677E+02     0.1820475E+02
    -0.7808966E+02     0.1820453E+02
    -0.7809083E+02     0.1821006E+02
    -0.7809466E+02     0.1821353E+02
    -0.7810862E+02     0.1821338E+02
    -0.7813561E+02     0.1820641E+02
    -0.7814185E+02     0.1821035E+02
    -0.7815125E+02     0.1820788E+02
    -0.7815485E+02     0.1820905E+02
    -0.7815772E+02     0.1821251E+02
    -0.7815771E+02     0.1821481E+02
    -0.7816734E+02     0.1821510E+02
    -0.7818010E+02     0.1821264E+02
    -0.7820709E+02     0.1820588E+02
    -0.7821072E+02     0.1820291E+02
    -0.7822446E+02     0.1819746E+02
    -0.7823604E+02     0.1819338E+02
    -0.7824156E+02     0.1819617E+02
    -0.7824730E+02     0.1820264E+02
    -0.7825355E+02     0.1820474E+02
    -0.7825570E+02     0.1820705E+02
    -0.7826214E+02     0.1821996E+02
    -0.7826719E+02     0.1821998E+02
    -0.7827344E+02     0.1822208E+02
    -0.7828474E+02     0.1822189E+02
    -0.7830424E+02     0.1822154E+02
    -0.7831025E+02     0.1822456E+02
    -0.7832708E+02     0.1822901E+02
    -0.7834653E+02     0.1823829E+02
    -0.7836140E+02     0.1825169E+02
    -0.7836664E+02     0.1826574E+02
    -0.7836469E+02     0.1827148E+02
    -0.7836008E+02     0.1827790E+02
    -0.7835501E+02     0.1828179E+02
    -0.7834527E+02     0.1828313E+02
    -0.7834368E+02     0.1828335E+02
    -0.7833665E+02     0.1829458E+02
    -0.7833505E+02     0.1832838E+02
    -0.7833958E+02     0.1833806E+02
    -0.7833472E+02     0.1834953E+02
    -0.7834311E+02     0.1835716E+02
    -0.7834261E+02     0.1835991E+02
    -0.7833559E+02     0.1836839E+02
    -0.7832859E+02     0.1837250E+02
    -0.7832088E+02     0.1837039E+02
    -0.7831755E+02     0.1836348E+02
    -0.7831466E+02     0.1836301E+02
    -0.7831032E+02     0.1836460E+02
    -0.7830858E+02     0.1837517E+02
    -0.7830230E+02     0.1837905E+02
    -0.7829354E+02     0.1839556E+02
    -0.7828848E+02     0.1839738E+02
    -0.7827860E+02     0.1839664E+02
    -0.7827377E+02     0.1839869E+02
    -0.7826946E+02     0.1839268E+02
    -0.7826775E+02     0.1839865E+02
    -0.7826916E+02     0.1840625E+02
    -0.7826648E+02     0.1841176E+02
    -0.7826165E+02     0.1841357E+02
    -0.7825874E+02     0.1841655E+02
    -0.7824934E+02     0.1841581E+02
    -0.7824713E+02     0.1842454E+02
    -0.7824158E+02     0.1842658E+02
    -0.7823964E+02     0.1842887E+02
    -0.7824083E+02     0.1843209E+02
    -0.7823864E+02     0.1843568E+02
    -0.7823718E+02     0.1843806E+02
    -0.7823210E+02     0.1844263E+02
    -0.7822728E+02     0.1844260E+02
    -0.7822533E+02     0.1844512E+02
    -0.7822099E+02     0.1844671E+02
    -0.7822024E+02     0.1845177E+02
    -0.7821347E+02     0.1845564E+02
    -0.7821104E+02     0.1846000E+02
    -0.7820381E+02     0.1845835E+02
    -0.7820116E+02     0.1845926E+02
    -0.7819731E+02     0.1845671E+02
    -0.7819346E+02     0.1845646E+02
    -0.7819080E+02     0.1845874E+02
    -0.7817996E+02     0.1845569E+02
    -0.7817272E+02     0.1845772E+02
    -0.7816696E+02     0.1845401E+02
    -0.7816602E+02     0.1844987E+02
    -0.7816702E+02     0.1844458E+02
    -0.7816390E+02     0.1844066E+02
    -0.7815450E+02     0.1844129E+02
    -0.7815327E+02     0.1844589E+02
    -0.7815517E+02     0.1845096E+02
    -0.7815321E+02     0.1845601E+02
    -0.7814980E+02     0.1846082E+02
    -0.7814207E+02     0.1846330E+02
    -0.7812279E+02     0.1846411E+02
    -0.7811560E+02     0.1845694E+02
    -0.7811102E+02     0.1845622E+02
    -0.7810863E+02     0.1845230E+02
    -0.7810939E+02     0.1844725E+02
    -0.7810506E+02     0.1844676E+02
    -0.7810284E+02     0.1845342E+02
    -0.7810068E+02     0.1845387E+02
    -0.7809540E+02     0.1844923E+02
    -0.7809299E+02     0.1844899E+02
    -0.7808864E+02     0.1845173E+02
    -0.7807755E+02     0.1845166E+02
    -0.7807320E+02     0.1845301E+02
    -0.7806943E+02     0.1845260E+02
    -0.7806646E+02     0.1845228E+02
    -0.7806138E+02     0.1845455E+02
    -0.7805079E+02     0.1845218E+02
    -0.7804356E+02     0.1845237E+02
    -0.7804017E+02     0.1845488E+02
    -0.7801630E+02     0.1845657E+02
    -0.7800734E+02     0.1846157E+02
    -0.7799651E+02     0.1845920E+02
    -0.7799245E+02     0.1845251E+02
    -0.7798766E+02     0.1845018E+02
    -0.7797460E+02     0.1845515E+02
    -0.7795465E+02     0.1844674E+02
    -0.7794139E+02     0.1844780E+02
    -0.7793925E+02     0.1844387E+02
    -0.7793320E+02     0.1844636E+02
    -0.7793340E+02     0.1845326E+02
    -0.7793697E+02     0.1845904E+02
    -0.7793743E+02     0.1846272E+02
    -0.7793498E+02     0.1846776E+02
    -0.7793014E+02     0.1847072E+02
    -0.7792889E+02     0.1847600E+02
    -0.7793195E+02     0.1848706E+02
    -0.7792964E+02     0.1849164E+02
    -0.7792535E+02     0.1850012E+02
    -0.7792098E+02     0.1850446E+02
    -0.7791252E+02     0.1850716E+02
    -0.7790307E+02     0.1851400E+02
    -0.7789390E+02     0.1851531E+02
    -0.7788277E+02     0.1851937E+02
    -0.7787962E+02     0.1852188E+02
    -0.7786056E+02     0.1852289E+02
    -0.7784992E+02     0.1852649E+02
    -0.7782170E+02     0.1852698E+02
    -0.7781014E+02     0.1852505E+02
    -0.7780484E+02     0.1852547E+02
    -0.7777452E+02     0.1851719E+02
    -0.7775140E+02     0.1851310E+02
    -0.7771768E+02     0.1850892E+02
    -0.7771263E+02     0.1850727E+02
    -0.7770927E+02     0.1850471E+02
    -0.7770690E+02     0.1850033E+02
    -0.7770185E+02     0.1849845E+02
    -0.7769660E+02     0.1849242E+02
    -0.7769347E+02     0.1849171E+02
    -0.7769106E+02     0.1849169E+02
    -0.7768507E+02     0.1848819E+02
    -0.7767855E+02     0.1848860E+02
    -0.7767538E+02     0.1849225E+02
    -0.7767754E+02     0.1849411E+02
    -0.7768645E+02     0.1849533E+02
    -0.7767920E+02     0.1849757E+02
    -0.7766306E+02     0.1849628E+02
    -0.7765652E+02     0.1849899E+02
    -0.7765098E+02     0.1849848E+02
    -0.7764834E+02     0.1849685E+02
    -0.7764528E+02     0.1848845E+02
    -0.7763616E+02     0.1848364E+02
    -0.7762868E+02     0.1848404E+02
    -0.7762408E+02     0.1848745E+02
    -0.7762454E+02     0.1848929E+02
    -0.7763175E+02     0.1849188E+02
    -0.7763317E+02     0.1849465E+02
    -0.7762448E+02     0.1849573E+02
    -0.7761800E+02     0.1849314E+02
    -0.7760625E+02     0.1848545E+02
    -0.7759951E+02     0.1848470E+02
    -0.7759368E+02     0.1848925E+02
    -0.7758549E+02     0.1848872E+02
    -0.7756908E+02     0.1849042E+02
    -0.7756185E+02     0.1848943E+02
    -0.7754507E+02     0.1849080E+02
    -0.7753652E+02     0.1849150E+02
    -0.7753030E+02     0.1848570E+02
    -0.7751684E+02     0.1848235E+02
    -0.7751007E+02     0.1848413E+02
    -0.7750404E+02     0.1848384E+02
    -0.7749011E+02     0.1847843E+02
    -0.7746911E+02     0.1848145E+02
    -0.7746309E+02     0.1848070E+02
    -0.7745901E+02     0.1847905E+02
    -0.7745213E+02     0.1846864E+02
    -0.7744899E+02     0.1846815E+02
    -0.7744608E+02     0.1846973E+02
    -0.7744435E+02     0.1847431E+02
    -0.7744044E+02     0.1847888E+02
    -0.7743539E+02     0.1847883E+02
    -0.7743033E+02     0.1847621E+02
    -0.7742316E+02     0.1847250E+02
    -0.7741306E+02     0.1846987E+02
    -0.7741167E+02     0.1846411E+02
    -0.7740569E+02     0.1846014E+02
    -0.7739748E+02     0.1846052E+02
    -0.7739601E+02     0.1846280E+02
    -0.7739910E+02     0.1846720E+02
    -0.7739716E+02     0.1846811E+02
    -0.7738272E+02     0.1846612E+02
    -0.7737836E+02     0.1846884E+02
    -0.7737570E+02     0.1846881E+02
    -0.7735555E+02     0.1845941E+02
    -0.7734976E+02     0.1845958E+02
    -0.7734563E+02     0.1846253E+02
    -0.7731982E+02     0.1846410E+02
    -0.7731716E+02     0.1846523E+02
    -0.7731276E+02     0.1847093E+02
    -0.7730938E+02     0.1847159E+02
    -0.7730242E+02     0.1846806E+02
    -0.7729691E+02     0.1846784E+02
    -0.7727953E+02     0.1846713E+02
    -0.7725406E+02     0.1845996E+02
    -0.7724876E+02     0.1846037E+02
    -0.7724565E+02     0.1845780E+02
    -0.7723865E+02     0.1845865E+02
    -0.7721918E+02     0.1845361E+02
    -0.7722045E+02     0.1844810E+02
    -0.7721711E+02     0.1844485E+02
    -0.7720483E+02     0.1844402E+02
    -0.7719910E+02     0.1843982E+02
    -0.7718754E+02     0.1843854E+02
    -0.7718292E+02     0.1844194E+02
    -0.7717937E+02     0.1843974E+02
    -0.7717838E+02     0.1843913E+02
    -0.7717113E+02     0.1843997E+02
    -0.7716730E+02     0.1843809E+02
    -0.7715731E+02     0.1842648E+02
    -0.7713597E+02     0.1841727E+02
    -0.7712514E+02     0.1841576E+02
    -0.7712086E+02     0.1841112E+02
    -0.7711486E+02     0.1840967E+02
    -0.7710863E+02     0.1840615E+02
    -0.7710382E+02     0.1840563E+02
    -0.7709364E+02     0.1841057E+02
    -0.7707944E+02     0.1840972E+02
    -0.7707603E+02     0.1841244E+02
    -0.7707120E+02     0.1841330E+02
    -0.7706850E+02     0.1841649E+02
    -0.7706297E+02     0.1841619E+02
    -0.7705379E+02     0.1841769E+02
    -0.7705183E+02     0.1842020E+02
    -0.7704482E+02     0.1842219E+02
    -0.7703955E+02     0.1841959E+02
    -0.7701933E+02     0.1841751E+02
    -0.7701534E+02     0.1840873E+02
    -0.7701320E+02     0.1840686E+02
    -0.7701006E+02     0.1840705E+02
    -0.7700401E+02     0.1840997E+02
    -0.7699942E+02     0.1841037E+02
    -0.7697927E+02     0.1840323E+02
    -0.7696671E+02     0.1840583E+02
    -0.7695308E+02     0.1839762E+02
    -0.7694849E+02     0.1839802E+02
    -0.7694208E+02     0.1840944E+02
    -0.7693576E+02     0.1841304E+02
    -0.7692010E+02     0.1841307E+02
    -0.7690784E+02     0.1841016E+02
    -0.7689505E+02     0.1841160E+02
    -0.7689194E+02     0.1841041E+02
    -0.7688717E+02     0.1840644E+02
    -0.7688603E+02     0.1840137E+02
    -0.7689199E+02     0.1838880E+02
    -0.7689257E+02     0.1838144E+02
    -0.7688904E+02     0.1837565E+02
    -0.7688791E+02     0.1837012E+02
    -0.7688216E+02     0.1836751E+02
    -0.7687082E+02     0.1836875E+02
    -0.7686962E+02     0.1836679E+02
    -0.7686799E+02     0.1836411E+02
    -0.7685840E+02     0.1836077E+02
    -0.7685297E+02     0.1835334E+02
    -0.7684271E+02     0.1834562E+02
    -0.7683862E+02     0.1834487E+02
    -0.7682455E+02     0.1833503E+02
    -0.7681904E+02     0.1833289E+02
    -0.7680462E+02     0.1833063E+02
    -0.7680137E+02     0.1832231E+02
    -0.7680705E+02     0.1831203E+02
    -0.7680566E+02     0.1830856E+02
    -0.7679755E+02     0.1830225E+02
    -0.7679214E+02     0.1829298E+02
    -0.7679042E+02     0.1828618E+02
    -0.7679009E+02     0.1828490E+02
    -0.7678251E+02     0.1827652E+02
    -0.7677825E+02     0.1827140E+02
    -0.7676161E+02     0.1827279E+02
    -0.7675365E+02     0.1827406E+02
    -0.7674397E+02     0.1827784E+02
    -0.7674060E+02     0.1827756E+02
    -0.7673132E+02     0.1826985E+02
    -0.7672632E+02     0.1826587E+02
    -0.7671214E+02     0.1826452E+02
    -0.7670462E+02     0.1826810E+02
    -0.7667918E+02     0.1826223E+02
    -0.7667536E+02     0.1826033E+02
    -0.7666469E+02     0.1824961E+02
    -0.7665574E+02     0.1823614E+02
    -0.7664926E+02     0.1823444E+02
    -0.7664095E+02     0.1822696E+02
    -0.7662292E+02     0.1822510E+02
    -0.7660870E+02     0.1822650E+02
    -0.7659442E+02     0.1823159E+02
    -0.7658893E+02     0.1822875E+02
    -0.7658134E+02     0.1822174E+02
    -0.7656695E+02     0.1820267E+02
    -0.7654585E+02     0.1819776E+02
    -0.7653735E+02     0.1820270E+02
    -0.7653421E+02     0.1820288E+02
    -0.7652113E+02     0.1819349E+02
    -0.7651630E+02     0.1819433E+02
    -0.7650826E+02     0.1820042E+02
    -0.7650201E+02     0.1820010E+02
    -0.7649905E+02     0.1820420E+02
    -0.7649517E+02     0.1820621E+02
    -0.7647930E+02     0.1820505E+02
    -0.7647407E+02     0.1820129E+02
    -0.7647084E+02     0.1819227E+02
    -0.7646680E+02     0.1818922E+02
    -0.7646400E+02     0.1818389E+02
    -0.7645782E+02     0.1817920E+02
    -0.7645229E+02     0.1817842E+02
    -0.7644673E+02     0.1818040E+02
    -0.7644056E+02     0.1817525E+02
    -0.7643858E+02     0.1817798E+02
    -0.7643801E+02     0.1818395E+02
    -0.7643631E+02     0.1818484E+02
    -0.7641740E+02     0.1817857E+02
    -0.7641702E+02     0.1817282E+02
    -0.7640443E+02     0.1817722E+02
    -0.7640284E+02     0.1817145E+02
    -0.7639414E+02     0.1817338E+02
    -0.7639146E+02     0.1817564E+02
    -0.7638906E+02     0.1817514E+02
    -0.7638794E+02     0.1817006E+02
    -0.7638291E+02     0.1816884E+02
    -0.7638192E+02     0.1817066E+02
    -0.7637495E+02     0.1817032E+02
    -0.7637187E+02     0.1816705E+02
    -0.7636442E+02     0.1816671E+02
    -0.7635824E+02     0.1816224E+02
    -0.7635427E+02     0.1815482E+02
    -0.7635068E+02     0.1815407E+02
    -0.7634810E+02     0.1814966E+02
    -0.7634330E+02     0.1814890E+02
    -0.7633581E+02     0.1815108E+02
    -0.7633319E+02     0.1814942E+02
    -0.7633136E+02     0.1814388E+02
    -0.7633492E+02     0.1813266E+02
    -0.7632970E+02     0.1812844E+02
    -0.7632547E+02     0.1812239E+02
    -0.7631849E+02     0.1812274E+02
    -0.7631660E+02     0.1812018E+02
    -0.7631865E+02     0.1811309E+02
    -0.7631821E+02     0.1811170E+02
    -0.7631545E+02     0.1810315E+02
    -0.7630668E+02     0.1809588E+02
    -0.7628456E+02     0.1806746E+02
    -0.7628159E+02     0.1805891E+02
    -0.7628238E+02     0.1805455E+02
    -0.7627688E+02     0.1805308E+02
    -0.7627718E+02     0.1804918E+02
    -0.7627054E+02     0.1804424E+02
    -0.7627213E+02     0.1803622E+02
    -0.7627744E+02     0.1803470E+02
    -0.7627893E+02     0.1803173E+02
    -0.7627803E+02     0.1802850E+02
    -0.7627564E+02     0.1802754E+02
    -0.7627081E+02     0.1802884E+02
    -0.7626983E+02     0.1801618E+02
    -0.7626939E+02     0.1801318E+02
    -0.7626038E+02     0.1800659E+02
    -0.7625552E+02     0.1799594E+02
    -0.7624886E+02     0.1799215E+02
    -0.7624492E+02     0.1798357E+02
    -0.7623879E+02     0.1797635E+02
    -0.7623260E+02     0.1797302E+02
    -0.7623169E+02     0.1797048E+02
    -0.7623565E+02     0.1796388E+02
    -0.7623543E+02     0.1795968E+02
    -0.7623543E+02     0.1795968E+02
    -0.7623511E+02     0.1795375E+02
    -0.7623901E+02     0.1795013E+02
    -0.7623882E+02     0.1794760E+02
    -0.7623005E+02     0.1794079E+02
    -0.7622392E+02     0.1793402E+02
    -0.7621072E+02     0.1793357E+02
    -0.7620570E+02     0.1793165E+02
    -0.7619991E+02     0.1793316E+02
    -0.7619470E+02     0.1792870E+02
    -0.7618914E+02     0.1791734E+02
    -0.7618291E+02     0.1791632E+02
    -0.7618032E+02     0.1791328E+02
    -0.7618114E+02     0.1790755E+02
    -0.7618935E+02     0.1790562E+02
    -0.7618945E+02     0.1789987E+02
    -0.7619093E+02     0.1789806E+02
    -0.7619526E+02     0.1789767E+02
    -0.7620524E+02     0.1790382E+02
    -0.7621150E+02     0.1790254E+02
    -0.7622454E+02     0.1789908E+02
    -0.7623023E+02     0.1789298E+02
    -0.7623384E+02     0.1788912E+02
    -0.7625190E+02     0.1788688E+02
    -0.7626141E+02     0.1787876E+02
    -0.7626479E+02     0.1787790E+02
    -0.7627053E+02     0.1787914E+02
    -0.7627479E+02     0.1788312E+02
    -0.7628229E+02     0.1787980E+02
    -0.7628590E+02     0.1787985E+02
    -0.7629079E+02     0.1787465E+02
    -0.7629729E+02     0.1787383E+02
    -0.7630074E+02     0.1786883E+02
    -0.7630074E+02     0.1786883E+02
    -0.7631035E+02     0.1786852E+02
    -0.7631519E+02     0.1786653E+02
    -0.7631926E+02     0.1786706E+02
    -0.7632039E+02     0.1787144E+02
    -0.7631834E+02     0.1787831E+02
    -0.7631291E+02     0.1788719E+02
    -0.7631383E+02     0.1788973E+02
    -0.7631720E+02     0.1788933E+02
    -0.7632545E+02     0.1788394E+02
    -0.7633439E+02     0.1788132E+02
    -0.7633684E+02     0.1787838E+02
    -0.7633273E+02     0.1786635E+02
    -0.7633468E+02     0.1786432E+02
    -0.7633926E+02     0.1786324E+02
    -0.7634154E+02     0.1785661E+02
    -0.7634802E+02     0.1785648E+02
    -0.7634804E+02     0.1785556E+02
    -0.7635016E+02     0.1785766E+02
    -0.7635082E+02     0.1786135E+02
    -0.7636857E+02     0.1786503E+02
    -0.7637266E+02     0.1786555E+02
    -0.7637969E+02     0.1787069E+02
    -0.7639790E+02     0.1787680E+02
    -0.7640706E+02     0.1787645E+02
    -0.7641491E+02     0.1787349E+02
    -0.7642105E+02     0.1787418E+02
    -0.7642171E+02     0.1787350E+02
    -0.7643235E+02     0.1786907E+02
    -0.7643530E+02     0.1786924E+02
    -0.7644795E+02     0.1787000E+02
    -0.7648066E+02     0.1786728E+02
    -0.7649465E+02     0.1786335E+02
    -0.7649837E+02     0.1785651E+02
    -0.7651218E+02     0.1784821E+02
    -0.7652014E+02     0.1784626E+02
    -0.7653310E+02     0.1784645E+02
    -0.7654195E+02     0.1784888E+02
    -0.7654288E+02     0.1785097E+02
    -0.7654189E+02     0.1785348E+02
    -0.7653592E+02     0.1785086E+02
    -0.7653046E+02     0.1785057E+02
    -0.7651840E+02     0.1784991E+02
    -0.7650971E+02     0.1785277E+02
    -0.7650169E+02     0.1785863E+02
    -0.7650094E+02     0.1786069E+02
    -0.7651585E+02     0.1785907E+02
    -0.7652617E+02     0.1785991E+02
    -0.7654241E+02     0.1786544E+02
    -0.7655283E+02     0.1786664E+02
    -0.7655471E+02     0.1786569E+02
    -0.7655406E+02     0.1786390E+02
    -0.7654464E+02     0.1786157E+02
    -0.7654276E+02     0.1785924E+02
    -0.7654373E+02     0.1785788E+02
    -0.7656882E+02     0.1786652E+02
    -0.7659357E+02     0.1786527E+02
    -0.7660149E+02     0.1786631E+02
    -0.7660532E+02     0.1786728E+02
    -0.7661077E+02     0.1787173E+02
    -0.7661487E+02     0.1788309E+02
    -0.7661561E+02     0.1788514E+02
    -0.7662447E+02     0.1790251E+02
    -0.7662535E+02     0.1790781E+02
    -0.7662893E+02     0.1790970E+02
    -0.7663020E+02     0.1790512E+02
    -0.7663660E+02     0.1791096E+02
    -0.7664458E+02     0.1792326E+02
    -0.7665081E+02     0.1792450E+02
    -0.7665509E+02     0.1792709E+02
    -0.7665789E+02     0.1793264E+02
    -0.7666505E+02     0.1793596E+02
    -0.7668378E+02     0.1793692E+02
    -0.7669859E+02     0.1794264E+02
    -0.7670888E+02     0.1794443E+02
    -0.7671010E+02     0.1794464E+02
    -0.7672967E+02     0.1793709E+02
    -0.7675416E+02     0.1793880E+02
    -0.7676360E+02     0.1793341E+02
    -0.7677068E+02     0.1792615E+02
    -0.7677525E+02     0.1792507E+02
    -0.7681212E+02     0.1793452E+02
    -0.7683305E+02     0.1793359E+02
    -0.7684001E+02     0.1793328E+02
    -0.7684119E+02     0.1793537E+02
    -0.7683753E+02     0.1793877E+02
    -0.7682687E+02     0.1794530E+02
    -0.7682023E+02     0.1793900E+02
    -0.7680772E+02     0.1793953E+02
    -0.7679241E+02     0.1793518E+02
    -0.7678670E+02     0.1793166E+02
    -0.7678213E+02     0.1793159E+02
    -0.7677844E+02     0.1793729E+02
    -0.7677531E+02     0.1793794E+02
    -0.7677716E+02     0.1794303E+02
    -0.7675939E+02     0.1794233E+02
    -0.7674998E+02     0.1794450E+02
    -0.7674110E+02     0.1794438E+02
    -0.7673773E+02     0.1794336E+02
    -0.7673392E+02     0.1794221E+02
    -0.7672766E+02     0.1794304E+02
    -0.7672161E+02     0.1794618E+02
    -0.7672012E+02     0.1794892E+02
    -0.7672462E+02     0.1795427E+02
    -0.7673817E+02     0.1796365E+02
    -0.7674487E+02     0.1796604E+02
    -0.7675714E+02     0.1796529E+02
    -0.7676054E+02     0.1796304E+02
    -0.7676533E+02     0.1796402E+02
    -0.7677163E+02     0.1796042E+02
    -0.7679228E+02     0.1796139E+02
    -0.7681018E+02     0.1797014E+02
    -0.7681881E+02     0.1797699E+02
    -0.7682373E+02     0.1798089E+02
    -0.7682745E+02     0.1799014E+02
    -0.7683531E+02     0.1799507E+02
    -0.7684061E+02     0.1799445E+02
    -0.7684934E+02     0.1798836E+02
    -0.7685546E+02     0.1798016E+02
    -0.7685869E+02     0.1797284E+02
    -0.7685660E+02     0.1796753E+02
    -0.7685904E+02     0.1796503E+02
    -0.7686455E+02     0.1796602E+02
    -0.7686830E+02     0.1795549E+02
    -0.7686736E+02     0.1795410E+02
    -0.7686179E+02     0.1795679E+02
    -0.7685377E+02     0.1796404E+02
    -0.7684654E+02     0.1796464E+02
    -0.7684489E+02     0.1796255E+02
    -0.7685817E+02     0.1795536E+02
    -0.7686431E+02     0.1794854E+02
    -0.7686514E+02     0.1794051E+02
    -0.7687057E+02     0.1793046E+02
    -0.7687275E+02     0.1792888E+02
    -0.7687426E+02     0.1792384E+02
    -0.7687267E+02     0.1791715E+02
    -0.7687368E+02     0.1791580E+02
    -0.7687749E+02     0.1791607E+02
    -0.7688416E+02     0.1792006E+02
    -0.7688681E+02     0.1791986E+02
    -0.7689023E+02     0.1791577E+02
    -0.7689432E+02     0.1791536E+02
    -0.7689676E+02     0.1791217E+02
    -0.7689056E+02     0.1790934E+02
    -0.7688652E+02     0.1790537E+02
    -0.7688287E+02     0.1790594E+02
    -0.7687886E+02     0.1790909E+02
    -0.7688320E+02     0.1790390E+02
    -0.7688730E+02     0.1790148E+02
    -0.7688908E+02     0.1789368E+02
    -0.7689126E+02     0.1789279E+02
    -0.7689326E+02     0.1788684E+02
    -0.7689668E+02     0.1788228E+02
    -0.7689693E+02     0.1788152E+02
    -0.7689994E+02     0.1787244E+02
    -0.7690871E+02     0.1786266E+02
    -0.7691281E+02     0.1786180E+02
    -0.7691580E+02     0.1785356E+02
    -0.7692287E+02     0.1784606E+02
    -0.7693950E+02     0.1784144E+02
    -0.7695038E+02     0.1783583E+02
    -0.7695637E+02     0.1783705E+02
    -0.7695799E+02     0.1784121E+02
    -0.7696136E+02     0.1784056E+02
    -0.7696518E+02     0.1784245E+02
    -0.7696655E+02     0.1784821E+02
    -0.7696917E+02     0.1784963E+02
    -0.7697518E+02     0.1784924E+02
    -0.7698026E+02     0.1784631E+02
    -0.7698201E+02     0.1784082E+02
    -0.7698582E+02     0.1784385E+02
    -0.7698992E+02     0.1784205E+02
    -0.7699548E+02     0.1783960E+02
    -0.7700401E+02     0.1784821E+02
    -0.7701165E+02     0.1785130E+02
    -0.7702271E+02     0.1785120E+02
    -0.7702850E+02     0.1784828E+02
    -0.7703363E+02     0.1784144E+02
    -0.7703602E+02     0.1784285E+02
    -0.7703857E+02     0.1784955E+02
    -0.7703851E+02     0.1785507E+02
    -0.7703630E+02     0.1785826E+02
    -0.7703770E+02     0.1786196E+02
    -0.7703384E+02     0.1786260E+02
    -0.7703141E+02     0.1786510E+02
    -0.7702763E+02     0.1786069E+02
    -0.7702544E+02     0.1786227E+02
    -0.7702635E+02     0.1786642E+02
    -0.7702389E+02     0.1787099E+02
    -0.7702888E+02     0.1787564E+02
    -0.7703141E+02     0.1788395E+02
    -0.7704018E+02     0.1789279E+02
    -0.7704541E+02     0.1789791E+02
    -0.7705116E+02     0.1789913E+02
    -0.7705950E+02     0.1790452E+02
    -0.7705950E+02     0.1790452E+02
    -0.7706632E+02     0.1789655E+02
    -0.7706920E+02     0.1789705E+02
    -0.7707133E+02     0.1790006E+02
    -0.7707101E+02     0.1790581E+02
    -0.7707314E+02     0.1790859E+02
    -0.7707603E+02     0.1790793E+02
    -0.7707873E+02     0.1790337E+02
    -0.7708285E+02     0.1790042E+02
    -0.7708315E+02     0.1789606E+02
    -0.7708891E+02     0.1789636E+02
    -0.7708979E+02     0.1790235E+02
    -0.7709920E+02     0.1789947E+02
    -0.7710742E+02     0.1789473E+02
    -0.7711437E+02     0.1789619E+02
    -0.7711992E+02     0.1789442E+02
    -0.7713544E+02     0.1788241E+02
    -0.7714711E+02     0.1786990E+02
    -0.7714818E+02     0.1786541E+02
    -0.7715141E+02     0.1785178E+02
    -0.7716074E+02     0.1783419E+02
    -0.7715984E+02     0.1783004E+02
    -0.7715347E+02     0.1782031E+02
    -0.7714080E+02     0.1781580E+02
    -0.7714035E+02     0.1781326E+02
    -0.7714304E+02     0.1780939E+02
    -0.7714494E+02     0.1781056E+02
    -0.7714491E+02     0.1781285E+02
    -0.7715690E+02     0.1781460E+02
    -0.7716310E+02     0.1781789E+02
    -0.7717233E+02     0.1780903E+02
    -0.7717432E+02     0.1780284E+02
    -0.7718322E+02     0.1780133E+02
    -0.7718637E+02     0.1779907E+02
    -0.7718695E+02     0.1779659E+02
    -0.7718713E+02     0.1779586E+02
    -0.7718597E+02     0.1779263E+02
    -0.7718093E+02     0.1779234E+02
    -0.7717801E+02     0.1779576E+02
    -0.7717440E+02     0.1779618E+02
    -0.7717160E+02     0.1778948E+02
    -0.7717531E+02     0.1778009E+02
    -0.7717587E+02     0.1777320E+02
    -0.7718258E+02     0.1777465E+02
    -0.7718495E+02     0.1777652E+02
    -0.7718677E+02     0.1778551E+02
    -0.7718842E+02     0.1778805E+02
    -0.7719225E+02     0.1778856E+02
    -0.7720191E+02     0.1778384E+02
    -0.7721015E+02     0.1777726E+02
    -0.7721138E+02     0.1777428E+02
    -0.7720885E+02     0.1776552E+02
    -0.7720018E+02     0.1776726E+02
    -0.7718699E+02     0.1776643E+02
    -0.7718256E+02     0.1776239E+02
    -0.7717702E+02     0.1775735E+02
    -0.7717318E+02     0.1775708E+02
    -0.7716499E+02     0.1775951E+02
    -0.7715854E+02     0.1775760E+02
    -0.7715224E+02     0.1776213E+02
    -0.7714648E+02     0.1776206E+02
    -0.7714452E+02     0.1776595E+02
    -0.7713949E+02     0.1776451E+02
    -0.7713760E+02     0.1776150E+02
    -0.7714369E+02     0.1775468E+02
    -0.7713922E+02     0.1774704E+02
    -0.7713145E+02     0.1774151E+02
    -0.7713145E+02     0.1774151E+02
    -0.7712542E+02     0.1773722E+02
    -0.7712501E+02     0.1773170E+02
    -0.7712609E+02     0.1772137E+02
    -0.7714088E+02     0.1770844E+02
    -0.7714618E+02     0.1770631E+02
    -0.7714812E+02     0.1770553E+02
    -0.7717693E+02     0.1770355E+02
    -0.7718434E+02     0.1770548E+02
    -0.7719221E+02     0.1771039E+02
    -0.7720512E+02     0.1771375E+02
    -0.7721107E+02     0.1771865E+02
    -0.7721728E+02     0.1772101E+02
    -0.7722984E+02     0.1773373E+02
    -0.7722984E+02     0.1773373E+02
    -0.7723175E+02     0.1773565E+02
    -0.7723843E+02     0.1773940E+02
    -0.7724658E+02     0.1773972E+02
    -0.7725662E+02     0.1775520E+02
    -0.7726357E+02     0.1776588E+02
    -0.7726880E+02     0.1777008E+02
    -0.7728433E+02     0.1777599E+02
END
2
    -0.7706895E+02     0.1788024E+02
    -0.7706543E+02     0.1787171E+02
    -0.7707063E+02     0.1787821E+02
    -0.7707543E+02     0.1787850E+02
    -0.7707828E+02     0.1788175E+02
    -0.7707658E+02     0.1788357E+02
    -0.7706792E+02     0.1788439E+02
    -0.7706596E+02     0.1788689E+02
    -0.7706309E+02     0.1788640E+02
    -0.7706051E+02     0.1788108E+02
    -0.7706543E+02     0.1787171E+02
END
3
    -0.7704992E+02     0.1786900E+02
    -0.7704761E+02     0.1785656E+02
    -0.7705165E+02     0.1785959E+02
    -0.7705585E+02     0.1786976E+02
    -0.7705508E+02     0.1787343E+02
    -0.7705647E+02     0.1787758E+02
    -0.7705478E+02     0.1787871E+02
    -0.7705072E+02     0.1787683E+02
    -0.7704102E+02     0.1786498E+02
    -0.7704448E+02     0.1785698E+02
    -0.7704761E+02     0.1785656E+02
END
END
