jan_mayen
1
    -0.8242405E+01     0.7101224E+02
    -0.8137269E+01     0.7114619E+02
    -0.8094492E+01     0.7114722E+02
    -0.8087695E+01     0.7114864E+02
    -0.8078870E+01     0.7115047E+02
    -0.8074927E+01     0.7115494E+02
    -0.8059023E+01     0.7116206E+02
    -0.8014106E+01     0.7116384E+02
    -0.7996922E+01     0.7116201E+02
    -0.7947207E+01     0.7116319E+02
    -0.7940665E+01     0.7116119E+02
    -0.7920997E+01     0.7114718E+02
    -0.7967678E+01     0.7112467E+02
    -0.7987591E+01     0.7111012E+02
    -0.7987992E+01     0.7109962E+02
    -0.7987992E+01     0.7109962E+02
    -0.7993534E+01     0.7109198E+02
    -0.7993534E+01     0.7109198E+02
    -0.7996507E+01     0.7108614E+02
    -0.7993014E+01     0.7108604E+02
    -0.7984240E+01     0.7106894E+02
    -0.7982700E+01     0.7106477E+02
    -0.7972469E+01     0.7103705E+02
    -0.7980974E+01     0.7102014E+02
    -0.8037635E+01     0.7100384E+02
    -0.8066381E+01     0.7100368E+02
    -0.8126968E+01     0.7099934E+02
    -0.8201701E+01     0.7099031E+02
    -0.8304255E+01     0.7097786E+02
    -0.8345260E+01     0.7097592E+02
    -0.8361344E+01     0.7096992E+02
    -0.8378759E+01     0.7096716E+02
    -0.8394112E+01     0.7097325E+02
    -0.8506492E+01     0.7097076E+02
    -0.8554406E+01     0.7096380E+02
    -0.8645191E+01     0.7094370E+02
    -0.8649639E+01     0.7094246E+02
    -0.8683807E+01     0.7093295E+02
    -0.8717624E+01     0.7091843E+02
    -0.8728147E+01     0.7090840E+02
    -0.8752971E+01     0.7090304E+02
    -0.8762789E+01     0.7089619E+02
    -0.8797869E+01     0.7088169E+02
    -0.8809195E+01     0.7086756E+02
    -0.8828415E+01     0.7086868E+02
    -0.8850330E+01     0.7086690E+02
    -0.8894262E+01     0.7085699E+02
    -0.8906922E+01     0.7084853E+02
    -0.8929873E+01     0.7084492E+02
    -0.8952498E+01     0.7083264E+02
    -0.8988216E+01     0.7082748E+02
    -0.9035390E+01     0.7082737E+02
    -0.9045429E+01     0.7082919E+02
    -0.9047851E+01     0.7084841E+02
    -0.9078603E+01     0.7086140E+02
    -0.9079889E+01     0.7086895E+02
    -0.9054242E+01     0.7087914E+02
    -0.9044132E+01     0.7087755E+02
    -0.9041469E+01     0.7087762E+02
    -0.9011287E+01     0.7087844E+02
    -0.8996526E+01     0.7088268E+02
    -0.8982461E+01     0.7089722E+02
    -0.8945550E+01     0.7090759E+02
    -0.8938143E+01     0.7091656E+02
    -0.8905121E+01     0.7092132E+02
    -0.8904829E+01     0.7092610E+02
    -0.8851246E+01     0.7093906E+02
    -0.8773853E+01     0.7094553E+02
    -0.8766384E+01     0.7094862E+02
    -0.8753952E+01     0.7095375E+02
    -0.8693693E+01     0.7096446E+02
    -0.8689082E+01     0.7096961E+02
    -0.8700306E+01     0.7097581E+02
    -0.8690578E+01     0.7097878E+02
    -0.8667137E+01     0.7097412E+02
    -0.8652735E+01     0.7097607E+02
    -0.8638087E+01     0.7097595E+02
    -0.8605988E+01     0.7098205E+02
    -0.8586113E+01     0.7098340E+02
    -0.8475668E+01     0.7100472E+02
    -0.8459714E+01     0.7101324E+02
    -0.8449403E+01     0.7103219E+02
    -0.8448104E+01     0.7103457E+02
    -0.8447568E+01     0.7103555E+02
    -0.8420664E+01     0.7105180E+02
    -0.8409077E+01     0.7106841E+02
    -0.8390257E+01     0.7107983E+02
    -0.8292097E+01     0.7112009E+02
    -0.8227097E+01     0.7113261E+02
    -0.8227097E+01     0.7113261E+02
    -0.8210477E+01     0.7113535E+02
    -0.8210477E+01     0.7113535E+02
    -0.8163539E+01     0.7114302E+02
    -0.8163539E+01     0.7114302E+02
    -0.8137269E+01     0.7114619E+02
END
END
