johnston_atoll
1
    -0.1695351E+03     0.1673110E+02
    -0.1695295E+03     0.1673021E+02
    -0.1695347E+03     0.1672834E+02
    -0.1695386E+03     0.1672681E+02
    -0.1695427E+03     0.1672655E+02
    -0.1695435E+03     0.1672894E+02
    -0.1695423E+03     0.1673194E+02
    -0.1695398E+03     0.1673341E+02
    -0.1695340E+03     0.1673478E+02
    -0.1695292E+03     0.1673506E+02
    -0.1695238E+03     0.1673718E+02
    -0.1695198E+03     0.1674113E+02
    -0.1695183E+03     0.1674092E+02
    -0.1695171E+03     0.1673909E+02
    -0.1695199E+03     0.1673537E+02
    -0.1695225E+03     0.1673375E+02
    -0.1695280E+03     0.1673093E+02
    -0.1695295E+03     0.1673021E+02
END
END
