kentucky
1
        -84.113480         37.376965
        -84.902718         39.044823
        -84.901558         39.049053
        -84.901939         39.053825
        -84.899017         39.059196
        -84.889061         39.067520
        -84.881958         39.069611
        -84.868515         39.076359
        -84.858421         39.082947
        -84.849953         39.089020
        -84.842430         39.092869
        -84.834450         39.098045
        -84.819260         39.104004
        -84.817123         39.104870
        -84.809509         39.107956
        -84.795784         39.111225
        -84.789856         39.114124
        -84.785675         39.117809
        -84.780579         39.124149
        -84.776527         39.129570
        -84.771851         39.134148
        -84.767067         39.137424
        -84.762848         39.140675
        -84.758453         39.141754
        -84.752388         39.142914
        -84.746681         39.141445
        -84.742676         39.140327
        -84.738571         39.137909
        -84.732796         39.135571
        -84.726753         39.129761
        -84.724289         39.126827
        -84.720505         39.121346
        -84.714294         39.113361
        -84.709961         39.107906
        -84.705757         39.104187
        -84.700966         39.100056
        -84.695129         39.096848
        -84.688797         39.094532
        -84.683647         39.093033
        -84.675026         39.089954
        -84.666504         39.088177
        -84.660637         39.084530
        -84.651360         39.080173
        -84.643753         39.075741
        -84.635620         39.071766
        -84.629395         39.070747
        -84.622055         39.069782
        -84.611511         39.070709
        -84.598831         39.073040
        -84.585663         39.076263
        -84.579170         39.079178
        -84.574295         39.081142
        -84.565742         39.086330
        -84.562103         39.089981
        -84.558495         39.094067
        -84.554657         39.095112
        -84.551315         39.095268
        -84.544502         39.093838
        -84.534767         39.090801
        -84.523430         39.088707
        -84.517372         39.089855
        -84.511238         39.090134
        -84.507011         39.093376
        -84.503929         39.097000
        -84.496017         39.103458
        -84.488770         39.111191
        -84.482834         39.114071
        -84.472931         39.116264
        -84.468536         39.117332
        -84.464630         39.117508
        -84.461784         39.116768
        -84.460114         39.116844
        -84.457687         39.114342
        -84.454674         39.111427
        -84.450645         39.109867
        -84.447639         39.106956
        -84.445183         39.104019
        -84.442574         39.098911
        -84.441818         39.096333
        -84.441864         39.089363
        -84.441353         39.082420
        -84.440590         39.072002
        -84.438766         39.062504
        -84.431160         39.050220
        -84.427536         39.046463
        -84.421661         39.044559
        -84.417191         39.042572
        -84.379257         39.039394
        -84.353912         39.032772
        -84.343513         39.028008
        -84.337036         39.024071
        -84.328339         39.018108
        -84.320732         39.012814
        -84.316635         39.006954
        -84.311844         39.000610
        -84.310394         38.994637
        -84.307144         38.988247
        -84.305916         38.982128
        -84.305916         38.982128
        -84.305412         38.979614
        -84.304634         38.968761
        -84.300545         38.958488
        -84.294952         38.950462
        -84.290001         38.943710
        -84.284996         38.936092
        -84.265564         38.913864
        -84.248482         38.893272
        -84.245430         38.889484
        -84.244072         38.886063
        -84.241974         38.880054
        -84.242592         38.873062
        -84.243088         38.864326
        -84.242470         38.855644
        -84.243217         38.850388
        -84.242722         38.843441
        -84.243462         38.838181
        -84.237206         38.820599
        -84.228973         38.806583
        -84.225456         38.804123
        -84.216118         38.797997
        -84.202400         38.792931
        -84.187637         38.788780
        -84.172035         38.788582
        -84.160164         38.786045
        -84.146454         38.780972
        -84.124207         38.773212
        -84.097557         38.766075
        -84.080757         38.764610
        -84.055206         38.765255
        -84.039291         38.768539
        -84.022408         38.772850
        -84.022408         38.772850
        -84.008659         38.776356
        -83.993294         38.779610
        -83.978310         38.780235
        -83.967148         38.779827
        -83.957596         38.778481
        -83.950172         38.775738
        -83.941620         38.772610
        -83.931137         38.765636
        -83.922554         38.762070
        -83.910172         38.759968
        -83.897293         38.758751
        -83.887688         38.756531
        -83.878639         38.754288
        -83.871193         38.751110
        -83.866028         38.748707
        -83.862389         38.744064
        -83.856186         38.734299
        -83.850006         38.724968
        -83.846313         38.719460
        -83.842583         38.713512
        -83.837807         38.708481
        -83.831978         38.704361
        -83.821770         38.701290
        -83.809929         38.698719
        -83.800331         38.696491
        -83.795731         38.694061
        -83.792236         38.691589
        -83.789703         38.686901
        -83.786705         38.674828
        -83.783920         38.666229
        -83.779922         38.655937
        -83.775154         38.650902
        -83.767586         38.645546
        -83.758438         38.641556
        -83.750626         38.640995
        -83.737915         38.641933
        -83.732315         38.641285
        -83.727135         38.638443
        -83.679878         38.620274
        -83.672096         38.620144
        -83.662712         38.620945
        -83.660019         38.622360
        -83.654587         38.624313
        -83.650513         38.630135
        -83.646576         38.638126
        -83.644035         38.650852
        -83.640396         38.663624
        -83.636765         38.667683
        -83.630905         38.671829
        -83.625031         38.675541
        -83.616241         38.677189
        -83.603600         38.679417
        -83.588684         38.680862
        -83.577698         38.683029
        -83.567886         38.686016
        -83.560333         38.689789
        -83.551567         38.691864
        -83.539055         38.696262
        -83.529076         38.696640
        -83.520096         38.695240
        -83.511169         38.694706
        -83.504250         38.690613
        -83.492844         38.685822
        -83.486900         38.679512
        -83.477081         38.673351
        -83.465599         38.667252
        -83.448761         38.664398
        -83.429176         38.662079
        -83.393890         38.657291
        -83.374786         38.653641
        -83.359962         38.647217
        -83.350182         38.641479
        -83.338715         38.635368
        -83.332870         38.630356
        -83.328735         38.626152
        -83.326286         38.622322
        -83.323540         38.613281
        -83.320816         38.604671
        -83.314819         38.597050
        -83.309654         38.594189
        -83.302834         38.591389
        -83.296738         38.591610
        -83.291779         38.592224
        -83.288055         38.594971
        -83.284355         38.598152
        -83.279617         38.602676
        -83.268616         38.613960
        -83.263855         38.618050
        -83.259575         38.620815
        -83.251793         38.620659
        -83.240761         38.621922
        -83.235725         38.621231
        -83.227112         38.616314
        -83.213516         38.611572
        -83.196342         38.612179
        -83.177429         38.611542
        -83.159172         38.612617
        -83.153831         38.616287
        -83.146217         38.619167
        -83.134232         38.633080
        -83.130646         38.638432
        -83.128456         38.648956
        -83.123833         38.655647
        -83.116196         38.668102
        -83.109810         38.673111
        -83.096695         38.677048
        -83.083481         38.679245
        -83.065544         38.686390
        -83.056984         38.692341
        -83.051170         38.697765
        -83.036636         38.716541
        -83.029732         38.722435
        -83.023170         38.724400
        -83.012047         38.724342
        -83.000854         38.722977
        -82.989616         38.720745
        -82.982964         38.720966
        -82.979675         38.721947
        -82.974777         38.723854
        -82.964012         38.730309
        -82.948288         38.737797
        -82.938393         38.739868
        -82.925301         38.744652
        -82.908302         38.749134
        -82.902267         38.750637
        -82.894958         38.749138
        -82.891495         38.746639
        -82.886818         38.742439
        -82.884857         38.736847
        -82.879959         38.728298
        -82.880280         38.723938
        -82.882645         38.716026
        -82.887527         38.692795
        -82.885635         38.678055
        -82.883141         38.672913
        -82.872406         38.658901
        -82.870262         38.649830
        -82.870110         38.625893
        -82.866653         38.612946
        -82.865967         38.599911
        -82.859467         38.592285
        -82.844177         38.575806
        -82.833824         38.568741
        -82.826927         38.564175
        -82.820633         38.560463
        -82.811546         38.556400
        -82.799187         38.553318
        -82.785919         38.554180
        -82.775352         38.553646
        -82.759209         38.552422
        -82.744217         38.552025
        -82.735222         38.549698
        -82.725121         38.547405
        -82.718880         38.544556
        -82.712570         38.540401
        -82.707878         38.535324
        -82.699692         38.526875
        -82.668533         38.491283
        -82.662163         38.485821
        -82.648514         38.478844
        -82.639961         38.473885
        -82.629707         38.468105
        -82.624557         38.464783
        -82.619789         38.457962
        -82.617020         38.446732
        -82.612679         38.437286
        -82.610123         38.430397
        -82.602043         38.412361
        -82.602043         38.412361
        -82.609718         38.398739
        -82.609169         38.369179
        -82.610611         38.350292
        -82.608406         38.341877
        -82.606781         38.338718
        -82.602036         38.337269
        -82.589195         38.320713
        -82.587578         38.312275
        -82.591728         38.297222
        -82.588921         38.255550
        -82.592720         38.250374
        -82.599747         38.245552
        -82.621460         38.237717
        -82.624931         38.231865
        -82.615295         38.215202
        -82.612938         38.203808
        -82.613586         38.194145
        -82.621437         38.177818
        -82.628685         38.171841
        -82.648041         38.169357
        -82.649986         38.167683
        -82.652992         38.158634
        -82.653053         38.157436
        -82.653419         38.150356
        -82.643723         38.132549
        -82.617462         38.114609
        -82.614006         38.109905
        -82.610222         38.109802
        -82.604218         38.106327
        -82.593338         38.087639
        -82.583145         38.076271
        -82.563072         38.059490
        -82.557503         38.053020
        -82.551567         38.034164
        -82.540680         38.015011
        -82.532974         38.005417
        -82.529182         38.000698
        -82.523201         37.997223
        -82.508018         37.995651
        -82.493820         37.979355
        -82.486961         37.981415
        -82.479675         37.980961
        -82.477386         37.975986
        -82.478722         37.973648
        -82.489525         37.969395
        -82.493141         37.966293
        -82.492920         37.962170
        -82.487907         37.954987
        -82.489418         37.950577
        -82.500214         37.946095
        -82.512695         37.935131
        -82.510780         37.931751
        -82.506096         37.929165
        -82.497040         37.924164
        -82.485901         37.905014
        -82.482895         37.903046
        -82.478867         37.903633
        -82.477821         37.911472
        -82.474068         37.911823
        -82.445663         37.895061
        -82.436028         37.882519
        -82.429985         37.877659
        -82.424606         37.868881
        -82.425346         37.866333
        -82.430779         37.864780
        -82.433449         37.860336
        -82.430344         37.853100
        -82.425880         37.842670
        -82.412567         37.825878
        -82.411545         37.817188
        -82.412979         37.811176
        -82.410217         37.808052
        -82.406433         37.807713
        -82.400002         37.812275
        -82.395340         37.811737
        -82.388206         37.802322
        -82.377998         37.795067
        -82.361786         37.789379
        -82.351845         37.781658
        -82.346107         37.766266
        -82.345161         37.763733
        -82.339485         37.760239
        -82.329399         37.761013
        -82.325424         37.756775
        -82.331169         37.750168
        -82.338715         37.744652
        -82.340553         37.740921
        -82.330055         37.727707
        -82.322464         37.714630
        -82.311401         37.701427
        -82.308487         37.689354
        -82.308464         37.677189
        -82.306541         37.673344
        -82.302887         37.669556
        -82.296730         37.668350
        -82.283623         37.665791
        -82.280182         37.660385
        -82.276314         37.658211
        -82.259392         37.654827
        -82.249901         37.655804
        -82.243141         37.653488
        -82.232918         37.645306
        -82.225792         37.629452
        -82.219131         37.622997
        -82.213829         37.620861
        -82.201431         37.621468
        -82.197525         37.624340
        -82.195068         37.633366
        -82.195984         37.640453
        -82.193565         37.644199
        -82.190872         37.644066
        -82.187073         37.641411
        -82.182785         37.630291
        -82.189232         37.619999
        -82.185783         37.614361
        -82.160904         37.595364
        -82.147331         37.589111
        -82.140152         37.583817
        -82.135994         37.575214
        -82.137802         37.570801
        -82.140587         37.568653
        -82.147476         37.567760
        -82.153854         37.562290
        -82.143578         37.552494
        -82.140945         37.551620
        -82.135956         37.549965
        -82.130760         37.549889
        -82.124634         37.554665
        -82.119209         37.555969
        -82.107971         37.550102
        -82.090637         37.549694
        -82.081558         37.546974
        -82.074425         37.542362
        -82.068726         37.531509
        -82.059853         37.526718
        -82.055206         37.526165
        -82.051849         37.528328
        -82.051109         37.531105
        -82.053772         37.538834
        -82.051071         37.542812
        -82.046104         37.541580
        -82.030365         37.531704
        -82.025650         37.530697
        -82.022789         37.530087
        -82.014450         37.530785
        -81.998917         37.537579
        -81.987381         37.537594
        -81.980980         37.535461
        -81.979134         37.529915
        -81.979134         37.529915
        -82.032639         37.492004
        -82.037354         37.487076
        -82.044960         37.482307
        -82.066895         37.467793
        -82.073288         37.461445
        -82.088524         37.452824
        -82.100807         37.442432
        -82.114006         37.433624
        -82.162529         37.399628
        -82.163422         37.398216
        -82.164154         37.397064
        -82.170845         37.391392
        -82.180374         37.384731
        -82.184097         37.384182
        -82.195862         37.375858
        -82.214981         37.364368
        -82.216316         37.361813
        -82.238419         37.345882
        -82.256104         37.334648
        -82.294167         37.308437
        -82.308838         37.298405
        -82.323135         37.287674
        -82.345688         37.275963
        -82.367111         37.259853
        -82.378105         37.258057
        -82.398544         37.252705
        -82.403328         37.250282
        -82.415070         37.249283
        -82.438911         37.242222
        -82.492516         37.225861
        -82.515671         37.216507
        -82.540253         37.207108
        -82.546951         37.202560
        -82.573807         37.190571
        -82.577652         37.188854
        -82.594666         37.177361
        -82.638344         37.152481
        -82.639503         37.151802
        -82.641678         37.150520
        -82.649811         37.145729
        -82.669556         37.138046
        -82.682053         37.135162
        -82.693047         37.130714
        -82.717216         37.125885
        -82.723663         37.122482
        -82.729248         37.112904
        -82.725845         37.050774
        -82.729431         37.047684
        -82.737099         37.046085
        -82.747246         37.042343
        -82.754654         37.028809
        -82.760536         37.025879
        -82.771263         37.022350
        -82.796188         37.009899
        -82.812210         37.009426
        -82.828148         37.007111
        -82.839508         36.998962
        -82.862076         36.985424
        -82.871384         36.976414
        -82.871414         36.970901
        -82.868942         36.967072
        -82.866997         36.956337
        -82.863487         36.948635
        -82.860786         36.933788
        -82.869408         36.922504
        -82.874458         36.920284
        -82.878090         36.912365
        -82.874809         36.903511
        -82.877876         36.897732
        -82.879272         36.895107
        -82.883606         36.889923
        -82.901482         36.880878
        -82.935791         36.868572
        -82.949409         36.866314
        -82.959641         36.865074
        -82.975830         36.862736
        -82.989037         36.857960
        -83.002563         36.853859
        -83.013039         36.851692
        -83.022926         36.855053
        -83.038986         36.855923
        -83.063126         36.852631
        -83.070625         36.849575
        -83.076584         36.847145
        -83.090622         36.836357
        -83.103592         36.809986
        -83.112274         36.800747
        -83.121933         36.788261
        -83.128479         36.776333
        -83.129662         36.771473
        -83.127449         36.755924
        -83.131531         36.751888
        -83.144875         36.744789
        -83.147102         36.743568
        -83.191086         36.743732
        -83.203682         36.738720
        -83.214737         36.737206
        -83.225998         36.734074
        -83.256554         36.723175
        -83.261307         36.721176
        -83.287292         36.715740
        -83.300560         36.712959
        -83.310555         36.713078
        -83.331459         36.708920
        -83.362289         36.698212
        -83.378395         36.689846
        -83.387611         36.686081
        -83.405746         36.678329
        -83.426857         36.667713
        -83.435242         36.664433
        -83.452080         36.664528
        -83.456535         36.662533
        -83.475044         36.661880
        -83.514954         36.666431
        -83.518883         36.665894
        -83.526100         36.664902
        -83.528549         36.664566
        -83.538101         36.661926
        -83.548431         36.657879
        -83.563705         36.650436
        -83.575600         36.648853
        -83.585228         36.642532
        -83.600914         36.637871
        -83.616928         36.633106
        -83.630707         36.629612
        -83.638481         36.625881
        -83.651962         36.622166
        -83.658852         36.618008
        -83.675735         36.604053
        -83.677483         36.597980
        -83.687538         36.591209
        -83.696358         36.581001
        -83.721718         36.580742
        -83.738007         36.581509
        -83.741806         36.581558
        -83.773956         36.581985
        -83.801071         36.582561
        -83.819572         36.582085
        -83.860962         36.583019
        -83.907204         36.583981
        -83.972809         36.584618
        -83.978554         36.585308
        -84.019783         36.583439
        -84.028938         36.583992
        -84.033646         36.586330
        -84.051903         36.586613
        -84.062447         36.586773
        -84.075027         36.586964
        -84.080482         36.588142
        -84.120537         36.589710
        -84.134705         36.590248
        -84.161079         36.590576
        -84.179253         36.589367
        -84.183380         36.591496
        -84.203377         36.592045
        -84.218407         36.590733
        -84.242500         36.592945
        -84.254219         36.593372
        -84.288094         36.592407
        -84.335785         36.593372
        -84.364822         36.592594
        -84.385475         36.594463
        -84.404785         36.593170
        -84.404846         36.594090
        -84.427132         36.594734
        -84.444206         36.594200
        -84.445923         36.594147
        -84.465408         36.595596
        -84.517921         36.596050
        -84.549850         36.595787
        -84.595886         36.597412
        -84.632912         36.596668
        -84.701210         36.598400
        -84.715477         36.598438
        -84.744858         36.598469
        -84.764915         36.599617
        -84.781898         36.601818
        -84.801353         36.602528
        -84.819733         36.604198
        -84.836021         36.604588
        -84.904259         36.609196
        -84.924904         36.610516
        -84.952438         36.612427
        -84.957207         36.611279
        -84.973648         36.613712
        -84.989723         36.615009
        -85.000000         36.614815
        -85.021355         36.614407
        -85.059395         36.615555
        -85.092659         36.617611
        -85.143074         36.616287
        -85.158035         36.617847
        -85.193130         36.617718
        -85.202118         36.619572
        -85.271729         36.619076
        -85.280861         36.619076
        -85.331612         36.618347
        -85.345703         36.619698
        -85.377747         36.620590
        -85.442955         36.622063
        -85.471436         36.621273
        -85.491165         36.621624
        -85.517433         36.621632
        -85.528328         36.622211
        -85.544792         36.621117
        -85.604111         36.623730
        -85.643585         36.624619
        -85.660965         36.624149
        -85.694092         36.624207
        -85.715012         36.625149
        -85.760895         36.627491
        -85.794838         36.627022
        -85.855148         36.627617
        -85.876373         36.628746
        -85.895172         36.628162
        -85.909668         36.627357
        -85.922188         36.630112
        -85.979752         36.631950
        -86.000000         36.632782
        -86.008324         36.634190
        -86.021721         36.634289
        -86.115868         36.638195
        -86.272263         36.645401
        -86.300980         36.646702
        -86.347374         36.651993
        -86.428413         36.652863
        -86.449173         36.653076
        -86.553696         36.651581
        -86.583702         36.651272
        -86.594360         36.657753
        -86.684227         36.654995
        -86.777924         36.652046
        -86.811264         36.652908
        -86.840775         36.651798
        -86.997269         36.645794
        -87.098701         36.641788
        -87.153801         36.641800
        -87.236076         36.644428
        -87.289482         36.645679
        -87.370872         36.644753
        -87.379906         36.646271
        -87.385155         36.644421
        -87.391357         36.644691
        -87.467903         36.642387
        -87.550987         36.641895
        -87.624527         36.640293
        -87.781113         36.636730
        -87.852180         36.635044
        -87.850876         36.663010
        -87.853500         36.667011
        -87.898521         36.670132
        -88.054665         36.680820
        -88.058357         36.681068
        -88.068542         36.677296
        -88.070084         36.669773
        -88.048988         36.601299
        -88.046593         36.598228
        -88.039024         36.566494
        -88.038467         36.564190
        -88.037041         36.532913
        -88.041687         36.515400
        -88.054451         36.500469
        -88.124420         36.501102
        -88.195526         36.501705
        -88.208969         36.500324
        -88.280647         36.501934
        -88.330048         36.503017
        -88.404259         36.504074
        -88.486404         36.503345
        -88.544304         36.502800
        -88.590874         36.504711
        -88.642715         36.504635
        -88.731430         36.504459
        -88.799980         36.504799
        -88.956352         36.505573
        -89.101471         36.506107
        -89.112724         36.506344
        -89.269058         36.509502
        -89.300720         36.510117
        -89.337746         36.508972
        -89.366043         36.505310
        -89.408562         36.501522
        -89.417618         36.502659
        -89.417618         36.502659
        -89.408669         36.529522
        -89.379196         36.579754
        -89.367104         36.591164
        -89.361023         36.593773
        -89.359688         36.594891
        -89.355728         36.598228
        -89.337524         36.605122
        -89.322655         36.606819
        -89.310043         36.601456
        -89.293411         36.589565
        -89.269318         36.564632
        -89.256783         36.557430
        -89.242607         36.556839
        -89.232857         36.559666
        -89.214447         36.577232
        -89.205658         36.590775
        -89.190727         36.629864
        -89.177467         36.641472
        -89.162971         36.654156
        -89.152168         36.667641
        -89.127602         36.739285
        -89.117699         36.756016
        -89.115959         36.758942
        -89.116188         36.767441
        -89.120735         36.782017
        -89.134689         36.803959
        -89.137932         36.822632
        -89.126038         36.869362
        -89.123390         36.877235
        -89.118233         36.892559
        -89.101173         36.932266
        -89.095947         36.955074
        -89.102028         36.967167
        -89.115051         36.977612
        -89.132881         36.987251
        -89.150284         36.993679
        -89.173409         37.019115
        -89.177673         37.028923
        -89.172333         37.055061
        -89.153542         37.080502
        -89.145401         37.088345
        -89.141014         37.092564
        -89.126022         37.101807
        -89.114166         37.111362
        -89.102066         37.133759
        -89.083847         37.158283
        -89.050072         37.186539
        -89.023499         37.208748
        -89.005707         37.215378
        -88.967476         37.223278
        -88.946518         37.223156
        -88.912834         37.212124
        -88.910042         37.211582
        -88.890633         37.207829
        -88.874512         37.202324
        -88.840820         37.185532
        -88.813957         37.182926
        -88.800980         37.177963
        -88.769966         37.158943
        -88.746391         37.144032
        -88.728767         37.136639
        -88.718040         37.134701
        -88.709549         37.136543
        -88.638969         37.114857
        -88.614532         37.107067
        -88.583138         37.086746
        -88.551956         37.066776
        -88.502716         37.056740
        -88.483597         37.060959
        -88.455833         37.077751
        -88.448112         37.085243
        -88.439575         37.093529
        -88.428429         37.115891
        -88.416763         37.148567
        -88.418953         37.156441
        -88.442619         37.199886
        -88.443825         37.201462
        -88.452866         37.213291
        -88.470810         37.227859
        -88.483040         37.242016
        -88.496796         37.254383
        -88.504929         37.270241
        -88.503464         37.282589
        -88.494667         37.309620
        -88.494354         37.310131
        -88.481850         37.330559
        -88.468597         37.383606
        -88.459030         37.396614
        -88.442833         37.409870
        -88.432495         37.415047
        -88.425262         37.416546
        -88.410393         37.419621
        -88.398857         37.419937
        -88.372322         37.403938
        -88.362068         37.401768
        -88.350357         37.405746
        -88.331085         37.422333
        -88.323441         37.431030
        -88.305374         37.440765
        -88.294762         37.443623
        -88.278801         37.447918
        -88.238991         37.449120
        -88.199928         37.457905
        -88.177345         37.460125
        -88.165085         37.463150
        -88.139862         37.465729
        -88.087738         37.471050
        -88.068382         37.482540
        -88.061943         37.494938
        -88.061691         37.499519
        -88.063622         37.517029
        -88.070023         37.531708
        -88.078667         37.542336
        -88.079880         37.543091
        -88.116325         37.565895
        -88.125061         37.575146
        -88.131538         37.599464
        -88.143822         37.618011
        -88.150627         37.636372
        -88.151871         37.648975
        -88.152313         37.653408
        -88.150192         37.665958
        -88.139542         37.681427
        -88.108047         37.708115
        -88.079468         37.723419
        -88.068283         37.727161
        -88.054459         37.741127
        -88.027870         37.767975
        -88.022575         37.779949
        -88.023636         37.785965
        -87.996284         37.789810
        -87.975822         37.783119
        -87.959908         37.772919
        -87.953545         37.771732
        -87.947945         37.772327
        -87.935722         37.787727
        -87.922760         37.797680
        -87.911682         37.804367
        -87.900360         37.812778
        -87.901520         37.817867
        -87.906189         37.837540
        -87.923668         37.866161
        -87.929779         37.881065
        -87.926689         37.894722
        -87.910698         37.915947
        -87.908493         37.917736
        -87.903824         37.921513
        -87.894310         37.921005
        -87.882233         37.916225
        -87.844505         37.883034
        -87.821655         37.872334
        -87.799736         37.870838
        -87.765083         37.873917
        -87.759773         37.875851
        -87.716286         37.891666
        -87.694962         37.897865
        -87.678055         37.897884
        -87.671776         37.893829
        -87.670975         37.883011
        -87.688957         37.848812
        -87.688461         37.842594
        -87.680038         37.833328
        -87.669525         37.825127
        -87.647400         37.822449
        -87.629601         37.822884
        -87.620712         37.824921
        -87.604691         37.834732
        -87.582184         37.863518
        -87.579231         37.875576
        -87.581192         37.880775
        -87.595955         37.892345
        -87.615822         37.903858
        -87.623238         37.915386
        -87.621307         37.932365
        -87.610962         37.940849
        -87.603798         37.950397
        -87.600349         37.962700
        -87.596733         37.967224
        -87.593925         37.969231
        -87.586853         37.969181
        -87.580887         37.966255
        -87.579918         37.962318
        -87.581406         37.957142
        -87.585808         37.944469
        -87.586929         37.935566
        -87.583847         37.924431
        -87.565285         37.910404
        -87.544693         37.905933
        -87.523705         37.903278
        -87.505928         37.904881
        -87.503571         37.905746
        -87.490204         37.910686
        -87.454933         37.932243
        -87.440002         37.939224
        -87.430626         37.940689
        -87.404510         37.941025
        -87.362671         37.924194
        -87.333069         37.906704
        -87.302063         37.893276
        -87.278313         37.879677
        -87.252502         37.857685
        -87.247719         37.855686
        -87.243492         37.853912
        -87.192589         37.839821
        -87.176430         37.838726
        -87.157326         37.831928
        -87.151939         37.826237
        -87.140907         37.806931
        -87.132027         37.786331
        -87.126328         37.778667
        -87.111717         37.777168
        -87.093651         37.779682
        -87.079414         37.787376
        -87.064873         37.799221
        -87.052925         37.812828
        -87.042313         37.843361
        -87.038658         37.879932
        -87.033783         37.891888
        -87.020386         37.905540
        -86.998611         37.918602
        -86.986893         37.924522
        -86.965553         37.927036
        -86.910309         37.937473
        -86.895615         37.949345
        -86.879860         37.962067
        -86.867294         37.975742
        -86.853706         37.987309
        -86.834572         37.995178
        -86.823959         37.997459
        -86.809486         37.992908
        -86.798401         37.985523
        -86.787682         37.960938
        -86.777977         37.938461
        -86.769913         37.929604
        -86.757881         37.911381
        -86.744545         37.902367
        -86.725327         37.888271
        -86.718307         37.889378
        -86.704979         37.897263
        -86.693176         37.904068
        -86.678581         37.909370
        -86.667801         37.910023
        -86.651634         37.905144
        -86.648148         37.901310
        -86.649513         37.890583
        -86.663750         37.854500
        -86.661293         37.845192
        -86.653259         37.840027
        -86.644974         37.838184
        -86.633415         37.839527
        -86.615585         37.847450
        -86.595055         37.862568
        -86.594727         37.865360
        -86.592751         37.881977
        -86.594231         37.901104
        -86.588455         37.916447
        -86.578583         37.920578
        -86.569550         37.921074
        -86.556259         37.916546
        -86.546211         37.915157
        -86.524979         37.915993
        -86.513962         37.919834
        -86.511185         37.925903
        -86.506622         37.930485
        -86.506165         37.930946
        -86.507530         37.939739
        -86.519966         37.955711
        -86.522202         37.995537
        -86.519104         38.021336
        -86.514885         38.034912
        -86.510674         38.040684
        -86.503471         38.043785
        -86.497284         38.043270
        -86.478065         38.041664
        -86.465462         38.043133
        -86.452789         38.049416
        -86.436432         38.061951
        -86.430695         38.068565
        -86.428322         38.080620
        -86.433029         38.087505
        -86.439293         38.089180
        -86.460236         38.100510
        -86.467209         38.108189
        -86.466072         38.115482
        -86.465508         38.116089
        -86.460068         38.121857
        -86.454971         38.123909
        -86.442726         38.124245
        -86.427139         38.118908
        -86.411957         38.108307
        -86.399117         38.105164
        -86.393150         38.107174
        -86.389977         38.114368
        -86.381905         38.124771
        -86.364929         38.129921
        -86.353256         38.130501
        -86.332718         38.129047
        -86.325981         38.133312
        -86.320145         38.141064
        -86.325668         38.152351
        -86.330360         38.155567
        -86.366241         38.161896
        -86.373085         38.167507
        -86.376198         38.176155
        -86.373833         38.187977
        -86.364479         38.196022
        -86.358643         38.196198
        -86.338493         38.184505
        -86.302109         38.163372
        -86.283455         38.148914
        -86.276817         38.133434
        -86.282394         38.106842
        -86.282944         38.096077
        -86.280777         38.082882
        -86.279915         38.080620
        -86.273544         38.063927
        -86.261162         38.051376
        -86.236176         38.036598
        -86.199883         38.018032
        -86.181534         38.011375
        -86.168587         38.009811
        -86.159119         38.010605
        -86.120636         38.013832
        -86.109711         38.012363
        -86.092133         38.007111
        -86.072182         37.991627
        -86.066467         37.976177
        -86.049240         37.959454
        -86.045998         37.956490
        -86.040092         37.954750
        -86.036186         37.955303
        -86.033356         37.957767
        -86.032166         37.961952
        -86.032310         37.969643
        -86.032448         37.976738
        -86.026077         37.987209
        -86.018929         37.993042
        -86.000000         38.005589
        -86.000000         38.005589
        -85.985901         38.006695
        -85.968285         38.008160
        -85.949829         38.012524
        -85.939575         38.018600
        -85.934341         38.025047
        -85.929413         38.034763
        -85.928154         38.051289
        -85.927353         38.066689
        -85.919144         38.089096
        -85.913757         38.099934
        -85.914406         38.109985
        -85.919121         38.149193
        -85.916000         38.160557
        -85.914513         38.168537
        -85.911545         38.178577
        -85.904053         38.187782
        -85.899315         38.193756
        -85.893440         38.199360
        -85.882957         38.206322
        -85.876022         38.212639
        -85.865364         38.220707
        -85.855469         38.228069
        -85.850906         38.230766
        -85.850906         38.230766
        -85.848076         38.232437
        -85.844505         38.239002
        -85.840561         38.246124
        -85.840057         38.252697
        -85.837364         38.261337
        -85.835442         38.264736
        -85.831139         38.270218
        -85.823738         38.274128
        -85.815247         38.278099
        -85.796677         38.280899
        -85.789360         38.279568
        -85.784836         38.278515
        -85.776772         38.275043
        -85.771973         38.270954
        -85.763641         38.264446
        -85.761276         38.262833
        -85.754951         38.260136
        -85.744919         38.259392
        -85.737366         38.261562
        -85.733192         38.264412
        -85.724693         38.268379
        -85.713127         38.275131
        -85.700447         38.281948
        -85.679268         38.295589
        -85.671021         38.310966
        -85.671021         38.310966
        -85.663338         38.325951
        -85.655380         38.342995
        -85.649918         38.360619
        -85.647209         38.378334
        -85.644226         38.389565
        -85.641006         38.401531
        -85.632820         38.419548
        -85.628517         38.426281
        -85.624443         38.432037
        -85.616814         38.439194
        -85.611061         38.443359
        -85.602303         38.448170
        -85.589241         38.452736
        -85.575333         38.454700
        -85.550751         38.457005
        -85.537163         38.459187
        -85.521271         38.462936
        -85.511314         38.468048
        -85.499931         38.474438
        -85.492180         38.480389
        -85.488640         38.488998
        -85.483971         38.498631
        -85.476852         38.508396
        -85.467232         38.513966
        -85.451874         38.520561
        -85.439438         38.525558
        -85.428040         38.531940
        -85.421829         38.538044
        -85.420387         38.542690
        -85.420090         38.549923
        -85.420815         38.558300
        -85.423302         38.565865
        -85.427582         38.572853
        -85.431938         38.577190
        -85.440842         38.588017
        -85.446106         38.599281
        -85.449318         38.611614
        -85.450638         38.623329
        -85.450302         38.640663
        -85.450699         38.642712
        -85.449615         38.646370
        -85.450928         38.661495
        -85.460686         38.677738
        -85.462700         38.685490
        -85.463577         38.707188
        -85.460548         38.714684
        -85.450615         38.723598
        -85.442146         38.730076
        -85.433136         38.734222
        -85.421280         38.736427
        -85.410667         38.737514
        -85.384621         38.734180
        -85.368874         38.733967
        -85.356552         38.734615
        -85.327484         38.739025
        -85.317001         38.741673
        -85.300529         38.744629
        -85.267014         38.744019
        -85.261307         38.743790
        -85.245087         38.737823
        -85.239510         38.735229
        -85.230995         38.729385
        -85.220009         38.713974
        -85.213158         38.708042
        -85.210678         38.702408
        -85.201790         38.696056
        -85.194870         38.693268
        -85.190765         38.692169
        -85.179695         38.691689
        -85.170372         38.692169
        -85.162994         38.695950
        -85.133621         38.708714
        -85.122749         38.714767
        -85.111946         38.721600
        -85.090416         38.732380
        -85.085495         38.737606
        -85.074760         38.741291
        -85.064041         38.745235
        -85.050224         38.752213
        -85.035629         38.757923
        -85.029846         38.760830
        -85.014542         38.770237
        -85.004303         38.775986
        -85.000000         38.777420
        -84.987679         38.781525
        -84.976196         38.780262
        -84.963364         38.778805
        -84.955261         38.777897
        -84.940720         38.780186
        -84.932487         38.781898
        -84.918732         38.785717
        -84.910881         38.787937
        -84.901688         38.790218
        -84.892502         38.792503
        -84.878494         38.793186
        -84.865540         38.790154
        -84.851997         38.788193
        -84.846184         38.786644
        -84.833893         38.786491
        -84.828140         38.788700
        -84.826569         38.793793
        -84.828224         38.796028
        -84.832703         38.802761
        -84.838562         38.808266
        -84.841103         38.815479
        -84.842354         38.825069
        -84.838196         38.834923
        -84.830559         38.844555
        -84.821022         38.848877
        -84.810646         38.855167
        -84.807167         38.861126
        -84.805527         38.865452
        -84.807266         38.875015
        -84.812515         38.879009
        -84.821678         38.882427
        -84.828102         38.882504
        -84.859604         38.880978
        -84.869629         38.882805
        -84.877441         38.887829
        -84.884850         38.894028
        -84.889336         38.900757
        -84.890442         38.908424
        -84.888863         38.919697
        -84.885719         38.923710
        -84.878883         38.930988
        -84.870598         38.938728
        -84.860466         38.941921
        -84.851006         38.953575
        -84.845268         38.962341
        -84.845879         38.970032
        -84.846825         38.975777
        -84.854454         38.984669
        -84.890190         39.023457
        -84.898140         39.030018
        -84.902138         39.036770
        -84.904053         39.042080
        -84.902718         39.044823
END
END
