kenya
1
     0.3966503E+02    -0.4050198E+01
     0.3967072E+02    -0.4075874E+01
     0.3966681E+02    -0.4073834E+01
     0.3965824E+02    -0.4064468E+01
     0.3964960E+02    -0.4045668E+01
     0.3965363E+02    -0.4034359E+01
     0.3966437E+02    -0.4030129E+01
     0.3966827E+02    -0.4030558E+01
     0.3967058E+02    -0.4032609E+01
     0.3968531E+02    -0.4065859E+01
     0.3968282E+02    -0.4070022E+01
     0.3967645E+02    -0.4074907E+01
     0.3967072E+02    -0.4075874E+01
END
2
     0.3942923E+02    -0.4541110E+01
     0.3943628E+02    -0.4534821E+01
     0.3943764E+02    -0.4538155E+01
     0.3943299E+02    -0.4540875E+01
     0.3942773E+02    -0.4548622E+01
     0.3942274E+02    -0.4550006E+01
     0.3942137E+02    -0.4546002E+01
     0.3942665E+02    -0.4539928E+01
     0.3943293E+02    -0.4534181E+01
     0.3943628E+02    -0.4534821E+01
END
3
     0.3928253E+02    -0.4661634E+01
     0.3927523E+02    -0.4650743E+01
     0.3927934E+02    -0.4651529E+01
     0.3928321E+02    -0.4657259E+01
     0.3928981E+02    -0.4661317E+01
     0.3928904E+02    -0.4665990E+01
     0.3928412E+02    -0.4666583E+01
     0.3927589E+02    -0.4663637E+01
     0.3927335E+02    -0.4655425E+01
     0.3927523E+02    -0.4650743E+01
END
4
     0.3938003E+02    -0.4661012E+01
     0.3937703E+02    -0.4670096E+01
     0.3935727E+02    -0.4667027E+01
     0.3935495E+02    -0.4664054E+01
     0.3935538E+02    -0.4659908E+01
     0.3935902E+02    -0.4656659E+01
     0.3936565E+02    -0.4654076E+01
     0.3937576E+02    -0.4654918E+01
     0.3938358E+02    -0.4657848E+01
     0.3939482E+02    -0.4658221E+01
     0.3940030E+02    -0.4654037E+01
     0.3940283E+02    -0.4654707E+01
     0.3940659E+02    -0.4666183E+01
     0.3940523E+02    -0.4667805E+01
     0.3939374E+02    -0.4665824E+01
     0.3937703E+02    -0.4670096E+01
END
5
     0.4150598E+02    -0.1753896E+01
     0.4149587E+02    -0.1768458E+01
     0.4149354E+02    -0.1764343E+01
     0.4149487E+02    -0.1759960E+01
     0.4150482E+02    -0.1750197E+01
     0.4150819E+02    -0.1744183E+01
     0.4151183E+02    -0.1742535E+01
     0.4151435E+02    -0.1743428E+01
     0.4151528E+02    -0.1745029E+01
     0.4150969E+02    -0.1756355E+01
     0.4150651E+02    -0.1758228E+01
     0.4149883E+02    -0.1767508E+01
     0.4149587E+02    -0.1768458E+01
END
6
     0.4147562E+02    -0.1787828E+01
     0.4147501E+02    -0.1806620E+01
     0.4147157E+02    -0.1805507E+01
     0.4146854E+02    -0.1799788E+01
     0.4145852E+02    -0.1803802E+01
     0.4145735E+02    -0.1801514E+01
     0.4145912E+02    -0.1795516E+01
     0.4146703E+02    -0.1787385E+01
     0.4147861E+02    -0.1779216E+01
     0.4148198E+02    -0.1774122E+01
     0.4148540E+02    -0.1773166E+01
     0.4148680E+02    -0.1775911E+01
     0.4148421E+02    -0.1790197E+01
     0.4147699E+02    -0.1798551E+01
     0.4147706E+02    -0.1805680E+01
     0.4147501E+02    -0.1806620E+01
END
7
     0.4141547E+02    -0.1865435E+01
     0.4138965E+02    -0.1886156E+01
     0.4138985E+02    -0.1883854E+01
     0.4139437E+02    -0.1878518E+01
     0.4140621E+02    -0.1873336E+01
     0.4141003E+02    -0.1867548E+01
     0.4142474E+02    -0.1852218E+01
     0.4142950E+02    -0.1848718E+01
     0.4143475E+02    -0.1848204E+01
     0.4143458E+02    -0.1853035E+01
     0.4143119E+02    -0.1857210E+01
     0.4141893E+02    -0.1865386E+01
     0.4140423E+02    -0.1880717E+01
     0.4139127E+02    -0.1887520E+01
     0.4138965E+02    -0.1886156E+01
END
8
     0.4136267E+02    -0.1907513E+01
     0.4135405E+02    -0.1914810E+01
     0.4136489E+02    -0.1901820E+01
     0.4136812E+02    -0.1905006E+01
     0.4135702E+02    -0.1914550E+01
     0.4135405E+02    -0.1914810E+01
END
9
     0.4134125E+02    -0.1927378E+01
     0.4133870E+02    -0.1934517E+01
     0.4133707E+02    -0.1931313E+01
     0.4133750E+02    -0.1928549E+01
     0.4134452E+02    -0.1921807E+01
     0.4134727E+02    -0.1922470E+01
     0.4133870E+02    -0.1934517E+01
END
10
     0.4125755E+02    -0.1980914E+01
     0.4125269E+02    -0.1997720E+01
     0.4124712E+02    -0.1990186E+01
     0.4124564E+02    -0.1979161E+01
     0.4124898E+02    -0.1971076E+01
     0.4125444E+02    -0.1967802E+01
     0.4126615E+02    -0.1972513E+01
     0.4126964E+02    -0.1978688E+01
     0.4126899E+02    -0.1982145E+01
     0.4125667E+02    -0.1984799E+01
     0.4125563E+02    -0.1995160E+01
     0.4125269E+02    -0.1997720E+01
END
11
     0.4127405E+02    -0.1995306E+01
     0.4130088E+02    -0.1969401E+01
     0.4130205E+02    -0.1972380E+01
     0.4129597E+02    -0.1981642E+01
     0.4129032E+02    -0.1987909E+01
     0.4128011E+02    -0.1995373E+01
     0.4127881E+02    -0.2002286E+01
     0.4126793E+02    -0.2012287E+01
     0.4125598E+02    -0.2028509E+01
     0.4125433E+02    -0.2023465E+01
     0.4125723E+02    -0.2016765E+01
     0.4126674E+02    -0.2006779E+01
     0.4126753E+02    -0.1995730E+01
     0.4127069E+02    -0.1992018E+01
     0.4127627E+02    -0.1988631E+01
     0.4128456E+02    -0.1983598E+01
     0.4130088E+02    -0.1969401E+01
END
12
     0.4116740E+02    -0.2015926E+01
     0.4118571E+02    -0.2023464E+01
     0.4117906E+02    -0.2021460E+01
     0.4116993E+02    -0.2022702E+01
     0.4115799E+02    -0.2018221E+01
     0.4114400E+02    -0.2015370E+01
     0.4114534E+02    -0.2011447E+01
     0.4114783E+02    -0.2009122E+01
     0.4116954E+02    -0.2007525E+01
     0.4117499E+02    -0.2003790E+01
     0.4118096E+02    -0.2006260E+01
     0.4118389E+02    -0.2001862E+01
     0.4118867E+02    -0.1999284E+01
     0.4119053E+02    -0.2002715E+01
     0.4118721E+02    -0.2012868E+01
     0.4118934E+02    -0.2020438E+01
     0.4118571E+02    -0.2023464E+01
END
13
     0.4120584E+02    -0.2009972E+01
     0.4120559E+02    -0.2021195E+01
     0.4120169E+02    -0.2020774E+01
     0.4119749E+02    -0.2012766E+01
     0.4120014E+02    -0.2003079E+01
     0.4120241E+02    -0.2001216E+01
     0.4120790E+02    -0.2001621E+01
     0.4121394E+02    -0.2010760E+01
     0.4121082E+02    -0.2017922E+01
     0.4120559E+02    -0.2021195E+01
END
14
     0.4114226E+02    -0.2042527E+01
     0.4114757E+02    -0.2050061E+01
     0.4114368E+02    -0.2050105E+01
     0.4113444E+02    -0.2041916E+01
     0.4113302E+02    -0.2037101E+01
     0.4113553E+02    -0.2036615E+01
     0.4114609E+02    -0.2039961E+01
     0.4115047E+02    -0.2043367E+01
     0.4115073E+02    -0.2046814E+01
     0.4114757E+02    -0.2050061E+01
END
15
     0.4102696E+02    -0.2111346E+01
     0.4116782E+02    -0.2082298E+01
     0.4116759E+02    -0.2084599E+01
     0.4116274E+02    -0.2090522E+01
     0.4115201E+02    -0.2095706E+01
     0.4115110E+02    -0.2099574E+01
     0.4115207E+02    -0.2100770E+01
     0.4117020E+02    -0.2093774E+01
     0.4117207E+02    -0.2097896E+01
     0.4116462E+02    -0.2107861E+01
     0.4115123E+02    -0.2117886E+01
     0.4114690E+02    -0.2118849E+01
     0.4113848E+02    -0.2123993E+01
     0.4113002E+02    -0.2124077E+01
     0.4112908E+02    -0.2121326E+01
     0.4113173E+02    -0.2112099E+01
     0.4113059E+02    -0.2112341E+01
     0.4112656E+02    -0.2098579E+01
     0.4111916E+02    -0.2093422E+01
     0.4111797E+02    -0.2094641E+01
     0.4111791E+02    -0.2099349E+01
     0.4111789E+02    -0.2100965E+01
     0.4112257E+02    -0.2111040E+01
     0.4111495E+02    -0.2126757E+01
     0.4111261E+02    -0.2129543E+01
     0.4111261E+02    -0.2129543E+01
     0.4110772E+02    -0.2135340E+01
     0.4110431E+02    -0.2137673E+01
     0.4109906E+02    -0.2138416E+01
     0.4109101E+02    -0.2133895E+01
     0.4108828E+02    -0.2135072E+01
     0.4108550E+02    -0.2132109E+01
     0.4108981E+02    -0.2128616E+01
     0.4108746E+02    -0.2122889E+01
     0.4108972E+02    -0.2119647E+01
     0.4108991E+02    -0.2115734E+01
     0.4108671E+02    -0.2116456E+01
     0.4108369E+02    -0.2111655E+01
     0.4107956E+02    -0.2110316E+01
     0.4107920E+02    -0.2119980E+01
     0.4107348E+02    -0.2120037E+01
     0.4107191E+02    -0.2122582E+01
     0.4107239E+02    -0.2125338E+01
     0.4107710E+02    -0.2126927E+01
     0.4106786E+02    -0.2129293E+01
     0.4106104E+02    -0.2133041E+01
     0.4105600E+02    -0.2132401E+01
     0.4104837E+02    -0.2137735E+01
     0.4104837E+02    -0.2137735E+01
     0.4104532E+02    -0.2139866E+01
     0.4104005E+02    -0.2138538E+01
     0.4104585E+02    -0.2124679E+01
     0.4104536E+02    -0.2121464E+01
     0.4104169E+02    -0.2119889E+01
     0.4103691E+02    -0.2123157E+01
     0.4103407E+02    -0.2135606E+01
     0.4102821E+02    -0.2144175E+01
     0.4101863E+02    -0.2147259E+01
     0.4100742E+02    -0.2146448E+01
     0.4100407E+02    -0.2155452E+01
     0.4100175E+02    -0.2157465E+01
     0.4100113E+02    -0.2158011E+01
     0.4099490E+02    -0.2153242E+01
     0.4099356E+02    -0.2156706E+01
     0.4099852E+02    -0.2171839E+01
     0.4100384E+02    -0.2177768E+01
     0.4101506E+02    -0.2178578E+01
     0.4101517E+02    -0.2189619E+01
     0.4101116E+02    -0.2200009E+01
     0.4100637E+02    -0.2201436E+01
     0.4099994E+02    -0.2198509E+01
     0.4099299E+02    -0.2190295E+01
     0.4098988E+02    -0.2176754E+01
     0.4098590E+02    -0.2167592E+01
     0.4098382E+02    -0.2165772E+01
     0.4096758E+02    -0.2165470E+01
     0.4096449E+02    -0.2154688E+01
     0.4096714E+02    -0.2144772E+01
     0.4097281E+02    -0.2139886E+01
     0.4097385E+02    -0.2129524E+01
     0.4097278E+02    -0.2114353E+01
     0.4097615E+02    -0.2108110E+01
     0.4098117E+02    -0.2106451E+01
     0.4099046E+02    -0.2098309E+01
     0.4099261E+02    -0.2094651E+01
     0.4099564E+02    -0.2089519E+01
     0.4099905E+02    -0.2087874E+01
     0.4100635E+02    -0.2086193E+01
     0.4100937E+02    -0.2090304E+01
     0.4101418E+02    -0.2091407E+01
     0.4101599E+02    -0.2089319E+01
     0.4103511E+02    -0.2080390E+01
     0.4105713E+02    -0.2063843E+01
     0.4107137E+02    -0.2047142E+01
     0.4107660E+02    -0.2044559E+01
     0.4108664E+02    -0.2042160E+01
     0.4109579E+02    -0.2041615E+01
     0.4110516E+02    -0.2041057E+01
     0.4111418E+02    -0.2051318E+01
     0.4111803E+02    -0.2047369E+01
     0.4112420E+02    -0.2047079E+01
     0.4112973E+02    -0.2050704E+01
     0.4113544E+02    -0.2050416E+01
     0.4113689E+02    -0.2057993E+01
     0.4114375E+02    -0.2056775E+01
     0.4114729E+02    -0.2068010E+01
     0.4114729E+02    -0.2068010E+01
     0.4116222E+02    -0.2073842E+01
     0.4116800E+02    -0.2080455E+01
     0.4116782E+02    -0.2082298E+01
END
16
     0.4105355E+02    -0.2153268E+01
     0.4105193E+02    -0.2160504E+01
     0.4104803E+02    -0.2158702E+01
     0.4104570E+02    -0.2154585E+01
     0.4104792E+02    -0.2148582E+01
     0.4105180E+02    -0.2147623E+01
     0.4105731E+02    -0.2148949E+01
     0.4106263E+02    -0.2155338E+01
     0.4106017E+02    -0.2159962E+01
     0.4105193E+02    -0.2160504E+01
END
17
     0.4099158E+02    -0.2225349E+01
     0.4099637E+02    -0.2230979E+01
     0.4099018E+02    -0.2230119E+01
     0.4098372E+02    -0.2223971E+01
     0.4098415E+02    -0.2221897E+01
     0.4098621E+02    -0.2220956E+01
     0.4099082E+02    -0.2224822E+01
     0.4099446E+02    -0.2223176E+01
     0.4099768E+02    -0.2224525E+01
     0.4099885E+02    -0.2227504E+01
     0.4099637E+02    -0.2230979E+01
END
18
     0.4086819E+02    -0.2280995E+01
     0.4089566E+02    -0.2248289E+01
     0.4089614E+02    -0.2251275E+01
     0.4090312E+02    -0.2262250E+01
     0.4090789E+02    -0.2275969E+01
     0.4090830E+02    -0.2277153E+01
     0.4091690E+02    -0.2291332E+01
     0.4091422E+02    -0.2297109E+01
     0.4090530E+02    -0.2298115E+01
     0.4089473E+02    -0.2293617E+01
     0.4087669E+02    -0.2296091E+01
     0.4086096E+02    -0.2301993E+01
     0.4085118E+02    -0.2307609E+01
     0.4083390E+02    -0.2319046E+01
     0.4082324E+02    -0.2328580E+01
     0.4082049E+02    -0.2328146E+01
     0.4081886E+02    -0.2325401E+01
     0.4082090E+02    -0.2299386E+01
     0.4081950E+02    -0.2297099E+01
     0.4081991E+02    -0.2292265E+01
     0.4081991E+02    -0.2292265E+01
     0.4082166E+02    -0.2288383E+01
     0.4082461E+02    -0.2281868E+01
     0.4083165E+02    -0.2276509E+01
     0.4083662E+02    -0.2270480E+01
     0.4083885E+02    -0.2264478E+01
     0.4084925E+02    -0.2251957E+01
     0.4085657E+02    -0.2251426E+01
     0.4086339E+02    -0.2247220E+01
     0.4087708E+02    -0.2243867E+01
     0.4089036E+02    -0.2244890E+01
     0.4089566E+02    -0.2248289E+01
END
19
     0.4080093E+02    -0.2305197E+01
     0.4080911E+02    -0.2310541E+01
     0.4079348E+02    -0.2303789E+01
     0.4079369E+02    -0.2301026E+01
     0.4080309E+02    -0.2303697E+01
     0.4080954E+02    -0.2308467E+01
     0.4080911E+02    -0.2310541E+01
END
20
     0.4018770E+02    -0.2776608E+01
     0.4019052E+02    -0.2770136E+01
     0.4018812E+02    -0.2782812E+01
     0.4018562E+02    -0.2784904E+01
     0.4018466E+02    -0.2780081E+01
     0.4018869E+02    -0.2770382E+01
     0.4019052E+02    -0.2770136E+01
END
21
     0.3791534E+02     0.2605329E+01
     0.3448134E+02     0.9402629E+00
     0.3447820E+02     0.9439506E+00
     0.3447767E+02     0.9468821E+00
     0.3448396E+02     0.9788778E+00
     0.3448484E+02     0.9816427E+00
     0.3448743E+02     0.9896867E+00
     0.3448960E+02     0.1020838E+01
     0.3449223E+02     0.1034343E+01
     0.3450039E+02     0.1066348E+01
     0.3451144E+02     0.1093381E+01
     0.3451596E+02     0.1101287E+01
     0.3451718E+02     0.1102144E+01
     0.3451863E+02     0.1103166E+01
     0.3456467E+02     0.1101049E+01
     0.3456900E+02     0.1103971E+01
     0.3457208E+02     0.1109173E+01
     0.3457370E+02     0.1117900E+01
     0.3457772E+02     0.1153006E+01
     0.3460021E+02     0.1154523E+01
     0.3462128E+02     0.1166325E+01
     0.3463885E+02     0.1170793E+01
     0.3464614E+02     0.1174971E+01
     0.3466704E+02     0.1197611E+01
     0.3467955E+02     0.1208253E+01
     0.3468548E+02     0.1210355E+01
     0.3470489E+02     0.1212993E+01
     0.3470689E+02     0.1212781E+01
     0.3471106E+02     0.1212339E+01
     0.3472247E+02     0.1214931E+01
     0.3476930E+02     0.1217952E+01
     0.3479980E+02     0.1227813E+01
     0.3480316E+02     0.1237558E+01
     0.3481306E+02     0.1251597E+01
     0.3481601E+02     0.1260910E+01
     0.3481976E+02     0.1266255E+01
     0.3482127E+02     0.1268403E+01
     0.3482355E+02     0.1278379E+01
     0.3482237E+02     0.1288011E+01
     0.3482976E+02     0.1302157E+01
     0.3482893E+02     0.1305809E+01
     0.3479274E+02     0.1362677E+01
     0.3479405E+02     0.1368995E+01
     0.3479783E+02     0.1375487E+01
     0.3479647E+02     0.1377645E+01
     0.3477094E+02     0.1418265E+01
     0.3476976E+02     0.1424242E+01
     0.3477471E+02     0.1426585E+01
     0.3478645E+02     0.1424298E+01
     0.3478857E+02     0.1432945E+01
     0.3480804E+02     0.1438991E+01
     0.3482010E+02     0.1440526E+01
     0.3482687E+02     0.1444203E+01
     0.3483033E+02     0.1443882E+01
     0.3483192E+02     0.1443008E+01
     0.3483960E+02     0.1438762E+01
     0.3484291E+02     0.1437776E+01
     0.3484555E+02     0.1438615E+01
     0.3484570E+02     0.1444431E+01
     0.3484250E+02     0.1455457E+01
     0.3484281E+02     0.1459364E+01
     0.3486140E+02     0.1523386E+01
     0.3486655E+02     0.1532843E+01
     0.3487513E+02     0.1542027E+01
     0.3488865E+02     0.1556514E+01
     0.3489901E+02     0.1555571E+01
     0.3491096E+02     0.1567816E+01
     0.3491808E+02     0.1569141E+01
     0.3492761E+02     0.1574704E+01
     0.3494766E+02     0.1581766E+01
     0.3496086E+02     0.1606548E+01
     0.3496707E+02     0.1615673E+01
     0.3496763E+02     0.1616498E+01
     0.3497005E+02     0.1621063E+01
     0.3497084E+02     0.1626925E+01
     0.3499773E+02     0.1677793E+01
     0.3499902E+02     0.1682517E+01
     0.3500000E+02     0.1688695E+01
     0.3500716E+02     0.1733666E+01
     0.3502705E+02     0.1858473E+01
     0.3503355E+02     0.1899293E+01
     0.3503605E+02     0.1919515E+01
     0.3503396E+02     0.1924200E+01
     0.3500273E+02     0.1968678E+01
     0.3500000E+02     0.1971539E+01
     0.3499922E+02     0.1972358E+01
     0.3499727E+02     0.1974395E+01
     0.3498712E+02     0.1990004E+01
     0.3498555E+02     0.1994691E+01
     0.3497817E+02     0.2038460E+01
     0.3497813E+02     0.2050189E+01
     0.3497160E+02     0.2069459E+01
     0.3496763E+02     0.2092618E+01
     0.3494628E+02     0.2217197E+01
     0.3492492E+02     0.2341783E+01
     0.3491729E+02     0.2386294E+01
     0.3491543E+02     0.2401149E+01
     0.3491618E+02     0.2409495E+01
     0.3491953E+02     0.2417848E+01
     0.3495346E+02     0.2452864E+01
     0.3495444E+02     0.2458109E+01
     0.3493883E+02     0.2473964E+01
     0.3493308E+02     0.2487765E+01
     0.3492859E+02     0.2518256E+01
     0.3491016E+02     0.2519762E+01
     0.3490444E+02     0.2524177E+01
     0.3490184E+02     0.2528340E+01
     0.3489870E+02     0.2537716E+01
     0.3489748E+02     0.2550025E+01
     0.3489415E+02     0.2583591E+01
     0.3489155E+02     0.2587755E+01
     0.3488895E+02     0.2588789E+01
     0.3488247E+02     0.2587465E+01
     0.3488015E+02     0.2581200E+01
     0.3487991E+02     0.2574681E+01
     0.3487578E+02     0.2568931E+01
     0.3486462E+02     0.2568635E+01
     0.3486176E+02     0.2570972E+01
     0.3484536E+02     0.2591778E+01
     0.3483615E+02     0.2605516E+01
     0.3477838E+02     0.2691684E+01
     0.3477796E+02     0.2714216E+01
     0.3477682E+02     0.2775642E+01
     0.3477179E+02     0.2812131E+01
     0.3475203E+02     0.2824060E+01
     0.3475033E+02     0.2828776E+01
     0.3474679E+02     0.2838645E+01
     0.3474262E+02     0.2844889E+01
     0.3473586E+02     0.2850343E+01
     0.3471923E+02     0.2856544E+01
     0.3470698E+02     0.2873192E+01
     0.3470308E+02     0.2874482E+01
     0.3469893E+02     0.2873686E+01
     0.3468157E+02     0.2864238E+01
     0.3465717E+02     0.2863894E+01
     0.3465059E+02     0.2869197E+01
     0.3464911E+02     0.2870384E+01
     0.3464207E+02     0.2880790E+01
     0.3463708E+02     0.2897462E+01
     0.3463396E+02     0.2900580E+01
     0.3462564E+02     0.2905245E+01
     0.3460589E+02     0.2912999E+01
     0.3459705E+02     0.2918443E+01
     0.3458937E+02     0.2965355E+01
     0.3458901E+02     0.2966603E+01
     0.3458438E+02     0.2982809E+01
     0.3457515E+02     0.3027630E+01
     0.3457276E+02     0.3043268E+01
     0.3457219E+02     0.3060217E+01
     0.3456664E+02     0.3089405E+01
     0.3456604E+02     0.3090595E+01
     0.3456115E+02     0.3100338E+01
     0.3455881E+02     0.3103198E+01
     0.3455647E+02     0.3102668E+01
     0.3455464E+02     0.3106573E+01
     0.3454937E+02     0.3131329E+01
     0.3454572E+02     0.3134706E+01
     0.3451219E+02     0.3146580E+01
     0.3450154E+02     0.3147063E+01
     0.3449714E+02     0.3143656E+01
     0.3449325E+02     0.3142599E+01
     0.3448881E+02     0.3151449E+01
     0.3448412E+02     0.3155605E+01
     0.3448188E+02     0.3156872E+01
     0.3446669E+02     0.3165450E+01
     0.3446226E+02     0.3170650E+01
     0.3445232E+02     0.3192519E+01
     0.3445033E+02     0.3243105E+01
     0.3444439E+02     0.3269900E+01
     0.3443952E+02     0.3291833E+01
     0.3442666E+02     0.3329861E+01
     0.3441308E+02     0.3354064E+01
     0.3440129E+02     0.3381403E+01
     0.3440081E+02     0.3387643E+01
     0.3439967E+02     0.3402522E+01
     0.3440197E+02     0.3411137E+01
     0.3441592E+02     0.3433880E+01
     0.3441590E+02     0.3439617E+01
     0.3441405E+02     0.3448216E+01
     0.3439549E+02     0.3482051E+01
     0.3439626E+02     0.3484401E+01
     0.3440586E+02     0.3488089E+01
     0.3441578E+02     0.3487892E+01
     0.3442869E+02     0.3495216E+01
     0.3444087E+02     0.3504912E+01
     0.3444810E+02     0.3517457E+01
     0.3445242E+02     0.3545901E+01
     0.3445471E+02     0.3598575E+01
     0.3445507E+02     0.3606678E+01
     0.3445985E+02     0.3649729E+01
     0.3446005E+02     0.3667987E+01
     0.3445613E+02     0.3674232E+01
     0.3444625E+02     0.3678368E+01
     0.3441322E+02     0.3688937E+01
     0.3440938E+02     0.3688923E+01
     0.3440725E+02     0.3688915E+01
     0.3440463E+02     0.3693077E+01
     0.3439786E+02     0.3698790E+01
     0.3438713E+02     0.3720918E+01
     0.3438165E+02     0.3727417E+01
     0.3437462E+02     0.3732607E+01
     0.3435122E+02     0.3737472E+01
     0.3433979E+02     0.3734560E+01
     0.3433226E+02     0.3734269E+01
     0.3432656E+02     0.3731639E+01
     0.3432190E+02     0.3727448E+01
     0.3431646E+02     0.3720124E+01
     0.3431531E+02     0.3716778E+01
     0.3430721E+02     0.3693225E+01
     0.3430306E+02     0.3690861E+01
     0.3429933E+02     0.3716667E+01
     0.3426648E+02     0.3747313E+01
     0.3425732E+02     0.3765795E+01
     0.3425572E+02     0.3770562E+01
     0.3425207E+02     0.3781422E+01
     0.3424427E+02     0.3782696E+01
     0.3422844E+02     0.3776112E+01
     0.3422507E+02     0.3776360E+01
     0.3422141E+02     0.3781040E+01
     0.3421700E+02     0.3780761E+01
     0.3419624E+02     0.3773114E+01
     0.3418767E+02     0.3771514E+01
     0.3417470E+02     0.3765202E+01
     0.3417210E+02     0.3767278E+01
     0.3416948E+02     0.3771962E+01
     0.3416946E+02     0.3776135E+01
     0.3418496E+02     0.3784829E+01
     0.3418632E+02     0.3785593E+01
     0.3418890E+02     0.3790298E+01
     0.3418836E+02     0.3794990E+01
     0.3418497E+02     0.3798106E+01
     0.3415898E+02     0.3800348E+01
     0.3415560E+02     0.3801899E+01
     0.3415585E+02     0.3805290E+01
     0.3416489E+02     0.3818629E+01
     0.3417240E+02     0.3824919E+01
     0.3417915E+02     0.3827554E+01
     0.3420902E+02     0.3828979E+01
     0.3421992E+02     0.3834239E+01
     0.3422061E+02     0.3835588E+01
     0.3422327E+02     0.3840773E+01
     0.3422349E+02     0.3851467E+01
     0.3421901E+02     0.3867880E+01
     0.3421535E+02     0.3875429E+01
     0.3421143E+02     0.3879847E+01
     0.3420103E+02     0.3881370E+01
     0.3418596E+02     0.3881570E+01
     0.3417921E+02     0.3879977E+01
     0.3416339E+02     0.3871306E+01
     0.3415794E+02     0.3869720E+01
     0.3413600E+02     0.3872508E+01
     0.3412414E+02     0.3874014E+01
     0.3409114E+02     0.3873095E+01
     0.3409033E+02     0.3881959E+01
     0.3409291E+02     0.3886143E+01
     0.3411185E+02     0.3894828E+01
     0.3411859E+02     0.3899290E+01
     0.3412296E+02     0.3910784E+01
     0.3412840E+02     0.3936446E+01
     0.3412960E+02     0.3942109E+01
     0.3412930E+02     0.3953583E+01
     0.3409516E+02     0.3977437E+01
     0.3407872E+02     0.3996407E+01
     0.3405866E+02     0.4008320E+01
     0.3405705E+02     0.4020311E+01
     0.3406115E+02     0.4025761E+01
     0.3406197E+02     0.4026852E+01
     0.3408636E+02     0.4036865E+01
     0.3409049E+02     0.4043924E+01
     0.3409151E+02     0.4048883E+01
     0.3409070E+02     0.4055400E+01
     0.3408703E+02     0.4065296E+01
     0.3407342E+02     0.4088451E+01
     0.3407055E+02     0.4092091E+01
     0.3405543E+02     0.4103503E+01
     0.3405231E+02     0.4109164E+01
     0.3405342E+02     0.4118376E+01
     0.3405401E+02     0.4120317E+01
     0.3406173E+02     0.4145650E+01
     0.3406132E+02     0.4151020E+01
     0.3404448E+02     0.4180050E+01
     0.3404044E+02     0.4183627E+01
     0.3402099E+02     0.4194176E+01
     0.3399450E+02     0.4214427E+01
     0.3404249E+02     0.4259015E+01
     0.3408485E+02     0.4302599E+01
     0.3417290E+02     0.4393160E+01
     0.3417779E+02     0.4398188E+01
     0.3426057E+02     0.4484087E+01
     0.3426520E+02     0.4488884E+01
     0.3426836E+02     0.4494326E+01
     0.3430547E+02     0.4535991E+01
     0.3432928E+02     0.4557802E+01
     0.3434639E+02     0.4576421E+01
     0.3437846E+02     0.4611326E+01
     0.3445726E+02     0.4612072E+01
     0.3454631E+02     0.4612907E+01
     0.3456065E+02     0.4610723E+01
     0.3457084E+02     0.4612676E+01
     0.3458304E+02     0.4612792E+01
     0.3470916E+02     0.4613986E+01
     0.3478423E+02     0.4614687E+01
     0.3483529E+02     0.4614747E+01
     0.3493425E+02     0.4614851E+01
     0.3496038E+02     0.4613017E+01
     0.3496131E+02     0.4613316E+01
     0.3496642E+02     0.4614952E+01
     0.3497852E+02     0.4615628E+01
     0.3500000E+02     0.4615925E+01
     0.3508715E+02     0.4617130E+01
     0.3521328E+02     0.4618855E+01
     0.3533939E+02     0.4620561E+01
     0.3539194E+02     0.4621266E+01
     0.3540309E+02     0.4620337E+01
     0.3541652E+02     0.4621923E+01
     0.3542602E+02     0.4621764E+01
     0.3543681E+02     0.4619592E+01
     0.3544357E+02     0.4621808E+01
     0.3546481E+02     0.4622354E+01
     0.3550681E+02     0.4623431E+01
     0.3552254E+02     0.4621453E+01
     0.3553478E+02     0.4623315E+01
     0.3559066E+02     0.4623974E+01
     0.3569033E+02     0.4625139E+01
     0.3569436E+02     0.4624965E+01
     0.3569838E+02     0.4622774E+01
     0.3570405E+02     0.4622787E+01
     0.3571263E+02     0.4625371E+01
     0.3571585E+02     0.4625490E+01
     0.3573384E+02     0.4626150E+01
     0.3584197E+02     0.4626532E+01
     0.3586087E+02     0.4626597E+01
     0.3588975E+02     0.4628854E+01
     0.3594770E+02     0.4629333E+01
     0.3594770E+02     0.4629333E+01
     0.3594935E+02     0.4626770E+01
     0.3594917E+02     0.4620171E+01
     0.3594505E+02     0.4574524E+01
     0.3595382E+02     0.4569776E+01
     0.3596078E+02     0.4562824E+01
     0.3595378E+02     0.4543073E+01
     0.3595598E+02     0.4534607E+01
     0.3595802E+02     0.4531317E+01
     0.3596459E+02     0.4527251E+01
     0.3597132E+02     0.4520144E+01
     0.3601379E+02     0.4475266E+01
     0.3602882E+02     0.4461332E+01
     0.3603728E+02     0.4449740E+01
     0.3604136E+02     0.4447551E+01
     0.3604761E+02     0.4446621E+01
     0.3606627E+02     0.4446818E+01
     0.3613660E+02     0.4447558E+01
     0.3614285E+02     0.4449137E+01
     0.3618914E+02     0.4449683E+01
     0.3619217E+02     0.4449501E+01
     0.3621198E+02     0.4448308E+01
     0.3623340E+02     0.4450693E+01
     0.3624528E+02     0.4460594E+01
     0.3626375E+02     0.4449485E+01
     0.3627908E+02     0.4448881E+01
     0.3631146E+02     0.4448545E+01
     0.3643756E+02     0.4447224E+01
     0.3654401E+02     0.4446094E+01
     0.3656359E+02     0.4447708E+01
     0.3664629E+02     0.4454521E+01
     0.3665521E+02     0.4444334E+01
     0.3666569E+02     0.4440267E+01
     0.3668406E+02     0.4440650E+01
     0.3681013E+02     0.4443271E+01
     0.3686837E+02     0.4444474E+01
     0.3688227E+02     0.4436585E+01
     0.3690429E+02     0.4426843E+01
     0.3693049E+02     0.4417496E+01
     0.3695109E+02     0.4410147E+01
     0.3695572E+02     0.4407362E+01
     0.3696313E+02     0.4398305E+01
     0.3697449E+02     0.4397848E+01
     0.3697958E+02     0.4395992E+01
     0.3699348E+02     0.4383919E+01
     0.3700275E+02     0.4382531E+01
     0.3700623E+02     0.4380674E+01
     0.3702546E+02     0.4379059E+01
     0.3704190E+02     0.4375583E+01
     0.3704376E+02     0.4373817E+01
     0.3704654E+02     0.4371171E+01
     0.3705418E+02     0.4358396E+01
     0.3706855E+02     0.4345393E+01
     0.3708522E+02     0.4342381E+01
     0.3709055E+02     0.4340060E+01
     0.3709496E+02     0.4334950E+01
     0.3711164E+02     0.4306845E+01
     0.3712230E+02     0.4298020E+01
     0.3713341E+02     0.4296167E+01
     0.3713419E+02     0.4295809E+01
     0.3713943E+02     0.4293381E+01
     0.3716908E+02     0.4273412E+01
     0.3719479E+02     0.4259016E+01
     0.3720012E+02     0.4253906E+01
     0.3723996E+02     0.4227488E+01
     0.3728767E+02     0.4195847E+01
     0.3733838E+02     0.4164491E+01
     0.3734618E+02     0.4159431E+01
     0.3745202E+02     0.4090759E+01
     0.3749305E+02     0.4064131E+01
     0.3750902E+02     0.4055766E+01
     0.3752060E+02     0.4045774E+01
     0.3753171E+02     0.4040662E+01
     0.3754652E+02     0.4028811E+01
     0.3755717E+02     0.4023699E+01
     0.3755787E+02     0.4023118E+01
     0.3756713E+02     0.4015334E+01
     0.3763472E+02     0.3974431E+01
     0.3764490E+02     0.3966297E+01
     0.3764912E+02     0.3953008E+01
     0.3765338E+02     0.3949114E+01
     0.3765532E+02     0.3947814E+01
     0.3776009E+02     0.3877551E+01
     0.3786484E+02     0.3807276E+01
     0.3796258E+02     0.3741681E+01
     0.3796762E+02     0.3739537E+01
     0.3797056E+02     0.3739479E+01
     0.3797770E+02     0.3739337E+01
     0.3798836E+02     0.3734269E+01
     0.3800077E+02     0.3733872E+01
     0.3800639E+02     0.3729002E+01
     0.3801317E+02     0.3717318E+01
     0.3802576E+02     0.3705047E+01
     0.3803176E+02     0.3694336E+01
     0.3804145E+02     0.3683234E+01
     0.3806466E+02     0.3665383E+01
     0.3809337E+02     0.3643293E+01
     0.3810229E+02     0.3638614E+01
     0.3812108E+02     0.3622054E+01
     0.3812922E+02     0.3616987E+01
     0.3813794E+02     0.3617369E+01
     0.3814570E+02     0.3620672E+01
     0.3815268E+02     0.3618915E+01
     0.3815985E+02     0.3623192E+01
     0.3817110E+02     0.3623961E+01
     0.3817228E+02     0.3623894E+01
     0.3817808E+02     0.3623565E+01
     0.3818835E+02     0.3619469E+01
     0.3824613E+02     0.3615330E+01
     0.3825195E+02     0.3616104E+01
     0.3827889E+02     0.3613547E+01
     0.3829150E+02     0.3613730E+01
     0.3829697E+02     0.3612307E+01
     0.3829750E+02     0.3612167E+01
     0.3841363E+02     0.3604453E+01
     0.3842267E+02     0.3604376E+01
     0.3844000E+02     0.3604228E+01
     0.3844698E+02     0.3602858E+01
     0.3845765E+02     0.3606349E+01
     0.3847744E+02     0.3616058E+01
     0.3848849E+02     0.3618381E+01
     0.3851682E+02     0.3629831E+01
     0.3852148E+02     0.3634886E+01
     0.3852072E+02     0.3649097E+01
     0.3852275E+02     0.3654156E+01
     0.3852383E+02     0.3656880E+01
     0.3853082E+02     0.3658818E+01
     0.3853741E+02     0.3657836E+01
     0.3855117E+02     0.3653146E+01
     0.3856046E+02     0.3645737E+01
     0.3856258E+02     0.3637559E+01
     0.3856199E+02     0.3627243E+01
     0.3856372E+02     0.3623152E+01
     0.3857980E+02     0.3611841E+01
     0.3858929E+02     0.3608909E+01
     0.3859821E+02     0.3608118E+01
     0.3860578E+02     0.3611417E+01
     0.3861141E+02     0.3618222E+01
     0.3861393E+02     0.3618219E+01
     0.3861506E+02     0.3617215E+01
     0.3861568E+02     0.3616659E+01
     0.3861702E+02     0.3609455E+01
     0.3861935E+02     0.3607310E+01
     0.3863176E+02     0.3609045E+01
     0.3866780E+02     0.3600819E+01
     0.3867405E+02     0.3620859E+01
     0.3867638E+02     0.3624166E+01
     0.3868103E+02     0.3625132E+01
     0.3868781E+02     0.3623564E+01
     0.3869575E+02     0.3615183E+01
     0.3870443E+02     0.3600507E+01
     0.3871547E+02     0.3581867E+01
     0.3872031E+02     0.3577966E+01
     0.3874821E+02     0.3570333E+01
     0.3881276E+02     0.3545191E+01
     0.3882900E+02     0.3538865E+01
     0.3884078E+02     0.3536814E+01
     0.3885415E+02     0.3538282E+01
     0.3891565E+02     0.3512155E+01
     0.3893195E+02     0.3513421E+01
     0.3895493E+02     0.3515203E+01
     0.3896061E+02     0.3518852E+01
     0.3896617E+02     0.3532938E+01
     0.3896914E+02     0.3534017E+01
     0.3897765E+02     0.3532917E+01
     0.3899046E+02     0.3527879E+01
     0.3899586E+02     0.3529361E+01
     0.3900787E+02     0.3527441E+01
     0.3901325E+02     0.3519434E+01
     0.3901771E+02     0.3518748E+01
     0.3902177E+02     0.3523756E+01
     0.3902179E+02     0.3532430E+01
     0.3902422E+02     0.3533509E+01
     0.3903019E+02     0.3533616E+01
     0.3903110E+02     0.3533632E+01
     0.3904473E+02     0.3529676E+01
     0.3904985E+02     0.3529666E+01
     0.3908200E+02     0.3539227E+01
     0.3908659E+02     0.3539489E+01
     0.3909604E+02     0.3537844E+01
     0.3910224E+02     0.3534037E+01
     0.3912312E+02     0.3516919E+01
     0.3913810E+02     0.3514449E+01
     0.3914584E+02     0.3510624E+01
     0.3917828E+02     0.3494579E+01
     0.3918327E+02     0.3491587E+01
     0.3919242E+02     0.3482758E+01
     0.3920444E+02     0.3486258E+01
     0.3923723E+02     0.3480902E+01
     0.3926267E+02     0.3478593E+01
     0.3928312E+02     0.3476737E+01
     0.3930190E+02     0.3486726E+01
     0.3932260E+02     0.3504706E+01
     0.3932854E+02     0.3506319E+01
     0.3933218E+02     0.3504006E+01
     0.3933080E+02     0.3490727E+01
     0.3933158E+02     0.3482051E+01
     0.3933224E+02     0.3476357E+01
     0.3933574E+02     0.3470115E+01
     0.3934727E+02     0.3469853E+01
     0.3940876E+02     0.3468456E+01
     0.3941874E+02     0.3466129E+01
     0.3942534E+02     0.3461234E+01
     0.3942844E+02     0.3460684E+01
     0.3947069E+02     0.3460448E+01
     0.3947128E+02     0.3460542E+01
     0.3948919E+02     0.3463384E+01
     0.3949688E+02     0.3461333E+01
     0.3950159E+02     0.3457662E+01
     0.3950775E+02     0.3440705E+01
     0.3951483E+02     0.3414258E+01
     0.3951927E+02     0.3408283E+01
     0.3952830E+02     0.3402976E+01
     0.3953289E+02     0.3402422E+01
     0.3954707E+02     0.3405368E+01
     0.3955701E+02     0.3411483E+01
     0.3955761E+02     0.3411847E+01
     0.3956208E+02     0.3416309E+01
     0.3956792E+02     0.3429983E+01
     0.3958181E+02     0.3476435E+01
     0.3958507E+02     0.3481984E+01
     0.3961214E+02     0.3506446E+01
     0.3961972E+02     0.3516320E+01
     0.3962014E+02     0.3516755E+01
     0.3970823E+02     0.3607198E+01
     0.3976284E+02     0.3663264E+01
     0.3978296E+02     0.3706891E+01
     0.3983488E+02     0.3819472E+01
     0.3983633E+02     0.3821424E+01
     0.3985753E+02     0.3850039E+01
     0.3986507E+02     0.3867917E+01
     0.3986957E+02     0.3874727E+01
     0.3992585E+02     0.3903187E+01
     0.4000000E+02     0.3940672E+01
     0.4003841E+02     0.3960092E+01
     0.4010611E+02     0.3994300E+01
     0.4012223E+02     0.4000173E+01
     0.4012959E+02     0.4006254E+01
     0.4015071E+02     0.4016765E+01
     0.4017224E+02     0.4027481E+01
     0.4019198E+02     0.4043934E+01
     0.4021220E+02     0.4043508E+01
     0.4023405E+02     0.4050078E+01
     0.4032418E+02     0.4084782E+01
     0.4033037E+02     0.4087369E+01
     0.4037579E+02     0.4106327E+01
     0.4038777E+02     0.4104848E+01
     0.4040302E+02     0.4119734E+01
     0.4041767E+02     0.4127468E+01
     0.4044259E+02     0.4137832E+01
     0.4055906E+02     0.4186256E+01
     0.4065216E+02     0.4224947E+01
     0.4067359E+02     0.4233181E+01
     0.4067593E+02     0.4233425E+01
     0.4069033E+02     0.4234930E+01
     0.4070921E+02     0.4246799E+01
     0.4072430E+02     0.4249159E+01
     0.4074710E+02     0.4261769E+01
     0.4077492E+02     0.4281918E+01
     0.4077839E+02     0.4280997E+01
     0.4078464E+02     0.4273007E+01
     0.4081384E+02     0.4255151E+01
     0.4083069E+02     0.4248430E+01
     0.4084410E+02     0.4246258E+01
     0.4085577E+02     0.4226707E+01
     0.4087322E+02     0.4220889E+01
     0.4088238E+02     0.4212838E+01
     0.4088401E+02     0.4206935E+01
     0.4088378E+02     0.4206213E+01
     0.4088140E+02     0.4198858E+01
     0.4088140E+02     0.4198858E+01
     0.4088321E+02     0.4192657E+01
     0.4089849E+02     0.4170743E+01
     0.4090416E+02     0.4154616E+01
     0.4090645E+02     0.4152537E+01
     0.4091378E+02     0.4151129E+01
     0.4092981E+02     0.4144166E+01
     0.4094791E+02     0.4140877E+01
     0.4096508E+02     0.4132068E+01
     0.4097216E+02     0.4125370E+01
     0.4097717E+02     0.4116377E+01
     0.4098219E+02     0.4110606E+01
     0.4099342E+02     0.4107802E+01
     0.4100142E+02     0.4102710E+01
     0.4100986E+02     0.4089333E+01
     0.4102311E+02     0.4076627E+01
     0.4102607E+02     0.4070864E+01
     0.4103180E+02     0.4071532E+01
     0.4103523E+02     0.4070368E+01
     0.4104071E+02     0.4064825E+01
     0.4104436E+02     0.4058829E+01
     0.4105739E+02     0.4047734E+01
     0.4106070E+02     0.4043040E+01
     0.4106537E+02     0.4036428E+01
     0.4107265E+02     0.4022596E+01
     0.4109187E+02     0.4013317E+01
     0.4109853E+02     0.3995189E+01
     0.4110402E+02     0.3989195E+01
     0.4110539E+02     0.3985282E+01
     0.4111182E+02     0.3987568E+01
     0.4111800E+02     0.3987095E+01
     0.4112258E+02     0.3982483E+01
     0.4112486E+02     0.3974196E+01
     0.4113334E+02     0.3974178E+01
     0.4113562E+02     0.3971412E+01
     0.4113263E+02     0.3966588E+01
     0.4113588E+02     0.3964742E+01
     0.4114889E+02     0.3957349E+01
     0.4116286E+02     0.3951336E+01
     0.4116927E+02     0.3942580E+01
     0.4118157E+02     0.3939518E+01
     0.4118157E+02     0.3939518E+01
     0.4118587E+02     0.3941414E+01
     0.4120098E+02     0.3938106E+01
     0.4120275E+02     0.3938919E+01
     0.4120321E+02     0.3947948E+01
     0.4121455E+02     0.3953506E+01
     0.4122708E+02     0.3949891E+01
     0.4123011E+02     0.3956035E+01
     0.4123530E+02     0.3958885E+01
     0.4125219E+02     0.3954702E+01
     0.4127088E+02     0.3957763E+01
     0.4127578E+02     0.3955415E+01
     0.4127807E+02     0.3949794E+01
     0.4128174E+02     0.3948545E+01
     0.4128655E+02     0.3948429E+01
     0.4130983E+02     0.3947867E+01
     0.4131493E+02     0.3944275E+01
     0.4131493E+02     0.3944275E+01
     0.4132013E+02     0.3943838E+01
     0.4132265E+02     0.3940611E+01
     0.4132631E+02     0.3938762E+01
     0.4132975E+02     0.3939213E+01
     0.4133894E+02     0.3946553E+01
     0.4134835E+02     0.3950901E+01
     0.4135419E+02     0.3959759E+01
     0.4135456E+02     0.3960318E+01
     0.4135938E+02     0.3960996E+01
     0.4135960E+02     0.3958925E+01
     0.4136578E+02     0.3954309E+01
     0.4137357E+02     0.3951529E+01
     0.4137862E+02     0.3951746E+01
     0.4139125E+02     0.3962757E+01
     0.4139470E+02     0.3962288E+01
     0.4140545E+02     0.3953289E+01
     0.4141369E+02     0.3948897E+01
     0.4141919E+02     0.3947963E+01
     0.4142171E+02     0.3949336E+01
     0.4142675E+02     0.3945413E+01
     0.4143019E+02     0.3944944E+01
     0.4143547E+02     0.3947461E+01
     0.4143709E+02     0.3954818E+01
     0.4144534E+02     0.3953647E+01
     0.4145896E+02     0.3956343E+01
     0.4146025E+02     0.3956599E+01
     0.4146827E+02     0.3953127E+01
     0.4147286E+02     0.3955186E+01
     0.4147629E+02     0.3952646E+01
     0.4147973E+02     0.3952177E+01
     0.4148204E+02     0.3957462E+01
     0.4148433E+02     0.3958607E+01
     0.4148938E+02     0.3957903E+01
     0.4149971E+02     0.3963627E+01
     0.4150567E+02     0.3964762E+01
     0.4150681E+02     0.3961998E+01
     0.4150519E+02     0.3954871E+01
     0.4150977E+02     0.3954628E+01
     0.4151827E+02     0.3959667E+01
     0.4152403E+02     0.3971154E+01
     0.4154516E+02     0.3982140E+01
     0.4155066E+02     0.3981666E+01
     0.4155445E+02     0.3978253E+01
     0.4155706E+02     0.3975897E+01
     0.4156026E+02     0.3970827E+01
     0.4156690E+02     0.3966667E+01
     0.4157631E+02     0.3970783E+01
     0.4158204E+02     0.3971227E+01
     0.4158800E+02     0.3969370E+01
     0.4159327E+02     0.3970046E+01
     0.4160223E+02     0.3974852E+01
     0.4160818E+02     0.3972996E+01
     0.4161782E+02     0.3973889E+01
     0.4162770E+02     0.3983294E+01
     0.4163160E+02     0.3982362E+01
     0.4165517E+02     0.3965502E+01
     0.4166388E+02     0.3965707E+01
     0.4167441E+02     0.3959925E+01
     0.4168063E+02     0.3969340E+01
     0.4168407E+02     0.3970710E+01
     0.4168751E+02     0.3969780E+01
     0.4169258E+02     0.3978048E+01
     0.4171369E+02     0.3983278E+01
     0.4172059E+02     0.3992460E+01
     0.4172356E+02     0.3987160E+01
     0.4173021E+02     0.3986680E+01
     0.4173412E+02     0.3991500E+01
     0.4173571E+02     0.3986894E+01
     0.4174075E+02     0.3984579E+01
     0.4174419E+02     0.3985949E+01
     0.4174693E+02     0.3983410E+01
     0.4175153E+02     0.3985467E+01
     0.4175542E+02     0.3984766E+01
     0.4175357E+02     0.3979710E+01
     0.4175377E+02     0.3978401E+01
     0.4175402E+02     0.3976718E+01
     0.4177258E+02     0.3972291E+01
     0.4177809E+02     0.3973886E+01
     0.4178223E+02     0.3979394E+01
     0.4178429E+02     0.3977318E+01
     0.4178727E+02     0.3977079E+01
     0.4179255E+02     0.3979364E+01
     0.4179414E+02     0.3975448E+01
     0.4179298E+02     0.3969010E+01
     0.4179479E+02     0.3960262E+01
     0.4179821E+02     0.3956801E+01
     0.4180211E+02     0.3955409E+01
     0.4180578E+02     0.3957468E+01
     0.4180991E+02     0.3956075E+01
     0.4182068E+02     0.3955812E+01
     0.4182251E+02     0.3953737E+01
     0.4181997E+02     0.3948223E+01
     0.4182065E+02     0.3946150E+01
     0.4182431E+02     0.3944529E+01
     0.4182936E+02     0.3946814E+01
     0.4183349E+02     0.3945881E+01
     0.4183556E+02     0.3947025E+01
     0.4183812E+02     0.3952358E+01
     0.4183812E+02     0.3952358E+01
     0.4184056E+02     0.3955019E+01
     0.4184545E+02     0.3950052E+01
     0.4185207E+02     0.3950187E+01
     0.4185668E+02     0.3954422E+01
     0.4186046E+02     0.3961218E+01
     0.4186386E+02     0.3963756E+01
     0.4187815E+02     0.3967768E+01
     0.4189009E+02     0.3978439E+01
     0.4189383E+02     0.3978760E+01
     0.4189908E+02     0.3975494E+01
     0.4187288E+02     0.3936615E+01
     0.4186019E+02     0.3912657E+01
     0.4183538E+02     0.3879222E+01
     0.4182975E+02     0.3873799E+01
     0.4182805E+02     0.3871442E+01
     0.4179058E+02     0.3819480E+01
     0.4176455E+02     0.3779404E+01
     0.4175542E+02     0.3768149E+01
     0.4174900E+02     0.3760231E+01
     0.4168094E+02     0.3666138E+01
     0.4166145E+02     0.3639192E+01
     0.4161065E+02     0.3564137E+01
     0.4160918E+02     0.3562177E+01
     0.4159253E+02     0.3539862E+01
     0.4153639E+02     0.3458952E+01
     0.4146439E+02     0.3355160E+01
     0.4139241E+02     0.3251363E+01
     0.4132813E+02     0.3158634E+01
     0.4131872E+02     0.3149008E+01
     0.4128568E+02     0.3115216E+01
     0.4126013E+02     0.3092333E+01
     0.4122794E+02     0.3061419E+01
     0.4113694E+02     0.2974011E+01
     0.4113354E+02     0.2970751E+01
     0.4108123E+02     0.2916805E+01
     0.4104811E+02     0.2884393E+01
     0.4099211E+02     0.2829568E+01
     0.4099211E+02     0.2781664E+01
     0.4099210E+02     0.2655210E+01
     0.4099209E+02     0.2528764E+01
     0.4099208E+02     0.2402324E+01
     0.4099208E+02     0.2333334E+01
     0.4099091E+02     0.2319638E+01
     0.4099102E+02     0.2275942E+01
     0.4099134E+02     0.2149519E+01
     0.4099144E+02     0.2109328E+01
     0.4099027E+02     0.2095263E+01
     0.4099165E+02     0.2023166E+01
     0.4099176E+02     0.2017509E+01
     0.4099031E+02     0.1941992E+01
     0.4099071E+02     0.1896777E+01
     0.4099129E+02     0.1831670E+01
     0.4099383E+02     0.1823886E+01
     0.4099148E+02     0.1792801E+01
     0.4099115E+02     0.1770884E+01
     0.4099096E+02     0.1757638E+01
     0.4099165E+02     0.1644503E+01
     0.4099180E+02     0.1619201E+01
     0.4099151E+02     0.1518130E+01
     0.4099115E+02     0.1391768E+01
     0.4099079E+02     0.1265418E+01
     0.4099043E+02     0.1139082E+01
     0.4099010E+02     0.1027149E+01
     0.4099037E+02     0.1012761E+01
     0.4099129E+02     0.9630588E+00
     0.4099088E+02     0.8864626E+00
     0.4099020E+02     0.7601702E+00
     0.4099001E+02     0.7223514E+00
     0.4099138E+02     0.6508170E+00
     0.4099125E+02     0.6339067E+00
     0.4099025E+02     0.5076481E+00
     0.4098925E+02     0.3814065E+00
     0.4098907E+02     0.3582266E+00
     0.4098973E+02     0.2551816E+00
     0.4099009E+02     0.1972122E+00
     0.4098937E+02     0.1289766E+00
     0.4098927E+02     0.1193125E+00
     0.4099096E+02     0.1066427E+00
     0.4098931E+02     0.9318604E-01
     0.4098863E+02     0.1401324E-01
     0.4100051E+02     0.0000000E+00
     0.4100048E+02    -0.8765365E-01
     0.4099906E+02    -0.1120065E+00
     0.4100032E+02    -0.1280723E+00
     0.4099948E+02    -0.1377237E+00
     0.4100085E+02    -0.2133306E+00
     0.4100141E+02    -0.2435854E+00
     0.4099938E+02    -0.3400694E+00
     0.4100001E+02    -0.3940470E+00
     0.4099780E+02    -0.4037111E+00
     0.4099999E+02    -0.4220729E+00
     0.4099824E+02    -0.4321940E+00
     0.4099945E+02    -0.4653614E+00
     0.4100082E+02    -0.5029333E+00
     0.4099883E+02    -0.5420055E+00
     0.4099996E+02    -0.5718650E+00
     0.4099889E+02    -0.5822123E+00
     0.4099888E+02    -0.5915439E+00
     0.4099879E+02    -0.6614838E+00
     0.4099951E+02    -0.7178915E+00
     0.4100099E+02    -0.8340486E+00
     0.4100724E+02    -0.8420790E+00
     0.4102589E+02    -0.8660443E+00
     0.4103347E+02    -0.8731140E+00
     0.4108244E+02    -0.9430110E+00
     0.4108634E+02    -0.9485755E+00
     0.4115907E+02    -0.1043123E+01
     0.4116845E+02    -0.1055314E+01
     0.4119548E+02    -0.1094191E+01
     0.4123403E+02    -0.1144497E+01
     0.4127185E+02    -0.1193848E+01
     0.4129149E+02    -0.1222437E+01
     0.4130897E+02    -0.1245904E+01
     0.4135176E+02    -0.1303366E+01
     0.4138559E+02    -0.1346063E+01
     0.4138960E+02    -0.1351130E+01
     0.4139217E+02    -0.1357318E+01
     0.4139838E+02    -0.1363478E+01
     0.4144598E+02    -0.1429791E+01
     0.4145963E+02    -0.1447811E+01
     0.4146677E+02    -0.1457222E+01
     0.4148130E+02    -0.1473895E+01
     0.4148524E+02    -0.1481683E+01
     0.4149194E+02    -0.1490139E+01
     0.4149561E+02    -0.1492409E+01
     0.4150441E+02    -0.1506827E+01
     0.4153539E+02    -0.1547963E+01
     0.4156794E+02    -0.1591183E+01
     0.4156717E+02    -0.1662053E+01
     0.4156717E+02    -0.1662053E+01
     0.4156229E+02    -0.1667341E+01
     0.4155229E+02    -0.1678182E+01
     0.4152550E+02    -0.1695709E+01
     0.4151782E+02    -0.1704528E+01
     0.4150861E+02    -0.1720032E+01
     0.4149869E+02    -0.1733012E+01
     0.4149017E+02    -0.1748510E+01
     0.4147952E+02    -0.1759893E+01
     0.4147887E+02    -0.1760585E+01
     0.4146064E+02    -0.1787912E+01
     0.4143735E+02    -0.1812300E+01
     0.4143655E+02    -0.1823347E+01
     0.4141386E+02    -0.1840600E+01
     0.4141297E+02    -0.1842218E+01
     0.4142350E+02    -0.1843260E+01
     0.4142442E+02    -0.1844401E+01
     0.4142263E+02    -0.1848329E+01
     0.4142202E+02    -0.1848831E+01
     0.4140110E+02    -0.1865800E+01
     0.4137620E+02    -0.1890434E+01
     0.4134374E+02    -0.1912846E+01
     0.4133786E+02    -0.1918885E+01
     0.4132918E+02    -0.1932574E+01
     0.4132773E+02    -0.1934859E+01
     0.4131969E+02    -0.1953110E+01
     0.4131494E+02    -0.1958449E+01
     0.4130947E+02    -0.1960344E+01
     0.4130190E+02    -0.1957891E+01
     0.4129825E+02    -0.1958618E+01
     0.4129130E+02    -0.1971799E+01
     0.4129130E+02    -0.1971799E+01
     0.4128219E+02    -0.1975802E+01
     0.4127739E+02    -0.1976310E+01
     0.4127524E+02    -0.1967362E+01
     0.4127245E+02    -0.1963250E+01
     0.4126762E+02    -0.1959848E+01
     0.4126212E+02    -0.1958524E+01
     0.4124571E+02    -0.1964669E+01
     0.4123990E+02    -0.1964061E+01
     0.4122969E+02    -0.1962991E+01
     0.4122599E+02    -0.1958888E+01
     0.4122681E+02    -0.1950600E+01
     0.4122363E+02    -0.1930391E+01
     0.4121893E+02    -0.1918019E+01
     0.4121606E+02    -0.1928398E+01
     0.4121561E+02    -0.1950483E+01
     0.4121012E+02    -0.1950308E+01
     0.4120269E+02    -0.1940262E+01
     0.4119540E+02    -0.1942405E+01
     0.4119430E+02    -0.1947016E+01
     0.4119665E+02    -0.1951734E+01
     0.4119874E+02    -0.1955941E+01
     0.4120138E+02    -0.1968105E+01
     0.4119963E+02    -0.1976172E+01
     0.4119627E+02    -0.1981957E+01
     0.4118745E+02    -0.1991706E+01
     0.4117537E+02    -0.1996196E+01
     0.4116370E+02    -0.1995853E+01
     0.4115956E+02    -0.1992904E+01
     0.4114214E+02    -0.1989167E+01
     0.4114011E+02    -0.1992178E+01
     0.4112986E+02    -0.1996650E+01
     0.4112208E+02    -0.1995577E+01
     0.4111559E+02    -0.1987132E+01
     0.4110966E+02    -0.1989030E+01
     0.4110600E+02    -0.1988607E+01
     0.4110218E+02    -0.1996234E+01
     0.4108920E+02    -0.2001423E+01
     0.4108739E+02    -0.2003281E+01
     0.4107712E+02    -0.2005453E+01
     0.4107536E+02    -0.2012370E+01
     0.4105424E+02    -0.2026609E+01
     0.4105127E+02    -0.2027098E+01
     0.4104424E+02    -0.2033608E+01
     0.4103841E+02    -0.2044246E+01
     0.4103501E+02    -0.2047269E+01
     0.4102929E+02    -0.2047785E+01
     0.4102588E+02    -0.2049889E+01
     0.4102084E+02    -0.2049019E+01
     0.4101721E+02    -0.2049850E+01
     0.4101559E+02    -0.2050220E+01
     0.4101005E+02    -0.2044754E+01
     0.4099859E+02    -0.2042106E+01
     0.4099168E+02    -0.2038033E+01
     0.4098890E+02    -0.2033920E+01
     0.4098256E+02    -0.2017191E+01
     0.4098317E+02    -0.2009825E+01
     0.4099043E+02    -0.1981233E+01
     0.4099290E+02    -0.1977069E+01
     0.4099284E+02    -0.1970399E+01
     0.4099549E+02    -0.1961633E+01
     0.4099192E+02    -0.1947868E+01
     0.4099277E+02    -0.1945595E+01
     0.4099816E+02    -0.1931247E+01
     0.4100631E+02    -0.1923577E+01
     0.4101505E+02    -0.1905322E+01
     0.4101456E+02    -0.1902567E+01
     0.4101159E+02    -0.1902366E+01
     0.4100566E+02    -0.1904034E+01
     0.4099908E+02    -0.1908928E+01
     0.4099128E+02    -0.1907165E+01
     0.4098626E+02    -0.1908134E+01
     0.4098515E+02    -0.1911365E+01
     0.4099142E+02    -0.1920733E+01
     0.4098962E+02    -0.1923741E+01
     0.4098212E+02    -0.1928413E+01
     0.4097465E+02    -0.1935617E+01
     0.4097308E+02    -0.1939082E+01
     0.4097405E+02    -0.1943906E+01
     0.4097741E+02    -0.1960660E+01
     0.4097246E+02    -0.1968068E+01
     0.4096981E+02    -0.1977294E+01
     0.4097070E+02    -0.1997986E+01
     0.4096503E+02    -0.2025412E+01
     0.4096576E+02    -0.2029545E+01
     0.4097388E+02    -0.2041427E+01
     0.4098265E+02    -0.2049852E+01
     0.4098339E+02    -0.2054445E+01
     0.4098183E+02    -0.2058830E+01
     0.4098047E+02    -0.2060294E+01
     0.4097708E+02    -0.2063937E+01
     0.4097023E+02    -0.2064924E+01
     0.4096662E+02    -0.2070249E+01
     0.4096163E+02    -0.2073979E+01
     0.4094087E+02    -0.2079701E+01
     0.4094087E+02    -0.2079701E+01
     0.4093992E+02    -0.2076260E+01
     0.4093992E+02    -0.2076260E+01
     0.4093557E+02    -0.2052610E+01
     0.4093137E+02    -0.2044600E+01
     0.4092467E+02    -0.2037535E+01
     0.4092355E+02    -0.2026987E+01
     0.4092265E+02    -0.2018463E+01
     0.4091962E+02    -0.2013432E+01
     0.4092018E+02    -0.2000087E+01
     0.4091578E+02    -0.1995299E+01
     0.4090913E+02    -0.1992833E+01
     0.4090771E+02    -0.1988247E+01
     0.4090471E+02    -0.1985056E+01
     0.4089922E+02    -0.1985339E+01
     0.4089378E+02    -0.1989992E+01
     0.4088322E+02    -0.1986873E+01
     0.4087793E+02    -0.1983014E+01
     0.4087765E+02    -0.1978187E+01
     0.4088353E+02    -0.1971460E+01
     0.4088119E+02    -0.1965963E+01
     0.4087453E+02    -0.1963957E+01
     0.4086953E+02    -0.1966534E+01
     0.4086547E+02    -0.1971864E+01
     0.4085954E+02    -0.1973991E+01
     0.4085290E+02    -0.1973135E+01
     0.4084766E+02    -0.1975255E+01
     0.4085389E+02    -0.1980255E+01
     0.4086121E+02    -0.1981334E+01
     0.4086582E+02    -0.1984510E+01
     0.4086840E+02    -0.1991386E+01
     0.4087326E+02    -0.1996399E+01
     0.4088544E+02    -0.2002723E+01
     0.4089025E+02    -0.2003136E+01
     0.4089005E+02    -0.2005898E+01
     0.4088554E+02    -0.2010841E+01
     0.4086944E+02    -0.2003796E+01
     0.4086441E+02    -0.2004075E+01
     0.4085713E+02    -0.2007595E+01
     0.4084753E+02    -0.2008147E+01
     0.4083842E+02    -0.2012604E+01
     0.4083368E+02    -0.2018630E+01
     0.4083646E+02    -0.2021824E+01
     0.4084148E+02    -0.2021545E+01
     0.4085286E+02    -0.2014996E+01
     0.4085745E+02    -0.2016792E+01
     0.4086433E+02    -0.2019256E+01
     0.4087296E+02    -0.2012273E+01
     0.4088348E+02    -0.2013092E+01
     0.4088851E+02    -0.2012353E+01
     0.4089352E+02    -0.2010234E+01
     0.4090236E+02    -0.2002789E+01
     0.4090832E+02    -0.2003651E+01
     0.4091068E+02    -0.2010529E+01
     0.4090540E+02    -0.2031741E+01
     0.4090733E+02    -0.2042303E+01
     0.4091438E+02    -0.2059076E+01
     0.4091306E+02    -0.2062629E+01
     0.4090980E+02    -0.2060760E+01
     0.4090561E+02    -0.2053590E+01
     0.4090077E+02    -0.2049727E+01
     0.4089529E+02    -0.2049780E+01
     0.4089399E+02    -0.2057153E+01
     0.4088871E+02    -0.2056054E+01
     0.4088232E+02    -0.2057035E+01
     0.4087735E+02    -0.2063754E+01
     0.4086665E+02    -0.2067997E+01
     0.4086200E+02    -0.2068358E+01
     0.4085823E+02    -0.2070032E+01
     0.4085637E+02    -0.2073046E+01
     0.4085801E+02    -0.2075478E+01
     0.4086232E+02    -0.2073526E+01
     0.4087743E+02    -0.2071803E+01
     0.4088538E+02    -0.2065516E+01
     0.4088903E+02    -0.2065021E+01
     0.4088975E+02    -0.2068465E+01
     0.4088504E+02    -0.2073006E+01
     0.4088617E+02    -0.2077076E+01
     0.4089959E+02    -0.2068829E+01
     0.4090852E+02    -0.2069203E+01
     0.4091546E+02    -0.2077877E+01
     0.4092009E+02    -0.2116951E+01
     0.4092421E+02    -0.2151630E+01
     0.4092279E+02    -0.2170046E+01
     0.4092478E+02    -0.2186129E+01
     0.4092686E+02    -0.2189099E+01
     0.4092670E+02    -0.2196001E+01
     0.4093012E+02    -0.2217591E+01
     0.4093368E+02    -0.2229748E+01
     0.4093576E+02    -0.2231799E+01
     0.4093803E+02    -0.2230167E+01
     0.4093954E+02    -0.2224276E+01
     0.4094111E+02    -0.2218175E+01
     0.4094450E+02    -0.2214001E+01
     0.4094886E+02    -0.2215799E+01
     0.4095930E+02    -0.2229500E+01
     0.4096206E+02    -0.2230853E+01
     0.4096595E+02    -0.2231046E+01
     0.4096595E+02    -0.2231046E+01
     0.4097483E+02    -0.2226819E+01
     0.4097897E+02    -0.2229769E+01
     0.4098230E+02    -0.2242618E+01
     0.4098837E+02    -0.2254521E+01
     0.4098887E+02    -0.2258886E+01
     0.4098709E+02    -0.2263045E+01
     0.4097217E+02    -0.2281134E+01
     0.4096766E+02    -0.2291949E+01
     0.4096524E+02    -0.2297764E+01
     0.4096167E+02    -0.2306771E+01
     0.4095534E+02    -0.2313964E+01
     0.4094599E+02    -0.2317275E+01
     0.4092130E+02    -0.2318895E+01
     0.4091829E+02    -0.2315933E+01
     0.4091733E+02    -0.2311342E+01
     0.4091912E+02    -0.2307184E+01
     0.4092797E+02    -0.2299967E+01
     0.4093798E+02    -0.2293888E+01
     0.4094278E+02    -0.2293382E+01
     0.4095264E+02    -0.2295357E+01
     0.4095925E+02    -0.2293452E+01
     0.4096469E+02    -0.2288568E+01
     0.4096750E+02    -0.2282778E+01
     0.4096828E+02    -0.2281171E+01
     0.4096712E+02    -0.2279802E+01
     0.4096323E+02    -0.2279611E+01
     0.4095598E+02    -0.2286582E+01
     0.4094725E+02    -0.2282986E+01
     0.4093466E+02    -0.2282188E+01
     0.4092842E+02    -0.2276268E+01
     0.4092303E+02    -0.2262978E+01
     0.4091492E+02    -0.2252704E+01
     0.4091118E+02    -0.2244689E+01
     0.4091118E+02    -0.2244689E+01
     0.4090795E+02    -0.2242190E+01
     0.4090585E+02    -0.2237840E+01
     0.4090800E+02    -0.2224706E+01
     0.4090609E+02    -0.2216673E+01
     0.4089904E+02    -0.2220192E+01
     0.4089707E+02    -0.2222888E+01
     0.4089362E+02    -0.2227606E+01
     0.4088539E+02    -0.2227915E+01
     0.4087472E+02    -0.2236069E+01
     0.4085213E+02    -0.2242267E+01
     0.4084464E+02    -0.2248090E+01
     0.4082743E+02    -0.2266658E+01
     0.4080972E+02    -0.2279249E+01
     0.4080627E+02    -0.2277672E+01
     0.4080487E+02    -0.2274925E+01
     0.4080914E+02    -0.2267522E+01
     0.4081145E+02    -0.2265407E+01
     0.4081776E+02    -0.2259619E+01
     0.4082199E+02    -0.2248537E+01
     0.4082607E+02    -0.2244357E+01
     0.4082353E+02    -0.2241621E+01
     0.4081188E+02    -0.2243342E+01
     0.4080986E+02    -0.2247272E+01
     0.4081038E+02    -0.2254169E+01
     0.4080747E+02    -0.2260637E+01
     0.4080226E+02    -0.2265518E+01
     0.4079753E+02    -0.2272924E+01
     0.4079689E+02    -0.2278451E+01
     0.4079761E+02    -0.2280975E+01
     0.4080546E+02    -0.2288952E+01
     0.4080827E+02    -0.2293717E+01
     0.4081105E+02    -0.2301722E+01
     0.4081070E+02    -0.2304577E+01
     0.4079339E+02    -0.2294358E+01
     0.4078765E+02    -0.2292802E+01
     0.4078149E+02    -0.2294011E+01
     0.4077939E+02    -0.2289660E+01
     0.4078310E+02    -0.2271452E+01
     0.4078234E+02    -0.2263867E+01
     0.4077608E+02    -0.2255645E+01
     0.4077126E+02    -0.2253391E+01
     0.4076809E+02    -0.2257561E+01
     0.4077549E+02    -0.2265083E+01
     0.4076925E+02    -0.2281705E+01
     0.4077000E+02    -0.2288369E+01
     0.4077649E+02    -0.2297739E+01
     0.4079889E+02    -0.2318691E+01
     0.4079938E+02    -0.2322136E+01
     0.4079691E+02    -0.2326301E+01
     0.4078384E+02    -0.2323664E+01
     0.4077906E+02    -0.2321635E+01
     0.4077684E+02    -0.2318160E+01
     0.4076180E+02    -0.2309769E+01
     0.4075444E+02    -0.2308423E+01
     0.4074097E+02    -0.2301569E+01
     0.4073440E+02    -0.2301251E+01
     0.4073341E+02    -0.2304890E+01
     0.4073941E+02    -0.2311954E+01
     0.4074512E+02    -0.2315909E+01
     0.4075674E+02    -0.2318377E+01
     0.4075742E+02    -0.2318621E+01
     0.4077575E+02    -0.2325170E+01
     0.4079061E+02    -0.2337633E+01
     0.4079360E+02    -0.2339215E+01
     0.4079589E+02    -0.2338733E+01
     0.4080026E+02    -0.2341912E+01
     0.4080026E+02    -0.2341912E+01
     0.4080699E+02    -0.2351510E+01
     0.4081230E+02    -0.2355831E+01
     0.4082447E+02    -0.2360545E+01
     0.4082657E+02    -0.2364896E+01
     0.4082811E+02    -0.2381215E+01
     0.4082658E+02    -0.2389282E+01
     0.4081982E+02    -0.2399239E+01
     0.4081720E+02    -0.2400822E+01
     0.4079662E+02    -0.2413264E+01
     0.4077938E+02    -0.2429302E+01
     0.4077623E+02    -0.2434623E+01
     0.4077408E+02    -0.2448217E+01
     0.4077160E+02    -0.2451691E+01
     0.4076517E+02    -0.2449682E+01
     0.4074575E+02    -0.2453317E+01
     0.4072128E+02    -0.2466397E+01
     0.4070501E+02    -0.2475097E+01
     0.4069025E+02    -0.2487200E+01
     0.4066828E+02    -0.2510642E+01
     0.4065947E+02    -0.2523148E+01
     0.4064452E+02    -0.2538933E+01
     0.4062786E+02    -0.2548883E+01
     0.4061244E+02    -0.2558098E+01
     0.4060672E+02    -0.2559071E+01
     0.4059478E+02    -0.2553890E+01
     0.4057734E+02    -0.2549221E+01
     0.4056030E+02    -0.2538795E+01
     0.4053964E+02    -0.2532083E+01
     0.4053527E+02    -0.2529593E+01
     0.4053086E+02    -0.2523652E+01
     0.4052581E+02    -0.2522087E+01
     0.4051414E+02    -0.2522195E+01
     0.4051414E+02    -0.2522195E+01
     0.4052085E+02    -0.2529726E+01
     0.4048380E+02    -0.2531215E+01
     0.4046005E+02    -0.2537184E+01
     0.4045322E+02    -0.2541157E+01
     0.4043867E+02    -0.2545380E+01
     0.4043867E+02    -0.2545380E+01
     0.4042949E+02    -0.2548045E+01
     0.4041857E+02    -0.2555276E+01
     0.4041080E+02    -0.2558777E+01
     0.4036023E+02    -0.2581571E+01
     0.4034295E+02    -0.2593920E+01
     0.4031493E+02    -0.2607975E+01
     0.4030097E+02    -0.2619203E+01
     0.4029266E+02    -0.2625890E+01
     0.4028201E+02    -0.2637029E+01
     0.4027472E+02    -0.2640775E+01
     0.4026581E+02    -0.2642924E+01
     0.4026473E+02    -0.2649837E+01
     0.4022915E+02    -0.2688805E+01
     0.4022011E+02    -0.2700849E+01
     0.4021661E+02    -0.2707953E+01
     0.4021179E+02    -0.2717719E+01
     0.4020432E+02    -0.2726297E+01
     0.4020432E+02    -0.2726297E+01
     0.4019954E+02    -0.2729100E+01
     0.4019707E+02    -0.2728266E+01
     0.4019357E+02    -0.2727082E+01
     0.4018900E+02    -0.2728733E+01
     0.4019431E+02    -0.2733978E+01
     0.4019711E+02    -0.2739936E+01
     0.4019106E+02    -0.2754025E+01
     0.4017797E+02    -0.2774387E+01
     0.4017556E+02    -0.2785913E+01
     0.4017676E+02    -0.2792575E+01
     0.4018661E+02    -0.2792719E+01
     0.4018734E+02    -0.2797544E+01
     0.4018467E+02    -0.2806311E+01
     0.4018944E+02    -0.2826978E+01
     0.4018700E+02    -0.2835742E+01
     0.4017525E+02    -0.2853333E+01
     0.4017129E+02    -0.2870625E+01
     0.4017072E+02    -0.2883515E+01
     0.4016484E+02    -0.2891621E+01
     0.4015233E+02    -0.2900934E+01
     0.4015533E+02    -0.2903899E+01
     0.4016265E+02    -0.2902684E+01
     0.4016558E+02    -0.2897596E+01
     0.4017015E+02    -0.2896866E+01
     0.4017111E+02    -0.2901460E+01
     0.4016779E+02    -0.2914374E+01
     0.4016768E+02    -0.2927261E+01
     0.4016879E+02    -0.2947961E+01
     0.4017093E+02    -0.2957376E+01
     0.4017513E+02    -0.2956051E+01
     0.4017618E+02    -0.2955719E+01
     0.4017986E+02    -0.2956838E+01
     0.4019741E+02    -0.2973941E+01
     0.4019470E+02    -0.2978107E+01
     0.4019197E+02    -0.2979512E+01
     0.4018030E+02    -0.2980535E+01
     0.4017665E+02    -0.2982407E+01
     0.4017350E+02    -0.2987497E+01
     0.4017265E+02    -0.2995329E+01
     0.4016631E+02    -0.3003668E+01
     0.4016631E+02    -0.3003668E+01
     0.4016611E+02    -0.3006431E+01
     0.4016797E+02    -0.3009636E+01
     0.4017165E+02    -0.3010754E+01
     0.4017594E+02    -0.3004504E+01
     0.4018042E+02    -0.2993189E+01
     0.4018405E+02    -0.2989936E+01
     0.4019755E+02    -0.2988667E+01
     0.4020712E+02    -0.2983751E+01
     0.4021701E+02    -0.2988496E+01
     0.4022181E+02    -0.2987763E+01
     0.4022613E+02    -0.2984504E+01
     0.4023471E+02    -0.2971772E+01
     0.4024226E+02    -0.2970325E+01
     0.4024525E+02    -0.2971909E+01
     0.4024667E+02    -0.2976728E+01
     0.4024492E+02    -0.2985718E+01
     0.4024220E+02    -0.2989424E+01
     0.4024015E+02    -0.2989902E+01
     0.4023259E+02    -0.2989279E+01
     0.4022734E+02    -0.2991396E+01
     0.4022282E+02    -0.2998569E+01
     0.4021370E+02    -0.3001871E+01
     0.4020391E+02    -0.3009090E+01
     0.4019743E+02    -0.3026406E+01
     0.4018328E+02    -0.3031362E+01
     0.4017852E+02    -0.3037157E+01
     0.4017471E+02    -0.3045934E+01
     0.4017386E+02    -0.3052845E+01
     0.4017532E+02    -0.3062497E+01
     0.4017352E+02    -0.3065964E+01
     0.4016434E+02    -0.3072816E+01
     0.4016260E+02    -0.3074114E+01
     0.4015990E+02    -0.3078970E+01
     0.4015948E+02    -0.3084036E+01
     0.4016516E+02    -0.3103315E+01
     0.4016395E+02    -0.3121735E+01
     0.4015990E+02    -0.3129824E+01
     0.4013954E+02    -0.3157386E+01
     0.4013610E+02    -0.3156726E+01
     0.4013616E+02    -0.3163399E+01
     0.4013349E+02    -0.3172166E+01
     0.4012582E+02    -0.3185810E+01
     0.4012138E+02    -0.3201036E+01
     0.4012212E+02    -0.3206783E+01
     0.4012938E+02    -0.3225129E+01
     0.4013021E+02    -0.3240080E+01
     0.4013346E+02    -0.3252309E+01
     0.4013400E+02    -0.3254314E+01
     0.4012308E+02    -0.3287777E+01
     0.4011901E+02    -0.3293335E+01
     0.4010831E+02    -0.3301712E+01
     0.4006911E+02    -0.3322993E+01
     0.4006047E+02    -0.3330201E+01
     0.4004916E+02    -0.3335783E+01
     0.4003675E+02    -0.3341912E+01
     0.4001101E+02    -0.3358932E+01
     0.4000000E+02    -0.3369493E+01
     0.3998898E+02    -0.3380061E+01
     0.3997939E+02    -0.3384055E+01
     0.3997594E+02    -0.3382013E+01
     0.3997477E+02    -0.3379492E+01
     0.3997766E+02    -0.3369802E+01
     0.3997766E+02    -0.3369802E+01
     0.3997545E+02    -0.3352331E+01
     0.3997334E+02    -0.3346596E+01
     0.3997239E+02    -0.3343843E+01
     0.3997419E+02    -0.3339915E+01
     0.3997648E+02    -0.3339205E+01
     0.3998295E+02    -0.3345824E+01
     0.3999186E+02    -0.3343677E+01
     0.3999251E+02    -0.3338609E+01
     0.3998991E+02    -0.3330346E+01
     0.3999099E+02    -0.3322973E+01
     0.3998958E+02    -0.3318612E+01
     0.3998660E+02    -0.3317487E+01
     0.3997975E+02    -0.3320307E+01
     0.3997516E+02    -0.3320116E+01
     0.3996992E+02    -0.3323612E+01
     0.3996835E+02    -0.3326848E+01
     0.3996999E+02    -0.3331436E+01
     0.3996865E+02    -0.3334900E+01
     0.3996340E+02    -0.3337015E+01
     0.3996275E+02    -0.3341623E+01
     0.3996484E+02    -0.3344827E+01
     0.3996967E+02    -0.3345937E+01
     0.3997083E+02    -0.3347768E+01
     0.3996819E+02    -0.3360447E+01
     0.3996188E+02    -0.3372927E+01
     0.3996124E+02    -0.3377306E+01
     0.3996516E+02    -0.3380264E+01
     0.3997026E+02    -0.3388045E+01
     0.3996968E+02    -0.3389640E+01
     0.3996968E+02    -0.3389640E+01
     0.3996825E+02    -0.3393585E+01
     0.3996933E+02    -0.3397204E+01
     0.3997085E+02    -0.3402307E+01
     0.3996884E+02    -0.3408078E+01
     0.3996183E+02    -0.3419183E+01
     0.3995582E+02    -0.3438795E+01
     0.3994859E+02    -0.3449903E+01
     0.3994078E+02    -0.3473212E+01
     0.3993489E+02    -0.3481086E+01
     0.3992822E+02    -0.3504156E+01
     0.3992466E+02    -0.3513175E+01
     0.3989773E+02    -0.3581507E+01
     0.3989485E+02    -0.3592577E+01
     0.3988467E+02    -0.3607852E+01
     0.3987681E+02    -0.3625638E+01
     0.3987411E+02    -0.3628270E+01
     0.3987158E+02    -0.3630745E+01
     0.3986793E+02    -0.3632156E+01
     0.3986036E+02    -0.3631759E+01
     0.3985393E+02    -0.3629512E+01
     0.3984538E+02    -0.3621759E+01
     0.3983572E+02    -0.3618157E+01
     0.3982554E+02    -0.3606505E+01
     0.3982025E+02    -0.3603787E+01
     0.3980717E+02    -0.3601825E+01
     0.3979368E+02    -0.3605389E+01
     0.3978771E+02    -0.3604058E+01
     0.3978399E+02    -0.3597415E+01
     0.3978349E+02    -0.3592816E+01
     0.3978529E+02    -0.3588889E+01
     0.3979188E+02    -0.3582621E+01
     0.3979209E+02    -0.3580548E+01
     0.3978704E+02    -0.3578979E+01
     0.3978111E+02    -0.3582020E+01
     0.3977795E+02    -0.3587569E+01
     0.3977754E+02    -0.3593556E+01
     0.3977944E+02    -0.3601825E+01
     0.3978270E+02    -0.3606861E+01
     0.3978730E+02    -0.3610044E+01
     0.3980562E+02    -0.3608282E+01
     0.3980908E+02    -0.3611014E+01
     0.3981190E+02    -0.3618816E+01
     0.3981056E+02    -0.3623199E+01
     0.3980397E+02    -0.3629698E+01
     0.3980309E+02    -0.3633387E+01
     0.3980681E+02    -0.3640030E+01
     0.3981646E+02    -0.3642941E+01
     0.3982173E+02    -0.3642668E+01
     0.3982446E+02    -0.3640344E+01
     0.3983010E+02    -0.3630401E+01
     0.3983587E+02    -0.3634265E+01
     0.3984020E+02    -0.3629397E+01
     0.3985123E+02    -0.3635288E+01
     0.3986801E+02    -0.3641361E+01
     0.3987101E+02    -0.3643867E+01
     0.3987361E+02    -0.3652821E+01
     0.3987473E+02    -0.3673462E+01
     0.3987398E+02    -0.3695162E+01
     0.3985789E+02    -0.3742474E+01
     0.3985002E+02    -0.3760261E+01
     0.3983951E+02    -0.3790496E+01
     0.3983879E+02    -0.3793777E+01
     0.3983157E+02    -0.3826463E+01
     0.3981668E+02    -0.3853974E+01
     0.3980701E+02    -0.3875686E+01
     0.3979076E+02    -0.3904358E+01
     0.3978947E+02    -0.3909172E+01
     0.3978698E+02    -0.3918428E+01
     0.3977820E+02    -0.3936451E+01
     0.3976730E+02    -0.3948278E+01
     0.3976066E+02    -0.3950174E+01
     0.3974806E+02    -0.3950508E+01
     0.3974163E+02    -0.3948950E+01
     0.3972788E+02    -0.3949983E+01
     0.3971844E+02    -0.3945918E+01
     0.3971456E+02    -0.3947101E+01
     0.3971529E+02    -0.3951467E+01
     0.3972081E+02    -0.3953723E+01
     0.3976070E+02    -0.3955006E+01
     0.3976394E+02    -0.3958202E+01
     0.3976146E+02    -0.3962365E+01
     0.3975394E+02    -0.3968870E+01
     0.3974468E+02    -0.3984136E+01
     0.3973265E+02    -0.3998502E+01
     0.3972837E+02    -0.4007053E+01
     0.3972863E+02    -0.4010502E+01
     0.3973233E+02    -0.4014845E+01
     0.3973243E+02    -0.4016121E+01
     0.3973259E+02    -0.4018065E+01
     0.3972124E+02    -0.4031506E+01
     0.3971087E+02    -0.4052303E+01
     0.3970178E+02    -0.4061812E+01
     0.3969789E+02    -0.4062075E+01
     0.3969259E+02    -0.4059356E+01
     0.3968263E+02    -0.4047240E+01
     0.3967696E+02    -0.4027955E+01
     0.3967371E+02    -0.4023609E+01
     0.3966499E+02    -0.4021379E+01
     0.3966313E+02    -0.4018862E+01
     0.3966330E+02    -0.4011957E+01
     0.3965937E+02    -0.4008307E+01
     0.3965366E+02    -0.4010654E+01
     0.3965048E+02    -0.4014592E+01
     0.3964962E+02    -0.4021273E+01
     0.3965356E+02    -0.4026074E+01
     0.3965359E+02    -0.4029295E+01
     0.3965177E+02    -0.4031382E+01
     0.3964856E+02    -0.4031408E+01
     0.3964373E+02    -0.4028915E+01
     0.3963937E+02    -0.4028490E+01
     0.3963756E+02    -0.4031957E+01
     0.3964036E+02    -0.4037227E+01
     0.3963808E+02    -0.4038857E+01
     0.3963232E+02    -0.4035221E+01
     0.3962961E+02    -0.4040536E+01
     0.3959133E+02    -0.4041075E+01
     0.3958460E+02    -0.4032154E+01
     0.3958284E+02    -0.4034657E+01
     0.3958052E+02    -0.4037940E+01
     0.3957365E+02    -0.4037995E+01
     0.3956909E+02    -0.4041023E+01
     0.3956569E+02    -0.4045424E+01
     0.3956918E+02    -0.4051609E+01
     0.3957400E+02    -0.4052491E+01
     0.3957593E+02    -0.4064442E+01
     0.3958147E+02    -0.4068541E+01
     0.3958334E+02    -0.4072437E+01
     0.3957882E+02    -0.4080759E+01
     0.3958113E+02    -0.4083042E+01
     0.3958638E+02    -0.4079317E+01
     0.3959324E+02    -0.4076961E+01
     0.3959593E+02    -0.4070725E+01
     0.3959564E+02    -0.4063593E+01
     0.3960225E+02    -0.4058708E+01
     0.3962272E+02    -0.4058836E+01
     0.3963435E+02    -0.4058909E+01
     0.3964097E+02    -0.4055403E+01
     0.3964335E+02    -0.4065740E+01
     0.3964611E+02    -0.4067328E+01
     0.3964733E+02    -0.4075143E+01
     0.3964895E+02    -0.4077201E+01
     0.3965372E+02    -0.4072330E+01
     0.3965671E+02    -0.4072766E+01
     0.3965833E+02    -0.4075284E+01
     0.3965884E+02    -0.4080574E+01
     0.3967009E+02    -0.4083243E+01
     0.3967540E+02    -0.4086882E+01
     0.3967612E+02    -0.4090329E+01
     0.3966531E+02    -0.4113890E+01
     0.3965871E+02    -0.4120157E+01
     0.3965579E+02    -0.4126625E+01
     0.3965559E+02    -0.4127705E+01
     0.3965382E+02    -0.4137687E+01
     0.3963931E+02    -0.4157136E+01
     0.3963416E+02    -0.4172827E+01
     0.3962124E+02    -0.4190191E+01
     0.3961583E+02    -0.4201511E+01
     0.3961453E+02    -0.4210497E+01
     0.3961532E+02    -0.4222687E+01
     0.3961355E+02    -0.4229836E+01
     0.3960709E+02    -0.4240759E+01
     0.3960179E+02    -0.4249722E+01
     0.3958964E+02    -0.4250280E+01
     0.3958736E+02    -0.4251679E+01
     0.3958876E+02    -0.4254429E+01
     0.3959909E+02    -0.4255727E+01
     0.3960141E+02    -0.4258700E+01
     0.3960190E+02    -0.4263069E+01
     0.3959677E+02    -0.4279680E+01
     0.3958283E+02    -0.4313391E+01
     0.3956812E+02    -0.4336521E+01
     0.3956297E+02    -0.4351291E+01
     0.3956164E+02    -0.4359037E+01
     0.3956012E+02    -0.4367883E+01
     0.3955119E+02    -0.4396260E+01
     0.3954858E+02    -0.4414461E+01
     0.3954345E+02    -0.4431992E+01
     0.3954118E+02    -0.4434311E+01
     0.3953564E+02    -0.4430903E+01
     0.3953166E+02    -0.4420809E+01
     0.3952820E+02    -0.4418305E+01
     0.3951718E+02    -0.4417012E+01
     0.3951536E+02    -0.4418868E+01
     0.3951408E+02    -0.4430154E+01
     0.3951340E+02    -0.4431078E+01
     0.3950932E+02    -0.4436635E+01
     0.3950315E+02    -0.4439906E+01
     0.3950224E+02    -0.4440603E+01
     0.3950368E+02    -0.4448647E+01
     0.3950210E+02    -0.4452111E+01
     0.3950307E+02    -0.4458547E+01
     0.3950152E+02    -0.4464772E+01
     0.3948215E+02    -0.4479653E+01
     0.3947966E+02    -0.4483585E+01
     0.3946872E+02    -0.4520721E+01
     0.3946665E+02    -0.4548122E+01
     0.3946393E+02    -0.4552481E+01
     0.3945986E+02    -0.4558991E+01
     0.3946061E+02    -0.4566350E+01
     0.3945928E+02    -0.4572113E+01
     0.3945198E+02    -0.4577693E+01
     0.3944699E+02    -0.4584176E+01
     0.3944471E+02    -0.4585344E+01
     0.3944239E+02    -0.4582831E+01
     0.3944279E+02    -0.4575695E+01
     0.3943528E+02    -0.4555553E+01
     0.3943528E+02    -0.4555553E+01
     0.3943458E+02    -0.4553667E+01
     0.3943592E+02    -0.4549054E+01
     0.3944393E+02    -0.4546920E+01
     0.3944575E+02    -0.4545065E+01
     0.3944550E+02    -0.4542305E+01
     0.3944867E+02    -0.4536758E+01
     0.3944886E+02    -0.4533305E+01
     0.3944080E+02    -0.4528535E+01
     0.3943983E+02    -0.4522069E+01
     0.3943814E+02    -0.4519741E+01
     0.3943481E+02    -0.4520441E+01
     0.3943355E+02    -0.4528820E+01
     0.3942463E+02    -0.4537939E+01
     0.3941903E+02    -0.4546023E+01
     0.3941909E+02    -0.4552382E+01
     0.3942635E+02    -0.4558336E+01
     0.3942664E+02    -0.4564315E+01
     0.3942479E+02    -0.4567821E+01
     0.3942347E+02    -0.4570323E+01
     0.3941211E+02    -0.4582608E+01
     0.3940683E+02    -0.4582419E+01
     0.3940359E+02    -0.4579683E+01
     0.3939869E+02    -0.4569136E+01
     0.3939700E+02    -0.4559023E+01
     0.3939445E+02    -0.4556512E+01
     0.3939194E+02    -0.4557222E+01
     0.3939127E+02    -0.4559298E+01
     0.3939227E+02    -0.4561885E+01
     0.3939227E+02    -0.4561885E+01
     0.3939572E+02    -0.4570770E+01
     0.3939279E+02    -0.4577466E+01
     0.3939720E+02    -0.4583875E+01
     0.3939638E+02    -0.4595157E+01
     0.3940171E+02    -0.4602019E+01
     0.3940063E+02    -0.4609622E+01
     0.3940866E+02    -0.4618541E+01
     0.3940989E+02    -0.4619905E+01
     0.3941107E+02    -0.4624037E+01
     0.3940889E+02    -0.4638552E+01
     0.3940639E+02    -0.4641333E+01
     0.3940319E+02    -0.4642739E+01
     0.3939240E+02    -0.4641672E+01
     0.3938621E+02    -0.4642871E+01
     0.3937014E+02    -0.4640924E+01
     0.3935793E+02    -0.4635036E+01
     0.3935173E+02    -0.4634163E+01
     0.3932928E+02    -0.4638709E+01
     0.3932034E+02    -0.4639009E+01
     0.3931482E+02    -0.4637900E+01
     0.3931018E+02    -0.4631953E+01
     0.3931018E+02    -0.4631953E+01
     0.3931398E+02    -0.4618807E+01
     0.3930962E+02    -0.4602105E+01
     0.3930924E+02    -0.4600664E+01
     0.3931533E+02    -0.4586810E+01
     0.3932416E+02    -0.4572474E+01
     0.3932322E+02    -0.4569951E+01
     0.3931932E+02    -0.4570210E+01
     0.3931255E+02    -0.4584300E+01
     0.3930414E+02    -0.4594260E+01
     0.3930206E+02    -0.4591514E+01
     0.3930143E+02    -0.4580680E+01
     0.3929850E+02    -0.4580021E+01
     0.3929754E+02    -0.4582182E+01
     0.3929507E+02    -0.4611161E+01
     0.3928915E+02    -0.4612555E+01
     0.3928752E+02    -0.4610035E+01
     0.3928651E+02    -0.4597847E+01
     0.3928047E+02    -0.4588459E+01
     0.3927170E+02    -0.4582772E+01
     0.3926804E+02    -0.4584181E+01
     0.3926460E+02    -0.4583747E+01
     0.3926255E+02    -0.4586064E+01
     0.3926649E+02    -0.4590636E+01
     0.3927314E+02    -0.4589665E+01
     0.3927613E+02    -0.4590793E+01
     0.3927890E+02    -0.4593763E+01
     0.3928032E+02    -0.4598354E+01
     0.3928088E+02    -0.4610776E+01
     0.3927898E+02    -0.4620989E+01
     0.3927637E+02    -0.4624534E+01
     0.3927492E+02    -0.4625525E+01
     0.3927610E+02    -0.4616566E+01
     0.3927421E+02    -0.4608987E+01
     0.3927122E+02    -0.4608779E+01
     0.3926805E+02    -0.4613406E+01
     0.3926740E+02    -0.4618934E+01
     0.3926490E+02    -0.4621714E+01
     0.3925484E+02    -0.4626163E+01
     0.3924869E+02    -0.4631503E+01
     0.3923624E+02    -0.4653228E+01
     0.3923119E+02    -0.4652116E+01
     0.3922570E+02    -0.4653998E+01
     0.3922895E+02    -0.4659266E+01
     0.3922944E+02    -0.4662944E+01
     0.3922337E+02    -0.4677948E+01
     0.3922181E+02    -0.4678047E+01
     0.3922181E+02    -0.4678047E+01
     0.3915128E+02    -0.4627836E+01
     0.3914442E+02    -0.4622949E+01
     0.3913221E+02    -0.4612883E+01
     0.3912163E+02    -0.4608101E+01
     0.3910619E+02    -0.4594829E+01
     0.3909930E+02    -0.4592101E+01
     0.3904749E+02    -0.4556939E+01
     0.3904037E+02    -0.4552111E+01
     0.3901804E+02    -0.4534956E+01
     0.3894459E+02    -0.4483829E+01
     0.3889260E+02    -0.4447630E+01
     0.3884065E+02    -0.4412197E+01
     0.3878032E+02    -0.4371041E+01
     0.3876236E+02    -0.4355931E+01
     0.3874649E+02    -0.4346106E+01
     0.3873783E+02    -0.4339216E+01
     0.3872923E+02    -0.4332373E+01
     0.3871843E+02    -0.4326897E+01
     0.3863470E+02    -0.4270414E+01
     0.3863298E+02    -0.4269187E+01
     0.3853946E+02    -0.4202462E+01
     0.3853005E+02    -0.4196136E+01
     0.3845369E+02    -0.4144818E+01
     0.3842479E+02    -0.4126536E+01
     0.3840634E+02    -0.4114860E+01
     0.3840357E+02    -0.4110728E+01
     0.3836701E+02    -0.4085787E+01
     0.3832297E+02    -0.4052604E+01
     0.3831596E+02    -0.4047323E+01
     0.3828217E+02    -0.4023978E+01
     0.3826170E+02    -0.4007256E+01
     0.3825090E+02    -0.4001774E+01
     0.3822023E+02    -0.3979669E+01
     0.3815940E+02    -0.3935834E+01
     0.3813779E+02    -0.3917732E+01
     0.3813320E+02    -0.3916829E+01
     0.3811820E+02    -0.3906251E+01
     0.3801611E+02    -0.3832079E+01
     0.3799438E+02    -0.3816291E+01
     0.3799162E+02    -0.3812388E+01
     0.3798680E+02    -0.3810334E+01
     0.3792316E+02    -0.3766595E+01
     0.3791360E+02    -0.3759205E+01
     0.3789443E+02    -0.3744368E+01
     0.3781128E+02    -0.3689159E+01
     0.3775814E+02    -0.3564151E+01
     0.3775467E+02    -0.3554035E+01
     0.3774937E+02    -0.3544616E+01
     0.3773766E+02    -0.3535678E+01
     0.3770003E+02    -0.3519227E+01
     0.3769289E+02    -0.3508893E+01
     0.3767890E+02    -0.3504564E+01
     0.3766539E+02    -0.3504836E+01
     0.3763975E+02    -0.3512050E+01
     0.3761687E+02    -0.3519946E+01
     0.3760839E+02    -0.3519971E+01
     0.3760540E+02    -0.3515147E+01
     0.3760469E+02    -0.3506404E+01
     0.3760832E+02    -0.3497417E+01
     0.3762565E+02    -0.3472969E+01
     0.3762746E+02    -0.3466059E+01
     0.3762675E+02    -0.3460998E+01
     0.3761826E+02    -0.3454810E+01
     0.3760175E+02    -0.3457160E+01
     0.3759513E+02    -0.3458102E+01
     0.3759076E+02    -0.3453052E+01
     0.3758983E+02    -0.3448452E+01
     0.3759164E+02    -0.3440391E+01
     0.3759779E+02    -0.3428406E+01
     0.3760598E+02    -0.3414802E+01
     0.3761238E+02    -0.3408569E+01
     0.3761351E+02    -0.3404883E+01
     0.3762379E+02    -0.3396336E+01
     0.3764524E+02    -0.3373026E+01
     0.3766740E+02    -0.3354085E+01
     0.3771145E+02    -0.3309069E+01
     0.3771552E+02    -0.3295478E+01
     0.3770477E+02    -0.3230383E+01
     0.3770362E+02    -0.3225444E+01
     0.3770012E+02    -0.3210376E+01
     0.3769845E+02    -0.3191740E+01
     0.3768283E+02    -0.3100720E+01
     0.3767532E+02    -0.3056956E+01
     0.3766476E+02    -0.3048014E+01
     0.3760936E+02    -0.3008569E+01
     0.3760876E+02    -0.3008145E+01
     0.3759523E+02    -0.3000132E+01
     0.3758214E+02    -0.2989356E+01
     0.3750404E+02    -0.2939501E+01
     0.3748419E+02    -0.2926822E+01
     0.3746676E+02    -0.2917898E+01
     0.3745781E+02    -0.2911020E+01
     0.3740714E+02    -0.2885390E+01
     0.3739428E+02    -0.2878053E+01
     0.3732528E+02    -0.2838672E+01
     0.3731039E+02    -0.2832960E+01
     0.3728415E+02    -0.2817203E+01
     0.3727186E+02    -0.2809821E+01
     0.3717393E+02    -0.2756192E+01
     0.3716939E+02    -0.2753708E+01
     0.3715679E+02    -0.2747987E+01
     0.3713753E+02    -0.2735379E+01
     0.3713203E+02    -0.2734012E+01
     0.3706376E+02    -0.2695699E+01
     0.3701706E+02    -0.2669846E+01
     0.3701170E+02    -0.2666880E+01
     0.3700506E+02    -0.2665975E+01
     0.3699612E+02    -0.2658863E+01
     0.3693699E+02    -0.2624252E+01
     0.3690714E+02    -0.2609705E+01
     0.3690079E+02    -0.2606614E+01
     0.3689574E+02    -0.2602254E+01
     0.3687168E+02    -0.2587810E+01
     0.3679806E+02    -0.2546973E+01
     0.3677912E+02    -0.2536463E+01
     0.3677110E+02    -0.2530267E+01
     0.3668809E+02    -0.2485807E+01
     0.3667694E+02    -0.2479834E+01
     0.3663410E+02    -0.2452766E+01
     0.3662128E+02    -0.2447498E+01
     0.3661921E+02    -0.2444510E+01
     0.3660593E+02    -0.2436942E+01
     0.3659333E+02    -0.2431903E+01
     0.3657906E+02    -0.2424057E+01
     0.3655371E+02    -0.2410117E+01
     0.3647721E+02    -0.2365154E+01
     0.3646988E+02    -0.2361278E+01
     0.3643690E+02    -0.2343824E+01
     0.3640805E+02    -0.2326385E+01
     0.3638195E+02    -0.2313542E+01
     0.3635999E+02    -0.2299951E+01
     0.3634599E+02    -0.2291281E+01
     0.3627662E+02    -0.2255034E+01
     0.3625738E+02    -0.2241027E+01
     0.3625051E+02    -0.2238276E+01
     0.3624639E+02    -0.2234141E+01
     0.3619760E+02    -0.2207338E+01
     0.3613193E+02    -0.2171257E+01
     0.3610652E+02    -0.2155186E+01
     0.3609393E+02    -0.2150140E+01
     0.3608755E+02    -0.2146468E+01
     0.3598109E+02    -0.2085166E+01
     0.3597849E+02    -0.2083544E+01
     0.3595271E+02    -0.2067483E+01
     0.3587354E+02    -0.2024085E+01
     0.3586920E+02    -0.2021134E+01
     0.3585294E+02    -0.2010072E+01
     0.3583738E+02    -0.2003415E+01
     0.3575900E+02    -0.1960621E+01
     0.3575661E+02    -0.1959318E+01
     0.3573991E+02    -0.1949900E+01
     0.3573076E+02    -0.1942317E+01
     0.3571863E+02    -0.1935425E+01
     0.3564979E+02    -0.1898416E+01
     0.3561180E+02    -0.1877995E+01
     0.3558687E+02    -0.1861679E+01
     0.3557955E+02    -0.1859383E+01
     0.3553985E+02    -0.1837608E+01
     0.3549241E+02    -0.1811588E+01
     0.3546634E+02    -0.1796880E+01
     0.3546313E+02    -0.1793202E+01
     0.3544324E+02    -0.1783550E+01
     0.3543065E+02    -0.1775679E+01
     0.3542082E+02    -0.1769529E+01
     0.3541191E+02    -0.1766082E+01
     0.3537943E+02    -0.1747924E+01
     0.3534811E+02    -0.1728615E+01
     0.3534102E+02    -0.1726317E+01
     0.3532204E+02    -0.1714363E+01
     0.3532131E+02    -0.1713981E+01
     0.3528271E+02    -0.1693674E+01
     0.3521109E+02    -0.1653271E+01
     0.3520772E+02    -0.1651370E+01
     0.3519789E+02    -0.1644242E+01
     0.3518052E+02    -0.1636194E+01
     0.3510279E+02    -0.1592503E+01
     0.3510151E+02    -0.1591677E+01
     0.3508679E+02    -0.1582155E+01
     0.3507102E+02    -0.1575025E+01
     0.3505844E+02    -0.1566746E+01
     0.3500000E+02    -0.1534055E+01
     0.3499216E+02    -0.1529673E+01
     0.3497250E+02    -0.1518675E+01
     0.3495514E+02    -0.1507404E+01
     0.3493777E+02    -0.1499582E+01
     0.3491354E+02    -0.1485090E+01
     0.3491126E+02    -0.1482100E+01
     0.3490760E+02    -0.1481409E+01
     0.3488347E+02    -0.1467519E+01
     0.3482168E+02    -0.1431946E+01
     0.3479997E+02    -0.1420901E+01
     0.3477394E+02    -0.1405666E+01
     0.3469144E+02    -0.1357391E+01
     0.3467317E+02    -0.1348645E+01
     0.3466459E+02    -0.1343554E+01
     0.3463091E+02    -0.1323560E+01
     0.3455516E+02    -0.1281514E+01
     0.3452766E+02    -0.1266244E+01
     0.3450093E+02    -0.1249212E+01
     0.3444629E+02    -0.1218557E+01
     0.3433660E+02    -0.1157004E+01
     0.3429495E+02    -0.1133625E+01
     0.3425659E+02    -0.1109908E+01
     0.3424586E+02    -0.1105759E+01
     0.3422736E+02    -0.1094983E+01
     0.3418102E+02    -0.1067989E+01
     0.3416960E+02    -0.1063148E+01
     0.3411861E+02    -0.1032014E+01
     0.3411641E+02    -0.1030674E+01
     0.3410523E+02    -0.1024684E+01
     0.3409883E+02    -0.1023068E+01
     0.3408033E+02    -0.1024653E+01
     0.3404400E+02    -0.1038626E+01
     0.3403601E+02    -0.1038846E+01
     0.3402779E+02    -0.1033089E+01
     0.3402666E+02    -0.1027341E+01
     0.3402804E+02    -0.1011023E+01
     0.3403164E+02    -0.1005968E+01
     0.3402897E+02    -0.9960837E+00
     0.3402395E+02    -0.9942387E+00
     0.3392483E+02    -0.9940757E+00
     0.3392274E+02    -0.9199541E+00
     0.3392242E+02    -0.9083656E+00
     0.3392335E+02    -0.8892910E+00
     0.3392131E+02    -0.8782565E+00
     0.3392270E+02    -0.8612518E+00
     0.3392163E+02    -0.7938604E+00
     0.3392014E+02    -0.7001559E+00
     0.3391897E+02    -0.6675317E+00
     0.3391661E+02    -0.6020377E+00
     0.3391779E+02    -0.5412400E+00
     0.3391806E+02    -0.5276005E+00
     0.3392156E+02    -0.4619006E+00
     0.3392454E+02    -0.4522564E+00
     0.3392410E+02    -0.4400805E+00
     0.3392889E+02    -0.4159504E+00
     0.3393213E+02    -0.3996623E+00
     0.3393168E+02    -0.3941482E+00
     0.3393443E+02    -0.3840453E+00
     0.3394455E+02    -0.3162985E+00
     0.3394936E+02    -0.2977001E+00
     0.3395459E+02    -0.2948886E+00
     0.3394983E+02    -0.2857570E+00
     0.3395534E+02    -0.2609599E+00
     0.3395704E+02    -0.2455770E+00
     0.3396202E+02    -0.2005664E+00
     0.3396499E+02    -0.1943699E+00
     0.3397303E+02    -0.1440869E+00
     0.3397259E+02    -0.1339822E+00
     0.3396968E+02    -0.1212411E+00
     0.3396510E+02    -0.1011324E+00
     0.3395896E+02    -0.8229438E-01
     0.3393756E+02     0.0000000E+00
     0.3393574E+02     0.1849946E-01
     0.3392022E+02     0.6665044E-01
     0.3391784E+02     0.7257977E-01
     0.3391607E+02     0.7336387E-01
     0.3390886E+02     0.1028334E+00
     0.3391922E+02     0.1205009E+00
     0.3392867E+02     0.1338223E+00
     0.3394740E+02     0.1602254E+00
     0.3395897E+02     0.1725523E+00
     0.3396071E+02     0.1786983E+00
     0.3396404E+02     0.1836632E+00
     0.3400121E+02     0.2361651E+00
     0.3401200E+02     0.2513958E+00
     0.3402531E+02     0.2690775E+00
     0.3404159E+02     0.2847915E+00
     0.3405449E+02     0.3094033E+00
     0.3407841E+02     0.3345891E+00
     0.3409076E+02     0.3475808E+00
     0.3409801E+02     0.3561274E+00
     0.3410545E+02     0.3684378E+00
     0.3410933E+02     0.3823182E+00
     0.3410968E+02     0.3947974E+00
     0.3410567E+02     0.4128046E+00
     0.3409694E+02     0.4309907E+00
     0.3409412E+02     0.4470229E+00
     0.3409412E+02     0.4478168E+00
     0.3409409E+02     0.4555400E+00
     0.3409896E+02     0.4666527E+00
     0.3410603E+02     0.4730204E+00
     0.3412530E+02     0.4810236E+00
     0.3412764E+02     0.4847969E+00
     0.3412604E+02     0.4919213E+00
     0.3412948E+02     0.5206580E+00
     0.3412334E+02     0.5285562E+00
     0.3412353E+02     0.5311322E+00
     0.3412999E+02     0.5422521E+00
     0.3413222E+02     0.5516814E+00
     0.3413755E+02     0.5741770E+00
     0.3414146E+02     0.5813248E+00
     0.3414479E+02     0.5845081E+00
     0.3415483E+02     0.5873227E+00
     0.3415931E+02     0.5988311E+00
     0.3417837E+02     0.6109933E+00
     0.3418761E+02     0.6143988E+00
     0.3419722E+02     0.6255318E+00
     0.3421199E+02     0.6259876E+00
     0.3421707E+02     0.6274475E+00
     0.3421828E+02     0.6277961E+00
     0.3423027E+02     0.6341836E+00
     0.3424641E+02     0.6370217E+00
     0.3426667E+02     0.6442342E+00
     0.3427570E+02     0.6525908E+00
     0.3427805E+02     0.6577511E+00
     0.3428015E+02     0.6763827E+00
     0.3430352E+02     0.6960089E+00
     0.3430890E+02     0.6982831E+00
     0.3430890E+02     0.6982831E+00
     0.3431417E+02     0.7107452E+00
     0.3431548E+02     0.7206303E+00
     0.3431282E+02     0.7461107E+00
     0.3431414E+02     0.7548476E+00
     0.3432002E+02     0.7636127E+00
     0.3432587E+02     0.7685520E+00
     0.3432797E+02     0.7703232E+00
     0.3433686E+02     0.7745123E+00
     0.3435419E+02     0.7780641E+00
     0.3436491E+02     0.7818050E+00
     0.3437811E+02     0.7887767E+00
     0.3439060E+02     0.8014868E+00
     0.3441020E+02     0.8089564E+00
     0.3441428E+02     0.8131159E+00
     0.3441767E+02     0.8200279E+00
     0.3441557E+02     0.8285151E+00
     0.3441857E+02     0.8361573E+00
     0.3442479E+02     0.8520024E+00
     0.3443847E+02     0.8564495E+00
     0.3445115E+02     0.8762823E+00
     0.3446397E+02     0.9108195E+00
     0.3447574E+02     0.9278907E+00
     0.3448134E+02     0.9402629E+00
END
END
