kiribati
1
     0.1742312E+03    -0.5301149E+00
     0.1742242E+03    -0.5416934E+00
     0.1742228E+03    -0.5396320E+00
     0.1742210E+03    -0.5394093E+00
     0.1742200E+03    -0.5373463E+00
     0.1742207E+03    -0.5341304E+00
     0.1742228E+03    -0.5320573E+00
     0.1742248E+03    -0.5304431E+00
     0.1742260E+03    -0.5286028E+00
     0.1742292E+03    -0.5279020E+00
     0.1742326E+03    -0.5274306E+00
     0.1742358E+03    -0.5283373E+00
     0.1742374E+03    -0.5294793E+00
     0.1742374E+03    -0.5315456E+00
     0.1742372E+03    -0.5333826E+00
     0.1742381E+03    -0.5359044E+00
     0.1742360E+03    -0.5326977E+00
     0.1742319E+03    -0.5311062E+00
     0.1742301E+03    -0.5306532E+00
     0.1742278E+03    -0.5318095E+00
     0.1742267E+03    -0.5329615E+00
     0.1742253E+03    -0.5354918E+00
     0.1742249E+03    -0.5368699E+00
     0.1742242E+03    -0.5387094E+00
     0.1742242E+03    -0.5416934E+00
END
2
     0.1742528E+03    -0.5421141E+00
     0.1742436E+03    -0.5351960E+00
     0.1742459E+03    -0.5356463E+00
     0.1742477E+03    -0.5370169E+00
     0.1742489E+03    -0.5381606E+00
     0.1742523E+03    -0.5397555E+00
     0.1742566E+03    -0.5408873E+00
     0.1742587E+03    -0.5424864E+00
     0.1742592E+03    -0.5445511E+00
     0.1742571E+03    -0.5452469E+00
     0.1742550E+03    -0.5450251E+00
     0.1742530E+03    -0.5441142E+00
     0.1742480E+03    -0.5425252E+00
     0.1742450E+03    -0.5402404E+00
     0.1742429E+03    -0.5379531E+00
     0.1742436E+03    -0.5351960E+00
END
3
     0.1743066E+03    -0.5642037E+00
     0.1743097E+03    -0.5693039E+00
     0.1743081E+03    -0.5682441E+00
     0.1743058E+03    -0.5666460E+00
     0.1743036E+03    -0.5645881E+00
     0.1743022E+03    -0.5632160E+00
     0.1743019E+03    -0.5613806E+00
     0.1743035E+03    -0.5602267E+00
     0.1743058E+03    -0.5609072E+00
     0.1743077E+03    -0.5629659E+00
     0.1743093E+03    -0.5636489E+00
     0.1743111E+03    -0.5650194E+00
     0.1743113E+03    -0.5670850E+00
     0.1743097E+03    -0.5693039E+00
END
4
     0.1743329E+03    -0.5841830E+00
     0.1743281E+03    -0.5814844E+00
     0.1743306E+03    -0.5817052E+00
     0.1743317E+03    -0.5833076E+00
     0.1743354E+03    -0.5828349E+00
     0.1743386E+03    -0.5842001E+00
     0.1743388E+03    -0.5858060E+00
     0.1743372E+03    -0.5869601E+00
     0.1743354E+03    -0.5874258E+00
     0.1743336E+03    -0.5876622E+00
     0.1743313E+03    -0.5865229E+00
     0.1743285E+03    -0.5858442E+00
     0.1743274E+03    -0.5842418E+00
     0.1743281E+03    -0.5814844E+00
END
5
     0.1743608E+03    -0.5922168E+00
     0.1743512E+03    -0.5896625E+00
     0.1743525E+03    -0.5880504E+00
     0.1743539E+03    -0.5878158E+00
     0.1743580E+03    -0.5880294E+00
     0.1743605E+03    -0.5889384E+00
     0.1743624E+03    -0.5905381E+00
     0.1743647E+03    -0.5907596E+00
     0.1743674E+03    -0.5930451E+00
     0.1743690E+03    -0.5939565E+00
     0.1743704E+03    -0.5946404E+00
     0.1743711E+03    -0.5962446E+00
     0.1743706E+03    -0.5973943E+00
     0.1743690E+03    -0.5978593E+00
     0.1743661E+03    -0.5974119E+00
     0.1743624E+03    -0.5965074E+00
     0.1743606E+03    -0.5960547E+00
     0.1743571E+03    -0.5937719E+00
     0.1743551E+03    -0.5921729E+00
     0.1743521E+03    -0.5914952E+00
     0.1743512E+03    -0.5896625E+00
END
6
     0.1744541E+03    -0.6834977E+00
     0.1743773E+03    -0.6003538E+00
     0.1743802E+03    -0.5989650E+00
     0.1743825E+03    -0.5996444E+00
     0.1743853E+03    -0.6007818E+00
     0.1743901E+03    -0.6023709E+00
     0.1743949E+03    -0.6060256E+00
     0.1744002E+03    -0.6101375E+00
     0.1744038E+03    -0.6144857E+00
     0.1744073E+03    -0.6174567E+00
     0.1744091E+03    -0.6199750E+00
     0.1744132E+03    -0.6227137E+00
     0.1744155E+03    -0.6254597E+00
     0.1744217E+03    -0.6327825E+00
     0.1744263E+03    -0.6362086E+00
     0.1744320E+03    -0.6412371E+00
     0.1744341E+03    -0.6435251E+00
     0.1744398E+03    -0.6510782E+00
     0.1744467E+03    -0.6586277E+00
     0.1744518E+03    -0.6622814E+00
     0.1744534E+03    -0.6684742E+00
     0.1744557E+03    -0.6778781E+00
     0.1744564E+03    -0.6836149E+00
     0.1744569E+03    -0.6934851E+00
     0.1744567E+03    -0.7006031E+00
     0.1744593E+03    -0.7109241E+00
     0.1744611E+03    -0.7171164E+00
     0.1744616E+03    -0.7235434E+00
     0.1744623E+03    -0.7304276E+00
     0.1744644E+03    -0.7347825E+00
     0.1744669E+03    -0.7444156E+00
     0.1744697E+03    -0.7563433E+00
     0.1744732E+03    -0.7689585E+00
     0.1744760E+03    -0.7795088E+00
     0.1744758E+03    -0.7824945E+00
     0.1744763E+03    -0.7921362E+00
     0.1744724E+03    -0.7921516E+00
     0.1744733E+03    -0.7884749E+00
     0.1744733E+03    -0.7868668E+00
     0.1744719E+03    -0.7822804E+00
     0.1744689E+03    -0.7731078E+00
     0.1744663E+03    -0.7646226E+00
     0.1744617E+03    -0.7538493E+00
     0.1744578E+03    -0.7391701E+00
     0.1744532E+03    -0.7309227E+00
     0.1744527E+03    -0.7261034E+00
     0.1744534E+03    -0.7224270E+00
     0.1744538E+03    -0.7187523E+00
     0.1744552E+03    -0.7123180E+00
     0.1744538E+03    -0.7070427E+00
     0.1744526E+03    -0.7008488E+00
     0.1744512E+03    -0.6935068E+00
     0.1744526E+03    -0.6889099E+00
     0.1744521E+03    -0.6840909E+00
     0.1744493E+03    -0.6746887E+00
     0.1744470E+03    -0.6694171E+00
     0.1744435E+03    -0.6616247E+00
     0.1744412E+03    -0.6591082E+00
     0.1744383E+03    -0.6563649E+00
     0.1744344E+03    -0.6531655E+00
     0.1744316E+03    -0.6513399E+00
     0.1744289E+03    -0.6474478E+00
     0.1744263E+03    -0.6419478E+00
     0.1744236E+03    -0.6385145E+00
     0.1744208E+03    -0.6359997E+00
     0.1744174E+03    -0.6334877E+00
     0.1744156E+03    -0.6334949E+00
     0.1744130E+03    -0.6314380E+00
     0.1744103E+03    -0.6289233E+00
     0.1744068E+03    -0.6250338E+00
     0.1744007E+03    -0.6181707E+00
     0.1743935E+03    -0.6126885E+00
     0.1743860E+03    -0.6081258E+00
     0.1743812E+03    -0.6028642E+00
     0.1743773E+03    -0.6003538E+00
END
7
     0.1744709E+03    -0.8125528E+00
     0.1744516E+03    -0.7998133E+00
     0.1744532E+03    -0.8034775E+00
     0.1744548E+03    -0.8062266E+00
     0.1744569E+03    -0.8103514E+00
     0.1744594E+03    -0.8124076E+00
     0.1744628E+03    -0.8146904E+00
     0.1744654E+03    -0.8144510E+00
     0.1744660E+03    -0.8133010E+00
     0.1744676E+03    -0.8114571E+00
     0.1744690E+03    -0.8114517E+00
     0.1744715E+03    -0.8123604E+00
     0.1744731E+03    -0.8107469E+00
     0.1744740E+03    -0.8082183E+00
     0.1744745E+03    -0.8045424E+00
     0.1744738E+03    -0.8015603E+00
     0.1744761E+03    -0.8010923E+00
     0.1744751E+03    -0.7967335E+00
     0.1744774E+03    -0.7976422E+00
     0.1744783E+03    -0.8001645E+00
     0.1744770E+03    -0.8029253E+00
     0.1744772E+03    -0.8086645E+00
     0.1744750E+03    -0.8130361E+00
     0.1744722E+03    -0.8153425E+00
     0.1744684E+03    -0.8183428E+00
     0.1744654E+03    -0.8197322E+00
     0.1744624E+03    -0.8190548E+00
     0.1744608E+03    -0.8172244E+00
     0.1744581E+03    -0.8149389E+00
     0.1744512E+03    -0.8094553E+00
     0.1744489E+03    -0.8076268E+00
     0.1744502E+03    -0.8048661E+00
     0.1744518E+03    -0.8025642E+00
     0.1744516E+03    -0.7998133E+00
END
8
     0.1747154E+03    -0.1178482E+01
     0.1747585E+03    -0.1217221E+01
     0.1747642E+03    -0.1222021E+01
     0.1747683E+03    -0.1226367E+01
     0.1747727E+03    -0.1229794E+01
     0.1747752E+03    -0.1231391E+01
     0.1747773E+03    -0.1233450E+01
     0.1747789E+03    -0.1235281E+01
     0.1747782E+03    -0.1236892E+01
     0.1747762E+03    -0.1238738E+01
     0.1747716E+03    -0.1236920E+01
     0.1747674E+03    -0.1232344E+01
     0.1747663E+03    -0.1229132E+01
     0.1747628E+03    -0.1227310E+01
     0.1747585E+03    -0.1226639E+01
     0.1747534E+03    -0.1226660E+01
     0.1747509E+03    -0.1225063E+01
     0.1747477E+03    -0.1222780E+01
     0.1747459E+03    -0.1220261E+01
     0.1747415E+03    -0.1216833E+01
     0.1747374E+03    -0.1213177E+01
     0.1747324E+03    -0.1211590E+01
     0.1747269E+03    -0.1208626E+01
     0.1747243E+03    -0.1204733E+01
     0.1747209E+03    -0.1201761E+01
     0.1747183E+03    -0.1197178E+01
     0.1747174E+03    -0.1193277E+01
     0.1747167E+03    -0.1187997E+01
     0.1747169E+03    -0.1184551E+01
     0.1747137E+03    -0.1181349E+01
     0.1747073E+03    -0.1178390E+01
     0.1747006E+03    -0.1174054E+01
     0.1746967E+03    -0.1170165E+01
     0.1746910E+03    -0.1168122E+01
     0.1746855E+03    -0.1164240E+01
     0.1746830E+03    -0.1161724E+01
     0.1746782E+03    -0.1158528E+01
     0.1746745E+03    -0.1156017E+01
     0.1746706E+03    -0.1153966E+01
     0.1746681E+03    -0.1151450E+01
     0.1746683E+03    -0.1148234E+01
     0.1746690E+03    -0.1146164E+01
     0.1746708E+03    -0.1148683E+01
     0.1746724E+03    -0.1147987E+01
     0.1746729E+03    -0.1145229E+01
     0.1746728E+03    -0.1141554E+01
     0.1746724E+03    -0.1139259E+01
     0.1746712E+03    -0.1138116E+01
     0.1746680E+03    -0.1139737E+01
     0.1746692E+03    -0.1136287E+01
     0.1746696E+03    -0.1134447E+01
     0.1746698E+03    -0.1132609E+01
     0.1746714E+03    -0.1131454E+01
     0.1746762E+03    -0.1134650E+01
     0.1746813E+03    -0.1144735E+01
     0.1746836E+03    -0.1148630E+01
     0.1746861E+03    -0.1151375E+01
     0.1746884E+03    -0.1154122E+01
     0.1746905E+03    -0.1158018E+01
     0.1746928E+03    -0.1161913E+01
     0.1746944E+03    -0.1163284E+01
     0.1746972E+03    -0.1162814E+01
     0.1746994E+03    -0.1162115E+01
     0.1747008E+03    -0.1161420E+01
     0.1747033E+03    -0.1161639E+01
     0.1747045E+03    -0.1164161E+01
     0.1747072E+03    -0.1165987E+01
     0.1747104E+03    -0.1167352E+01
     0.1747132E+03    -0.1169637E+01
     0.1747159E+03    -0.1169855E+01
     0.1747180E+03    -0.1170536E+01
     0.1747203E+03    -0.1172133E+01
     0.1747203E+03    -0.1174431E+01
     0.1747228E+03    -0.1177176E+01
     0.1747240E+03    -0.1180387E+01
     0.1747261E+03    -0.1184743E+01
     0.1747270E+03    -0.1189103E+01
     0.1747305E+03    -0.1192533E+01
     0.1747339E+03    -0.1198491E+01
     0.1747362E+03    -0.1202615E+01
     0.1747371E+03    -0.1204909E+01
     0.1747397E+03    -0.1205817E+01
     0.1747403E+03    -0.1204895E+01
     0.1747447E+03    -0.1207403E+01
     0.1747456E+03    -0.1208089E+01
     0.1747467E+03    -0.1209921E+01
     0.1747472E+03    -0.1212675E+01
     0.1747488E+03    -0.1215654E+01
     0.1747509E+03    -0.1217023E+01
     0.1747532E+03    -0.1217703E+01
     0.1747564E+03    -0.1217460E+01
     0.1747585E+03    -0.1217221E+01
END
9
     0.1747919E+03    -0.1254287E+01
     0.1747832E+03    -0.1239626E+01
     0.1747830E+03    -0.1241235E+01
     0.1747844E+03    -0.1241688E+01
     0.1747865E+03    -0.1244666E+01
     0.1747895E+03    -0.1248788E+01
     0.1747924E+03    -0.1251301E+01
     0.1747947E+03    -0.1256116E+01
     0.1747968E+03    -0.1262538E+01
     0.1747978E+03    -0.1269425E+01
     0.1747964E+03    -0.1273107E+01
     0.1747946E+03    -0.1272884E+01
     0.1747943E+03    -0.1269899E+01
     0.1747936E+03    -0.1264389E+01
     0.1747918E+03    -0.1259803E+01
     0.1747902E+03    -0.1254527E+01
     0.1747872E+03    -0.1251554E+01
     0.1747849E+03    -0.1247659E+01
     0.1747798E+03    -0.1240789E+01
     0.1747832E+03    -0.1239626E+01
END
10
     0.1748072E+03    -0.1292349E+01
     0.1747946E+03    -0.1281154E+01
     0.1747990E+03    -0.1279297E+01
     0.1748045E+03    -0.1286165E+01
     0.1748084E+03    -0.1292120E+01
     0.1748109E+03    -0.1298082E+01
     0.1748125E+03    -0.1303818E+01
     0.1748126E+03    -0.1308871E+01
     0.1748103E+03    -0.1309111E+01
     0.1748087E+03    -0.1303146E+01
     0.1748075E+03    -0.1297867E+01
     0.1748059E+03    -0.1292361E+01
     0.1748024E+03    -0.1288241E+01
     0.1748010E+03    -0.1285720E+01
     0.1747988E+03    -0.1283663E+01
     0.1747946E+03    -0.1281154E+01
END
11
     0.1748229E+03    -0.1333198E+01
     0.1748189E+03    -0.1338248E+01
     0.1748168E+03    -0.1335501E+01
     0.1748200E+03    -0.1332500E+01
     0.1748232E+03    -0.1330649E+01
     0.1748255E+03    -0.1329261E+01
     0.1748266E+03    -0.1329255E+01
     0.1748289E+03    -0.1330165E+01
     0.1748291E+03    -0.1331771E+01
     0.1748266E+03    -0.1333161E+01
     0.1748234E+03    -0.1334783E+01
     0.1748216E+03    -0.1335939E+01
     0.1748209E+03    -0.1336631E+01
     0.1748189E+03    -0.1338248E+01
END
12
     0.1748810E+03    -0.1388955E+01
     0.1748841E+03    -0.1395394E+01
     0.1748809E+03    -0.1392881E+01
     0.1748781E+03    -0.1390366E+01
     0.1748770E+03    -0.1388763E+01
     0.1748763E+03    -0.1386469E+01
     0.1748776E+03    -0.1383937E+01
     0.1748788E+03    -0.1383931E+01
     0.1748833E+03    -0.1387357E+01
     0.1748857E+03    -0.1389644E+01
     0.1748866E+03    -0.1391708E+01
     0.1748841E+03    -0.1395394E+01
END
13
     0.1749005E+03    -0.1413064E+01
     0.1748949E+03    -0.1411428E+01
     0.1748999E+03    -0.1407729E+01
     0.1749022E+03    -0.1410246E+01
     0.1749031E+03    -0.1412769E+01
     0.1749045E+03    -0.1414371E+01
     0.1749084E+03    -0.1415963E+01
     0.1749068E+03    -0.1419186E+01
     0.1749052E+03    -0.1419882E+01
     0.1749034E+03    -0.1419890E+01
     0.1749011E+03    -0.1417373E+01
     0.1748995E+03    -0.1415084E+01
     0.1748986E+03    -0.1413708E+01
     0.1748949E+03    -0.1411428E+01
END
14
     0.1749134E+03    -0.1422051E+01
     0.1749109E+03    -0.1417330E+01
     0.1749135E+03    -0.1419845E+01
     0.1749167E+03    -0.1421439E+01
     0.1749194E+03    -0.1423495E+01
     0.1749160E+03    -0.1424199E+01
     0.1749151E+03    -0.1426501E+01
     0.1749135E+03    -0.1428116E+01
     0.1749126E+03    -0.1427430E+01
     0.1749087E+03    -0.1423772E+01
     0.1749109E+03    -0.1417330E+01
END
15
     0.1759879E+03    -0.1319524E+01
     0.1759425E+03    -0.1271964E+01
     0.1759462E+03    -0.1273322E+01
     0.1759471E+03    -0.1274005E+01
     0.1759503E+03    -0.1274447E+01
     0.1759519E+03    -0.1276045E+01
     0.1759540E+03    -0.1277641E+01
     0.1759565E+03    -0.1279235E+01
     0.1759592E+03    -0.1281057E+01
     0.1759613E+03    -0.1283572E+01
     0.1759636E+03    -0.1284937E+01
     0.1759666E+03    -0.1286987E+01
     0.1759694E+03    -0.1289498E+01
     0.1759717E+03    -0.1292471E+01
     0.1759751E+03    -0.1296816E+01
     0.1759779E+03    -0.1298638E+01
     0.1759802E+03    -0.1301840E+01
     0.1759825E+03    -0.1306192E+01
     0.1759841E+03    -0.1309628E+01
     0.1759864E+03    -0.1312831E+01
     0.1759899E+03    -0.1316946E+01
     0.1759922E+03    -0.1319689E+01
     0.1759931E+03    -0.1324968E+01
     0.1759938E+03    -0.1329098E+01
     0.1759955E+03    -0.1333454E+01
     0.1759973E+03    -0.1335051E+01
     0.1759989E+03    -0.1338717E+01
     0.1760019E+03    -0.1341916E+01
     0.1760056E+03    -0.1343732E+01
     0.1760076E+03    -0.1347626E+01
     0.1760100E+03    -0.1352437E+01
     0.1760127E+03    -0.1357705E+01
     0.1760155E+03    -0.1363431E+01
     0.1760176E+03    -0.1367554E+01
     0.1760209E+03    -0.1377413E+01
     0.1760204E+03    -0.1379943E+01
     0.1760172E+03    -0.1380651E+01
     0.1760140E+03    -0.1378602E+01
     0.1760117E+03    -0.1377007E+01
     0.1760103E+03    -0.1374948E+01
     0.1760078E+03    -0.1372436E+01
     0.1760059E+03    -0.1367622E+01
     0.1760043E+03    -0.1365334E+01
     0.1760029E+03    -0.1363504E+01
     0.1760009E+03    -0.1361908E+01
     0.1759981E+03    -0.1361694E+01
     0.1759961E+03    -0.1361476E+01
     0.1759938E+03    -0.1361260E+01
     0.1759903E+03    -0.1360820E+01
     0.1759885E+03    -0.1357155E+01
     0.1759876E+03    -0.1355782E+01
     0.1759873E+03    -0.1351648E+01
     0.1759866E+03    -0.1349585E+01
     0.1759852E+03    -0.1346147E+01
     0.1759827E+03    -0.1342946E+01
     0.1759809E+03    -0.1341349E+01
     0.1759802E+03    -0.1340663E+01
     0.1759792E+03    -0.1337453E+01
     0.1759808E+03    -0.1336983E+01
     0.1759847E+03    -0.1338110E+01
     0.1759868E+03    -0.1339247E+01
     0.1759882E+03    -0.1343143E+01
     0.1759905E+03    -0.1347265E+01
     0.1759917E+03    -0.1349097E+01
     0.1759942E+03    -0.1351839E+01
     0.1759983E+03    -0.1354571E+01
     0.1760015E+03    -0.1355701E+01
     0.1760033E+03    -0.1354543E+01
     0.1760029E+03    -0.1351789E+01
     0.1760013E+03    -0.1349041E+01
     0.1759990E+03    -0.1348824E+01
     0.1759964E+03    -0.1348150E+01
     0.1759955E+03    -0.1346777E+01
     0.1759941E+03    -0.1344488E+01
     0.1759930E+03    -0.1341968E+01
     0.1759900E+03    -0.1335782E+01
     0.1759890E+03    -0.1332801E+01
     0.1759872E+03    -0.1327758E+01
     0.1759839E+03    -0.1319736E+01
     0.1759809E+03    -0.1314701E+01
     0.1759793E+03    -0.1311264E+01
     0.1759768E+03    -0.1308292E+01
     0.1759742E+03    -0.1305550E+01
     0.1759729E+03    -0.1304639E+01
     0.1759708E+03    -0.1303503E+01
     0.1759685E+03    -0.1302826E+01
     0.1759655E+03    -0.1301236E+01
     0.1759616E+03    -0.1300569E+01
     0.1759587E+03    -0.1301505E+01
     0.1759566E+03    -0.1301057E+01
     0.1759555E+03    -0.1299456E+01
     0.1759554E+03    -0.1297618E+01
     0.1759559E+03    -0.1295548E+01
     0.1759561E+03    -0.1293249E+01
     0.1759570E+03    -0.1291177E+01
     0.1759579E+03    -0.1289105E+01
     0.1759577E+03    -0.1288187E+01
     0.1759561E+03    -0.1286588E+01
     0.1759552E+03    -0.1286363E+01
     0.1759538E+03    -0.1285912E+01
     0.1759522E+03    -0.1285002E+01
     0.1759510E+03    -0.1284320E+01
     0.1759487E+03    -0.1282725E+01
     0.1759471E+03    -0.1282275E+01
     0.1759465E+03    -0.1283657E+01
     0.1759449E+03    -0.1285963E+01
     0.1759424E+03    -0.1288045E+01
     0.1759421E+03    -0.1289194E+01
     0.1759424E+03    -0.1290571E+01
     0.1759442E+03    -0.1291709E+01
     0.1759456E+03    -0.1293310E+01
     0.1759449E+03    -0.1294922E+01
     0.1759456E+03    -0.1297214E+01
     0.1759477E+03    -0.1298122E+01
     0.1759497E+03    -0.1299029E+01
     0.1759504E+03    -0.1301322E+01
     0.1759495E+03    -0.1301557E+01
     0.1759472E+03    -0.1300881E+01
     0.1759454E+03    -0.1299972E+01
     0.1759431E+03    -0.1299985E+01
     0.1759408E+03    -0.1298391E+01
     0.1759383E+03    -0.1298176E+01
     0.1759367E+03    -0.1298874E+01
     0.1759351E+03    -0.1300720E+01
     0.1759335E+03    -0.1299351E+01
     0.1759330E+03    -0.1297057E+01
     0.1759330E+03    -0.1294300E+01
     0.1759341E+03    -0.1292227E+01
     0.1759357E+03    -0.1290380E+01
     0.1759373E+03    -0.1288533E+01
     0.1759398E+03    -0.1284843E+01
     0.1759412E+03    -0.1281390E+01
     0.1759421E+03    -0.1276331E+01
     0.1759425E+03    -0.1271964E+01
END
16
     0.1764554E+03    -0.1355193E+01
     0.1764359E+03    -0.1317239E+01
     0.1764384E+03    -0.1320439E+01
     0.1764409E+03    -0.1322720E+01
     0.1764444E+03    -0.1325915E+01
     0.1764485E+03    -0.1329104E+01
     0.1764506E+03    -0.1335064E+01
     0.1764548E+03    -0.1342159E+01
     0.1764562E+03    -0.1348582E+01
     0.1764606E+03    -0.1354297E+01
     0.1764647E+03    -0.1359095E+01
     0.1764700E+03    -0.1365724E+01
     0.1764746E+03    -0.1370519E+01
     0.1764795E+03    -0.1375313E+01
     0.1764839E+03    -0.1379649E+01
     0.1764887E+03    -0.1384902E+01
     0.1764919E+03    -0.1390855E+01
     0.1764943E+03    -0.1398191E+01
     0.1764980E+03    -0.1404600E+01
     0.1764946E+03    -0.1408068E+01
     0.1764913E+03    -0.1408777E+01
     0.1764893E+03    -0.1407182E+01
     0.1764879E+03    -0.1403975E+01
     0.1764858E+03    -0.1401691E+01
     0.1764828E+03    -0.1401250E+01
     0.1764808E+03    -0.1398048E+01
     0.1764780E+03    -0.1395308E+01
     0.1764773E+03    -0.1393474E+01
     0.1764762E+03    -0.1391185E+01
     0.1764763E+03    -0.1387278E+01
     0.1764745E+03    -0.1382006E+01
     0.1764729E+03    -0.1378801E+01
     0.1764712E+03    -0.1375365E+01
     0.1764689E+03    -0.1373771E+01
     0.1764673E+03    -0.1369876E+01
     0.1764648E+03    -0.1368284E+01
     0.1764620E+03    -0.1366693E+01
     0.1764577E+03    -0.1364884E+01
     0.1764542E+03    -0.1363986E+01
     0.1764517E+03    -0.1361015E+01
     0.1764515E+03    -0.1358031E+01
     0.1764503E+03    -0.1355741E+01
     0.1764478E+03    -0.1354378E+01
     0.1764453E+03    -0.1351867E+01
     0.1764427E+03    -0.1349356E+01
     0.1764388E+03    -0.1346395E+01
     0.1764344E+03    -0.1342517E+01
     0.1764310E+03    -0.1339552E+01
     0.1764289E+03    -0.1337958E+01
     0.1764246E+03    -0.1334080E+01
     0.1764206E+03    -0.1330429E+01
     0.1764167E+03    -0.1327007E+01
     0.1764128E+03    -0.1324735E+01
     0.1764099E+03    -0.1321997E+01
     0.1764064E+03    -0.1318573E+01
     0.1764066E+03    -0.1315586E+01
     0.1764075E+03    -0.1314431E+01
     0.1764098E+03    -0.1313498E+01
     0.1764121E+03    -0.1313943E+01
     0.1764148E+03    -0.1315075E+01
     0.1764183E+03    -0.1315282E+01
     0.1764212E+03    -0.1315953E+01
     0.1764251E+03    -0.1315928E+01
     0.1764359E+03    -0.1317239E+01
END
17
     0.1750655E+03    -0.1523655E+01
     0.1750669E+03    -0.1510356E+01
     0.1750683E+03    -0.1512877E+01
     0.1750678E+03    -0.1514718E+01
     0.1750667E+03    -0.1517480E+01
     0.1750660E+03    -0.1519321E+01
     0.1750663E+03    -0.1522766E+01
     0.1750676E+03    -0.1525746E+01
     0.1750688E+03    -0.1528958E+01
     0.1750686E+03    -0.1532175E+01
     0.1750677E+03    -0.1536315E+01
     0.1750673E+03    -0.1540682E+01
     0.1750668E+03    -0.1538387E+01
     0.1750647E+03    -0.1537937E+01
     0.1750638E+03    -0.1534724E+01
     0.1750652E+03    -0.1531731E+01
     0.1750656E+03    -0.1528972E+01
     0.1750649E+03    -0.1526678E+01
     0.1750644E+03    -0.1524153E+01
     0.1750628E+03    -0.1519566E+01
     0.1750626E+03    -0.1516810E+01
     0.1750630E+03    -0.1513591E+01
     0.1750651E+03    -0.1510825E+01
     0.1750669E+03    -0.1510356E+01
END
18
     0.1755262E+03    -0.1821568E+01
     0.1755027E+03    -0.1820946E+01
     0.1755054E+03    -0.1817945E+01
     0.1755079E+03    -0.1815404E+01
     0.1755100E+03    -0.1815164E+01
     0.1755136E+03    -0.1815374E+01
     0.1755173E+03    -0.1816045E+01
     0.1755189E+03    -0.1816036E+01
     0.1755203E+03    -0.1815800E+01
     0.1755253E+03    -0.1817382E+01
     0.1755285E+03    -0.1818514E+01
     0.1755315E+03    -0.1820796E+01
     0.1755340E+03    -0.1823311E+01
     0.1755363E+03    -0.1825597E+01
     0.1755382E+03    -0.1827656E+01
     0.1755400E+03    -0.1829714E+01
     0.1755412E+03    -0.1831547E+01
     0.1755419E+03    -0.1835220E+01
     0.1755421E+03    -0.1837287E+01
     0.1755419E+03    -0.1839356E+01
     0.1755415E+03    -0.1843036E+01
     0.1755415E+03    -0.1844874E+01
     0.1755415E+03    -0.1846253E+01
     0.1755410E+03    -0.1847864E+01
     0.1755406E+03    -0.1848556E+01
     0.1755387E+03    -0.1849484E+01
     0.1755371E+03    -0.1848573E+01
     0.1755358E+03    -0.1846283E+01
     0.1755367E+03    -0.1843521E+01
     0.1755362E+03    -0.1839616E+01
     0.1755350E+03    -0.1837324E+01
     0.1755341E+03    -0.1834571E+01
     0.1755329E+03    -0.1832280E+01
     0.1755315E+03    -0.1829759E+01
     0.1755302E+03    -0.1828617E+01
     0.1755279E+03    -0.1827250E+01
     0.1755258E+03    -0.1826112E+01
     0.1755242E+03    -0.1825431E+01
     0.1755224E+03    -0.1823602E+01
     0.1755212E+03    -0.1822459E+01
     0.1755191E+03    -0.1820631E+01
     0.1755178E+03    -0.1819719E+01
     0.1755159E+03    -0.1819499E+01
     0.1755139E+03    -0.1819969E+01
     0.1755125E+03    -0.1821355E+01
     0.1755111E+03    -0.1822970E+01
     0.1755091E+03    -0.1821832E+01
     0.1755077E+03    -0.1821380E+01
     0.1755056E+03    -0.1821391E+01
     0.1755027E+03    -0.1820946E+01
END
19
     0.1755851E+03    -0.1906559E+01
     0.1755539E+03    -0.1868249E+01
     0.1755553E+03    -0.1868472E+01
     0.1755608E+03    -0.1871660E+01
     0.1755659E+03    -0.1876690E+01
     0.1755696E+03    -0.1879887E+01
     0.1755737E+03    -0.1882854E+01
     0.1755753E+03    -0.1884454E+01
     0.1755771E+03    -0.1885823E+01
     0.1755778E+03    -0.1886968E+01
     0.1755804E+03    -0.1888334E+01
     0.1755817E+03    -0.1888786E+01
     0.1755836E+03    -0.1890156E+01
     0.1755845E+03    -0.1893368E+01
     0.1755866E+03    -0.1897953E+01
     0.1755875E+03    -0.1899557E+01
     0.1755894E+03    -0.1900007E+01
     0.1755907E+03    -0.1900919E+01
     0.1755914E+03    -0.1902753E+01
     0.1755912E+03    -0.1903674E+01
     0.1755903E+03    -0.1906207E+01
     0.1755908E+03    -0.1908043E+01
     0.1755931E+03    -0.1910329E+01
     0.1755961E+03    -0.1914679E+01
     0.1755965E+03    -0.1918124E+01
     0.1755952E+03    -0.1920429E+01
     0.1755966E+03    -0.1923870E+01
     0.1755986E+03    -0.1926386E+01
     0.1756000E+03    -0.1928677E+01
     0.1756000E+03    -0.1929826E+01
     0.1755984E+03    -0.1933052E+01
     0.1755978E+03    -0.1936962E+01
     0.1755983E+03    -0.1940637E+01
     0.1755980E+03    -0.1944545E+01
     0.1755992E+03    -0.1946837E+01
     0.1755978E+03    -0.1948683E+01
     0.1755862E+03    -0.1954950E+01
     0.1755828E+03    -0.1955887E+01
     0.1755798E+03    -0.1955902E+01
     0.1755773E+03    -0.1954996E+01
     0.1755784E+03    -0.1952693E+01
     0.1755830E+03    -0.1951060E+01
     0.1755839E+03    -0.1948756E+01
     0.1755852E+03    -0.1946911E+01
     0.1755882E+03    -0.1943907E+01
     0.1755896E+03    -0.1942292E+01
     0.1755909E+03    -0.1940446E+01
     0.1755923E+03    -0.1935382E+01
     0.1755913E+03    -0.1931251E+01
     0.1755911E+03    -0.1926426E+01
     0.1755901E+03    -0.1923673E+01
     0.1755901E+03    -0.1919996E+01
     0.1755901E+03    -0.1916549E+01
     0.1755876E+03    -0.1914035E+01
     0.1755837E+03    -0.1910608E+01
     0.1755809E+03    -0.1907865E+01
     0.1755786E+03    -0.1905119E+01
     0.1755754E+03    -0.1902838E+01
     0.1755733E+03    -0.1899862E+01
     0.1755715E+03    -0.1896653E+01
     0.1755703E+03    -0.1892983E+01
     0.1755682E+03    -0.1887478E+01
     0.1755655E+03    -0.1884505E+01
     0.1755627E+03    -0.1880613E+01
     0.1755600E+03    -0.1880398E+01
     0.1755572E+03    -0.1879263E+01
     0.1755556E+03    -0.1878582E+01
     0.1755542E+03    -0.1876521E+01
     0.1755533E+03    -0.1873998E+01
     0.1755537E+03    -0.1872387E+01
     0.1755539E+03    -0.1868249E+01
END
20
     0.1755679E+03    -0.1960582E+01
     0.1755624E+03    -0.1958521E+01
     0.1755633E+03    -0.1957368E+01
     0.1755661E+03    -0.1956664E+01
     0.1755690E+03    -0.1956878E+01
     0.1755706E+03    -0.1957789E+01
     0.1755713E+03    -0.1959624E+01
     0.1755720E+03    -0.1961919E+01
     0.1755716E+03    -0.1963299E+01
     0.1755704E+03    -0.1965145E+01
     0.1755691E+03    -0.1965611E+01
     0.1755675E+03    -0.1965160E+01
     0.1755659E+03    -0.1963100E+01
     0.1755654E+03    -0.1961494E+01
     0.1755636E+03    -0.1960125E+01
     0.1755624E+03    -0.1958521E+01
END
21
     0.1755541E+03    -0.1965238E+01
     0.1755558E+03    -0.1960854E+01
     0.1755576E+03    -0.1963143E+01
     0.1755585E+03    -0.1964977E+01
     0.1755602E+03    -0.1966807E+01
     0.1755604E+03    -0.1968644E+01
     0.1755597E+03    -0.1970256E+01
     0.1755574E+03    -0.1971418E+01
     0.1755556E+03    -0.1970968E+01
     0.1755531E+03    -0.1970062E+01
     0.1755512E+03    -0.1967773E+01
     0.1755499E+03    -0.1965942E+01
     0.1755487E+03    -0.1963879E+01
     0.1755489E+03    -0.1962040E+01
     0.1755503E+03    -0.1960424E+01
     0.1755519E+03    -0.1960875E+01
     0.1755533E+03    -0.1961097E+01
     0.1755558E+03    -0.1960854E+01
END
22
     0.1759771E+03    -0.2501149E+01
     0.1759680E+03    -0.2490018E+01
     0.1759698E+03    -0.2490927E+01
     0.1759705E+03    -0.2491843E+01
     0.1759721E+03    -0.2492063E+01
     0.1759758E+03    -0.2494801E+01
     0.1759786E+03    -0.2497083E+01
     0.1759813E+03    -0.2498907E+01
     0.1759834E+03    -0.2502113E+01
     0.1759866E+03    -0.2504394E+01
     0.1759901E+03    -0.2507822E+01
     0.1759924E+03    -0.2511027E+01
     0.1759926E+03    -0.2514244E+01
     0.1759910E+03    -0.2515173E+01
     0.1759888E+03    -0.2515416E+01
     0.1759855E+03    -0.2515204E+01
     0.1759842E+03    -0.2514523E+01
     0.1759832E+03    -0.2512229E+01
     0.1759793E+03    -0.2509033E+01
     0.1759772E+03    -0.2506747E+01
     0.1759736E+03    -0.2502860E+01
     0.1759667E+03    -0.2497152E+01
     0.1759648E+03    -0.2495094E+01
     0.1759669E+03    -0.2491634E+01
     0.1759680E+03    -0.2490018E+01
END
23
     0.1768255E+03    -0.2639328E+01
     0.1767906E+03    -0.2614775E+01
     0.1767923E+03    -0.2613155E+01
     0.1767973E+03    -0.2615649E+01
     0.1768035E+03    -0.2619286E+01
     0.1768088E+03    -0.2620859E+01
     0.1768136E+03    -0.2621977E+01
     0.1768177E+03    -0.2624247E+01
     0.1768203E+03    -0.2625610E+01
     0.1768251E+03    -0.2630404E+01
     0.1768284E+03    -0.2634751E+01
     0.1768318E+03    -0.2636567E+01
     0.1768355E+03    -0.2641370E+01
     0.1768362E+03    -0.2645273E+01
     0.1768376E+03    -0.2649172E+01
     0.1768397E+03    -0.2649847E+01
     0.1768431E+03    -0.2652353E+01
     0.1768468E+03    -0.2656236E+01
     0.1768468E+03    -0.2659914E+01
     0.1768489E+03    -0.2662889E+01
     0.1768501E+03    -0.2668398E+01
     0.1768501E+03    -0.2670697E+01
     0.1768492E+03    -0.2672773E+01
     0.1768451E+03    -0.2673031E+01
     0.1768412E+03    -0.2669609E+01
     0.1768391E+03    -0.2665715E+01
     0.1768354E+03    -0.2661142E+01
     0.1768331E+03    -0.2658398E+01
     0.1768294E+03    -0.2654975E+01
     0.1768248E+03    -0.2649259E+01
     0.1768227E+03    -0.2644905E+01
     0.1768190E+03    -0.2641481E+01
     0.1768158E+03    -0.2637825E+01
     0.1768112E+03    -0.2633258E+01
     0.1768075E+03    -0.2629604E+01
     0.1768036E+03    -0.2627562E+01
     0.1768003E+03    -0.2625055E+01
     0.1767976E+03    -0.2622774E+01
     0.1767948E+03    -0.2620954E+01
     0.1767932E+03    -0.2619356E+01
     0.1767923E+03    -0.2617063E+01
     0.1767906E+03    -0.2614775E+01
END
24
     0.1729960E+03     0.3384948E+01
     0.1729848E+03     0.3373272E+01
     0.1729896E+03     0.3372819E+01
     0.1729926E+03     0.3373515E+01
     0.1729935E+03     0.3371904E+01
     0.1729937E+03     0.3369372E+01
     0.1729912E+03     0.3367526E+01
     0.1729892E+03     0.3364989E+01
     0.1729857E+03     0.3361069E+01
     0.1729823E+03     0.3357840E+01
     0.1729805E+03     0.3355764E+01
     0.1729807E+03     0.3359680E+01
     0.1729800E+03     0.3364284E+01
     0.1729781E+03     0.3367735E+01
     0.1729775E+03     0.3372800E+01
     0.1729786E+03     0.3375565E+01
     0.1729804E+03     0.3378792E+01
     0.1729843E+03     0.3383634E+01
     0.1729878E+03     0.3386863E+01
     0.1729937E+03     0.3389176E+01
     0.1729962E+03     0.3389640E+01
     0.1730008E+03     0.3391720E+01
     0.1730027E+03     0.3391032E+01
     0.1730059E+03     0.3386201E+01
     0.1730070E+03     0.3382058E+01
     0.1730056E+03     0.3379523E+01
     0.1730027E+03     0.3377906E+01
     0.1729976E+03     0.3377668E+01
     0.1729914E+03     0.3378809E+01
     0.1729887E+03     0.3377424E+01
     0.1729862E+03     0.3375808E+01
     0.1729848E+03     0.3373272E+01
END
25
     0.1729760E+03     0.3316874E+01
     0.1729803E+03     0.3322835E+01
     0.1729796E+03     0.3320071E+01
     0.1729798E+03     0.3318690E+01
     0.1729787E+03     0.3316155E+01
     0.1729773E+03     0.3312468E+01
     0.1729746E+03     0.3309240E+01
     0.1729720E+03     0.3309466E+01
     0.1729713E+03     0.3311768E+01
     0.1729720E+03     0.3315453E+01
     0.1729741E+03     0.3318681E+01
     0.1729768E+03     0.3321448E+01
     0.1729803E+03     0.3322835E+01
END
26
     0.1729692E+03     0.3293074E+01
     0.1729718E+03     0.3301636E+01
     0.1729723E+03     0.3299795E+01
     0.1729723E+03     0.3298184E+01
     0.1729723E+03     0.3295881E+01
     0.1729721E+03     0.3293808E+01
     0.1729711E+03     0.3291043E+01
     0.1729695E+03     0.3289198E+01
     0.1729670E+03     0.3289425E+01
     0.1729656E+03     0.3290804E+01
     0.1729672E+03     0.3294491E+01
     0.1729688E+03     0.3298408E+01
     0.1729704E+03     0.3300483E+01
     0.1729718E+03     0.3301636E+01
END
27
     0.1726859E+03     0.3259921E+01
     0.1726800E+03     0.3268185E+01
     0.1726818E+03     0.3267959E+01
     0.1726867E+03     0.3262902E+01
     0.1726894E+03     0.3258533E+01
     0.1726913E+03     0.3254391E+01
     0.1726890E+03     0.3251854E+01
     0.1726853E+03     0.3249313E+01
     0.1726830E+03     0.3250921E+01
     0.1726842E+03     0.3256911E+01
     0.1726828E+03     0.3261743E+01
     0.1726814E+03     0.3264503E+01
     0.1726805E+03     0.3265653E+01
     0.1726800E+03     0.3266573E+01
     0.1726800E+03     0.3268185E+01
END
28
     0.1729399E+03     0.3150683E+01
     0.1729012E+03     0.3115695E+01
     0.1728948E+03     0.3117066E+01
     0.1728994E+03     0.3123291E+01
     0.1729019E+03     0.3127670E+01
     0.1729058E+03     0.3132282E+01
     0.1729154E+03     0.3138745E+01
     0.1729273E+03     0.3145213E+01
     0.1729365E+03     0.3150754E+01
     0.1729459E+03     0.3156987E+01
     0.1729523E+03     0.3161833E+01
     0.1729576E+03     0.3167598E+01
     0.1729614E+03     0.3173591E+01
     0.1729637E+03     0.3177970E+01
     0.1729683E+03     0.3171530E+01
     0.1729656E+03     0.3169914E+01
     0.1729637E+03     0.3167608E+01
     0.1729599E+03     0.3163687E+01
     0.1729566E+03     0.3159307E+01
     0.1729498E+03     0.3154921E+01
     0.1729438E+03     0.3150996E+01
     0.1729376E+03     0.3146611E+01
     0.1729276E+03     0.3140608E+01
     0.1729182E+03     0.3135296E+01
     0.1729104E+03     0.3128836E+01
     0.1729049E+03     0.3123070E+01
     0.1729012E+03     0.3115695E+01
END
29
     0.1727152E+03     0.3132158E+01
     0.1727121E+03     0.3139759E+01
     0.1727139E+03     0.3135849E+01
     0.1727164E+03     0.3131939E+01
     0.1727197E+03     0.3130794E+01
     0.1727201E+03     0.3129183E+01
     0.1727188E+03     0.3128720E+01
     0.1727151E+03     0.3131015E+01
     0.1727128E+03     0.3133544E+01
     0.1727114E+03     0.3135383E+01
     0.1727121E+03     0.3139759E+01
END
30
     0.1727676E+03     0.3057841E+01
     0.1728930E+03     0.3103708E+01
     0.1728985E+03     0.3100033E+01
     0.1728997E+03     0.3090364E+01
     0.1728857E+03     0.3093564E+01
     0.1728733E+03     0.3094233E+01
     0.1728625E+03     0.3095826E+01
     0.1728483E+03     0.3095571E+01
     0.1728375E+03     0.3093940E+01
     0.1728323E+03     0.3091858E+01
     0.1728240E+03     0.3090002E+01
     0.1728210E+03     0.3085852E+01
     0.1728165E+03     0.3084231E+01
     0.1728071E+03     0.3080531E+01
     0.1728009E+03     0.3076374E+01
     0.1727965E+03     0.3071761E+01
     0.1727913E+03     0.3065304E+01
     0.1727856E+03     0.3061379E+01
     0.1727757E+03     0.3055835E+01
     0.1727695E+03     0.3051219E+01
     0.1727659E+03     0.3047988E+01
     0.1727643E+03     0.3045452E+01
     0.1727652E+03     0.3042461E+01
     0.1727675E+03     0.3039702E+01
     0.1727608E+03     0.3037387E+01
     0.1727572E+03     0.3037149E+01
     0.1727565E+03     0.3039451E+01
     0.1727576E+03     0.3042907E+01
     0.1727599E+03     0.3046826E+01
     0.1727601E+03     0.3051201E+01
     0.1727574E+03     0.3054419E+01
     0.1727560E+03     0.3057180E+01
     0.1727558E+03     0.3059482E+01
     0.1727565E+03     0.3062016E+01
     0.1727587E+03     0.3063632E+01
     0.1727626E+03     0.3062258E+01
     0.1727665E+03     0.3061574E+01
     0.1727720E+03     0.3063196E+01
     0.1727789E+03     0.3066203E+01
     0.1727849E+03     0.3068977E+01
     0.1727869E+03     0.3069211E+01
     0.1727899E+03     0.3068756E+01
     0.1727926E+03     0.3070373E+01
     0.1727929E+03     0.3073136E+01
     0.1727949E+03     0.3076364E+01
     0.1728011E+03     0.3081441E+01
     0.1728066E+03     0.3084904E+01
     0.1728110E+03     0.3085833E+01
     0.1728153E+03     0.3086993E+01
     0.1728176E+03     0.3088378E+01
     0.1728204E+03     0.3090686E+01
     0.1728222E+03     0.3092071E+01
     0.1728348E+03     0.3095778E+01
     0.1728490E+03     0.3098566E+01
     0.1728625E+03     0.3100201E+01
     0.1728731E+03     0.3100680E+01
     0.1728809E+03     0.3101614E+01
     0.1728841E+03     0.3101620E+01
     0.1728861E+03     0.3099091E+01
     0.1728891E+03     0.3097484E+01
     0.1728930E+03     0.3097260E+01
     0.1728958E+03     0.3098417E+01
     0.1728930E+03     0.3103708E+01
END
31
     0.1732764E+03     0.2046723E+01
     0.1733057E+03     0.1993301E+01
     0.1732979E+03     0.1991449E+01
     0.1732970E+03     0.1993750E+01
     0.1732963E+03     0.1996971E+01
     0.1732940E+03     0.2005484E+01
     0.1732919E+03     0.2015148E+01
     0.1732922E+03     0.2019521E+01
     0.1732919E+03     0.2026656E+01
     0.1732901E+03     0.2033789E+01
     0.1732873E+03     0.2038619E+01
     0.1732848E+03     0.2040227E+01
     0.1732818E+03     0.2041834E+01
     0.1732773E+03     0.2044360E+01
     0.1732708E+03     0.2045503E+01
     0.1732665E+03     0.2043886E+01
     0.1732649E+03     0.2036750E+01
     0.1732672E+03     0.2020411E+01
     0.1732688E+03     0.2011437E+01
     0.1732670E+03     0.2004300E+01
     0.1732629E+03     0.1997390E+01
     0.1732581E+03     0.1996924E+01
     0.1732583E+03     0.1997615E+01
     0.1732597E+03     0.2000839E+01
     0.1732606E+03     0.2007284E+01
     0.1732608E+03     0.2012808E+01
     0.1732601E+03     0.2018791E+01
     0.1732578E+03     0.2028455E+01
     0.1732583E+03     0.2033979E+01
     0.1732599E+03     0.2043418E+01
     0.1732624E+03     0.2049865E+01
     0.1732649E+03     0.2055162E+01
     0.1732688E+03     0.2059310E+01
     0.1732738E+03     0.2059546E+01
     0.1732782E+03     0.2058631E+01
     0.1732832E+03     0.2056336E+01
     0.1732894E+03     0.2050359E+01
     0.1732937E+03     0.2043460E+01
     0.1732963E+03     0.2033566E+01
     0.1732986E+03     0.2014005E+01
     0.1733057E+03     0.1993301E+01
END
32
     0.1732724E+03     0.1971400E+01
     0.1733057E+03     0.1993301E+01
     0.1733098E+03     0.1984329E+01
     0.1733128E+03     0.1982032E+01
     0.1733160E+03     0.1979964E+01
     0.1733188E+03     0.1976975E+01
     0.1733183E+03     0.1973983E+01
     0.1733181E+03     0.1970761E+01
     0.1733162E+03     0.1967766E+01
     0.1733133E+03     0.1965461E+01
     0.1733091E+03     0.1963155E+01
     0.1733048E+03     0.1961539E+01
     0.1732977E+03     0.1961530E+01
     0.1732851E+03     0.1963816E+01
     0.1732693E+03     0.1967709E+01
     0.1732606E+03     0.1971150E+01
     0.1732576E+03     0.1974599E+01
     0.1732560E+03     0.1985644E+01
     0.1732565E+03     0.1990017E+01
     0.1732588E+03     0.1992782E+01
     0.1732617E+03     0.1993246E+01
     0.1732633E+03     0.1991407E+01
     0.1732643E+03     0.1988416E+01
     0.1732638E+03     0.1983582E+01
     0.1732640E+03     0.1978059E+01
     0.1732718E+03     0.1974847E+01
     0.1732895E+03     0.1970035E+01
     0.1732940E+03     0.1969120E+01
     0.1733018E+03     0.1968670E+01
     0.1733062E+03     0.1969826E+01
     0.1733080E+03     0.1973280E+01
     0.1733071E+03     0.1976501E+01
     0.1733062E+03     0.1980642E+01
     0.1733011E+03     0.1985700E+01
     0.1732977E+03     0.1989838E+01
     0.1733057E+03     0.1993301E+01
END
33
     0.1728741E+03     0.1958986E+01
     0.1728694E+03     0.1954453E+01
     0.1728685E+03     0.1956292E+01
     0.1728717E+03     0.1959750E+01
     0.1728736E+03     0.1962515E+01
     0.1728756E+03     0.1962058E+01
     0.1728770E+03     0.1959990E+01
     0.1728774E+03     0.1958149E+01
     0.1728694E+03     0.1954453E+01
END
34
     0.1730100E+03     0.1842622E+01
     0.1729956E+03     0.1718780E+01
     0.1729982E+03     0.1715563E+01
     0.1730009E+03     0.1713726E+01
     0.1730087E+03     0.1710747E+01
     0.1730179E+03     0.1710991E+01
     0.1730270E+03     0.1714917E+01
     0.1730332E+03     0.1721830E+01
     0.1730375E+03     0.1728740E+01
     0.1730439E+03     0.1737955E+01
     0.1730485E+03     0.1750158E+01
     0.1730548E+03     0.1770418E+01
     0.1730535E+03     0.1778700E+01
     0.1730507E+03     0.1783298E+01
     0.1730464E+03     0.1790426E+01
     0.1730424E+03     0.1798934E+01
     0.1730370E+03     0.1804909E+01
     0.1730312E+03     0.1809963E+01
     0.1730271E+03     0.1815249E+01
     0.1730214E+03     0.1823755E+01
     0.1730163E+03     0.1829961E+01
     0.1730099E+03     0.1839616E+01
     0.1730055E+03     0.1846513E+01
     0.1729994E+03     0.1853408E+01
     0.1729948E+03     0.1857543E+01
     0.1729922E+03     0.1862371E+01
     0.1729904E+03     0.1869042E+01
     0.1729886E+03     0.1875023E+01
     0.1729865E+03     0.1882384E+01
     0.1729842E+03     0.1886753E+01
     0.1729801E+03     0.1889968E+01
     0.1729746E+03     0.1891800E+01
     0.1729711E+03     0.1894556E+01
     0.1729684E+03     0.1898925E+01
     0.1729670E+03     0.1900764E+01
     0.1729638E+03     0.1901449E+01
     0.1729590E+03     0.1902592E+01
     0.1729576E+03     0.1904431E+01
     0.1729544E+03     0.1909718E+01
     0.1729505E+03     0.1916846E+01
     0.1729455E+03     0.1923742E+01
     0.1729397E+03     0.1928796E+01
     0.1729324E+03     0.1935458E+01
     0.1729242E+03     0.1942809E+01
     0.1729212E+03     0.1944185E+01
     0.1729166E+03     0.1944867E+01
     0.1729159E+03     0.1945787E+01
     0.1729162E+03     0.1947398E+01
     0.1729184E+03     0.1948783E+01
     0.1729221E+03     0.1948329E+01
     0.1729262E+03     0.1946495E+01
     0.1729384E+03     0.1936158E+01
     0.1729494E+03     0.1926280E+01
     0.1729599E+03     0.1912719E+01
     0.1729707E+03     0.1901000E+01
     0.1729828E+03     0.1894575E+01
     0.1729906E+03     0.1886993E+01
     0.1729964E+03     0.1869282E+01
     0.1730012E+03     0.1858933E+01
     0.1730092E+03     0.1846979E+01
     0.1730200E+03     0.1829736E+01
     0.1730278E+03     0.1819393E+01
     0.1730365E+03     0.1810891E+01
     0.1730457E+03     0.1801931E+01
     0.1730511E+03     0.1796186E+01
     0.1730585E+03     0.1785611E+01
     0.1730583E+03     0.1777557E+01
     0.1730571E+03     0.1766279E+01
     0.1730540E+03     0.1752927E+01
     0.1730489E+03     0.1736121E+01
     0.1730476E+03     0.1733818E+01
     0.1730407E+03     0.1729666E+01
     0.1730364E+03     0.1723906E+01
     0.1730313E+03     0.1714924E+01
     0.1730256E+03     0.1709623E+01
     0.1730160E+03     0.1707767E+01
     0.1730030E+03     0.1706366E+01
     0.1729954E+03     0.1708885E+01
     0.1729927E+03     0.1711412E+01
     0.1729929E+03     0.1715094E+01
     0.1729945E+03     0.1717858E+01
     0.1729956E+03     0.1718780E+01
END
35
     0.1728167E+03     0.1881096E+01
     0.1727993E+03     0.1884595E+01
     0.1728229E+03     0.1881876E+01
     0.1728334E+03     0.1880974E+01
     0.1728430E+03     0.1878690E+01
     0.1728416E+03     0.1876616E+01
     0.1728403E+03     0.1877534E+01
     0.1728320E+03     0.1878440E+01
     0.1728229E+03     0.1878424E+01
     0.1728123E+03     0.1878175E+01
     0.1727972E+03     0.1882290E+01
     0.1727993E+03     0.1884595E+01
END
36
     0.1728544E+03     0.1874550E+01
     0.1728499E+03     0.1877551E+01
     0.1728542E+03     0.1876639E+01
     0.1728602E+03     0.1875038E+01
     0.1728597E+03     0.1873196E+01
     0.1728554E+03     0.1873649E+01
     0.1728487E+03     0.1874558E+01
     0.1728499E+03     0.1877551E+01
END
37
     0.1729721E+03     0.1594177E+01
     0.1729724E+03     0.1615656E+01
     0.1729727E+03     0.1608294E+01
     0.1729727E+03     0.1603922E+01
     0.1729750E+03     0.1601855E+01
     0.1729754E+03     0.1600015E+01
     0.1729752E+03     0.1596333E+01
     0.1729761E+03     0.1594954E+01
     0.1729780E+03     0.1593347E+01
     0.1729780E+03     0.1589205E+01
     0.1729787E+03     0.1583914E+01
     0.1729816E+03     0.1577476E+01
     0.1729826E+03     0.1569194E+01
     0.1729810E+03     0.1567351E+01
     0.1729773E+03     0.1566655E+01
     0.1729727E+03     0.1568028E+01
     0.1729707E+03     0.1570556E+01
     0.1729704E+03     0.1575157E+01
     0.1729709E+03     0.1580680E+01
     0.1729702E+03     0.1586431E+01
     0.1729686E+03     0.1591721E+01
     0.1729654E+03     0.1597698E+01
     0.1729615E+03     0.1599762E+01
     0.1729544E+03     0.1599751E+01
     0.1729615E+03     0.1609196E+01
     0.1729663E+03     0.1612425E+01
     0.1729692E+03     0.1611510E+01
     0.1729724E+03     0.1615656E+01
END
38
     0.1729804E+03     0.1560729E+01
     0.1729796E+03     0.1556075E+01
     0.1729769E+03     0.1559292E+01
     0.1729773E+03     0.1562053E+01
     0.1729785E+03     0.1563436E+01
     0.1729810E+03     0.1564360E+01
     0.1729830E+03     0.1563213E+01
     0.1729839E+03     0.1561604E+01
     0.1729835E+03     0.1559072E+01
     0.1729819E+03     0.1557229E+01
     0.1729796E+03     0.1556075E+01
END
39
     0.1729875E+03     0.1550544E+01
     0.1729821E+03     0.1550557E+01
     0.1729835E+03     0.1552860E+01
     0.1729855E+03     0.1554474E+01
     0.1729881E+03     0.1554018E+01
     0.1729906E+03     0.1552181E+01
     0.1729929E+03     0.1550574E+01
     0.1729922E+03     0.1548272E+01
     0.1729913E+03     0.1547120E+01
     0.1729890E+03     0.1545506E+01
     0.1729856E+03     0.1545960E+01
     0.1729833E+03     0.1548028E+01
     0.1729821E+03     0.1550557E+01
END
40
     0.1730126E+03     0.1511045E+01
     0.1730013E+03     0.1549667E+01
     0.1730023E+03     0.1545297E+01
     0.1730032E+03     0.1541387E+01
     0.1730050E+03     0.1535178E+01
     0.1730066E+03     0.1527357E+01
     0.1730082E+03     0.1522989E+01
     0.1730115E+03     0.1519542E+01
     0.1730147E+03     0.1517707E+01
     0.1730186E+03     0.1515642E+01
     0.1730197E+03     0.1511502E+01
     0.1730202E+03     0.1505521E+01
     0.1730197E+03     0.1499539E+01
     0.1730193E+03     0.1495857E+01
     0.1730149E+03     0.1493549E+01
     0.1730078E+03     0.1506422E+01
     0.1730005E+03     0.1521596E+01
     0.1729982E+03     0.1526884E+01
     0.1729970E+03     0.1530794E+01
     0.1729959E+03     0.1534703E+01
     0.1729943E+03     0.1537921E+01
     0.1729929E+03     0.1542061E+01
     0.1730013E+03     0.1549667E+01
END
41
     0.1730310E+03     0.1482700E+01
     0.1730332E+03     0.1491507E+01
     0.1730355E+03     0.1484148E+01
     0.1730385E+03     0.1478631E+01
     0.1730383E+03     0.1475409E+01
     0.1730353E+03     0.1471493E+01
     0.1730328E+03     0.1469649E+01
     0.1730303E+03     0.1472406E+01
     0.1730284E+03     0.1476775E+01
     0.1730275E+03     0.1480915E+01
     0.1730245E+03     0.1483901E+01
     0.1730209E+03     0.1485276E+01
     0.1730186E+03     0.1487113E+01
     0.1730195E+03     0.1489415E+01
     0.1730211E+03     0.1491718E+01
     0.1730227E+03     0.1492871E+01
     0.1730332E+03     0.1491507E+01
END
42
     0.1730959E+03     0.1430381E+01
     0.1730935E+03     0.1434310E+01
     0.1730985E+03     0.1432247E+01
     0.1730996E+03     0.1430408E+01
     0.1730992E+03     0.1426956E+01
     0.1730967E+03     0.1425342E+01
     0.1730923E+03     0.1425796E+01
     0.1730914E+03     0.1428325E+01
     0.1730935E+03     0.1434310E+01
END
43
     0.1731114E+03     0.1414297E+01
     0.1731035E+03     0.1417990E+01
     0.1731106E+03     0.1419841E+01
     0.1731200E+03     0.1408581E+01
     0.1731152E+03     0.1407194E+01
     0.1731035E+03     0.1417990E+01
END
44
     0.1731237E+03     0.1401204E+01
     0.1731184E+03     0.1403058E+01
     0.1731228E+03     0.1405135E+01
     0.1731260E+03     0.1402148E+01
     0.1731290E+03     0.1400542E+01
     0.1731306E+03     0.1398244E+01
     0.1731232E+03     0.1396163E+01
     0.1731184E+03     0.1403058E+01
END
45
     0.1731344E+03     0.1390665E+01
     0.1731303E+03     0.1394793E+01
     0.1731406E+03     0.1391127E+01
     0.1731361E+03     0.1385369E+01
     0.1731285E+03     0.1390649E+01
     0.1731303E+03     0.1394793E+01
END
46
     0.1731179E+03     0.1359880E+01
     0.1731418E+03     0.1373414E+01
     0.1731445E+03     0.1379399E+01
     0.1731468E+03     0.1384463E+01
     0.1731564E+03     0.1381946E+01
     0.1731624E+03     0.1378734E+01
     0.1731692E+03     0.1375983E+01
     0.1731720E+03     0.1372536E+01
     0.1731743E+03     0.1366557E+01
     0.1731747E+03     0.1361727E+01
     0.1731763E+03     0.1358508E+01
     0.1731754E+03     0.1354596E+01
     0.1731704E+03     0.1350219E+01
     0.1731642E+03     0.1348830E+01
     0.1731581E+03     0.1349511E+01
     0.1731498E+03     0.1351110E+01
     0.1731418E+03     0.1352709E+01
     0.1731308E+03     0.1354304E+01
     0.1731215E+03     0.1354291E+01
     0.1731132E+03     0.1354509E+01
     0.1731066E+03     0.1355190E+01
     0.1731025E+03     0.1355644E+01
     0.1730981E+03     0.1355637E+01
     0.1730865E+03     0.1352629E+01
     0.1730741E+03     0.1351001E+01
     0.1730636E+03     0.1349375E+01
     0.1730583E+03     0.1350747E+01
     0.1730599E+03     0.1355121E+01
     0.1730691E+03     0.1356054E+01
     0.1730775E+03     0.1357447E+01
     0.1730885E+03     0.1360684E+01
     0.1730940E+03     0.1363683E+01
     0.1730979E+03     0.1364379E+01
     0.1731061E+03     0.1364161E+01
     0.1731146E+03     0.1362793E+01
     0.1731198E+03     0.1364181E+01
     0.1731283E+03     0.1365113E+01
     0.1731368E+03     0.1364205E+01
     0.1731475E+03     0.1360769E+01
     0.1731574E+03     0.1357562E+01
     0.1731642E+03     0.1359182E+01
     0.1731660E+03     0.1362405E+01
     0.1731660E+03     0.1367006E+01
     0.1731633E+03     0.1370913E+01
     0.1731580E+03     0.1372976E+01
     0.1731528E+03     0.1374349E+01
     0.1731482E+03     0.1373653E+01
     0.1731418E+03     0.1373414E+01
END
47
     0.1729370E+03     0.1349334E+01
     0.1729497E+03     0.1339534E+01
     0.1729419E+03     0.1346192E+01
     0.1729302E+03     0.1348013E+01
     0.1729227E+03     0.1348691E+01
     0.1729218E+03     0.1353060E+01
     0.1729234E+03     0.1356283E+01
     0.1729302E+03     0.1356755E+01
     0.1729359E+03     0.1356995E+01
     0.1729398E+03     0.1355851E+01
     0.1729476E+03     0.1352873E+01
     0.1729520E+03     0.1348969E+01
     0.1729547E+03     0.1345293E+01
     0.1729552E+03     0.1343683E+01
     0.1729497E+03     0.1339534E+01
END
48
     0.1730289E+03     0.1334173E+01
     0.1730147E+03     0.1324685E+01
     0.1730089E+03     0.1329737E+01
     0.1730288E+03     0.1339200E+01
     0.1730394E+03     0.1344507E+01
     0.1730432E+03     0.1347274E+01
     0.1730446E+03     0.1350036E+01
     0.1730455E+03     0.1351878E+01
     0.1730515E+03     0.1354648E+01
     0.1730556E+03     0.1355114E+01
     0.1730565E+03     0.1351895E+01
     0.1730549E+03     0.1349362E+01
     0.1730515E+03     0.1346366E+01
     0.1730494E+03     0.1341762E+01
     0.1730396E+03     0.1334155E+01
     0.1730268E+03     0.1327694E+01
     0.1730204E+03     0.1325844E+01
     0.1730147E+03     0.1324685E+01
END
49
     0.1729829E+03     0.1325706E+01
     0.1729875E+03     0.1321881E+01
     0.1729833E+03     0.1321185E+01
     0.1729799E+03     0.1321869E+01
     0.1729790E+03     0.1324628E+01
     0.1729804E+03     0.1328081E+01
     0.1729838E+03     0.1329237E+01
     0.1729861E+03     0.1326710E+01
     0.1729875E+03     0.1321881E+01
END
50
     0.1730005E+03     0.1324902E+01
     0.1730028E+03     0.1322366E+01
     0.1729982E+03     0.1321668E+01
     0.1729975E+03     0.1323738E+01
     0.1729991E+03     0.1327421E+01
     0.1730032E+03     0.1326737E+01
     0.1730028E+03     0.1322366E+01
END
51
     0.1729811E+03     0.8538007E+00
     0.1729766E+03     0.8579565E+00
     0.1729794E+03     0.8593407E+00
     0.1729835E+03     0.8540583E+00
     0.1729862E+03     0.8483141E+00
     0.1729846E+03     0.8469320E+00
     0.1729821E+03     0.8466980E+00
     0.1729801E+03     0.8503737E+00
     0.1729766E+03     0.8579565E+00
END
52
     0.1729816E+03     0.8332947E+00
     0.1729764E+03     0.8402502E+00
     0.1729808E+03     0.8356583E+00
     0.1729847E+03     0.8335949E+00
     0.1729876E+03     0.8329099E+00
     0.1729872E+03     0.8306096E+00
     0.1729824E+03     0.8301421E+00
     0.1729787E+03     0.8315160E+00
     0.1729762E+03     0.8345011E+00
     0.1729739E+03     0.8377166E+00
     0.1729764E+03     0.8402502E+00
END
53
     0.1738871E+03     0.4524882E+00
     0.1739229E+03     0.4018926E+00
     0.1739222E+03     0.4018923E+00
     0.1739199E+03     0.4037299E+00
     0.1739181E+03     0.4064873E+00
     0.1739158E+03     0.4115428E+00
     0.1739135E+03     0.4152193E+00
     0.1739112E+03     0.4198154E+00
     0.1739091E+03     0.4239517E+00
     0.1739060E+03     0.4273978E+00
     0.1739016E+03     0.4310733E+00
     0.1738968E+03     0.4356682E+00
     0.1738922E+03     0.4409525E+00
     0.1738874E+03     0.4462368E+00
     0.1738838E+03     0.4512919E+00
     0.1738790E+03     0.4549670E+00
     0.1738751E+03     0.4593326E+00
     0.1738703E+03     0.4623181E+00
     0.1738666E+03     0.4664537E+00
     0.1738621E+03     0.4715084E+00
     0.1738586E+03     0.4765635E+00
     0.1738550E+03     0.4809289E+00
     0.1738474E+03     0.4841430E+00
     0.1738431E+03     0.4843705E+00
     0.1738360E+03     0.4848263E+00
     0.1738310E+03     0.4845936E+00
     0.1738271E+03     0.4818330E+00
     0.1738244E+03     0.4776939E+00
     0.1738221E+03     0.4717163E+00
     0.1738177E+03     0.4657373E+00
     0.1738125E+03     0.4602177E+00
     0.1738091E+03     0.4652726E+00
     0.1738104E+03     0.4675720E+00
     0.1738125E+03     0.4696419E+00
     0.1738145E+03     0.4737806E+00
     0.1738200E+03     0.4818290E+00
     0.1738225E+03     0.4861978E+00
     0.1738317E+03     0.4912602E+00
     0.1738390E+03     0.4919538E+00
     0.1738465E+03     0.4898890E+00
     0.1738557E+03     0.4852967E+00
     0.1738666E+03     0.4763379E+00
     0.1738778E+03     0.4653102E+00
     0.1738950E+03     0.4496883E+00
     0.1739119E+03     0.4349856E+00
     0.1739160E+03     0.4317698E+00
     0.1739185E+03     0.4269439E+00
     0.1739231E+03     0.4184416E+00
     0.1739222E+03     0.4145337E+00
     0.1739220E+03     0.4092472E+00
     0.1739261E+03     0.4041925E+00
     0.1739229E+03     0.4018926E+00
END
54
     0.1737738E+03     0.3855512E+00
     0.1737965E+03     0.3788418E+00
     0.1737949E+03     0.3756230E+00
     0.1737833E+03     0.3802127E+00
     0.1737746E+03     0.3790581E+00
     0.1737696E+03     0.3811235E+00
     0.1737650E+03     0.3838785E+00
     0.1737629E+03     0.3873248E+00
     0.1737648E+03     0.3916930E+00
     0.1737652E+03     0.3933023E+00
     0.1737796E+03     0.3889444E+00
     0.1737833E+03     0.3866482E+00
     0.1737844E+03     0.3832013E+00
     0.1737885E+03     0.3811354E+00
     0.1737929E+03     0.3799887E+00
     0.1737965E+03     0.3788418E+00
END
55
     0.1739360E+03     0.3679105E+00
     0.1739384E+03     0.3467385E+00
     0.1739366E+03     0.3534029E+00
     0.1739343E+03     0.3605265E+00
     0.1739327E+03     0.3692597E+00
     0.1739279E+03     0.3821285E+00
     0.1739332E+03     0.3844292E+00
     0.1739341E+03     0.3812119E+00
     0.1739373E+03     0.3738584E+00
     0.1739407E+03     0.3625979E+00
     0.1739434E+03     0.3531760E+00
     0.1739437E+03     0.3499584E+00
     0.1739416E+03     0.3471995E+00
     0.1739384E+03     0.3467385E+00
END
56
     0.1738472E+03     0.3417768E+00
     0.1738406E+03     0.3418642E+00
     0.1738468E+03     0.3439359E+00
     0.1738527E+03     0.3443987E+00
     0.1738539E+03     0.3407220E+00
     0.1738502E+03     0.3384219E+00
     0.1738457E+03     0.3395685E+00
     0.1738406E+03     0.3418642E+00
END
57
     0.1739407E+03     0.3376542E+00
     0.1739386E+03     0.3324892E+00
     0.1739364E+03     0.3354760E+00
     0.1739370E+03     0.3384641E+00
     0.1739389E+03     0.3414527E+00
     0.1739416E+03     0.3416837E+00
     0.1739437E+03     0.3409949E+00
     0.1739448E+03     0.3384674E+00
     0.1739434E+03     0.3352492E+00
     0.1739386E+03     0.3324892E+00
END
58
     0.1739348E+03     0.3126164E+00
     0.1739450E+03     0.3306534E+00
     0.1739448E+03     0.3210005E+00
     0.1739430E+03     0.3136454E+00
     0.1739391E+03     0.3081281E+00
     0.1739325E+03     0.3049077E+00
     0.1739254E+03     0.3044450E+00
     0.1739213E+03     0.3049027E+00
     0.1739231E+03     0.3099598E+00
     0.1739281E+03     0.3131793E+00
     0.1739348E+03     0.3152508E+00
     0.1739389E+03     0.3177806E+00
     0.1739402E+03     0.3212284E+00
     0.1739405E+03     0.3239864E+00
     0.1739405E+03     0.3272040E+00
     0.1739450E+03     0.3306534E+00
END
59
     0.1739127E+03     0.3081547E+00
     0.1739178E+03     0.3099574E+00
     0.1739156E+03     0.3046703E+00
     0.1739126E+03     0.3065076E+00
     0.1739076E+03     0.3067351E+00
     0.1739096E+03     0.3108728E+00
     0.1739178E+03     0.3099574E+00
END
60
     0.1733702E+03     0.2415148E+00
     0.1733552E+03     0.2502148E+00
     0.1733648E+03     0.2571199E+00
     0.1733705E+03     0.2523005E+00
     0.1733747E+03     0.2497772E+00
     0.1733774E+03     0.2477121E+00
     0.1733790E+03     0.2444966E+00
     0.1733797E+03     0.2364543E+00
     0.1733834E+03     0.2277260E+00
     0.1733845E+03     0.2231313E+00
     0.1733843E+03     0.2215223E+00
     0.1733795E+03     0.2242747E+00
     0.1733735E+03     0.2323110E+00
     0.1733676E+03     0.2369003E+00
     0.1733619E+03     0.2408004E+00
     0.1733587E+03     0.2440141E+00
     0.1733573E+03     0.2458508E+00
     0.1733552E+03     0.2502148E+00
END
61
     0.1734041E+03     0.2053890E+00
     0.1733962E+03     0.1861473E+00
     0.1733905E+03     0.1914261E+00
     0.1733884E+03     0.1973985E+00
     0.1733882E+03     0.2040623E+00
     0.1733870E+03     0.2098058E+00
     0.1733857E+03     0.2134810E+00
     0.1733850E+03     0.2153187E+00
     0.1733884E+03     0.2199184E+00
     0.1733941E+03     0.2194651E+00
     0.1734005E+03     0.2203913E+00
     0.1734023E+03     0.2167165E+00
     0.1734064E+03     0.2144229E+00
     0.1734101E+03     0.2130482E+00
     0.1734142E+03     0.2086865E+00
     0.1734190E+03     0.2059340E+00
     0.1734236E+03     0.2041007E+00
     0.1734229E+03     0.2018019E+00
     0.1734129E+03     0.1967358E+00
     0.1734044E+03     0.1925904E+00
     0.1734010E+03     0.1902887E+00
     0.1733992E+03     0.1872994E+00
     0.1733962E+03     0.1861473E+00
END
62
     0.1736089E+03     0.1892280E+00
     0.1735988E+03     0.1819782E+00
     0.1736011E+03     0.1854270E+00
     0.1736040E+03     0.1895656E+00
     0.1736052E+03     0.1920944E+00
     0.1736063E+03     0.1941633E+00
     0.1736077E+03     0.1957731E+00
     0.1736091E+03     0.1950847E+00
     0.1736102E+03     0.1934772E+00
     0.1736107E+03     0.1927883E+00
     0.1736125E+03     0.1923303E+00
     0.1736145E+03     0.1909531E+00
     0.1736139E+03     0.1886547E+00
     0.1736111E+03     0.1879631E+00
     0.1736086E+03     0.1881908E+00
     0.1736054E+03     0.1849710E+00
     0.1736038E+03     0.1826717E+00
     0.1736029E+03     0.1815221E+00
     0.1736011E+03     0.1808312E+00
     0.1735995E+03     0.1812894E+00
     0.1735988E+03     0.1819782E+00
END
63
     0.1736186E+03     0.1522079E+00
     0.1736120E+03     0.1849766E+00
     0.1736152E+03     0.1854388E+00
     0.1736184E+03     0.1845223E+00
     0.1736214E+03     0.1796990E+00
     0.1736244E+03     0.1723485E+00
     0.1736246E+03     0.1617786E+00
     0.1736239E+03     0.1553441E+00
     0.1736212E+03     0.1493677E+00
     0.1736185E+03     0.1431613E+00
     0.1736159E+03     0.1383340E+00
     0.1736148E+03     0.1330483E+00
     0.1736127E+03     0.1266129E+00
     0.1736109E+03     0.1206373E+00
     0.1736070E+03     0.1151195E+00
     0.1736000E+03     0.1125862E+00
     0.1735938E+03     0.1095939E+00
     0.1735913E+03     0.1095917E+00
     0.1735876E+03     0.1105077E+00
     0.1735936E+03     0.1213119E+00
     0.1736011E+03     0.1229268E+00
     0.1736054E+03     0.1268365E+00
     0.1736098E+03     0.1364906E+00
     0.1736127E+03     0.1445352E+00
     0.1736146E+03     0.1514301E+00
     0.1736152E+03     0.1580944E+00
     0.1736155E+03     0.1640688E+00
     0.1736127E+03     0.1675133E+00
     0.1736111E+03     0.1691206E+00
     0.1736107E+03     0.1709584E+00
     0.1736120E+03     0.1730277E+00
     0.1736141E+03     0.1727996E+00
     0.1736157E+03     0.1746391E+00
     0.1736155E+03     0.1780857E+00
     0.1736141E+03     0.1806123E+00
     0.1736120E+03     0.1849766E+00
END
64
     0.1735364E+03     0.1709201E+00
     0.1735471E+03     0.1745609E+00
     0.1735536E+03     0.1683813E+00
     0.1735563E+03     0.1651668E+00
     0.1735616E+03     0.1644822E+00
     0.1735659E+03     0.1642563E+00
     0.1735666E+03     0.1619590E+00
     0.1735632E+03     0.1621857E+00
     0.1735561E+03     0.1621794E+00
     0.1735506E+03     0.1614851E+00
     0.1735465E+03     0.1594132E+00
     0.1735431E+03     0.1591803E+00
     0.1735396E+03     0.1619346E+00
     0.1735349E+03     0.1649174E+00
     0.1735268E+03     0.1692759E+00
     0.1735207E+03     0.1713380E+00
     0.1735186E+03     0.1747829E+00
     0.1735209E+03     0.1777723E+00
     0.1735248E+03     0.1800739E+00
     0.1735300E+03     0.1791595E+00
     0.1735403E+03     0.1780201E+00
     0.1735471E+03     0.1745609E+00
END
65
     0.1729982E+03     0.1018831E+01
     0.1729980E+03     0.1014923E+01
     0.1729954E+03     0.1016664E+01
     0.1729979E+03     0.1019888E+01
     0.1730016E+03     0.1023574E+01
     0.1730022E+03     0.1022425E+01
     0.1730004E+03     0.1020122E+01
     0.1729986E+03     0.1018049E+01
     0.1729980E+03     0.1014923E+01
END
66
     0.1730597E+03     0.9865452E+00
     0.1730059E+03     0.1019901E+01
     0.1730075E+03     0.1021053E+01
     0.1730144E+03     0.1022674E+01
     0.1730247E+03     0.1016940E+01
     0.1730350E+03     0.1009137E+01
     0.1730405E+03     0.1004545E+01
     0.1730512E+03     0.9990422E+00
     0.1730581E+03     0.9960629E+00
     0.1730649E+03     0.9914736E+00
     0.1730695E+03     0.9845813E+00
     0.1730752E+03     0.9797602E+00
     0.1730800E+03     0.9751678E+00
     0.1730803E+03     0.9673490E+00
     0.1730803E+03     0.9599898E+00
     0.1730796E+03     0.9549295E+00
     0.1730766E+03     0.9471061E+00
     0.1730741E+03     0.9429629E+00
     0.1730661E+03     0.9367417E+00
     0.1730593E+03     0.9321321E+00
     0.1730515E+03     0.9275211E+00
     0.1730456E+03     0.9217630E+00
     0.1730397E+03     0.9109457E+00
     0.1730344E+03     0.9017389E+00
     0.1730276E+03     0.8886209E+00
     0.1730221E+03     0.8764247E+00
     0.1730184E+03     0.8676808E+00
     0.1730146E+03     0.8600863E+00
     0.1730128E+03     0.8506554E+00
     0.1730103E+03     0.8439831E+00
     0.1730045E+03     0.8359261E+00
     0.1729986E+03     0.8310878E+00
     0.1729956E+03     0.8303931E+00
     0.1729959E+03     0.8310835E+00
     0.1729982E+03     0.8340763E+00
     0.1730013E+03     0.8396001E+00
     0.1730041E+03     0.8435135E+00
     0.1730052E+03     0.8465044E+00
     0.1730061E+03     0.8506449E+00
     0.1730089E+03     0.8524890E+00
     0.1730098E+03     0.8552499E+00
     0.1730086E+03     0.8573175E+00
     0.1730050E+03     0.8580016E+00
     0.1730041E+03     0.8589202E+00
     0.1730075E+03     0.8630646E+00
     0.1730148E+03     0.8729639E+00
     0.1730210E+03     0.8807921E+00
     0.1730251E+03     0.8902268E+00
     0.1730291E+03     0.9019611E+00
     0.1730319E+03     0.9109337E+00
     0.1730353E+03     0.9178379E+00
     0.1730424E+03     0.9270472E+00
     0.1730492E+03     0.9307371E+00
     0.1730565E+03     0.9337378E+00
     0.1730636E+03     0.9388078E+00
     0.1730684E+03     0.9431844E+00
     0.1730718E+03     0.9484787E+00
     0.1730739E+03     0.9526212E+00
     0.1730753E+03     0.9586027E+00
     0.1730739E+03     0.9638899E+00
     0.1730698E+03     0.9705530E+00
     0.1730624E+03     0.9779013E+00
     0.1730537E+03     0.9845576E+00
     0.1730478E+03     0.9891480E+00
     0.1730437E+03     0.9914414E+00
     0.1730389E+03     0.9944239E+00
     0.1730361E+03     0.9971794E+00
     0.1730412E+03     0.9964973E+00
     0.1730432E+03     0.9969603E+00
     0.1730402E+03     0.1000176E+01
     0.1730350E+03     0.1002697E+01
     0.1730334E+03     0.1003615E+01
     0.1730288E+03     0.1009127E+01
     0.1730242E+03     0.1013490E+01
     0.1730183E+03     0.1016010E+01
     0.1730119E+03     0.1018300E+01
     0.1730089E+03     0.1018755E+01
     0.1730059E+03     0.1019901E+01
END
67
     0.1730083E+03     0.1000147E+01
     0.1730075E+03     0.1006794E+01
     0.1730103E+03     0.1004269E+01
     0.1730114E+03     0.1000361E+01
     0.1730085E+03     0.9971365E+00
     0.1730041E+03     0.9975896E+00
     0.1730050E+03     0.9994307E+00
     0.1730066E+03     0.1002423E+01
     0.1730075E+03     0.1006794E+01
END
68
     0.1750044E+03    -0.1455543E+01
     0.1750000E+03    -0.1455967E+01
     0.1750019E+03    -0.1455516E+01
     0.1750044E+03    -0.1452748E+01
     0.1750074E+03    -0.1447450E+01
     0.1750084E+03    -0.1447142E+01
     0.1750090E+03    -0.1446984E+01
     0.1750099E+03    -0.1448358E+01
     0.1750092E+03    -0.1450658E+01
     0.1750078E+03    -0.1453421E+01
     0.1750067E+03    -0.1456643E+01
     0.1750042E+03    -0.1457344E+01
     0.1750000E+03    -0.1459365E+01
     0.1749987E+03    -0.1458977E+01
     0.1749978E+03    -0.1457373E+01
     0.1749989E+03    -0.1456219E+01
     0.1750000E+03    -0.1455967E+01
END
69
     0.1750201E+03    -0.1456364E+01
     0.1750177E+03    -0.1449931E+01
     0.1750188E+03    -0.1450844E+01
     0.1750200E+03    -0.1452217E+01
     0.1750213E+03    -0.1452671E+01
     0.1750232E+03    -0.1452203E+01
     0.1750248E+03    -0.1453344E+01
     0.1750262E+03    -0.1454717E+01
     0.1750282E+03    -0.1457004E+01
     0.1750289E+03    -0.1458839E+01
     0.1750282E+03    -0.1460450E+01
     0.1750269E+03    -0.1462754E+01
     0.1750255E+03    -0.1463679E+01
     0.1750241E+03    -0.1464605E+01
     0.1750230E+03    -0.1464150E+01
     0.1750207E+03    -0.1462782E+01
     0.1750186E+03    -0.1461872E+01
     0.1750154E+03    -0.1460279E+01
     0.1750134E+03    -0.1460289E+01
     0.1750118E+03    -0.1461904E+01
     0.1750106E+03    -0.1461910E+01
     0.1750099E+03    -0.1460764E+01
     0.1750111E+03    -0.1458231E+01
     0.1750129E+03    -0.1456156E+01
     0.1750145E+03    -0.1453851E+01
     0.1750177E+03    -0.1449931E+01
END
70
     0.1750403E+03    -0.1465946E+01
     0.1750477E+03    -0.1462429E+01
     0.1750468E+03    -0.1465419E+01
     0.1750466E+03    -0.1466109E+01
     0.1750461E+03    -0.1467490E+01
     0.1750445E+03    -0.1467727E+01
     0.1750432E+03    -0.1468652E+01
     0.1750427E+03    -0.1469343E+01
     0.1750420E+03    -0.1470495E+01
     0.1750411E+03    -0.1471649E+01
     0.1750397E+03    -0.1471885E+01
     0.1750384E+03    -0.1471661E+01
     0.1750379E+03    -0.1470285E+01
     0.1750351E+03    -0.1468919E+01
     0.1750333E+03    -0.1467778E+01
     0.1750308E+03    -0.1467790E+01
     0.1750308E+03    -0.1467101E+01
     0.1750322E+03    -0.1466176E+01
     0.1750333E+03    -0.1466170E+01
     0.1750356E+03    -0.1465471E+01
     0.1750363E+03    -0.1464779E+01
     0.1750372E+03    -0.1463855E+01
     0.1750381E+03    -0.1462243E+01
     0.1750397E+03    -0.1461316E+01
     0.1750413E+03    -0.1461310E+01
     0.1750422E+03    -0.1462684E+01
     0.1750447E+03    -0.1463590E+01
     0.1750468E+03    -0.1463582E+01
     0.1750477E+03    -0.1462429E+01
END
71
     0.1750669E+03    -0.1485601E+01
     0.1750528E+03    -0.1477109E+01
     0.1750551E+03    -0.1474341E+01
     0.1750578E+03    -0.1472720E+01
     0.1750610E+03    -0.1471097E+01
     0.1750633E+03    -0.1470168E+01
     0.1750683E+03    -0.1469685E+01
     0.1750711E+03    -0.1470821E+01
     0.1750727E+03    -0.1471732E+01
     0.1750727E+03    -0.1473110E+01
     0.1750713E+03    -0.1474725E+01
     0.1750699E+03    -0.1475191E+01
     0.1750697E+03    -0.1477030E+01
     0.1750699E+03    -0.1477948E+01
     0.1750706E+03    -0.1480472E+01
     0.1750716E+03    -0.1482535E+01
     0.1750741E+03    -0.1486429E+01
     0.1750782E+03    -0.1487788E+01
     0.1750782E+03    -0.1490545E+01
     0.1750771E+03    -0.1493078E+01
     0.1750744E+03    -0.1496078E+01
     0.1750728E+03    -0.1498382E+01
     0.1750694E+03    -0.1503222E+01
     0.1750685E+03    -0.1503687E+01
     0.1750671E+03    -0.1503923E+01
     0.1750664E+03    -0.1505993E+01
     0.1750646E+03    -0.1505772E+01
     0.1750655E+03    -0.1504160E+01
     0.1750666E+03    -0.1500708E+01
     0.1750671E+03    -0.1498179E+01
     0.1750684E+03    -0.1494957E+01
     0.1750698E+03    -0.1492193E+01
     0.1750705E+03    -0.1488743E+01
     0.1750707E+03    -0.1487594E+01
     0.1750684E+03    -0.1485767E+01
     0.1750668E+03    -0.1485774E+01
     0.1750650E+03    -0.1485783E+01
     0.1750624E+03    -0.1486943E+01
     0.1750611E+03    -0.1486490E+01
     0.1750576E+03    -0.1483059E+01
     0.1750553E+03    -0.1481003E+01
     0.1750528E+03    -0.1477109E+01
END
72
     0.1750573E+03    -0.1552406E+01
     0.1750563E+03    -0.1536597E+01
     0.1750579E+03    -0.1542334E+01
     0.1750593E+03    -0.1544625E+01
     0.1750593E+03    -0.1546692E+01
     0.1750581E+03    -0.1548536E+01
     0.1750584E+03    -0.1550603E+01
     0.1750595E+03    -0.1552206E+01
     0.1750618E+03    -0.1552655E+01
     0.1750636E+03    -0.1551497E+01
     0.1750652E+03    -0.1548963E+01
     0.1750654E+03    -0.1545975E+01
     0.1750661E+03    -0.1543445E+01
     0.1750670E+03    -0.1544819E+01
     0.1750677E+03    -0.1547113E+01
     0.1750677E+03    -0.1548951E+01
     0.1750671E+03    -0.1551481E+01
     0.1750657E+03    -0.1553326E+01
     0.1750641E+03    -0.1554482E+01
     0.1750621E+03    -0.1556330E+01
     0.1750602E+03    -0.1557947E+01
     0.1750591E+03    -0.1559560E+01
     0.1750577E+03    -0.1557728E+01
     0.1750559E+03    -0.1556588E+01
     0.1750552E+03    -0.1554294E+01
     0.1750538E+03    -0.1552003E+01
     0.1750543E+03    -0.1550852E+01
     0.1750556E+03    -0.1548318E+01
     0.1750556E+03    -0.1545791E+01
     0.1750545E+03    -0.1543499E+01
     0.1750549E+03    -0.1540510E+01
     0.1750563E+03    -0.1536597E+01
END
END
