latvia
1
     0.2636242E+02     0.5702456E+02
     0.2591466E+02     0.5600000E+02
     0.2590000E+02     0.5600000E+02
     0.2586075E+02     0.5600000E+02
     0.2586075E+02     0.5600000E+02
     0.2585851E+02     0.5600745E+02
     0.2585744E+02     0.5601852E+02
     0.2585121E+02     0.5602750E+02
     0.2583279E+02     0.5604125E+02
     0.2582099E+02     0.5605300E+02
     0.2580864E+02     0.5605844E+02
     0.2578647E+02     0.5606324E+02
     0.2577377E+02     0.5606448E+02
     0.2575794E+02     0.5606865E+02
     0.2574710E+02     0.5607280E+02
     0.2573636E+02     0.5607939E+02
     0.2570872E+02     0.5608346E+02
     0.2569760E+02     0.5609176E+02
     0.2569520E+02     0.5609717E+02
     0.2569689E+02     0.5611260E+02
     0.2569765E+02     0.5612066E+02
     0.2569119E+02     0.5612754E+02
     0.2568478E+02     0.5613128E+02
     0.2568501E+02     0.5613896E+02
     0.2568371E+02     0.5614792E+02
     0.2567726E+02     0.5614888E+02
     0.2566794E+02     0.5614582E+02
     0.2565544E+02     0.5614010E+02
     0.2564251E+02     0.5613644E+02
     0.2562347E+02     0.5613794E+02
     0.2559652E+02     0.5613855E+02
     0.2556680E+02     0.5614036E+02
     0.2556214E+02     0.5614457E+02
     0.2555464E+02     0.5616182E+02
     0.2554682E+02     0.5616616E+02
     0.2553107E+02     0.5616682E+02
     0.2552199E+02     0.5616550E+02
     0.2551560E+02     0.5616332E+02
     0.2551550E+02     0.5615809E+02
     0.2551255E+02     0.5615162E+02
     0.2550393E+02     0.5614824E+02
     0.2548733E+02     0.5614710E+02
     0.2547404E+02     0.5614793E+02
     0.2546124E+02     0.5615505E+02
     0.2544833E+02     0.5615695E+02
     0.2543111E+02     0.5615297E+02
     0.2542295E+02     0.5614753E+02
     0.2540691E+02     0.5615791E+02
     0.2539792E+02     0.5615902E+02
     0.2536933E+02     0.5615564E+02
     0.2534382E+02     0.5615525E+02
     0.2533053E+02     0.5615048E+02
     0.2532093E+02     0.5614598E+02
     0.2530717E+02     0.5614884E+02
     0.2529626E+02     0.5615574E+02
     0.2527695E+02     0.5616935E+02
     0.2526034E+02     0.5617097E+02
     0.2525287E+02     0.5617636E+02
     0.2523916E+02     0.5618445E+02
     0.2522785E+02     0.5618469E+02
     0.2520611E+02     0.5617862E+02
     0.2519206E+02     0.5617448E+02
     0.2517223E+02     0.5617376E+02
     0.2514760E+02     0.5617757E+02
     0.2511534E+02     0.5618467E+02
     0.2509741E+02     0.5618651E+02
     0.2508964E+02     0.5619850E+02
     0.2508462E+02     0.5620127E+02
     0.2507821E+02     0.5621545E+02
     0.2507214E+02     0.5622546E+02
     0.2507074E+02     0.5623687E+02
     0.2506929E+02     0.5625663E+02
     0.2506440E+02     0.5626151E+02
     0.2504998E+02     0.5627232E+02
     0.2503940E+02     0.5627468E+02
     0.2502984E+02     0.5628341E+02
     0.2501787E+02     0.5629439E+02
     0.2500774E+02     0.5629749E+02
     0.2500000E+02     0.5630080E+02
     0.2499589E+02     0.5630256E+02
     0.2497352E+02     0.5630964E+02
     0.2496593E+02     0.5632059E+02
     0.2496662E+02     0.5633633E+02
     0.2496580E+02     0.5635580E+02
     0.2494793E+02     0.5637297E+02
     0.2491730E+02     0.5640142E+02
     0.2490651E+02     0.5641772E+02
     0.2490740E+02     0.5642720E+02
     0.2491193E+02     0.5643729E+02
     0.2490877E+02     0.5644264E+02
     0.2489075E+02     0.5644690E+02
     0.2487337E+02     0.5644318E+02
     0.2486754E+02     0.5643857E+02
     0.2486942E+02     0.5643069E+02
     0.2487378E+02     0.5642299E+02
     0.2487410E+02     0.5641638E+02
     0.2486481E+02     0.5641047E+02
     0.2485379E+02     0.5640652E+02
     0.2483174E+02     0.5640663E+02
     0.2481872E+02     0.5641369E+02
     0.2481225E+02     0.5641182E+02
     0.2480746E+02     0.5640553E+02
     0.2479345E+02     0.5640100E+02
     0.2475879E+02     0.5640121E+02
     0.2473184E+02     0.5639815E+02
     0.2471829E+02     0.5639434E+02
     0.2471123E+02     0.5638195E+02
     0.2470440E+02     0.5637900E+02
     0.2468423E+02     0.5637399E+02
     0.2465290E+02     0.5637093E+02
     0.2463960E+02     0.5636365E+02
     0.2463386E+02     0.5635624E+02
     0.2463363E+02     0.5635203E+02
     0.2461318E+02     0.5633548E+02
     0.2459308E+02     0.5632522E+02
     0.2457932E+02     0.5631475E+02
     0.2457809E+02     0.5630698E+02
     0.2458359E+02     0.5629484E+02
     0.2457774E+02     0.5629056E+02
     0.2456139E+02     0.5628303E+02
     0.2452775E+02     0.5627696E+02
     0.2449887E+02     0.5627194E+02
     0.2446865E+02     0.5626228E+02
     0.2445596E+02     0.5625781E+02
     0.2443884E+02     0.5625858E+02
     0.2443000E+02     0.5626382E+02
     0.2440486E+02     0.5627652E+02
     0.2438447E+02     0.5627773E+02
     0.2435903E+02     0.5628901E+02
     0.2432900E+02     0.5629852E+02
     0.2430234E+02     0.5629712E+02
     0.2428333E+02     0.5629039E+02
     0.2424664E+02     0.5627911E+02
     0.2420329E+02     0.5626205E+02
     0.2417192E+02     0.5625710E+02
     0.2415760E+02     0.5625665E+02
     0.2413466E+02     0.5626040E+02
     0.2411057E+02     0.5626860E+02
     0.2409940E+02     0.5627538E+02
     0.2409245E+02     0.5627797E+02
     0.2407751E+02     0.5627746E+02
     0.2406651E+02     0.5627867E+02
     0.2406172E+02     0.5629470E+02
     0.2403657E+02     0.5631642E+02
     0.2401477E+02     0.5633002E+02
     0.2398255E+02     0.5633055E+02
     0.2394901E+02     0.5633131E+02
     0.2393051E+02     0.5633224E+02
     0.2391066E+02     0.5633830E+02
     0.2386050E+02     0.5633523E+02
     0.2383395E+02     0.5634038E+02
     0.2382072E+02     0.5634278E+02
     0.2380664E+02     0.5634126E+02
     0.2379734E+02     0.5633839E+02
     0.2378146E+02     0.5632484E+02
     0.2377346E+02     0.5632418E+02
     0.2376851E+02     0.5632621E+02
     0.2376288E+02     0.5633308E+02
     0.2376690E+02     0.5634390E+02
     0.2377498E+02     0.5635366E+02
     0.2377912E+02     0.5636170E+02
     0.2377679E+02     0.5636570E+02
     0.2375261E+02     0.5636893E+02
     0.2372845E+02     0.5636971E+02
     0.2370494E+02     0.5636810E+02
     0.2367119E+02     0.5636702E+02
     0.2364606E+02     0.5636431E+02
     0.2356155E+02     0.5633443E+02
     0.2353613E+02     0.5633286E+02
     0.2350076E+02     0.5634001E+02
     0.2347396E+02     0.5634729E+02
     0.2343564E+02     0.5635716E+02
     0.2342501E+02     0.5636822E+02
     0.2336639E+02     0.5638111E+02
     0.2332942E+02     0.5638210E+02
     0.2330259E+02     0.5638156E+02
     0.2327741E+02     0.5637517E+02
     0.2324987E+02     0.5637336E+02
     0.2317473E+02     0.5636436E+02
     0.2317989E+02     0.5634625E+02
     0.2315776E+02     0.5632933E+02
     0.2313399E+02     0.5631824E+02
     0.2310812E+02     0.5630696E+02
     0.2309816E+02     0.5630787E+02
     0.2307942E+02     0.5632057E+02
     0.2303989E+02     0.5632303E+02
     0.2303034E+02     0.5632996E+02
     0.2301426E+02     0.5636686E+02
     0.2301557E+02     0.5639213E+02
     0.2300410E+02     0.5640188E+02
     0.2299027E+02     0.5640484E+02
     0.2297522E+02     0.5640828E+02
     0.2295948E+02     0.5641405E+02
     0.2294544E+02     0.5641399E+02
     0.2293329E+02     0.5640750E+02
     0.2293004E+02     0.5639642E+02
     0.2292486E+02     0.5638457E+02
     0.2291483E+02     0.5637827E+02
     0.2288272E+02     0.5637356E+02
     0.2284186E+02     0.5636925E+02
     0.2280681E+02     0.5636725E+02
     0.2277106E+02     0.5636757E+02
     0.2273569E+02     0.5637391E+02
     0.2273569E+02     0.5637391E+02
     0.2271892E+02     0.5636714E+02
     0.2269831E+02     0.5635782E+02
     0.2268558E+02     0.5635572E+02
     0.2267230E+02     0.5636098E+02
     0.2263762E+02     0.5636518E+02
     0.2263247E+02     0.5637676E+02
     0.2260400E+02     0.5638246E+02
     0.2258311E+02     0.5639071E+02
     0.2255111E+02     0.5639143E+02
     0.2252752E+02     0.5639201E+02
     0.2249902E+02     0.5639768E+02
     0.2247485E+02     0.5640561E+02
     0.2246020E+02     0.5640423E+02
     0.2243224E+02     0.5640808E+02
     0.2240240E+02     0.5640712E+02
     0.2236745E+02     0.5640101E+02
     0.2236745E+02     0.5640101E+02
     0.2234244E+02     0.5639404E+02
     0.2233694E+02     0.5640132E+02
     0.2231792E+02     0.5641031E+02
     0.2228670E+02     0.5640972E+02
     0.2225922E+02     0.5640408E+02
     0.2224483E+02     0.5640510E+02
     0.2222564E+02     0.5641106E+02
     0.2220275E+02     0.5641845E+02
     0.2217500E+02     0.5642057E+02
     0.2214404E+02     0.5642598E+02
     0.2211491E+02     0.5642555E+02
     0.2209109E+02     0.5642203E+02
     0.2205257E+02     0.5641707E+02
     0.2200000E+02     0.5641480E+02
     0.2200000E+02     0.5641480E+02
     0.2200000E+02     0.5640421E+02
     0.2200000E+02     0.5640421E+02
     0.2199415E+02     0.5640076E+02
     0.2198889E+02     0.5639014E+02
     0.2197982E+02     0.5638235E+02
     0.2197242E+02     0.5637823E+02
     0.2197242E+02     0.5637823E+02
     0.2195790E+02     0.5637702E+02
     0.2193623E+02     0.5636720E+02
     0.2190410E+02     0.5636135E+02
     0.2188553E+02     0.5636051E+02
     0.2185707E+02     0.5636843E+02
     0.2184028E+02     0.5636233E+02
     0.2183977E+02     0.5636224E+02
     0.2183016E+02     0.5636047E+02
     0.2181972E+02     0.5635610E+02
     0.2180042E+02     0.5634281E+02
     0.2180042E+02     0.5634281E+02
     0.2177575E+02     0.5633672E+02
     0.2175213E+02     0.5632844E+02
     0.2173868E+02     0.5632122E+02
     0.2172525E+02     0.5631467E+02
     0.2172525E+02     0.5631467E+02
     0.2169756E+02     0.5631092E+02
     0.2168488E+02     0.5631160E+02
     0.2165974E+02     0.5631664E+02
     0.2164908E+02     0.5631773E+02
     0.2160565E+02     0.5632217E+02
     0.2156061E+02     0.5630420E+02
     0.2154797E+02     0.5629630E+02
     0.2153119E+02     0.5629132E+02
     0.2152473E+02     0.5629050E+02
     0.2150098E+02     0.5629168E+02
     0.2148862E+02     0.5628907E+02
     0.2148862E+02     0.5628907E+02
     0.2148178E+02     0.5628686E+02
     0.2147283E+02     0.5627695E+02
     0.2146547E+02     0.5626575E+02
     0.2146227E+02     0.5625712E+02
     0.2145684E+02     0.5625136E+02
     0.2142824E+02     0.5624236E+02
     0.2141403E+02     0.5623823E+02
     0.2139798E+02     0.5623364E+02
     0.2138147E+02     0.5622929E+02
     0.2135488E+02     0.5622631E+02
     0.2132998E+02     0.5621304E+02
     0.2127290E+02     0.5616854E+02
     0.2125984E+02     0.5616339E+02
     0.2125897E+02     0.5616305E+02
     0.2125897E+02     0.5616305E+02
     0.2123928E+02     0.5616059E+02
     0.2123216E+02     0.5615728E+02
     0.2122756E+02     0.5614959E+02
     0.2122849E+02     0.5614396E+02
     0.2124122E+02     0.5612276E+02
     0.2124017E+02     0.5611892E+02
     0.2121529E+02     0.5608616E+02
     0.2121529E+02     0.5608616E+02
     0.2120952E+02     0.5608186E+02
     0.2119416E+02     0.5607568E+02
     0.2116849E+02     0.5607935E+02
     0.2115430E+02     0.5608126E+02
     0.2113990E+02     0.5608154E+02
     0.2112871E+02     0.5608058E+02
     0.2111143E+02     0.5607610E+02
     0.2109193E+02     0.5606907E+02
     0.2107143E+02     0.5606343E+02
     0.2107143E+02     0.5606343E+02
     0.2105100E+02     0.5611249E+02
     0.2103209E+02     0.5614943E+02
     0.2102904E+02     0.5615410E+02
     0.2098086E+02     0.5622766E+02
     0.2098761E+02     0.5623887E+02
     0.2098792E+02     0.5626148E+02
     0.2099151E+02     0.5627019E+02
     0.2099195E+02     0.5627402E+02
     0.2099335E+02     0.5628620E+02
     0.2098946E+02     0.5630709E+02
     0.2098009E+02     0.5633536E+02
     0.2097427E+02     0.5636911E+02
     0.2098153E+02     0.5637751E+02
     0.2098858E+02     0.5639749E+02
     0.2099223E+02     0.5640780E+02
     0.2099973E+02     0.5642010E+02
     0.2100521E+02     0.5641980E+02
     0.2101180E+02     0.5642625E+02
     0.2100866E+02     0.5644685E+02
     0.2101562E+02     0.5645712E+02
     0.2101564E+02     0.5646636E+02
     0.2100706E+02     0.5648995E+02
     0.2099507E+02     0.5650874E+02
     0.2099973E+02     0.5651205E+02
     0.2099973E+02     0.5651205E+02
     0.2100698E+02     0.5651722E+02
     0.2100698E+02     0.5651722E+02
     0.2100361E+02     0.5651866E+02
     0.2100477E+02     0.5652939E+02
     0.2100609E+02     0.5654155E+02
     0.2100383E+02     0.5655930E+02
     0.2102208E+02     0.5659705E+02
     0.2103588E+02     0.5661231E+02
     0.2103531E+02     0.5661790E+02
     0.2104525E+02     0.5663278E+02
     0.2104483E+02     0.5664345E+02
     0.2104763E+02     0.5665061E+02
     0.2105687E+02     0.5667202E+02
     0.2105787E+02     0.5668025E+02
     0.2106455E+02     0.5669079E+02
     0.2106607E+02     0.5673896E+02
     0.2106462E+02     0.5675503E+02
     0.2106812E+02     0.5677230E+02
     0.2106532E+02     0.5678894E+02
     0.2106286E+02     0.5680347E+02
     0.2105830E+02     0.5681287E+02
     0.2106604E+02     0.5683326E+02
     0.2110801E+02     0.5685101E+02
     0.2111492E+02     0.5685922E+02
     0.2113244E+02     0.5686769E+02
     0.2117677E+02     0.5688454E+02
     0.2119142E+02     0.5688980E+02
     0.2124197E+02     0.5690793E+02
     0.2125720E+02     0.5691705E+02
     0.2128087E+02     0.5693954E+02
     0.2131983E+02     0.5695774E+02
     0.2133750E+02     0.5697080E+02
     0.2135049E+02     0.5697779E+02
     0.2136565E+02     0.5698643E+02
     0.2138625E+02     0.5701405E+02
     0.2140959E+02     0.5703633E+02
     0.2141686E+02     0.5704982E+02
     0.2141999E+02     0.5709387E+02
     0.2142143E+02     0.5711421E+02
     0.2141622E+02     0.5713294E+02
     0.2141305E+02     0.5715287E+02
     0.2141480E+02     0.5716336E+02
     0.2141195E+02     0.5717263E+02
     0.2141755E+02     0.5718904E+02
     0.2142109E+02     0.5721866E+02
     0.2142354E+02     0.5723920E+02
     0.2142404E+02     0.5724680E+02
     0.2141793E+02     0.5726838E+02
     0.2141935E+02     0.5727473E+02
     0.2142895E+02     0.5728432E+02
     0.2142952E+02     0.5729214E+02
     0.2146335E+02     0.5731748E+02
     0.2148026E+02     0.5733593E+02
     0.2149406E+02     0.5734726E+02
     0.2150783E+02     0.5735856E+02
     0.2151641E+02     0.5737472E+02
     0.2152712E+02     0.5738352E+02
     0.2153847E+02     0.5739736E+02
     0.2155867E+02     0.5739330E+02
     0.2155867E+02     0.5739330E+02
     0.2156087E+02     0.5739658E+02
     0.2156087E+02     0.5739658E+02
     0.2158160E+02     0.5742744E+02
     0.2160250E+02     0.5744160E+02
     0.2160531E+02     0.5744483E+02
     0.2162070E+02     0.5746248E+02
     0.2166345E+02     0.5750369E+02
     0.2167742E+02     0.5752170E+02
     0.2168331E+02     0.5753276E+02
     0.2168480E+02     0.5754491E+02
     0.2169447E+02     0.5755975E+02
     0.2169595E+02     0.5756200E+02
     0.2171081E+02     0.5757136E+02
     0.2175968E+02     0.5758215E+02
     0.2178538E+02     0.5758314E+02
     0.2180420E+02     0.5758844E+02
     0.2185105E+02     0.5759520E+02
     0.2190911E+02     0.5759771E+02
     0.2192126E+02     0.5759758E+02
     0.2196838E+02     0.5759707E+02
     0.2198899E+02     0.5759963E+02
     0.2200000E+02     0.5760328E+02
     0.2200260E+02     0.5760445E+02
     0.2202207E+02     0.5760696E+02
     0.2205389E+02     0.5761665E+02
     0.2207399E+02     0.5762524E+02
     0.2208624E+02     0.5762476E+02
     0.2209531E+02     0.5762607E+02
     0.2210587E+02     0.5763214E+02
     0.2213216E+02     0.5764037E+02
     0.2213584E+02     0.5763959E+02
     0.2213584E+02     0.5763959E+02
     0.2214040E+02     0.5763861E+02
     0.2214997E+02     0.5764129E+02
     0.2214997E+02     0.5764129E+02
     0.2217712E+02     0.5765100E+02
     0.2219914E+02     0.5765372E+02
     0.2223068E+02     0.5766588E+02
     0.2226479E+02     0.5767410E+02
     0.2229671E+02     0.5768377E+02
     0.2234249E+02     0.5769761E+02
     0.2241003E+02     0.5771466E+02
     0.2245394E+02     0.5772824E+02
     0.2248704E+02     0.5774139E+02
     0.2250120E+02     0.5774461E+02
     0.2252058E+02     0.5774901E+02
     0.2256930E+02     0.5775657E+02
     0.2259023E+02     0.5776167E+02
     0.2260294E+02     0.5776256E+02
     0.2260883E+02     0.5776169E+02
     0.2261122E+02     0.5775959E+02
     0.2260824E+02     0.5775100E+02
     0.2259714E+02     0.5774354E+02
     0.2258199E+02     0.5771421E+02
     0.2257744E+02     0.5770085E+02
     0.2257452E+02     0.5769226E+02
     0.2259134E+02     0.5763083E+02
     0.2259887E+02     0.5762178E+02
     0.2262351E+02     0.5760477E+02
     0.2264517E+02     0.5758471E+02
     0.2265980E+02     0.5757490E+02
     0.2271037E+02     0.5755161E+02
     0.2275060E+02     0.5753386E+02
     0.2279693E+02     0.5751849E+02
     0.2280860E+02     0.5751258E+02
     0.2282970E+02     0.5750240E+02
     0.2284750E+02     0.5749747E+02
     0.2286298E+02     0.5748448E+02
     0.2288330E+02     0.5747538E+02
     0.2289811E+02     0.5746025E+02
     0.2291126E+02     0.5745353E+02
     0.2292543E+02     0.5743327E+02
     0.2295113E+02     0.5741885E+02
     0.2295311E+02     0.5741827E+02
     0.2300501E+02     0.5740314E+02
     0.2301863E+02     0.5739761E+02
     0.2302910E+02     0.5738673E+02
     0.2304112E+02     0.5738221E+02
     0.2309878E+02     0.5736934E+02
     0.2312583E+02     0.5736749E+02
     0.2313329E+02     0.5736535E+02
     0.2313796E+02     0.5736251E+02
     0.2313776E+02     0.5735880E+02
     0.2313511E+02     0.5735534E+02
     0.2312753E+02     0.5734546E+02
     0.2312805E+02     0.5733926E+02
     0.2315989E+02     0.5731194E+02
     0.2316853E+02     0.5729535E+02
     0.2316756E+02     0.5728395E+02
     0.2317453E+02     0.5727676E+02
     0.2317728E+02     0.5727392E+02
     0.2318228E+02     0.5726395E+02
     0.2318053E+02     0.5724786E+02
     0.2318586E+02     0.5723677E+02
     0.2321751E+02     0.5719627E+02
     0.2322369E+02     0.5718362E+02
     0.2323141E+02     0.5717596E+02
     0.2323395E+02     0.5716856E+02
     0.2324100E+02     0.5716177E+02
     0.2324059E+02     0.5715859E+02
     0.2323822E+02     0.5714029E+02
     0.2324241E+02     0.5711224E+02
     0.2326426E+02     0.5709216E+02
     0.2328423E+02     0.5707860E+02
     0.2329834E+02     0.5707217E+02
     0.2334145E+02     0.5705657E+02
     0.2334649E+02     0.5705474E+02
     0.2338077E+02     0.5704584E+02
     0.2342056E+02     0.5703831E+02
     0.2344315E+02     0.5703626E+02
     0.2346154E+02     0.5703709E+02
     0.2349873E+02     0.5703579E+02
     0.2350718E+02     0.5703279E+02
     0.2351064E+02     0.5702639E+02
     0.2353017E+02     0.5700550E+02
     0.2354248E+02     0.5699232E+02
     0.2356950E+02     0.5697862E+02
     0.2357756E+02     0.5697698E+02
     0.2359760E+02     0.5697631E+02
     0.2363630E+02     0.5696609E+02
     0.2365628E+02     0.5696403E+02
     0.2372989E+02     0.5696620E+02
     0.2374131E+02     0.5696653E+02
     0.2377018E+02     0.5696909E+02
     0.2386932E+02     0.5698831E+02
     0.2390503E+02     0.5700013E+02
     0.2393279E+02     0.5700694E+02
     0.2394261E+02     0.5700817E+02
     0.2394306E+02     0.5700730E+02
     0.2394875E+02     0.5700973E+02
     0.2397576E+02     0.5701862E+02
     0.2399982E+02     0.5702995E+02
     0.2402229E+02     0.5704738E+02
     0.2402643E+02     0.5705738E+02
     0.2402897E+02     0.5705897E+02
     0.2403957E+02     0.5706049E+02
     0.2404520E+02     0.5706161E+02
     0.2404567E+02     0.5706465E+02
     0.2404751E+02     0.5706733E+02
     0.2406682E+02     0.5706952E+02
     0.2408590E+02     0.5707745E+02
     0.2410242E+02     0.5708088E+02
     0.2410356E+02     0.5708112E+02
     0.2411435E+02     0.5708518E+02
     0.2414969E+02     0.5709251E+02
     0.2416216E+02     0.5709992E+02
     0.2419476E+02     0.5711141E+02
     0.2422062E+02     0.5712605E+02
     0.2423558E+02     0.5713871E+02
     0.2424653E+02     0.5714392E+02
     0.2425787E+02     0.5715423E+02
     0.2426429E+02     0.5715564E+02
     0.2426849E+02     0.5715411E+02
     0.2427609E+02     0.5715423E+02
     0.2427299E+02     0.5716137E+02
     0.2431977E+02     0.5718240E+02
     0.2433298E+02     0.5719215E+02
     0.2435086E+02     0.5720255E+02
     0.2437439E+02     0.5721621E+02
     0.2438259E+02     0.5722903E+02
     0.2439943E+02     0.5724134E+02
     0.2440896E+02     0.5725403E+02
     0.2441428E+02     0.5727331E+02
     0.2441523E+02     0.5728467E+02
     0.2440686E+02     0.5731767E+02
     0.2440422E+02     0.5732807E+02
     0.2440537E+02     0.5738390E+02
     0.2438916E+02     0.5744105E+02
     0.2438854E+02     0.5744323E+02
     0.2438719E+02     0.5746524E+02
     0.2438261E+02     0.5747480E+02
     0.2438622E+02     0.5750249E+02
     0.2437395E+02     0.5753037E+02
     0.2436487E+02     0.5754237E+02
     0.2437069E+02     0.5756415E+02
     0.2437121E+02     0.5756610E+02
     0.2436786E+02     0.5758083E+02
     0.2438270E+02     0.5761994E+02
     0.2437281E+02     0.5763672E+02
     0.2435682E+02     0.5768715E+02
     0.2434953E+02     0.5769536E+02
     0.2434089E+02     0.5770048E+02
     0.2434432E+02     0.5775278E+02
     0.2437810E+02     0.5775322E+02
     0.2439255E+02     0.5774899E+02
     0.2442578E+02     0.5775719E+02
     0.2443546E+02     0.5775813E+02
     0.2442503E+02     0.5776013E+02
     0.2441426E+02     0.5775842E+02
     0.2439995E+02     0.5775207E+02
     0.2439174E+02     0.5775216E+02
     0.2438332E+02     0.5775637E+02
     0.2437523E+02     0.5775601E+02
     0.2435011E+02     0.5775987E+02
     0.2434453E+02     0.5776803E+02
     0.2434387E+02     0.5779724E+02
     0.2434039E+02     0.5780897E+02
     0.2434112E+02     0.5781616E+02
     0.2433632E+02     0.5782802E+02
     0.2434035E+02     0.5783247E+02
     0.2434044E+02     0.5783317E+02
     0.2434209E+02     0.5784573E+02
     0.2434998E+02     0.5785530E+02
     0.2434328E+02     0.5786448E+02
     0.2435622E+02     0.5787815E+02
     0.2435622E+02     0.5787815E+02
     0.2437263E+02     0.5787686E+02
     0.2438859E+02     0.5787384E+02
     0.2441275E+02     0.5786721E+02
     0.2442636E+02     0.5787314E+02
     0.2445745E+02     0.5788037E+02
     0.2445796E+02     0.5788602E+02
     0.2445979E+02     0.5790688E+02
     0.2446523E+02     0.5791642E+02
     0.2448591E+02     0.5792321E+02
     0.2451255E+02     0.5793255E+02
     0.2452399E+02     0.5793936E+02
     0.2454193E+02     0.5794665E+02
     0.2455660E+02     0.5795123E+02
     0.2457526E+02     0.5795576E+02
     0.2459150E+02     0.5795940E+02
     0.2460562E+02     0.5795586E+02
     0.2461947E+02     0.5794564E+02
     0.2463091E+02     0.5794225E+02
     0.2463807E+02     0.5794523E+02
     0.2464199E+02     0.5794797E+02
     0.2464976E+02     0.5795380E+02
     0.2465528E+02     0.5795806E+02
     0.2467348E+02     0.5796183E+02
     0.2468487E+02     0.5795599E+02
     0.2469665E+02     0.5795122E+02
     0.2470081E+02     0.5795047E+02
     0.2470733E+02     0.5795339E+02
     0.2471484E+02     0.5796025E+02
     0.2472449E+02     0.5796130E+02
     0.2474331E+02     0.5796265E+02
     0.2474693E+02     0.5796922E+02
     0.2475596E+02     0.5797794E+02
     0.2477275E+02     0.5798476E+02
     0.2479799E+02     0.5798690E+02
     0.2482748E+02     0.5798268E+02
     0.2484539E+02     0.5797974E+02
     0.2485847E+02     0.5798031E+02
     0.2488732E+02     0.5798656E+02
     0.2493271E+02     0.5800343E+02
     0.2495707E+02     0.5800654E+02
     0.2498714E+02     0.5800793E+02
     0.2500000E+02     0.5800825E+02
     0.2500291E+02     0.5800832E+02
     0.2501547E+02     0.5801376E+02
     0.2503225E+02     0.5802895E+02
     0.2504868E+02     0.5804026E+02
     0.2506776E+02     0.5805701E+02
     0.2507748E+02     0.5806329E+02
     0.2509319E+02     0.5806402E+02
     0.2510991E+02     0.5807428E+02
     0.2511735E+02     0.5808181E+02
     0.2512982E+02     0.5808231E+02
     0.2514565E+02     0.5807707E+02
     0.2516222E+02     0.5807154E+02
     0.2518055E+02     0.5807243E+02
     0.2519269E+02     0.5807150E+02
     0.2519780E+02     0.5807781E+02
     0.2520261E+02     0.5807708E+02
     0.2521013E+02     0.5807058E+02
     0.2520518E+02     0.5806638E+02
     0.2521938E+02     0.5805682E+02
     0.2521942E+02     0.5804560E+02
     0.2521563E+02     0.5803378E+02
     0.2522217E+02     0.5802580E+02
     0.2523682E+02     0.5802258E+02
     0.2524954E+02     0.5801362E+02
     0.2525656E+02     0.5800357E+02
     0.2526999E+02     0.5799431E+02
     0.2528788E+02     0.5799130E+02
     0.2529682E+02     0.5799260E+02
     0.2530169E+02     0.5799994E+02
     0.2529930E+02     0.5802117E+02
     0.2529594E+02     0.5804093E+02
     0.2527525E+02     0.5805287E+02
     0.2526530E+02     0.5805851E+02
     0.2528116E+02     0.5806975E+02
     0.2528580E+02     0.5807532E+02
     0.2529386E+02     0.5807761E+02
     0.2530870E+02     0.5806808E+02
     0.2532434E+02     0.5805791E+02
     0.2536040E+02     0.5803401E+02
     0.2537374E+02     0.5803069E+02
     0.2539457E+02     0.5802927E+02
     0.2541572E+02     0.5802365E+02
     0.2544782E+02     0.5801350E+02
     0.2545641E+02     0.5800495E+02
     0.2545346E+02     0.5799775E+02
     0.2545563E+02     0.5798843E+02
     0.2546259E+02     0.5798117E+02
     0.2547533E+02     0.5797745E+02
     0.2549002E+02     0.5797386E+02
     0.2549871E+02     0.5797338E+02
     0.2550596E+02     0.5797630E+02
     0.2551361E+02     0.5798031E+02
     0.2552207E+02     0.5798086E+02
     0.2552331E+02     0.5796973E+02
     0.2552540E+02     0.5796636E+02
     0.2553466E+02     0.5796626E+02
     0.2555012E+02     0.5797077E+02
     0.2556864E+02     0.5797057E+02
     0.2558515E+02     0.5796183E+02
     0.2558035E+02     0.5794820E+02
     0.2558322E+02     0.5794138E+02
     0.2559263E+02     0.5794059E+02
     0.2560814E+02     0.5794194E+02
     0.2563045E+02     0.5793077E+02
     0.2566609E+02     0.5790713E+02
     0.2567887E+02     0.5790304E+02
     0.2569818E+02     0.5790498E+02
     0.2571345E+02     0.5790736E+02
     0.2572328E+02     0.5791639E+02
     0.2572625E+02     0.5792078E+02
     0.2573503E+02     0.5792274E+02
     0.2574993E+02     0.5792089E+02
     0.2577478E+02     0.5790985E+02
     0.2579320E+02     0.5789210E+02
     0.2581863E+02     0.5787830E+02
     0.2583488E+02     0.5787021E+02
     0.2585906E+02     0.5786192E+02
     0.2588376E+02     0.5785716E+02
     0.2590961E+02     0.5785317E+02
     0.2594019E+02     0.5785157E+02
     0.2597161E+02     0.5785212E+02
     0.2599995E+02     0.5786087E+02
     0.2601789E+02     0.5785077E+02
     0.2603101E+02     0.5785087E+02
     0.2604991E+02     0.5784853E+02
     0.2605027E+02     0.5783455E+02
     0.2603664E+02     0.5782461E+02
     0.2602174E+02     0.5779008E+02
     0.2602137E+02     0.5777955E+02
     0.2603783E+02     0.5777006E+02
     0.2604907E+02     0.5776655E+02
     0.2607744E+02     0.5775638E+02
     0.2609661E+02     0.5774635E+02
     0.2613155E+02     0.5774217E+02
     0.2616505E+02     0.5773230E+02
     0.2618517E+02     0.5773001E+02
     0.2619539E+02     0.5771873E+02
     0.2618851E+02     0.5770781E+02
     0.2617977E+02     0.5769958E+02
     0.2618911E+02     0.5769245E+02
     0.2620563E+02     0.5768224E+02
     0.2621725E+02     0.5767034E+02
     0.2622386E+02     0.5766374E+02
     0.2624236E+02     0.5765645E+02
     0.2623963E+02     0.5765068E+02
     0.2624422E+02     0.5764746E+02
     0.2624293E+02     0.5764108E+02
     0.2624078E+02     0.5763885E+02
     0.2624723E+02     0.5763294E+02
     0.2625425E+02     0.5762426E+02
     0.2627686E+02     0.5760322E+02
     0.2630505E+02     0.5759930E+02
     0.2631835E+02     0.5759169E+02
     0.2635353E+02     0.5758538E+02
     0.2638683E+02     0.5757545E+02
     0.2642215E+02     0.5757472E+02
     0.2645762E+02     0.5757330E+02
     0.2647574E+02     0.5756735E+02
     0.2648031E+02     0.5754453E+02
     0.2648363E+02     0.5752793E+02
     0.2650471E+02     0.5752006E+02
     0.2652239E+02     0.5751619E+02
     0.2655703E+02     0.5752518E+02
     0.2657063E+02     0.5752876E+02
     0.2659101E+02     0.5752433E+02
     0.2660483E+02     0.5752023E+02
     0.2661958E+02     0.5752457E+02
     0.2663123E+02     0.5754482E+02
     0.2667731E+02     0.5756211E+02
     0.2675204E+02     0.5756820E+02
     0.2676666E+02     0.5757721E+02
     0.2678431E+02     0.5758756E+02
     0.2681095E+02     0.5759080E+02
     0.2682853E+02     0.5759587E+02
     0.2684642E+02     0.5760505E+02
     0.2685568E+02     0.5761375E+02
     0.2687271E+02     0.5762757E+02
     0.2689440E+02     0.5763988E+02
     0.2690942E+02     0.5764128E+02
     0.2692143E+02     0.5763550E+02
     0.2693473E+02     0.5762861E+02
     0.2695257E+02     0.5762080E+02
     0.2697148E+02     0.5761889E+02
     0.2700324E+02     0.5761826E+02
     0.2702505E+02     0.5760656E+02
     0.2704781E+02     0.5759548E+02
     0.2707196E+02     0.5758272E+02
     0.2709167E+02     0.5757031E+02
     0.2711807E+02     0.5756293E+02
     0.2715588E+02     0.5755264E+02
     0.2718939E+02     0.5754795E+02
     0.2720640E+02     0.5754416E+02
     0.2722818E+02     0.5754413E+02
     0.2725935E+02     0.5754633E+02
     0.2728580E+02     0.5755062E+02
     0.2730199E+02     0.5755145E+02
     0.2732212E+02     0.5754839E+02
     0.2734128E+02     0.5754469E+02
     0.2736269E+02     0.5754052E+02
     0.2737536E+02     0.5753648E+02
     0.2738598E+02     0.5753176E+02
     0.2739855E+02     0.5752830E+02
     0.2742227E+02     0.5752950E+02
     0.2744512E+02     0.5752948E+02
     0.2751275E+02     0.5754104E+02
     0.2753561E+02     0.5754100E+02
     0.2755121E+02     0.5753885E+02
     0.2754974E+02     0.5753469E+02
     0.2754749E+02     0.5752229E+02
     0.2754906E+02     0.5751945E+02
     0.2755808E+02     0.5751756E+02
     0.2756729E+02     0.5751450E+02
     0.2756484E+02     0.5750327E+02
     0.2756004E+02     0.5749309E+02
     0.2755623E+02     0.5748354E+02
     0.2755319E+02     0.5747579E+02
     0.2754585E+02     0.5747426E+02
     0.2753009E+02     0.5747114E+02
     0.2751669E+02     0.5746696E+02
     0.2751191E+02     0.5745679E+02
     0.2751359E+02     0.5744693E+02
     0.2752113E+02     0.5744087E+02
     0.2753962E+02     0.5743419E+02
     0.2755879E+02     0.5742987E+02
     0.2757492E+02     0.5742424E+02
     0.2759300E+02     0.5741986E+02
     0.2761968E+02     0.5741591E+02
     0.2764020E+02     0.5740990E+02
     0.2764967E+02     0.5740509E+02
     0.2766848E+02     0.5738964E+02
     0.2768016E+02     0.5737793E+02
     0.2770084E+02     0.5737075E+02
     0.2774285E+02     0.5735874E+02
     0.2776224E+02     0.5735265E+02
     0.2777682E+02     0.5734283E+02
     0.2779330E+02     0.5732783E+02
     0.2780907E+02     0.5732391E+02
     0.2783944E+02     0.5731658E+02
     0.2785104E+02     0.5730485E+02
     0.2786179E+02     0.5728490E+02
     0.2786680E+02     0.5726702E+02
     0.2786426E+02     0.5724235E+02
     0.2785024E+02     0.5721539E+02
     0.2783279E+02     0.5718300E+02
     0.2782146E+02     0.5715967E+02
     0.2781315E+02     0.5715109E+02
     0.2779019E+02     0.5714006E+02
     0.2777066E+02     0.5713444E+02
     0.2775889E+02     0.5712745E+02
     0.2774844E+02     0.5711233E+02
     0.2773677E+02     0.5710475E+02
     0.2772687E+02     0.5709960E+02
     0.2772258E+02     0.5709296E+02
     0.2772662E+02     0.5708789E+02
     0.2774590E+02     0.5708825E+02
     0.2775226E+02     0.5708212E+02
     0.2774988E+02     0.5707032E+02
     0.2774671E+02     0.5705672E+02
     0.2774530E+02     0.5704555E+02
     0.2773203E+02     0.5704140E+02
     0.2772850E+02     0.5703012E+02
     0.2772334E+02     0.5702227E+02
     0.2771740E+02     0.5701263E+02
     0.2771900E+02     0.5700277E+02
     0.2773529E+02     0.5699480E+02
     0.2774086E+02     0.5698689E+02
     0.2773927E+02     0.5697688E+02
     0.2773121E+02     0.5696713E+02
     0.2773299E+02     0.5695611E+02
     0.2772994E+02     0.5694194E+02
     0.2772323E+02     0.5693051E+02
     0.2771029E+02     0.5692462E+02
     0.2769582E+02     0.5692157E+02
     0.2768076E+02     0.5691557E+02
     0.2767188E+02     0.5691105E+02
     0.2766788E+02     0.5689624E+02
     0.2767035E+02     0.5688116E+02
     0.2767521E+02     0.5686445E+02
     0.2767018E+02     0.5685602E+02
     0.2766669E+02     0.5684475E+02
     0.2766686E+02     0.5683715E+02
     0.2768811E+02     0.5683762E+02
     0.2769940E+02     0.5684694E+02
     0.2770877E+02     0.5685500E+02
     0.2771801E+02     0.5685720E+02
     0.2773062E+02     0.5685840E+02
     0.2775429E+02     0.5685722E+02
     0.2776211E+02     0.5686169E+02
     0.2777012E+02     0.5686499E+02
     0.2777965E+02     0.5686546E+02
     0.2779158E+02     0.5686428E+02
     0.2779738E+02     0.5686806E+02
     0.2779982E+02     0.5687286E+02
     0.2780023E+02     0.5687697E+02
     0.2780907E+02     0.5687506E+02
     0.2781967E+02     0.5687556E+02
     0.2784634E+02     0.5687568E+02
     0.2785794E+02     0.5686980E+02
     0.2786848E+02     0.5686388E+02
     0.2787718E+02     0.5685611E+02
     0.2788481E+02     0.5684829E+02
     0.2789243E+02     0.5684047E+02
     0.2790226E+02     0.5683218E+02
     0.2790907E+02     0.5682958E+02
     0.2792337E+02     0.5682675E+02
     0.2794877E+02     0.5682794E+02
     0.2796059E+02     0.5682733E+02
     0.2797180E+02     0.5682376E+02
     0.2797499E+02     0.5681691E+02
     0.2797210E+02     0.5680801E+02
     0.2795439E+02     0.5680542E+02
     0.2794991E+02     0.5679995E+02
     0.2794969E+02     0.5678768E+02
     0.2795131E+02     0.5677724E+02
     0.2794216E+02     0.5677447E+02
     0.2792818E+02     0.5676855E+02
     0.2791815E+02     0.5676457E+02
     0.2791175E+02     0.5675784E+02
     0.2790810E+02     0.5674715E+02
     0.2791278E+02     0.5674446E+02
     0.2792047E+02     0.5673606E+02
     0.2794320E+02     0.5672662E+02
     0.2795456E+02     0.5672189E+02
     0.2796197E+02     0.5671523E+02
     0.2797429E+02     0.5671114E+02
     0.2798326E+02     0.5670805E+02
     0.2798197E+02     0.5669572E+02
     0.2798225E+02     0.5668698E+02
     0.2799738E+02     0.5667834E+02
     0.2800943E+02     0.5666897E+02
     0.2801551E+02     0.5665699E+02
     0.2801553E+02     0.5664297E+02
     0.2801650E+02     0.5663659E+02
     0.2802318E+02     0.5662756E+02
     0.2803433E+02     0.5660997E+02
     0.2803978E+02     0.5659504E+02
     0.2805661E+02     0.5658881E+02
     0.2807895E+02     0.5658810E+02
     0.2811040E+02     0.5658312E+02
     0.2813352E+02     0.5657718E+02
     0.2813937E+02     0.5656635E+02
     0.2814075E+02     0.5655707E+02
     0.2813898E+02     0.5654764E+02
     0.2810948E+02     0.5653987E+02
     0.2809984E+02     0.5653358E+02
     0.2810254E+02     0.5652261E+02
     0.2811067E+02     0.5651773E+02
     0.2812047E+02     0.5651585E+02
     0.2812675E+02     0.5650912E+02
     0.2811992E+02     0.5649830E+02
     0.2812288E+02     0.5649260E+02
     0.2815646E+02     0.5646553E+02
     0.2817319E+02     0.5645227E+02
     0.2818432E+02     0.5644110E+02
     0.2818740E+02     0.5642023E+02
     0.2819154E+02     0.5640640E+02
     0.2818382E+02     0.5639437E+02
     0.2817439E+02     0.5638694E+02
     0.2816487E+02     0.5638008E+02
     0.2817834E+02     0.5636727E+02
     0.2819821E+02     0.5634657E+02
     0.2820408E+02     0.5633516E+02
     0.2821289E+02     0.5631805E+02
     0.2822352E+02     0.5630277E+02
     0.2824116E+02     0.5628255E+02
     0.2824113E+02     0.5627555E+02
     0.2819259E+02     0.5623423E+02
     0.2818900E+02     0.5622298E+02
     0.2819705E+02     0.5621809E+02
     0.2820310E+02     0.5621253E+02
     0.2819120E+02     0.5620790E+02
     0.2818120E+02     0.5619752E+02
     0.2817549E+02     0.5617216E+02
     0.2815134E+02     0.5616581E+02
     0.2812895E+02     0.5616126E+02
     0.2811682E+02     0.5615836E+02
     0.2810710E+02     0.5614623E+02
     0.2808710E+02     0.5613305E+02
     0.2805023E+02     0.5612782E+02
     0.2804089E+02     0.5612037E+02
     0.2802930E+02     0.5612099E+02
     0.2801510E+02     0.5612499E+02
     0.2800645E+02     0.5612691E+02
     0.2799019E+02     0.5612381E+02
     0.2797826E+02     0.5611974E+02
     0.2796918E+02     0.5611755E+02
     0.2796366E+02     0.5611262E+02
     0.2795504E+02     0.5610053E+02
     0.2795387E+02     0.5608763E+02
     0.2794500E+02     0.5607728E+02
     0.2793649E+02     0.5606461E+02
     0.2792278E+02     0.5605870E+02
     0.2790484E+02     0.5605316E+02
     0.2787731E+02     0.5604891E+02
     0.2786285E+02     0.5604120E+02
     0.2782246E+02     0.5603922E+02
     0.2780729E+02     0.5603614E+02
     0.2780774E+02     0.5603325E+02
     0.2781269E+02     0.5602823E+02
     0.2782440E+02     0.5602005E+02
     0.2781900E+02     0.5601453E+02
     0.2781086E+02     0.5600654E+02
     0.2781996E+02     0.5600000E+02
     0.2780461E+02     0.5598701E+02
     0.2775711E+02     0.5597456E+02
     0.2769647E+02     0.5595013E+02
     0.2766517E+02     0.5593539E+02
     0.2765335E+02     0.5591228E+02
     0.2762539E+02     0.5589041E+02
     0.2762824E+02     0.5587317E+02
     0.2763382E+02     0.5583565E+02
     0.2761489E+02     0.5580049E+02
     0.2760297E+02     0.5578648E+02
     0.2758669E+02     0.5578366E+02
     0.2752221E+02     0.5578754E+02
     0.2746668E+02     0.5579128E+02
     0.2743452E+02     0.5579572E+02
     0.2740786E+02     0.5580312E+02
     0.2738848E+02     0.5581347E+02
     0.2737228E+02     0.5581264E+02
     0.2736121E+02     0.5580468E+02
     0.2732307E+02     0.5579296E+02
     0.2729966E+02     0.5579120E+02
     0.2728540E+02     0.5579440E+02
     0.2725705E+02     0.5580583E+02
     0.2722540E+02     0.5582640E+02
     0.2720403E+02     0.5583270E+02
     0.2719361E+02     0.5584393E+02
     0.2717593E+02     0.5585322E+02
     0.2713271E+02     0.5585162E+02
     0.2711811E+02     0.5584468E+02
     0.2709801E+02     0.5583374E+02
     0.2708348E+02     0.5582882E+02
     0.2706560E+02     0.5583202E+02
     0.2704409E+02     0.5583424E+02
     0.2702250E+02     0.5583342E+02
     0.2700806E+02     0.5583153E+02
     0.2699529E+02     0.5582456E+02
     0.2698418E+02     0.5581251E+02
     0.2693692E+02     0.5579166E+02
     0.2692230E+02     0.5578167E+02
     0.2690563E+02     0.5576157E+02
     0.2688699E+02     0.5573338E+02
     0.2687942E+02     0.5571725E+02
     0.2686123E+02     0.5570626E+02
     0.2683607E+02     0.5570341E+02
     0.2681441E+02     0.5569649E+02
     0.2680348E+02     0.5568848E+02
     0.2678013E+02     0.5568561E+02
     0.2674796E+02     0.5568887E+02
     0.2670164E+02     0.5570131E+02
     0.2666769E+02     0.5570557E+02
     0.2664601E+02     0.5569660E+02
     0.2661967E+02     0.5567435E+02
     0.2661508E+02     0.5567047E+02
     0.2657212E+02     0.5567071E+02
     0.2653986E+02     0.5566886E+02
     0.2652741E+02     0.5567398E+02
     0.2648109E+02     0.5568939E+02
     0.2646330E+02     0.5569756E+02
     0.2642396E+02     0.5570280E+02
     0.2640064E+02     0.5570087E+02
     0.2637918E+02     0.5570399E+02
     0.2637747E+02     0.5571108E+02
     0.2636865E+02     0.5572224E+02
     0.2634736E+02     0.5574155E+02
     0.2630795E+02     0.5574574E+02
     0.2627939E+02     0.5575898E+02
     0.2625451E+02     0.5578435E+02
     0.2624744E+02     0.5579651E+02
     0.2622983E+02     0.5583601E+02
     0.2620663E+02     0.5585630E+02
     0.2616895E+02     0.5586853E+02
     0.2610616E+02     0.5589799E+02
     0.2605235E+02     0.5594258E+02
     0.2602000E+02     0.5596892E+02
     0.2598397E+02     0.5597907E+02
     0.2595333E+02     0.5599224E+02
     0.2591725E+02     0.5599934E+02
     0.2591466E+02     0.5600000E+02
END
END
