lebanon
1
     0.3597776E+02     0.3397371E+02
     0.3620736E+02     0.3464399E+02
     0.3621361E+02     0.3464267E+02
     0.3622554E+02     0.3463444E+02
     0.3623256E+02     0.3463161E+02
     0.3623864E+02     0.3463221E+02
     0.3625037E+02     0.3463798E+02
     0.3627686E+02     0.3463352E+02
     0.3628454E+02     0.3463599E+02
     0.3629455E+02     0.3463529E+02
     0.3630027E+02     0.3463840E+02
     0.3630805E+02     0.3464637E+02
     0.3631673E+02     0.3465230E+02
     0.3632044E+02     0.3466592E+02
     0.3632186E+02     0.3468202E+02
     0.3632397E+02     0.3468528E+02
     0.3633154E+02     0.3469141E+02
     0.3634044E+02     0.3469091E+02
     0.3634576E+02     0.3468919E+02
     0.3635404E+02     0.3468202E+02
     0.3636417E+02     0.3466893E+02
     0.3636214E+02     0.3466315E+02
     0.3636353E+02     0.3466020E+02
     0.3636728E+02     0.3465724E+02
     0.3636728E+02     0.3465724E+02
     0.3638326E+02     0.3464432E+02
     0.3639454E+02     0.3463836E+02
     0.3639928E+02     0.3463777E+02
     0.3641826E+02     0.3462667E+02
     0.3642038E+02     0.3462461E+02
     0.3643893E+02     0.3462207E+02
     0.3644555E+02     0.3462337E+02
     0.3646067E+02     0.3463188E+02
     0.3647128E+02     0.3463018E+02
     0.3647306E+02     0.3462678E+02
     0.3646364E+02     0.3459387E+02
     0.3645320E+02     0.3459099E+02
     0.3644676E+02     0.3459256E+02
     0.3643151E+02     0.3460790E+02
     0.3642630E+02     0.3461030E+02
     0.3642516E+02     0.3460952E+02
     0.3642372E+02     0.3460852E+02
     0.3641458E+02     0.3459201E+02
     0.3641014E+02     0.3457631E+02
     0.3641046E+02     0.3456703E+02
     0.3641562E+02     0.3455855E+02
     0.3641200E+02     0.3455090E+02
     0.3639816E+02     0.3454219E+02
     0.3635039E+02     0.3452440E+02
     0.3634671E+02     0.3451975E+02
     0.3634549E+02     0.3451820E+02
     0.3634557E+02     0.3451201E+02
     0.3635386E+02     0.3450097E+02
     0.3636290E+02     0.3449626E+02
     0.3637338E+02     0.3449388E+02
     0.3638010E+02     0.3449978E+02
     0.3638805E+02     0.3450227E+02
     0.3640027E+02     0.3449786E+02
     0.3640735E+02     0.3449746E+02
     0.3641664E+02     0.3449355E+02
     0.3642831E+02     0.3450071E+02
     0.3644873E+02     0.3450338E+02
     0.3646000E+02     0.3450227E+02
     0.3646187E+02     0.3450013E+02
     0.3646246E+02     0.3449476E+02
     0.3646328E+02     0.3448732E+02
     0.3647977E+02     0.3446294E+02
     0.3648700E+02     0.3445818E+02
     0.3651772E+02     0.3444696E+02
     0.3652073E+02     0.3444394E+02
     0.3652264E+02     0.3443653E+02
     0.3652640E+02     0.3443180E+02
     0.3653945E+02     0.3442671E+02
     0.3655564E+02     0.3442295E+02
     0.3656240E+02     0.3441955E+02
     0.3656610E+02     0.3441480E+02
     0.3656890E+02     0.3441121E+02
     0.3656873E+02     0.3440811E+02
     0.3656371E+02     0.3440089E+02
     0.3654535E+02     0.3438258E+02
     0.3654361E+02     0.3437245E+02
     0.3654605E+02     0.3436551E+02
     0.3655554E+02     0.3435070E+02
     0.3655878E+02     0.3434069E+02
     0.3656652E+02     0.3433249E+02
     0.3657344E+02     0.3431545E+02
     0.3657729E+02     0.3431210E+02
     0.3659993E+02     0.3430871E+02
     0.3660663E+02     0.3430702E+02
     0.3660848E+02     0.3430523E+02
     0.3661223E+02     0.3429626E+02
     0.3661063E+02     0.3429003E+02
     0.3660572E+02     0.3428373E+02
     0.3659615E+02     0.3427652E+02
     0.3659148E+02     0.3426689E+02
     0.3659781E+02     0.3424674E+02
     0.3660022E+02     0.3423200E+02
     0.3660465E+02     0.3422316E+02
     0.3660777E+02     0.3422070E+02
     0.3660875E+02     0.3422034E+02
     0.3662888E+02     0.3421292E+02
     0.3663744E+02     0.3420852E+02
     0.3663919E+02     0.3420570E+02
     0.3662936E+02     0.3419355E+02
     0.3660324E+02     0.3418161E+02
     0.3659739E+02     0.3416635E+02
     0.3658446E+02     0.3415642E+02
     0.3657999E+02     0.3413694E+02
     0.3657775E+02     0.3413380E+02
     0.3657468E+02     0.3413287E+02
     0.3655767E+02     0.3412772E+02
     0.3654591E+02     0.3412011E+02
     0.3653627E+02     0.3410716E+02
     0.3652104E+02     0.3409259E+02
     0.3651941E+02     0.3408361E+02
     0.3652049E+02     0.3407194E+02
     0.3651756E+02     0.3406464E+02
     0.3650266E+02     0.3405272E+02
     0.3648627E+02     0.3404408E+02
     0.3648055E+02     0.3404211E+02
     0.3647516E+02     0.3404244E+02
     0.3644921E+02     0.3405157E+02
     0.3644424E+02     0.3405191E+02
     0.3643177E+02     0.3404588E+02
     0.3642042E+02     0.3404331E+02
     0.3641418E+02     0.3404029E+02
     0.3641483E+02     0.3403354E+02
     0.3641159E+02     0.3402762E+02
     0.3638906E+02     0.3400998E+02
     0.3637718E+02     0.3400293E+02
     0.3637473E+02     0.3399327E+02
     0.3637416E+02     0.3399104E+02
     0.3635564E+02     0.3398486E+02
     0.3633603E+02     0.3396706E+02
     0.3632192E+02     0.3394584E+02
     0.3630310E+02     0.3392564E+02
     0.3629591E+02     0.3391124E+02
     0.3629750E+02     0.3390154E+02
     0.3630521E+02     0.3389711E+02
     0.3631605E+02     0.3389088E+02
     0.3632801E+02     0.3387960E+02
     0.3634892E+02     0.3387163E+02
     0.3636802E+02     0.3386832E+02
     0.3639003E+02     0.3385258E+02
     0.3639652E+02     0.3384380E+02
     0.3639722E+02     0.3383957E+02
     0.3639362E+02     0.3383226E+02
     0.3638395E+02     0.3382193E+02
     0.3637912E+02     0.3381927E+02
     0.3637721E+02     0.3381821E+02
     0.3636706E+02     0.3381762E+02
     0.3636166E+02     0.3381875E+02
     0.3632918E+02     0.3382757E+02
     0.3631783E+02     0.3383337E+02
     0.3631257E+02     0.3383438E+02
     0.3629706E+02     0.3383376E+02
     0.3628588E+02     0.3384265E+02
     0.3627251E+02     0.3384713E+02
     0.3625748E+02     0.3384846E+02
     0.3624618E+02     0.3383419E+02
     0.3623822E+02     0.3382997E+02
     0.3620710E+02     0.3382756E+02
     0.3619163E+02     0.3382956E+02
     0.3618562E+02     0.3383239E+02
     0.3618176E+02     0.3383630E+02
     0.3617651E+02     0.3384774E+02
     0.3617426E+02     0.3384929E+02
     0.3616481E+02     0.3384801E+02
     0.3615033E+02     0.3383774E+02
     0.3614767E+02     0.3383586E+02
     0.3612460E+02     0.3382458E+02
     0.3610246E+02     0.3381745E+02
     0.3608818E+02     0.3381695E+02
     0.3608002E+02     0.3381467E+02
     0.3604606E+02     0.3376937E+02
     0.3603834E+02     0.3376663E+02
     0.3603654E+02     0.3376672E+02
     0.3602650E+02     0.3376723E+02
     0.3602116E+02     0.3376341E+02
     0.3601750E+02     0.3375161E+02
     0.3600648E+02     0.3373858E+02
     0.3599932E+02     0.3372508E+02
     0.3598804E+02     0.3371536E+02
     0.3597994E+02     0.3370505E+02
     0.3597850E+02     0.3367588E+02
     0.3597246E+02     0.3366906E+02
     0.3596768E+02     0.3366553E+02
     0.3594701E+02     0.3365023E+02
     0.3594508E+02     0.3364364E+02
     0.3594716E+02     0.3363624E+02
     0.3594985E+02     0.3363414E+02
     0.3597541E+02     0.3363303E+02
     0.3598790E+02     0.3362948E+02
     0.3600491E+02     0.3361895E+02
     0.3604235E+02     0.3360473E+02
     0.3604331E+02     0.3360415E+02
     0.3605962E+02     0.3359431E+02
     0.3606549E+02     0.3358794E+02
     0.3606921E+02     0.3357336E+02
     0.3606780E+02     0.3356725E+02
     0.3606328E+02     0.3356013E+02
     0.3605614E+02     0.3355340E+02
     0.3604517E+02     0.3354679E+02
     0.3602562E+02     0.3353869E+02
     0.3601016E+02     0.3353459E+02
     0.3596877E+02     0.3352839E+02
     0.3595594E+02     0.3352367E+02
     0.3595263E+02     0.3352082E+02
     0.3595244E+02     0.3351532E+02
     0.3596088E+02     0.3350294E+02
     0.3596410E+02     0.3349432E+02
     0.3596157E+02     0.3348221E+02
     0.3594895E+02     0.3346592E+02
     0.3594803E+02     0.3346521E+02
     0.3590757E+02     0.3343406E+02
     0.3585250E+02     0.3340845E+02
     0.3583730E+02     0.3339919E+02
     0.3582875E+02     0.3338770E+02
     0.3582407E+02     0.3336222E+02
     0.3582098E+02     0.3335434E+02
     0.3581511E+02     0.3334763E+02
     0.3581366E+02     0.3334667E+02
     0.3580383E+02     0.3334014E+02
     0.3579650E+02     0.3333492E+02
     0.3577644E+02     0.3332791E+02
     0.3576123E+02     0.3332573E+02
     0.3573614E+02     0.3332750E+02
     0.3572994E+02     0.3332548E+02
     0.3572161E+02     0.3331915E+02
     0.3570675E+02     0.3329921E+02
     0.3569646E+02     0.3329087E+02
     0.3568102E+02     0.3328311E+02
     0.3566585E+02     0.3327548E+02
     0.3563685E+02     0.3326404E+02
     0.3563216E+02     0.3325885E+02
     0.3562841E+02     0.3325093E+02
     0.3562841E+02     0.3325093E+02
     0.3562472E+02     0.3324795E+02
     0.3562085E+02     0.3324898E+02
     0.3559720E+02     0.3327736E+02
     0.3559016E+02     0.3328218E+02
     0.3558780E+02     0.3328004E+02
     0.3557821E+02     0.3326231E+02
     0.3556884E+02     0.3325193E+02
     0.3556301E+02     0.3324784E+02
     0.3555447E+02     0.3323152E+02
     0.3555400E+02     0.3322371E+02
     0.3555622E+02     0.3321532E+02
     0.3555761E+02     0.3321007E+02
     0.3555843E+02     0.3319794E+02
     0.3555347E+02     0.3318678E+02
     0.3554707E+02     0.3317740E+02
     0.3554080E+02     0.3315313E+02
     0.3553878E+02     0.3313128E+02
     0.3553378E+02     0.3312126E+02
     0.3551474E+02     0.3311446E+02
     0.3551247E+02     0.3311026E+02
     0.3551183E+02     0.3310416E+02
     0.3551114E+02     0.3309761E+02
     0.3550879E+02     0.3309524E+02
     0.3549187E+02     0.3308987E+02
     0.3547426E+02     0.3309343E+02
     0.3546992E+02     0.3309306E+02
     0.3546170E+02     0.3308798E+02
     0.3545678E+02     0.3308231E+02
     0.3543971E+02     0.3306845E+02
     0.3543250E+02     0.3306524E+02
     0.3540507E+02     0.3306341E+02
     0.3537963E+02     0.3305386E+02
     0.3537384E+02     0.3305527E+02
     0.3535878E+02     0.3306279E+02
     0.3534936E+02     0.3307187E+02
     0.3533254E+02     0.3309882E+02
     0.3532072E+02     0.3310115E+02
     0.3531273E+02     0.3310273E+02
     0.3527423E+02     0.3309821E+02
     0.3523721E+02     0.3309716E+02
     0.3522565E+02     0.3309401E+02
     0.3521991E+02     0.3308877E+02
     0.3521642E+02     0.3308750E+02
     0.3518101E+02     0.3309268E+02
     0.3517575E+02     0.3309231E+02
     0.3514950E+02     0.3309043E+02
     0.3511546E+02     0.3309018E+02
     0.3511546E+02     0.3309018E+02
     0.3511427E+02     0.3309817E+02
     0.3511482E+02     0.3310142E+02
     0.3511619E+02     0.3310947E+02
     0.3511890E+02     0.3311553E+02
     0.3512446E+02     0.3311892E+02
     0.3513501E+02     0.3312041E+02
     0.3514426E+02     0.3312645E+02
     0.3515017E+02     0.3312824E+02
     0.3515992E+02     0.3314095E+02
     0.3517485E+02     0.3316574E+02
     0.3518065E+02     0.3316983E+02
     0.3519036E+02     0.3317198E+02
     0.3519725E+02     0.3317633E+02
     0.3520257E+02     0.3318499E+02
     0.3520460E+02     0.3319156E+02
     0.3520708E+02     0.3319958E+02
     0.3521137E+02     0.3320706E+02
     0.3521779E+02     0.3323365E+02
     0.3521926E+02     0.3324930E+02
     0.3521825E+02     0.3325959E+02
     0.3521552E+02     0.3326548E+02
     0.3520166E+02     0.3327031E+02
     0.3519883E+02     0.3327275E+02
     0.3520192E+02     0.3327674E+02
     0.3521115E+02     0.3327750E+02
     0.3522012E+02     0.3328444E+02
     0.3522469E+02     0.3329491E+02
     0.3522926E+02     0.3330537E+02
     0.3524877E+02     0.3333237E+02
     0.3527149E+02     0.3341346E+02
     0.3527394E+02     0.3342220E+02
     0.3528631E+02     0.3345103E+02
     0.3529291E+02     0.3345628E+02
     0.3529984E+02     0.3346637E+02
     0.3530898E+02     0.3346986E+02
     0.3532684E+02     0.3348005E+02
     0.3533287E+02     0.3348597E+02
     0.3534652E+02     0.3350497E+02
     0.3535542E+02     0.3351263E+02
     0.3535812E+02     0.3351496E+02
     0.3537099E+02     0.3353968E+02
     0.3537812E+02     0.3357064E+02
     0.3538478E+02     0.3357474E+02
     0.3538936E+02     0.3358268E+02
     0.3539351E+02     0.3359428E+02
     0.3539658E+02     0.3361181E+02
     0.3540086E+02     0.3361401E+02
     0.3540266E+02     0.3361681E+02
     0.3540498E+02     0.3362799E+02
     0.3540673E+02     0.3363644E+02
     0.3540659E+02     0.3365250E+02
     0.3541978E+02     0.3365794E+02
     0.3542372E+02     0.3366174E+02
     0.3542279E+02     0.3368970E+02
     0.3542525E+02     0.3369621E+02
     0.3542970E+02     0.3370092E+02
     0.3544184E+02     0.3370542E+02
     0.3544737E+02     0.3371086E+02
     0.3545266E+02     0.3372823E+02
     0.3545196E+02     0.3373533E+02
     0.3545169E+02     0.3373806E+02
     0.3545320E+02     0.3374752E+02
     0.3547318E+02     0.3377427E+02
     0.3548516E+02     0.3379573E+02
     0.3549009E+02     0.3380896E+02
     0.3549240E+02     0.3382555E+02
     0.3549079E+02     0.3383767E+02
     0.3549321E+02     0.3385336E+02
     0.3549402E+02     0.3385864E+02
     0.3549121E+02     0.3386660E+02
     0.3549115E+02     0.3387440E+02
     0.3548794E+02     0.3387889E+02
     0.3547662E+02     0.3388660E+02
     0.3547332E+02     0.3389293E+02
     0.3547390E+02     0.3389868E+02
     0.3547730E+02     0.3390268E+02
     0.3548273E+02     0.3390422E+02
     0.3551707E+02     0.3390475E+02
     0.3552568E+02     0.3390248E+02
     0.3554007E+02     0.3390679E+02
     0.3555574E+02     0.3390012E+02
     0.3555731E+02     0.3390023E+02
     0.3556150E+02     0.3390052E+02
     0.3557987E+02     0.3390815E+02
     0.3558752E+02     0.3391594E+02
     0.3559230E+02     0.3392663E+02
     0.3559917E+02     0.3395322E+02
     0.3560540E+02     0.3396235E+02
     0.3560621E+02     0.3396925E+02
     0.3561448E+02     0.3397545E+02
     0.3561952E+02     0.3398684E+02
     0.3563738E+02     0.3398734E+02
     0.3564006E+02     0.3398944E+02
     0.3564405E+02     0.3399257E+02
     0.3564661E+02     0.3399723E+02
     0.3564851E+02     0.3400463E+02
     0.3564661E+02     0.3401077E+02
     0.3563361E+02     0.3401891E+02
     0.3563132E+02     0.3402802E+02
     0.3563353E+02     0.3403451E+02
     0.3563354E+02     0.3404094E+02
     0.3563876E+02     0.3404797E+02
     0.3564238E+02     0.3406046E+02
     0.3564859E+02     0.3406339E+02
     0.3564963E+02     0.3407168E+02
     0.3565797E+02     0.3409004E+02
     0.3565919E+02     0.3410143E+02
     0.3565937E+02     0.3410316E+02
     0.3565672E+02     0.3411411E+02
     0.3565038E+02     0.3412105E+02
     0.3564694E+02     0.3413105E+02
     0.3564634E+02     0.3413907E+02
     0.3563860E+02     0.3414643E+02
     0.3563665E+02     0.3415349E+02
     0.3564026E+02     0.3416644E+02
     0.3563908E+02     0.3417490E+02
     0.3564167E+02     0.3418599E+02
     0.3564026E+02     0.3419330E+02
     0.3564444E+02     0.3420581E+02
     0.3565482E+02     0.3421527E+02
     0.3565578E+02     0.3421786E+02
     0.3566576E+02     0.3424472E+02
     0.3566610E+02     0.3425002E+02
     0.3565944E+02     0.3425764E+02
     0.3566536E+02     0.3426813E+02
     0.3566140E+02     0.3427743E+02
     0.3566438E+02     0.3428555E+02
     0.3567507E+02     0.3429433E+02
     0.3567773E+02     0.3430359E+02
     0.3567981E+02     0.3430685E+02
     0.3568526E+02     0.3430861E+02
     0.3568585E+02     0.3431459E+02
     0.3568926E+02     0.3431905E+02
     0.3569505E+02     0.3431944E+02
     0.3569900E+02     0.3431725E+02
     0.3570230E+02     0.3431723E+02
     0.3570591E+02     0.3431720E+02
     0.3571441E+02     0.3431170E+02
     0.3572018E+02     0.3431254E+02
     0.3572287E+02     0.3431445E+02
     0.3572803E+02     0.3432354E+02
     0.3572910E+02     0.3433137E+02
     0.3573506E+02     0.3434117E+02
     0.3573312E+02     0.3434824E+02
     0.3573505E+02     0.3435540E+02
     0.3573283E+02     0.3436246E+02
     0.3573380E+02     0.3436593E+02
     0.3574109E+02     0.3437049E+02
     0.3574647E+02     0.3438096E+02
     0.3575216E+02     0.3438409E+02
     0.3577088E+02     0.3438597E+02
     0.3578391E+02     0.3439067E+02
     0.3578942E+02     0.3439265E+02
     0.3580190E+02     0.3439872E+02
     0.3581561E+02     0.3440872E+02
     0.3582327E+02     0.3441098E+02
     0.3582728E+02     0.3441453E+02
     0.3582925E+02     0.3442078E+02
     0.3581628E+02     0.3445556E+02
     0.3581892E+02     0.3445908E+02
     0.3582925E+02     0.3445659E+02
     0.3583433E+02     0.3446108E+02
     0.3584220E+02     0.3445807E+02
     0.3585726E+02     0.3446227E+02
     0.3587943E+02     0.3446844E+02
     0.3590608E+02     0.3447371E+02
     0.3592375E+02     0.3448219E+02
     0.3593128E+02     0.3448788E+02
     0.3593812E+02     0.3449747E+02
     0.3594513E+02     0.3450246E+02
     0.3595787E+02     0.3451724E+02
     0.3596367E+02     0.3451784E+02
     0.3597095E+02     0.3452307E+02
     0.3598116E+02     0.3452401E+02
     0.3598156E+02     0.3452431E+02
     0.3598655E+02     0.3452805E+02
     0.3599417E+02     0.3453925E+02
     0.3599740E+02     0.3454943E+02
     0.3599820E+02     0.3456552E+02
     0.3599734E+02     0.3458133E+02
     0.3599001E+02     0.3461489E+02
     0.3598031E+02     0.3464496E+02
     0.3598031E+02     0.3464496E+02
     0.3599242E+02     0.3465512E+02
     0.3599759E+02     0.3465020E+02
     0.3601366E+02     0.3465059E+02
     0.3602011E+02     0.3464869E+02
     0.3603665E+02     0.3463600E+02
     0.3605467E+02     0.3463620E+02
     0.3606513E+02     0.3463829E+02
     0.3607679E+02     0.3463811E+02
     0.3608464E+02     0.3463554E+02
     0.3609121E+02     0.3463799E+02
     0.3609541E+02     0.3463671E+02
     0.3610094E+02     0.3463731E+02
     0.3610692E+02     0.3464066E+02
     0.3613055E+02     0.3464672E+02
     0.3613666E+02     0.3464664E+02
     0.3614819E+02     0.3464208E+02
     0.3616887E+02     0.3463751E+02
     0.3617775E+02     0.3463726E+02
     0.3619721E+02     0.3464390E+02
     0.3620736E+02     0.3464399E+02
END
END
