liberia
1
    -0.8923755E+01     0.6107194E+01
    -0.9421330E+01     0.8000000E+01
    -0.9411776E+01     0.7986394E+01
    -0.9409732E+01     0.7979505E+01
    -0.9411833E+01     0.7972631E+01
    -0.9423147E+01     0.7965106E+01
    -0.9432427E+01     0.7947937E+01
    -0.9428607E+01     0.7924752E+01
    -0.9424505E+01     0.7914182E+01
    -0.9430327E+01     0.7898146E+01
    -0.9430327E+01     0.7898146E+01
    -0.9423958E+01     0.7872638E+01
    -0.9423477E+01     0.7862288E+01
    -0.9417027E+01     0.7852179E+01
    -0.9410916E+01     0.7846611E+01
    -0.9410916E+01     0.7846611E+01
    -0.9406637E+01     0.7835647E+01
    -0.9395863E+01     0.7824591E+01
    -0.9390400E+01     0.7809196E+01
    -0.9387190E+01     0.7806201E+01
    -0.9382818E+01     0.7805495E+01
    -0.9378685E+01     0.7802954E+01
    -0.9369487E+01     0.7803680E+01
    -0.9369487E+01     0.7803680E+01
    -0.9359363E+01     0.7796106E+01
    -0.9354752E+01     0.7780309E+01
    -0.9355983E+01     0.7778250E+01
    -0.9355983E+01     0.7778250E+01
    -0.9356769E+01     0.7776936E+01
    -0.9357389E+01     0.7775104E+01
    -0.9355328E+01     0.7772801E+01
    -0.9349106E+01     0.7774152E+01
    -0.9348203E+01     0.7770019E+01
    -0.9350548E+01     0.7759702E+01
    -0.9348963E+01     0.7753501E+01
    -0.9343918E+01     0.7748662E+01
    -0.9351110E+01     0.7735152E+01
    -0.9351871E+01     0.7718404E+01
    -0.9362742E+01     0.7705827E+01
    -0.9369237E+01     0.7693922E+01
    -0.9370667E+01     0.7681994E+01
    -0.9368204E+01     0.7665462E+01
    -0.9372199E+01     0.7645742E+01
    -0.9369238E+01     0.7638157E+01
    -0.9365088E+01     0.7632481E+01
    -0.9363516E+01     0.7630331E+01
    -0.9356620E+01     0.7628008E+01
    -0.9354559E+01     0.7625704E+01
    -0.9357147E+01     0.7612175E+01
    -0.9376374E+01     0.7582417E+01
    -0.9378515E+01     0.7565443E+01
    -0.9399380E+01     0.7528805E+01
    -0.9399508E+01     0.7523986E+01
    -0.9399652E+01     0.7518477E+01
    -0.9405447E+01     0.7508401E+01
    -0.9418715E+01     0.7471729E+01
    -0.9429801E+01     0.7461674E+01
    -0.9433975E+01     0.7454116E+01
    -0.9443891E+01     0.7449106E+01
    -0.9451283E+01     0.7442020E+01
    -0.9456379E+01     0.7433776E+01
    -0.9460887E+01     0.7418865E+01
    -0.9471071E+01     0.7385170E+01
    -0.9477537E+01     0.7379457E+01
    -0.9478702E+01     0.7375787E+01
    -0.9477838E+01     0.7362011E+01
    -0.9468146E+01     0.7368859E+01
    -0.9462364E+01     0.7375953E+01
    -0.9456549E+01     0.7391769E+01
    -0.9446619E+01     0.7400223E+01
    -0.9415713E+01     0.7417775E+01
    -0.9410858E+01     0.7423495E+01
    -0.9408328E+01     0.7423026E+01
    -0.9405580E+01     0.7420031E+01
    -0.9403141E+01     0.7413938E+01
    -0.9400795E+01     0.7408075E+01
    -0.9396964E+01     0.7388548E+01
    -0.9393971E+01     0.7388764E+01
    -0.9389127E+01     0.7391959E+01
    -0.9384296E+01     0.7391480E+01
    -0.9380609E+01     0.7393072E+01
    -0.9372733E+01     0.7405436E+01
    -0.9360737E+01     0.7412733E+01
    -0.9359779E+01     0.7421682E+01
    -0.9350083E+01     0.7429217E+01
    -0.9345252E+01     0.7428967E+01
    -0.9337444E+01     0.7425263E+01
    -0.9330085E+01     0.7424086E+01
    -0.9324555E+01     0.7425669E+01
    -0.9320625E+01     0.7430015E+01
    -0.9309584E+01     0.7429050E+01
    -0.9300179E+01     0.7422125E+01
    -0.9295266E+01     0.7422637E+01
    -0.9290095E+01     0.7412213E+01
    -0.9288297E+01     0.7402335E+01
    -0.9289948E+01     0.7392701E+01
    -0.9288587E+01     0.7388104E+01
    -0.9274587E+01     0.7379552E+01
    -0.9266762E+01     0.7379978E+01
    -0.9259104E+01     0.7383443E+01
    -0.9259104E+01     0.7383443E+01
    -0.9227324E+01     0.7389378E+01
    -0.9211778E+01     0.7385181E+01
    -0.9207747E+01     0.7383283E+01
    -0.9207747E+01     0.7383283E+01
    -0.9202100E+01     0.7380623E+01
    -0.9203797E+01     0.7360659E+01
    -0.9206121E+01     0.7355389E+01
    -0.9206140E+01     0.7351256E+01
    -0.9201347E+01     0.7341824E+01
    -0.9201336E+01     0.7340019E+01
    -0.9201209E+01     0.7320703E+01
    -0.9190242E+01     0.7303209E+01
    -0.9181978E+01     0.7298810E+01
    -0.9160678E+01     0.7276680E+01
    -0.9153790E+01     0.7273436E+01
    -0.9134002E+01     0.7274039E+01
    -0.9120646E+01     0.7276506E+01
    -0.9116056E+01     0.7273731E+01
    -0.9113697E+01     0.7257340E+01
    -0.9113606E+01     0.7256712E+01
    -0.9110641E+01     0.7252284E+01
    -0.9104943E+01     0.7250193E+01
    -0.9103936E+01     0.7242940E+01
    -0.9094152E+01     0.7225818E+01
    -0.9095643E+01     0.7222988E+01
    -0.9096519E+01     0.7218314E+01
    -0.9104618E+01     0.7207559E+01
    -0.9105797E+01     0.7201135E+01
    -0.9104451E+01     0.7193552E+01
    -0.9092455E+01     0.7201077E+01
    -0.9084396E+01     0.7202648E+01
    -0.9065999E+01     0.7200960E+01
    -0.9053303E+01     0.7210546E+01
    -0.9040385E+01     0.7218066E+01
    -0.9035995E+01     0.7222409E+01
    -0.9031807E+01     0.7232721E+01
    -0.9016803E+01     0.7243674E+01
    -0.9004267E+01     0.7242959E+01
    -0.9003693E+01     0.7242927E+01
    -0.8992848E+01     0.7249766E+01
    -0.8976520E+01     0.7248314E+01
    -0.8963851E+01     0.7251700E+01
    -0.8958548E+01     0.7254201E+01
    -0.8956691E+01     0.7257866E+01
    -0.8957124E+01     0.7263608E+01
    -0.8953183E+01     0.7269789E+01
    -0.8948354E+01     0.7269308E+01
    -0.8944469E+01     0.7263550E+01
    -0.8941023E+01     0.7262616E+01
    -0.8937790E+01     0.7265126E+01
    -0.8937763E+01     0.7270866E+01
    -0.8933381E+01     0.7273372E+01
    -0.8937709E+01     0.7282574E+01
    -0.8937005E+01     0.7285556E+01
    -0.8928959E+01     0.7284141E+01
    -0.8920876E+01     0.7287661E+01
    -0.8919045E+01     0.7288458E+01
    -0.8915597E+01     0.7287982E+01
    -0.8906465E+01     0.7272788E+01
    -0.8907186E+01     0.7266363E+01
    -0.8905592E+01     0.7262683E+01
    -0.8902840E+01     0.7261062E+01
    -0.8863511E+01     0.7258125E+01
    -0.8848072E+01     0.7263333E+01
    -0.8833481E+01     0.7283467E+01
    -0.8833461E+01     0.7287600E+01
    -0.8835728E+01     0.7291850E+01
    -0.8838249E+01     0.7296576E+01
    -0.8837764E+01     0.7301854E+01
    -0.8833366E+01     0.7307343E+01
    -0.8833114E+01     0.7311933E+01
    -0.8837683E+01     0.7318842E+01
    -0.8837190E+01     0.7325727E+01
    -0.8841990E+01     0.7332407E+01
    -0.8846082E+01     0.7342757E+01
    -0.8845829E+01     0.7347347E+01
    -0.8835393E+01     0.7364515E+01
    -0.8815492E+01     0.7387836E+01
    -0.8811285E+01     0.7401360E+01
    -0.8806678E+01     0.7402486E+01
    -0.8800807E+01     0.7407611E+01
    -0.8796741E+01     0.7411161E+01
    -0.8792145E+01     0.7409762E+01
    -0.8788452E+01     0.7412040E+01
    -0.8782475E+01     0.7410863E+01
    -0.8779937E+01     0.7412229E+01
    -0.8774291E+01     0.7437682E+01
    -0.8776334E+01     0.7443430E+01
    -0.8775391E+01     0.7448017E+01
    -0.8772388E+01     0.7450298E+01
    -0.8757180E+01     0.7454356E+01
    -0.8746294E+01     0.7468765E+01
    -0.8726861E+01     0.7489559E+01
    -0.8715302E+01     0.7500290E+01
    -0.8709048E+01     0.7508294E+01
    -0.8706717E+01     0.7514249E+01
    -0.8712394E+01     0.7529655E+01
    -0.8711278E+01     0.7536139E+01
    -0.8710736E+01     0.7539287E+01
    -0.8711619E+01     0.7546636E+01
    -0.8719451E+01     0.7545297E+01
    -0.8721744E+01     0.7547143E+01
    -0.8722639E+01     0.7552197E+01
    -0.8713738E+01     0.7583598E+01
    -0.8711582E+01     0.7600800E+01
    -0.8704133E+01     0.7617746E+01
    -0.8704331E+01     0.7624173E+01
    -0.8707272E+01     0.7634744E+01
    -0.8706784E+01     0.7640020E+01
    -0.8701015E+01     0.7646246E+01
    -0.8700379E+01     0.7646679E+01
    -0.8700379E+01     0.7646679E+01
    -0.8687576E+01     0.7655399E+01
    -0.8676616E+01     0.7668808E+01
    -0.8670298E+01     0.7687928E+01
    -0.8666122E+01     0.7693086E+01
    -0.8659362E+01     0.7696163E+01
    -0.8600698E+01     0.7694084E+01
    -0.8559731E+01     0.7692630E+01
    -0.8557989E+01     0.7684766E+01
    -0.8557989E+01     0.7684766E+01
    -0.8556175E+01     0.7676572E+01
    -0.8554747E+01     0.7649656E+01
    -0.8565241E+01     0.7625896E+01
    -0.8559104E+01     0.7619720E+01
    -0.8559104E+01     0.7619720E+01
    -0.8553959E+01     0.7614541E+01
    -0.8544582E+01     0.7605104E+01
    -0.8487146E+01     0.7571210E+01
    -0.8472179E+01     0.7554582E+01
    -0.8464485E+01     0.7536433E+01
    -0.8456750E+01     0.7526564E+01
    -0.8433965E+01     0.7517145E+01
    -0.8414106E+01     0.7493816E+01
    -0.8413899E+01     0.7489981E+01
    -0.8413899E+01     0.7489981E+01
    -0.8413670E+01     0.7485687E+01
    -0.8407968E+01     0.7476017E+01
    -0.8409615E+01     0.7469140E+01
    -0.8405540E+01     0.7456264E+01
    -0.8404446E+01     0.7445699E+01
    -0.8409828E+01     0.7428970E+01
    -0.8398888E+01     0.7409172E+01
    -0.8393908E+01     0.7393766E+01
    -0.8393723E+01     0.7385272E+01
    -0.8395502E+01     0.7374587E+01
    -0.8395862E+01     0.7372427E+01
    -0.8389882E+01     0.7328779E+01
    -0.8386020E+01     0.7319576E+01
    -0.8372768E+01     0.7302058E+01
    -0.8360456E+01     0.7281331E+01
    -0.8360032E+01     0.7274441E+01
    -0.8353367E+01     0.7273258E+01
    -0.8351768E+01     0.7270954E+01
    -0.8351200E+01     0.7263449E+01
    -0.8351125E+01     0.7262456E+01
    -0.8352303E+01     0.7257181E+01
    -0.8356242E+01     0.7251921E+01
    -0.8356494E+01     0.7247790E+01
    -0.8360893E+01     0.7242763E+01
    -0.8357258E+01     0.7234249E+01
    -0.8346009E+01     0.7229597E+01
    -0.8335712E+01     0.7219210E+01
    -0.8331371E+01     0.7213676E+01
    -0.8330495E+01     0.7205637E+01
    -0.8325001E+01     0.7200556E+01
    -0.8318089E+01     0.7202585E+01
    -0.8314186E+01     0.7200957E+01
    -0.8307551E+01     0.7194263E+01
    -0.8303639E+01     0.7194472E+01
    -0.8301838E+01     0.7187345E+01
    -0.8294249E+01     0.7186844E+01
    -0.8290595E+01     0.7181774E+01
    -0.8287147E+01     0.7181296E+01
    -0.8284136E+01     0.7185183E+01
    -0.8278384E+01     0.7185152E+01
    -0.8276108E+01     0.7180778E+01
    -0.8278466E+01     0.7170228E+01
    -0.8275783E+01     0.7156208E+01
    -0.8277879E+01     0.7151397E+01
    -0.8291557E+01     0.7140387E+01
    -0.8292897E+01     0.7139307E+01
    -0.8294302E+01     0.7134953E+01
    -0.8291635E+01     0.7117717E+01
    -0.8299383E+01     0.7088826E+01
    -0.8299418E+01     0.7082397E+01
    -0.8294874E+01     0.7072040E+01
    -0.8295620E+01     0.7061709E+01
    -0.8287693E+01     0.7039163E+01
    -0.8287086E+01     0.7024003E+01
    -0.8285034E+01     0.7020548E+01
    -0.8283604E+01     0.7020183E+01
    -0.8278604E+01     0.7018906E+01
    -0.8276087E+01     0.7016595E+01
    -0.8278174E+01     0.7013391E+01
    -0.8274739E+01     0.7010618E+01
    -0.8273610E+01     0.7006707E+01
    -0.8276395E+01     0.7002130E+01
    -0.8283549E+01     0.6997805E+01
    -0.8284752E+01     0.6987936E+01
    -0.8286834E+01     0.6985881E+01
    -0.8293055E+01     0.6983847E+01
    -0.8302542E+01     0.6973335E+01
    -0.8309667E+01     0.6974291E+01
    -0.8313365E+01     0.6970866E+01
    -0.8321650E+01     0.6969762E+01
    -0.8324889E+01     0.6966105E+01
    -0.8321476E+01     0.6959426E+01
    -0.8322192E+01     0.6954607E+01
    -0.8318330E+01     0.6945860E+01
    -0.8317928E+01     0.6935064E+01
    -0.8315239E+01     0.6922189E+01
    -0.8309087E+01     0.6911592E+01
    -0.8308886E+01     0.6906307E+01
    -0.8310746E+01     0.6902414E+01
    -0.8314672E+01     0.6899449E+01
    -0.8324562E+01     0.6899042E+01
    -0.8326184E+01     0.6896754E+01
    -0.8322995E+01     0.6891225E+01
    -0.8329916E+01     0.6887128E+01
    -0.8331326E+01     0.6881393E+01
    -0.8332027E+01     0.6879560E+01
    -0.8318130E+01     0.6855370E+01
    -0.8316067E+01     0.6854210E+01
    -0.8311661E+01     0.6861077E+01
    -0.8308434E+01     0.6862208E+01
    -0.8307361E+01     0.6848192E+01
    -0.8313154E+01     0.6839955E+01
    -0.8321478E+01     0.6831731E+01
    -0.8323806E+01     0.6826460E+01
    -0.8316761E+01     0.6811034E+01
    -0.8318148E+01     0.6809663E+01
    -0.8324124E+01     0.6809925E+01
    -0.8327171E+01     0.6799376E+01
    -0.8331454E+01     0.6796606E+01
    -0.8340554E+01     0.6790719E+01
    -0.8342883E+01     0.6785218E+01
    -0.8342912E+01     0.6779935E+01
    -0.8338418E+01     0.6760617E+01
    -0.8340052E+01     0.6756032E+01
    -0.8342801E+01     0.6757884E+01
    -0.8343698E+01     0.6762023E+01
    -0.8346225E+01     0.6762496E+01
    -0.8349452E+01     0.6760906E+01
    -0.8353127E+01     0.6761844E+01
    -0.8355898E+01     0.6759562E+01
    -0.8356845E+01     0.6754513E+01
    -0.8355739E+01     0.6746469E+01
    -0.8360830E+01     0.6740064E+01
    -0.8364487E+01     0.6744447E+01
    -0.8367708E+01     0.6744005E+01
    -0.8369819E+01     0.6736206E+01
    -0.8375125E+01     0.6732789E+01
    -0.8379268E+01     0.6731892E+01
    -0.8383197E+01     0.6728237E+01
    -0.8380423E+01     0.6725236E+01
    -0.8379996E+01     0.6724774E+01
    -0.8374711E+01     0.6724288E+01
    -0.8378195E+01     0.6717644E+01
    -0.8382556E+01     0.6719046E+01
    -0.8385758E+01     0.6722049E+01
    -0.8388979E+01     0.6721836E+01
    -0.8391068E+01     0.6718172E+01
    -0.8388106E+01     0.6713103E+01
    -0.8405842E+01     0.6706994E+01
    -0.8407474E+01     0.6702638E+01
    -0.8402459E+01     0.6694571E+01
    -0.8404552E+01     0.6689988E+01
    -0.8401834E+01     0.6682393E+01
    -0.8404379E+01     0.6679421E+01
    -0.8408985E+01     0.6677836E+01
    -0.8415007E+01     0.6669598E+01
    -0.8418229E+01     0.6668926E+01
    -0.8423039E+01     0.6672167E+01
    -0.8425580E+01     0.6669884E+01
    -0.8429995E+01     0.6657491E+01
    -0.8430481E+01     0.6656126E+01
    -0.8432560E+01     0.6654299E+01
    -0.8435316E+01     0.6654773E+01
    -0.8439889E+01     0.6659621E+01
    -0.8443108E+01     0.6659407E+01
    -0.8447732E+01     0.6654607E+01
    -0.8448679E+01     0.6649329E+01
    -0.8447576E+01     0.6640594E+01
    -0.8448979E+01     0.6636006E+01
    -0.8452901E+01     0.6633271E+01
    -0.8460711E+01     0.6634689E+01
    -0.8462556E+01     0.6633551E+01
    -0.8464657E+01     0.6627359E+01
    -0.8470373E+01     0.6633361E+01
    -0.8472903E+01     0.6632914E+01
    -0.8476162E+01     0.6625350E+01
    -0.8482372E+01     0.6624693E+01
    -0.8484687E+01     0.6621719E+01
    -0.8485157E+01     0.6619654E+01
    -0.8482205E+01     0.6612747E+01
    -0.8487977E+01     0.6607953E+01
    -0.8489820E+01     0.6607273E+01
    -0.8491880E+01     0.6608891E+01
    -0.8491623E+01     0.6614173E+01
    -0.8493913E+01     0.6616023E+01
    -0.8497225E+01     0.6615404E+01
    -0.8499895E+01     0.6614905E+01
    -0.8503819E+01     0.6611938E+01
    -0.8505684E+01     0.6606894E+01
    -0.8504123E+01     0.6597697E+01
    -0.8506225E+01     0.6591276E+01
    -0.8508763E+01     0.6589451E+01
    -0.8513338E+01     0.6593839E+01
    -0.8521166E+01     0.6591582E+01
    -0.8522760E+01     0.6594347E+01
    -0.8521116E+01     0.6601001E+01
    -0.8528666E+01     0.6608160E+01
    -0.8532824E+01     0.6604506E+01
    -0.8533298E+01     0.6601522E+01
    -0.8530358E+01     0.6592088E+01
    -0.8531127E+01     0.6576700E+01
    -0.8526329E+01     0.6570932E+01
    -0.8536976E+01     0.6556972E+01
    -0.8537834E+01     0.6556691E+01
    -0.8539740E+01     0.6556067E+01
    -0.8546603E+01     0.6562305E+01
    -0.8556250E+01     0.6563962E+01
    -0.8560629E+01     0.6561458E+01
    -0.8563661E+01     0.6553202E+01
    -0.8562983E+01     0.6550901E+01
    -0.8555408E+01     0.6548795E+01
    -0.8554273E+01     0.6546033E+01
    -0.8562594E+01     0.6536886E+01
    -0.8568664E+01     0.6518766E+01
    -0.8578318E+01     0.6518816E+01
    -0.8584719E+01     0.6525510E+01
    -0.8587243E+01     0.6526442E+01
    -0.8591852E+01     0.6524167E+01
    -0.8599302E+01     0.6505595E+01
    -0.8592443E+01     0.6498439E+01
    -0.8585100E+01     0.6495874E+01
    -0.8581196E+01     0.6495166E+01
    -0.8570604E+01     0.6498789E+01
    -0.8565332E+01     0.6496005E+01
    -0.8547867E+01     0.6495227E+01
    -0.8540526E+01     0.6492203E+01
    -0.8527955E+01     0.6478584E+01
    -0.8515646E+01     0.6458763E+01
    -0.8504224E+01     0.6445378E+01
    -0.8502265E+01     0.6443562E+01
    -0.8490270E+01     0.6432441E+01
    -0.8483390E+01     0.6429647E+01
    -0.8481078E+01     0.6432163E+01
    -0.8473500E+01     0.6430745E+01
    -0.8469575E+01     0.6434401E+01
    -0.8467835E+01     0.6449141E+01
    -0.8466228E+01     0.6452974E+01
    -0.8458827E+01     0.6461895E+01
    -0.8456542E+01     0.6471160E+01
    -0.8457745E+01     0.6486836E+01
    -0.8457745E+01     0.6486836E+01
    -0.8455497E+01     0.6488746E+01
    -0.8451657E+01     0.6488729E+01
    -0.8436024E+01     0.6480342E+01
    -0.8427115E+01     0.6470387E+01
    -0.8414052E+01     0.6459775E+01
    -0.8393641E+01     0.6447528E+01
    -0.8385976E+01     0.6444934E+01
    -0.8385992E+01     0.6441736E+01
    -0.8386344E+01     0.6441215E+01
    -0.8386344E+01     0.6441215E+01
    -0.8389859E+01     0.6435997E+01
    -0.8405879E+01     0.6430952E+01
    -0.8408247E+01     0.6426960E+01
    -0.8407353E+01     0.6422130E+01
    -0.8399074E+01     0.6423235E+01
    -0.8393416E+01     0.6406663E+01
    -0.8392929E+01     0.6399730E+01
    -0.8392561E+01     0.6394481E+01
    -0.8382753E+01     0.6380413E+01
    -0.8386002E+01     0.6374686E+01
    -0.8392897E+01     0.6374493E+01
    -0.8398206E+01     0.6370155E+01
    -0.8405102E+01     0.6369962E+01
    -0.8412014E+01     0.6366781E+01
    -0.8396908E+01     0.6354984E+01
    -0.8392356E+01     0.6346687E+01
    -0.8385923E+01     0.6346194E+01
    -0.8380353E+01     0.6356504E+01
    -0.8373232E+01     0.6355777E+01
    -0.8371816E+01     0.6362893E+01
    -0.8369278E+01     0.6364717E+01
    -0.8365843E+01     0.6362401E+01
    -0.8365483E+01     0.6361875E+01
    -0.8361738E+01     0.6356406E+01
    -0.8358522E+01     0.6356159E+01
    -0.8355044E+01     0.6361886E+01
    -0.8352511E+01     0.6362791E+01
    -0.8345626E+01     0.6361146E+01
    -0.8342595E+01     0.6369172E+01
    -0.8339358E+01     0.6372831E+01
    -0.8333409E+01     0.6367974E+01
    -0.8323554E+01     0.6362866E+01
    -0.8316470E+01     0.6355475E+01
    -0.8312108E+01     0.6354533E+01
    -0.8308183E+01     0.6357958E+01
    -0.8302970E+01     0.6344604E+01
    -0.8300684E+01     0.6342294E+01
    -0.8298378E+01     0.6343660E+01
    -0.8296744E+01     0.6348247E+01
    -0.8280437E+01     0.6346780E+01
    -0.8277248E+01     0.6341249E+01
    -0.8275196E+01     0.6338480E+01
    -0.8269449E+01     0.6338678E+01
    -0.8266937E+01     0.6335679E+01
    -0.8267189E+01     0.6331774E+01
    -0.8269268E+01     0.6329717E+01
    -0.8275715E+01     0.6327454E+01
    -0.8279645E+01     0.6323339E+01
    -0.8276216E+01     0.6319874E+01
    -0.8272310E+01     0.6319623E+01
    -0.8259680E+01     0.6318176E+01
    -0.8252085E+01     0.6320202E+01
    -0.8246352E+01     0.6317873E+01
    -0.8241063E+01     0.6318534E+01
    -0.8216785E+01     0.6303695E+01
    -0.8212193E+01     0.6303211E+01
    -0.8206186E+01     0.6308922E+01
    -0.8201869E+01     0.6300168E+01
    -0.8198650E+01     0.6300379E+01
    -0.8195180E+01     0.6304496E+01
    -0.8188083E+01     0.6299862E+01
    -0.8182837E+01     0.6292480E+01
    -0.8174602E+01     0.6286000E+01
    -0.8171672E+01     0.6275643E+01
    -0.8169743E+01     0.6275342E+01
    -0.8167080E+01     0.6274928E+01
    -0.8158560E+01     0.6278099E+01
    -0.8142243E+01     0.6278238E+01
    -0.8133496E+01     0.6280946E+01
    -0.8123624E+01     0.6279283E+01
    -0.8118563E+01     0.6280403E+01
    -0.8108172E+01     0.6289077E+01
    -0.8100364E+01     0.6288344E+01
    -0.8096673E+01     0.6290621E+01
    -0.8090869E+01     0.6301158E+01
    -0.8080092E+01     0.6296732E+01
    -0.8073434E+01     0.6295775E+01
    -0.8065363E+01     0.6300784E+01
    -0.8057086E+01     0.6301427E+01
    -0.8050647E+01     0.6302310E+01
    -0.8040268E+01     0.6308914E+01
    -0.8029922E+01     0.6309774E+01
    -0.8005301E+01     0.6315148E+01
    -0.8000033E+01     0.6312130E+01
    -0.7992057E+01     0.6300596E+01
    -0.7991189E+01     0.6291860E+01
    -0.7987755E+01     0.6289542E+01
    -0.7983586E+01     0.6295262E+01
    -0.7979458E+01     0.6293630E+01
    -0.7975124E+01     0.6288320E+01
    -0.7971194E+01     0.6292203E+01
    -0.7968203E+01     0.6292875E+01
    -0.7965284E+01     0.6281140E+01
    -0.7959089E+01     0.6279495E+01
    -0.7955171E+01     0.6281540E+01
    -0.7949375E+01     0.6290239E+01
    -0.7944995E+01     0.6292512E+01
    -0.7940648E+01     0.6289269E+01
    -0.7932448E+01     0.6276814E+01
    -0.7926713E+01     0.6275171E+01
    -0.7921579E+01     0.6288469E+01
    -0.7917454E+01     0.6286606E+01
    -0.7915406E+01     0.6283148E+01
    -0.7913411E+01     0.6270728E+01
    -0.7909506E+01     0.6270475E+01
    -0.7906468E+01     0.6279189E+01
    -0.7901638E+01     0.6279850E+01
    -0.7899587E+01     0.6277081E+01
    -0.7894393E+01     0.6261424E+01
    -0.7889851E+01     0.6252436E+01
    -0.7881143E+01     0.6248478E+01
    -0.7876364E+01     0.6240637E+01
    -0.7862855E+01     0.6232515E+01
    -0.7854142E+01     0.6229476E+01
    -0.7820579E+01     0.6193658E+01
    -0.7818991E+01     0.6190201E+01
    -0.7821851E+01     0.6188860E+01
    -0.7823830E+01     0.6187932E+01
    -0.7832789E+01     0.6188215E+01
    -0.7836695E+01     0.6188239E+01
    -0.7840624E+01     0.6184585E+01
    -0.7834013E+01     0.6175814E+01
    -0.7835217E+01     0.6166628E+01
    -0.7831581E+01     0.6159942E+01
    -0.7833669E+01     0.6156507E+01
    -0.7844282E+01     0.6149217E+01
    -0.7846384E+01     0.6143484E+01
    -0.7845733E+01     0.6137045E+01
    -0.7846945E+01     0.6116677E+01
    -0.7848288E+01     0.6094086E+01
    -0.7847161E+01     0.6090402E+01
    -0.7842580E+01     0.6088077E+01
    -0.7841908E+01     0.6085085E+01
    -0.7844255E+01     0.6076826E+01
    -0.7843366E+01     0.6071994E+01
    -0.7834148E+01     0.6076536E+01
    -0.7831539E+01     0.6090310E+01
    -0.7828310E+01     0.6092588E+01
    -0.7823941E+01     0.6093022E+01
    -0.7818210E+01     0.6090919E+01
    -0.7807462E+01     0.6082582E+01
    -0.7806030E+01     0.6091536E+01
    -0.7802121E+01     0.6092202E+01
    -0.7796634E+01     0.6087803E+01
    -0.7793142E+01     0.6083197E+01
    -0.7786833E+01     0.6074874E+01
    -0.7787317E+01     0.6070740E+01
    -0.7792891E+01     0.6060892E+01
    -0.7793141E+01     0.6057446E+01
    -0.7790421E+01     0.6051224E+01
    -0.7778057E+01     0.6044485E+01
    -0.7772574E+01     0.6039395E+01
    -0.7768487E+01     0.6031557E+01
    -0.7771047E+01     0.6026056E+01
    -0.7781417E+01     0.6020833E+01
    -0.7784432E+01     0.6016025E+01
    -0.7779667E+01     0.6006343E+01
    -0.7789613E+01     0.5995142E+01
    -0.7791013E+01     0.5991473E+01
    -0.7788640E+01     0.5985147E+01
    -0.7788074E+01     0.5983641E+01
    -0.7782581E+01     0.5980390E+01
    -0.7766076E+01     0.5974774E+01
    -0.7763573E+01     0.5970852E+01
    -0.7761116E+01     0.5959345E+01
    -0.7758396E+01     0.5953354E+01
    -0.7739425E+01     0.5937840E+01
    -0.7725668E+01     0.5933619E+01
    -0.7718581E+01     0.5928289E+01
    -0.7713583E+01     0.5919295E+01
    -0.7697303E+01     0.5907926E+01
    -0.7692999E+01     0.5904920E+01
    -0.7684296E+01     0.5900728E+01
    -0.7679932E+01     0.5900932E+01
    -0.7676929E+01     0.5903441E+01
    -0.7675990E+01     0.5906883E+01
    -0.7682090E+01     0.5923240E+01
    -0.7680681E+01     0.5928288E+01
    -0.7673748E+01     0.5935140E+01
    -0.7669538E+01     0.5947296E+01
    -0.7663314E+01     0.5950705E+01
    -0.7660561E+01     0.5950229E+01
    -0.7657869E+01     0.5939869E+01
    -0.7657680E+01     0.5933202E+01
    -0.7660292E+01     0.5919658E+01
    -0.7659627E+01     0.5915747E+01
    -0.7655266E+01     0.5915030E+01
    -0.7650694E+01     0.5916692E+01
    -0.7649050E+01     0.5917290E+01
    -0.7644927E+01     0.5915656E+01
    -0.7637620E+01     0.5908486E+01
    -0.7631875E+01     0.5909140E+01
    -0.7622930E+01     0.5907016E+01
    -0.7613740E+01     0.5907419E+01
    -0.7611506E+01     0.5897291E+01
    -0.7608983E+01     0.5896816E+01
    -0.7604604E+01     0.5899086E+01
    -0.7602361E+01     0.5890569E+01
    -0.7599619E+01     0.5888253E+01
    -0.7596159E+01     0.5890760E+01
    -0.7593576E+01     0.5899478E+01
    -0.7591959E+01     0.5901077E+01
    -0.7583921E+01     0.5900796E+01
    -0.7575215E+01     0.5897295E+01
    -0.7559793E+01     0.5881033E+01
    -0.7552627E+01     0.5873478E+01
    -0.7553342E+01     0.5869346E+01
    -0.7568706E+01     0.5873350E+01
    -0.7571949E+01     0.5868773E+01
    -0.7569909E+01     0.5864623E+01
    -0.7561191E+01     0.5863189E+01
    -0.7557757E+01     0.5861328E+01
    -0.7554386E+01     0.5849585E+01
    -0.7548687E+01     0.5842883E+01
    -0.7545751E+01     0.5835051E+01
    -0.7539781E+01     0.5834783E+01
    -0.7538379E+01     0.5838451E+01
    -0.7538080E+01     0.5849483E+01
    -0.7529811E+01     0.5849430E+01
    -0.7519185E+01     0.5859017E+01
    -0.7512544E+01     0.5855987E+01
    -0.7510744E+01     0.5850229E+01
    -0.7512147E+01     0.5846100E+01
    -0.7516241E+01     0.5843450E+01
    -0.7519528E+01     0.5841321E+01
    -0.7517937E+01     0.5838782E+01
    -0.7506225E+01     0.5838477E+01
    -0.7502562E+01     0.5836615E+01
    -0.7490515E+01     0.5817001E+01
    -0.7483889E+01     0.5811672E+01
    -0.7475629E+01     0.5810471E+01
    -0.7473712E+01     0.5822871E+01
    -0.7469055E+01     0.5832725E+01
    -0.7471536E+01     0.5839866E+01
    -0.7468272E+01     0.5847200E+01
    -0.7468689E+01     0.5853869E+01
    -0.7466815E+01     0.5859603E+01
    -0.7463359E+01     0.5861190E+01
    -0.7455567E+01     0.5858611E+01
    -0.7455115E+01     0.5857459E+01
    -0.7451213E+01     0.5856975E+01
    -0.7445673E+01     0.5861306E+01
    -0.7439512E+01     0.5855060E+01
    -0.7436352E+01     0.5846536E+01
    -0.7429713E+01     0.5843275E+01
    -0.7422362E+01     0.5843457E+01
    -0.7422630E+01     0.5837483E+01
    -0.7429786E+01     0.5832013E+01
    -0.7430802E+01     0.5816849E+01
    -0.7439177E+01     0.5800353E+01
    -0.7439204E+01     0.5796216E+01
    -0.7435789E+01     0.5791596E+01
    -0.7428967E+01     0.5781209E+01
    -0.7427398E+01     0.5775222E+01
    -0.7429277E+01     0.5768798E+01
    -0.7438297E+01     0.5758972E+01
    -0.7441317E+01     0.5753704E+01
    -0.7436095E+01     0.5744476E+01
    -0.7433667E+01     0.5729290E+01
    -0.7428912E+01     0.5718915E+01
    -0.7428592E+01     0.5697534E+01
    -0.7426314E+01     0.5694531E+01
    -0.7417153E+01     0.5690794E+01
    -0.7415872E+01     0.5675845E+01
    -0.7411769E+01     0.5671220E+01
    -0.7409320E+01     0.5659481E+01
    -0.7404345E+01     0.5647725E+01
    -0.7396835E+01     0.5637331E+01
    -0.7395198E+01     0.5632651E+01
    -0.7378784E+01     0.5623881E+01
    -0.7375171E+01     0.5614432E+01
    -0.7378291E+01     0.5601220E+01
    -0.7378478E+01     0.5600431E+01
    -0.7377830E+01     0.5594220E+01
    -0.7371478E+01     0.5582455E+01
    -0.7374030E+01     0.5578333E+01
    -0.7381380E+01     0.5577921E+01
    -0.7391930E+01     0.5579829E+01
    -0.7394242E+01     0.5577315E+01
    -0.7395648E+01     0.5572957E+01
    -0.7392785E+01     0.5554317E+01
    -0.7396750E+01     0.5544687E+01
    -0.7391972E+01     0.5538219E+01
    -0.7380093E+01     0.5529176E+01
    -0.7378515E+01     0.5524568E+01
    -0.7380379E+01     0.5520442E+01
    -0.7383608E+01     0.5518164E+01
    -0.7392828E+01     0.5520072E+01
    -0.7399657E+01     0.5521487E+01
    -0.7402888E+01     0.5518979E+01
    -0.7400842E+01     0.5515747E+01
    -0.7391919E+01     0.5511091E+01
    -0.7389423E+01     0.5506707E+01
    -0.7391508E+01     0.5503732E+01
    -0.7396790E+01     0.5503536E+01
    -0.7400020E+01     0.5501028E+01
    -0.7402627E+01     0.5488401E+01
    -0.7404708E+01     0.5486345E+01
    -0.7416203E+01     0.5483661E+01
    -0.7421058E+01     0.5478634E+01
    -0.7423175E+01     0.5470602E+01
    -0.7421846E+01     0.5463236E+01
    -0.7416398E+01     0.5453775E+01
    -0.7413516E+01     0.5439847E+01
    -0.7415233E+01     0.5432220E+01
    -0.7415867E+01     0.5429402E+01
    -0.7418652E+01     0.5424822E+01
    -0.7424160E+01     0.5425087E+01
    -0.7433547E+01     0.5428826E+01
    -0.7440377E+01     0.5437606E+01
    -0.7443837E+01     0.5435100E+01
    -0.7446178E+01     0.5427988E+01
    -0.7444848E+01     0.5420853E+01
    -0.7434134E+01     0.5409058E+01
    -0.7428915E+01     0.5399828E+01
    -0.7424659E+01     0.5383477E+01
    -0.7418748E+01     0.5374703E+01
    -0.7403187E+01     0.5367245E+01
    -0.7402644E+01     0.5366324E+01
    -0.7398419E+01     0.5359167E+01
    -0.7394524E+01     0.5358222E+01
    -0.7391989E+01     0.5359815E+01
    -0.7387803E+01     0.5368065E+01
    -0.7386359E+01     0.5378171E+01
    -0.7381278E+01     0.5382967E+01
    -0.7376683E+01     0.5383626E+01
    -0.7374644E+01     0.5379475E+01
    -0.7379319E+01     0.5366630E+01
    -0.7378681E+01     0.5358809E+01
    -0.7380340E+01     0.5351003E+01
    -0.7377440E+01     0.5338109E+01
    -0.7372878E+01     0.5333711E+01
    -0.7365771E+01     0.5332515E+01
    -0.7365113E+01     0.5327682E+01
    -0.7372854E+01     0.5315743E+01
    -0.7379940E+01     0.5306857E+01
    -0.7382700E+01     0.5305955E+01
    -0.7384948E+01     0.5308693E+01
    -0.7386116E+01     0.5310115E+01
    -0.7390034E+01     0.5307612E+01
    -0.7389703E+01     0.5288067E+01
    -0.7392948E+01     0.5283030E+01
    -0.7400554E+01     0.5278251E+01
    -0.7403140E+01     0.5268841E+01
    -0.7407547E+01     0.5261742E+01
    -0.7415398E+01     0.5254435E+01
    -0.7421359E+01     0.5255394E+01
    -0.7422259E+01     0.5258158E+01
    -0.7418535E+01     0.5266181E+01
    -0.7425114E+01     0.5277950E+01
    -0.7422567E+01     0.5281382E+01
    -0.7417975E+01     0.5281582E+01
    -0.7413600E+01     0.5283854E+01
    -0.7410788E+01     0.5292802E+01
    -0.7413286E+01     0.5296957E+01
    -0.7417183E+01     0.5297672E+01
    -0.7423853E+01     0.5295416E+01
    -0.7435169E+01     0.5284682E+01
    -0.7444356E+01     0.5283822E+01
    -0.7449421E+01     0.5281325E+01
    -0.7456142E+01     0.5271252E+01
    -0.7467324E+01     0.5281210E+01
    -0.7471788E+01     0.5265697E+01
    -0.7462635E+01     0.5260947E+01
    -0.7459241E+01     0.5253338E+01
    -0.7459755E+01     0.5244834E+01
    -0.7463954E+01     0.5234284E+01
    -0.7470403E+01     0.5230877E+01
    -0.7475037E+01     0.5224009E+01
    -0.7474168E+01     0.5216186E+01
    -0.7467354E+01     0.5205336E+01
    -0.7466437E+01     0.5196534E+01
    -0.7467563E+01     0.5195196E+01
    -0.7472054E+01     0.5188121E+01
    -0.7468431E+01     0.5180511E+01
    -0.7468768E+01     0.5163958E+01
    -0.7470920E+01     0.5150406E+01
    -0.7476941E+01     0.5141936E+01
    -0.7481870E+01     0.5124723E+01
    -0.7485546E+01     0.5120183E+01
    -0.7495301E+01     0.5105724E+01
    -0.7500409E+01     0.5096560E+01
    -0.7505477E+01     0.5093372E+01
    -0.7510967E+01     0.5095937E+01
    -0.7515271E+01     0.5104931E+01
    -0.7518244E+01     0.5106330E+01
    -0.7520238E+01     0.5105405E+01
    -0.7526069E+01     0.5102701E+01
    -0.7528234E+01     0.5099253E+01
    -0.7535802E+01     0.5092032E+01
    -0.7543147E+01     0.5087403E+01
    -0.7544805E+01     0.5084763E+01
    -0.7547320E+01     0.5080761E+01
    -0.7553314E+01     0.5076200E+01
    -0.7554712E+01     0.5072989E+01
    -0.7555890E+01     0.5067938E+01
    -0.7554086E+01     0.5063098E+01
    -0.7548378E+01     0.5058464E+01
    -0.7547492E+01     0.5053629E+01
    -0.7548435E+01     0.5049497E+01
    -0.7542762E+01     0.5039573E+01
    -0.7549940E+01     0.5029271E+01
    -0.7552289E+01     0.5020548E+01
    -0.7551394E+01     0.5017093E+01
    -0.7542063E+01     0.5005077E+01
    -0.7540410E+01     0.5000000E+01
    -0.7540038E+01     0.4998857E+01
    -0.7542611E+01     0.4991055E+01
    -0.7546547E+01     0.4985331E+01
    -0.7556935E+01     0.4975278E+01
    -0.7555130E+01     0.4970438E+01
    -0.7549022E+01     0.4968545E+01
    -0.7545285E+01     0.4967387E+01
    -0.7535035E+01     0.4955595E+01
    -0.7533907E+01     0.4952599E+01
    -0.7536704E+01     0.4945718E+01
    -0.7536500E+01     0.4941577E+01
    -0.7532874E+01     0.4934656E+01
    -0.7526476E+01     0.4930477E+01
    -0.7524434E+01     0.4927014E+01
    -0.7524233E+01     0.4922414E+01
    -0.7526550E+01     0.4918980E+01
    -0.7539410E+01     0.4916991E+01
    -0.7546259E+01     0.4922094E+01
    -0.7551760E+01     0.4923048E+01
    -0.7556592E+01     0.4920779E+01
    -0.7560056E+01     0.4917122E+01
    -0.7563334E+01     0.4906564E+01
    -0.7570676E+01     0.4906610E+01
    -0.7577760E+01     0.4911024E+01
    -0.7584189E+01     0.4910145E+01
    -0.7591789E+01     0.4905593E+01
    -0.7596900E+01     0.4895277E+01
    -0.7596234E+01     0.4891594E+01
    -0.7588025E+01     0.4883954E+01
    -0.7587113E+01     0.4882799E+01
    -0.7588767E+01     0.4875221E+01
    -0.7587209E+01     0.4867622E+01
    -0.7589282E+01     0.4866256E+01
    -0.7585188E+01     0.4860711E+01
    -0.7588470E+01     0.4849464E+01
    -0.7586682E+01     0.4841864E+01
    -0.7579641E+01     0.4830782E+01
    -0.7583798E+01     0.4826439E+01
    -0.7590011E+01     0.4823259E+01
    -0.7592559E+01     0.4819366E+01
    -0.7589867E+01     0.4809690E+01
    -0.7591042E+01     0.4805328E+01
    -0.7581935E+01     0.4794234E+01
    -0.7561555E+01     0.4788817E+01
    -0.7558362E+01     0.4785807E+01
    -0.7558862E+01     0.4779371E+01
    -0.7562827E+01     0.4769048E+01
    -0.7555010E+01     0.4735655E+01
    -0.7558096E+01     0.4719117E+01
    -0.7552487E+01     0.4699305E+01
    -0.7554376E+01     0.4690808E+01
    -0.7563094E+01     0.4690403E+01
    -0.7565419E+01     0.4685359E+01
    -0.7562932E+01     0.4679594E+01
    -0.7558108E+01     0.4673293E+01
    -0.7554972E+01     0.4669196E+01
    -0.7556597E+01     0.4665987E+01
    -0.7564630E+01     0.4665117E+01
    -0.7568548E+01     0.4661922E+01
    -0.7571111E+01     0.4655729E+01
    -0.7569069E+01     0.4652037E+01
    -0.7564501E+01     0.4649248E+01
    -0.7557166E+01     0.4648512E+01
    -0.7554887E+01     0.4646198E+01
    -0.7551965E+01     0.4636751E+01
    -0.7550925E+01     0.4619957E+01
    -0.7546407E+01     0.4609120E+01
    -0.7552699E+01     0.4593292E+01
    -0.7555929E+01     0.4590323E+01
    -0.7564188E+01     0.4589685E+01
    -0.7566723E+01     0.4587861E+01
    -0.7568356E+01     0.4583502E+01
    -0.7567754E+01     0.4581995E+01
    -0.7565872E+01     0.4577277E+01
    -0.7555390E+01     0.4566633E+01
    -0.7553367E+01     0.4560181E+01
    -0.7556630E+01     0.4551922E+01
    -0.7552794E+01     0.4542009E+01
    -0.7559018E+01     0.4536989E+01
    -0.7560881E+01     0.4532402E+01
    -0.7558599E+01     0.4526431E+01
    -0.7556805E+01     0.4525398E+01
    -0.7556805E+01     0.4525398E+01
    -0.7554678E+01     0.4524174E+01
    -0.7549981E+01     0.4510217E+01
    -0.7551937E+01     0.4487848E+01
    -0.7557446E+01     0.4480114E+01
    -0.7560942E+01     0.4466659E+01
    -0.7560108E+01     0.4453865E+01
    -0.7555604E+01     0.4445619E+01
    -0.7540419E+01     0.4434571E+01
    -0.7538608E+01     0.4428773E+01
    -0.7538608E+01     0.4428773E+01
    -0.7540007E+01     0.4424872E+01
    -0.7554800E+01     0.4406107E+01
    -0.7557827E+01     0.4398767E+01
    -0.7557402E+01     0.4393475E+01
    -0.7553091E+01     0.4386319E+01
    -0.7546247E+01     0.4380986E+01
    -0.7524091E+01     0.4367968E+01
    -0.7521366E+01     0.4363811E+01
    -0.7527073E+01     0.4357078E+01
    -0.7527073E+01     0.4357078E+01
    -0.7550066E+01     0.4357093E+01
    -0.7563810E+01     0.4358789E+01
    -0.7583535E+01     0.4357533E+01
    -0.7592041E+01     0.4353907E+01
    -0.7603280E+01     0.4353057E+01
    -0.7608779E+01     0.4353551E+01
    -0.7611367E+01     0.4354793E+01
    -0.7620436E+01     0.4359144E+01
    -0.7657081E+01     0.4365120E+01
    -0.7706113E+01     0.4370021E+01
    -0.7722860E+01     0.4368283E+01
    -0.7725359E+01     0.4371978E+01
    -0.7726026E+01     0.4375432E+01
    -0.7733111E+01     0.4378925E+01
    -0.7755310E+01     0.4385729E+01
    -0.7780731E+01     0.4390252E+01
    -0.7782780E+01     0.4392564E+01
    -0.7786155E+01     0.4403163E+01
    -0.7803066E+01     0.4412234E+01
    -0.7826177E+01     0.4419961E+01
    -0.7826378E+01     0.4424792E+01
    -0.7823500E+01     0.4425953E+01
    -0.7821321E+01     0.4426832E+01
    -0.7817863E+01     0.4430031E+01
    -0.7816691E+01     0.4434164E+01
    -0.7819164E+01     0.4442457E+01
    -0.7823926E+01     0.4451225E+01
    -0.7826893E+01     0.4453542E+01
    -0.7842424E+01     0.4463754E+01
    -0.7887498E+01     0.4479889E+01
    -0.7897805E+01     0.4481790E+01
    -0.7909462E+01     0.4488067E+01
    -0.7920463E+01     0.4489051E+01
    -0.7923889E+01     0.4491371E+01
    -0.7932593E+01     0.4492802E+01
    -0.7934521E+01     0.4496132E+01
    -0.7937133E+01     0.4500648E+01
    -0.7941924E+01     0.4504815E+01
    -0.7957705E+01     0.4511806E+01
    -0.7983809E+01     0.4518166E+01
    -0.8006239E+01     0.4525424E+01
    -0.8042212E+01     0.4530230E+01
    -0.8051586E+01     0.4535113E+01
    -0.8063516E+01     0.4534261E+01
    -0.8081823E+01     0.4540574E+01
    -0.8127168E+01     0.4551178E+01
    -0.8175135E+01     0.4556053E+01
    -0.8191798E+01     0.4557746E+01
    -0.8217445E+01     0.4564096E+01
    -0.8230032E+01     0.4568995E+01
    -0.8244678E+01     0.4574364E+01
    -0.8266150E+01     0.4589659E+01
    -0.8282612E+01     0.4598947E+01
    -0.8297895E+01     0.4613977E+01
    -0.8314337E+01     0.4626944E+01
    -0.8322339E+01     0.4631587E+01
    -0.8335487E+01     0.4635459E+01
    -0.8409808E+01     0.4657347E+01
    -0.8440235E+01     0.4671764E+01
    -0.8447087E+01     0.4677319E+01
    -0.8450746E+01     0.4682311E+01
    -0.8453008E+01     0.4685398E+01
    -0.8463067E+01     0.4691429E+01
    -0.8470585E+01     0.4701357E+01
    -0.8480858E+01     0.4710608E+01
    -0.8500529E+01     0.4720828E+01
    -0.8507381E+01     0.4726382E+01
    -0.8544208E+01     0.4750260E+01
    -0.8554956E+01     0.4752151E+01
    -0.8564556E+01     0.4758868E+01
    -0.8572118E+01     0.4760286E+01
    -0.8580807E+01     0.4765619E+01
    -0.8589281E+01     0.4768191E+01
    -0.8612378E+01     0.4781875E+01
    -0.8639392E+01     0.4792357E+01
    -0.8659100E+01     0.4796365E+01
    -0.8659883E+01     0.4796728E+01
    -0.8677637E+01     0.4804965E+01
    -0.8682447E+01     0.4806138E+01
    -0.8693696E+01     0.4804354E+01
    -0.8714071E+01     0.4812502E+01
    -0.8719095E+01     0.4817125E+01
    -0.8723857E+01     0.4828416E+01
    -0.8753166E+01     0.4839137E+01
    -0.8762106E+01     0.4840559E+01
    -0.8769190E+01     0.4846112E+01
    -0.8786593E+01     0.4852405E+01
    -0.8792308E+01     0.4856801E+01
    -0.8797771E+01     0.4865565E+01
    -0.8804398E+01     0.4870886E+01
    -0.8807569E+01     0.4879409E+01
    -0.8810995E+01     0.4882415E+01
    -0.8844648E+01     0.4896832E+01
    -0.8847385E+01     0.4900293E+01
    -0.8848511E+01     0.4904898E+01
    -0.8847574E+01     0.4908803E+01
    -0.8854878E+01     0.4916655E+01
    -0.8861507E+01     0.4920292E+01
    -0.8885311E+01     0.4933354E+01
    -0.8907292E+01     0.4942655E+01
    -0.8911402E+01     0.4946813E+01
    -0.8912759E+01     0.4951188E+01
    -0.8915044E+01     0.4953038E+01
    -0.8919420E+01     0.4949379E+01
    -0.8923549E+01     0.4949628E+01
    -0.8935619E+01     0.4954050E+01
    -0.8954698E+01     0.4961039E+01
    -0.8996636E+01     0.4971117E+01
    -0.9028960E+01     0.4976782E+01
    -0.9039933E+01     0.4985569E+01
    -0.9038765E+01     0.4990163E+01
    -0.9033712E+01     0.4991290E+01
    -0.9030935E+01     0.4996566E+01
    -0.9035065E+01     0.5000000E+01
    -0.9041222E+01     0.5005120E+01
    -0.9045762E+01     0.5015718E+01
    -0.9049191E+01     0.5018493E+01
    -0.9071872E+01     0.5026181E+01
    -0.9079881E+01     0.5031046E+01
    -0.9094318E+01     0.5034789E+01
    -0.9102777E+01     0.5041954E+01
    -0.9115848E+01     0.5043621E+01
    -0.9124542E+01     0.5049178E+01
    -0.9124757E+01     0.5052398E+01
    -0.9121521E+01     0.5057902E+01
    -0.9123390E+01     0.5062007E+01
    -0.9124249E+01     0.5063892E+01
    -0.9130885E+01     0.5067830E+01
    -0.9139821E+01     0.5070629E+01
    -0.9144164E+01     0.5074556E+01
    -0.9150596E+01     0.5072975E+01
    -0.9161356E+01     0.5078310E+01
    -0.9165011E+01     0.5082005E+01
    -0.9173029E+01     0.5085029E+01
    -0.9181707E+01     0.5094723E+01
    -0.9191550E+01     0.5100054E+01
    -0.9195441E+01     0.5102370E+01
    -0.9204576E+01     0.5112296E+01
    -0.9210527E+01     0.5116001E+01
    -0.9222899E+01     0.5120422E+01
    -0.9233883E+01     0.5127596E+01
    -0.9242131E+01     0.5130621E+01
    -0.9250619E+01     0.5131346E+01
    -0.9268250E+01     0.5140158E+01
    -0.9279020E+01     0.5144112E+01
    -0.9288654E+01     0.5144842E+01
    -0.9292545E+01     0.5147158E+01
    -0.9294599E+01     0.5150156E+01
    -0.9287176E+01     0.5154575E+01
    -0.9286547E+01     0.5154950E+01
    -0.9279864E+01     0.5161360E+01
    -0.9275040E+01     0.5162719E+01
    -0.9263344E+01     0.5161061E+01
    -0.9253284E+01     0.5152051E+01
    -0.9250759E+01     0.5152271E+01
    -0.9249134E+01     0.5156632E+01
    -0.9253699E+01     0.5162400E+01
    -0.9254601E+01     0.5166082E+01
    -0.9252298E+01     0.5167912E+01
    -0.9245414E+01     0.5167883E+01
    -0.9243336E+01     0.5171093E+01
    -0.9244925E+01     0.5175009E+01
    -0.9255031E+01     0.5172982E+01
    -0.9257090E+01     0.5174370E+01
    -0.9258668E+01     0.5181045E+01
    -0.9261652E+01     0.5181057E+01
    -0.9264879E+01     0.5177622E+01
    -0.9263526E+01     0.5172098E+01
    -0.9265147E+01     0.5168426E+01
    -0.9268134E+01     0.5167749E+01
    -0.9272023E+01     0.5170525E+01
    -0.9275926E+01     0.5170311E+01
    -0.9283746E+01     0.5165975E+01
    -0.9290812E+01     0.5177271E+01
    -0.9316905E+01     0.5193704E+01
    -0.9321416E+01     0.5195710E+01
    -0.9335689E+01     0.5202059E+01
    -0.9343699E+01     0.5207150E+01
    -0.9344837E+01     0.5209454E+01
    -0.9341841E+01     0.5212661E+01
    -0.9337015E+01     0.5214020E+01
    -0.9330592E+01     0.5213534E+01
    -0.9323007E+01     0.5216262E+01
    -0.9317753E+01     0.5210492E+01
    -0.9313849E+01     0.5210936E+01
    -0.9312463E+01     0.5213459E+01
    -0.9316331E+01     0.5221292E+01
    -0.9312853E+01     0.5229785E+01
    -0.9305736E+01     0.5230445E+01
    -0.9298419E+01     0.5223747E+01
    -0.9296347E+01     0.5225578E+01
    -0.9295411E+01     0.5229712E+01
    -0.9303638E+01     0.5237794E+01
    -0.9309363E+01     0.5241037E+01
    -0.9318534E+01     0.5243144E+01
    -0.9319643E+01     0.5252575E+01
    -0.9323075E+01     0.5254889E+01
    -0.9330195E+01     0.5253539E+01
    -0.9336636E+01     0.5250116E+01
    -0.9334811E+01     0.5247350E+01
    -0.9324944E+01     0.5247079E+01
    -0.9322206E+01     0.5243389E+01
    -0.9323387E+01     0.5235117E+01
    -0.9322263E+01     0.5229594E+01
    -0.9325965E+01     0.5222482E+01
    -0.9331009E+01     0.5223652E+01
    -0.9331683E+01     0.5227104E+01
    -0.9327978E+01     0.5234906E+01
    -0.9329570E+01     0.5238591E+01
    -0.9331862E+01     0.5239060E+01
    -0.9334875E+01     0.5232175E+01
    -0.9337632E+01     0.5231267E+01
    -0.9339907E+01     0.5236105E+01
    -0.9341970E+01     0.5236803E+01
    -0.9349117E+01     0.5235182E+01
    -0.9350929E+01     0.5234771E+01
    -0.9350945E+01     0.5231092E+01
    -0.9343389E+01     0.5226922E+01
    -0.9342487E+01     0.5222780E+01
    -0.9346653E+01     0.5214520E+01
    -0.9351012E+01     0.5214538E+01
    -0.9366801E+01     0.5225869E+01
    -0.9370451E+01     0.5231401E+01
    -0.9372489E+01     0.5238077E+01
    -0.9384623E+01     0.5245255E+01
    -0.9418489E+01     0.5269763E+01
    -0.9422506E+01     0.5273278E+01
    -0.9425350E+01     0.5275768E+01
    -0.9434251E+01     0.5288449E+01
    -0.9454841E+01     0.5304855E+01
    -0.9458930E+01     0.5315447E+01
    -0.9468760E+01     0.5325373E+01
    -0.9472175E+01     0.5332513E+01
    -0.9483389E+01     0.5340605E+01
    -0.9485665E+01     0.5345441E+01
    -0.9486976E+01     0.5362230E+01
    -0.9490891E+01     0.5373040E+01
    -0.9491062E+01     0.5373511E+01
    -0.9498834E+01     0.5381819E+01
    -0.9521029E+01     0.5399838E+01
    -0.9562026E+01     0.5423217E+01
    -0.9584964E+01     0.5427902E+01
    -0.9591581E+01     0.5438273E+01
    -0.9589733E+01     0.5441255E+01
    -0.9585591E+01     0.5443768E+01
    -0.9581912E+01     0.5438489E+01
    -0.9581253E+01     0.5437544E+01
    -0.9572081E+01     0.5435210E+01
    -0.9567971E+01     0.5429217E+01
    -0.9564529E+01     0.5428744E+01
    -0.9562454E+01     0.5431265E+01
    -0.9562442E+01     0.5434254E+01
    -0.9569518E+01     0.5444626E+01
    -0.9570192E+01     0.5448307E+01
    -0.9565828E+01     0.5449210E+01
    -0.9563766E+01     0.5448283E+01
    -0.9560362E+01     0.5437924E+01
    -0.9557609E+01     0.5437453E+01
    -0.9554811E+01     0.5448708E+01
    -0.9558908E+01     0.5457920E+01
    -0.9558210E+01     0.5459986E+01
    -0.9556142E+01     0.5460438E+01
    -0.9549740E+01     0.5453976E+01
    -0.9546982E+01     0.5454885E+01
    -0.9545130E+01     0.5458786E+01
    -0.9545565E+01     0.5464995E+01
    -0.9548310E+01     0.5467304E+01
    -0.9552212E+01     0.5467779E+01
    -0.9554037E+01     0.5470545E+01
    -0.9556671E+01     0.5470076E+01
    -0.9559091E+01     0.5469645E+01
    -0.9563701E+01     0.5464835E+01
    -0.9567367E+01     0.5466688E+01
    -0.9568048E+01     0.5468760E+01
    -0.9565279E+01     0.5472198E+01
    -0.9551725E+01     0.5474674E+01
    -0.9548954E+01     0.5477776E+01
    -0.9556533E+01     0.5478141E+01
    -0.9556980E+01     0.5480902E+01
    -0.9551459E+01     0.5484099E+01
    -0.9554185E+01     0.5491466E+01
    -0.9556247E+01     0.5492393E+01
    -0.9562252E+01     0.5483221E+01
    -0.9565243E+01     0.5481623E+01
    -0.9573040E+01     0.5483492E+01
    -0.9574619E+01     0.5490855E+01
    -0.9591810E+01     0.5497818E+01
    -0.9595946E+01     0.5496913E+01
    -0.9596876E+01     0.5493928E+01
    -0.9595965E+01     0.5492086E+01
    -0.9592527E+01     0.5490463E+01
    -0.9587010E+01     0.5492282E+01
    -0.9584044E+01     0.5487673E+01
    -0.9588184E+01     0.5485619E+01
    -0.9588427E+01     0.5482172E+01
    -0.9575831E+01     0.5474307E+01
    -0.9574721E+01     0.5470929E+01
    -0.9571294E+01     0.5460496E+01
    -0.9572921E+01     0.5455215E+01
    -0.9578200E+01     0.5455235E+01
    -0.9580512E+01     0.5451335E+01
    -0.9585099E+01     0.5452272E+01
    -0.9589618E+01     0.5471141E+01
    -0.9639763E+01     0.5505355E+01
    -0.9653043E+01     0.5512779E+01
    -0.9663360E+01     0.5518547E+01
    -0.9683953E+01     0.5537014E+01
    -0.9706865E+01     0.5549513E+01
    -0.9721064E+01     0.5559450E+01
    -0.9729750E+01     0.5569826E+01
    -0.9732957E+01     0.5571677E+01
    -0.9748765E+01     0.5580930E+01
    -0.9773951E+01     0.5600330E+01
    -0.9825574E+01     0.5656391E+01
    -0.9833418E+01     0.5664907E+01
    -0.9843469E+01     0.5679424E+01
    -0.9872489E+01     0.5706497E+01
    -0.9874138E+01     0.5708035E+01
    -0.9899350E+01     0.5721684E+01
    -0.9922016E+01     0.5741300E+01
    -0.9935739E+01     0.5757896E+01
    -0.9948565E+01     0.5767594E+01
    -0.9968940E+01     0.5786511E+01
    -0.9977555E+01     0.5793433E+01
    -0.1000000E+02     0.5811466E+01
    -0.1000284E+02     0.5813746E+01
    -0.1001998E+02     0.5837018E+01
    -0.1004609E+02     0.5858709E+01
    -0.1005569E+02     0.5873220E+01
    -0.1005221E+02     0.5886540E+01
    -0.1005333E+02     0.5893898E+01
    -0.1006566E+02     0.5916693E+01
    -0.1006381E+02     0.5919215E+01
    -0.1005807E+02     0.5918047E+01
    -0.1005326E+02     0.5915274E+01
    -0.1004916E+02     0.5905378E+01
    -0.1004595E+02     0.5903069E+01
    -0.1004250E+02     0.5903517E+01
    -0.1004088E+02     0.5906270E+01
    -0.1004108E+02     0.5916153E+01
    -0.1003832E+02     0.5917294E+01
    -0.1003327E+02     0.5916588E+01
    -0.1003100E+02     0.5909915E+01
    -0.1002778E+02     0.5909215E+01
    -0.1002592E+02     0.5915644E+01
    -0.1002065E+02     0.5911950E+01
    -0.1001652E+02     0.5911017E+01
    -0.1001330E+02     0.5912155E+01
    -0.1001122E+02     0.5917435E+01
    -0.1001213E+02     0.5919507E+01
    -0.1001738E+02     0.5930096E+01
    -0.1002147E+02     0.5943900E+01
    -0.1002445E+02     0.5944599E+01
    -0.1002652E+02     0.5943227E+01
    -0.1002839E+02     0.5934499E+01
    -0.1003504E+02     0.5936130E+01
    -0.1003597E+02     0.5932456E+01
    -0.1003048E+02     0.5926462E+01
    -0.1003187E+02     0.5923938E+01
    -0.1003555E+02     0.5922112E+01
    -0.1004175E+02     0.5923511E+01
    -0.1004934E+02     0.5920087E+01
    -0.1005346E+02     0.5923318E+01
    -0.1005989E+02     0.5923110E+01
    -0.1006287E+02     0.5924499E+01
    -0.1006309E+02     0.5927717E+01
    -0.1006030E+02     0.5931088E+01
    -0.1006030E+02     0.5931088E+01
    -0.1005960E+02     0.5941726E+01
    -0.1005960E+02     0.5941726E+01
    -0.1006697E+02     0.5937612E+01
    -0.1006879E+02     0.5941525E+01
    -0.1006555E+02     0.5950708E+01
    -0.1006623E+02     0.5952089E+01
    -0.1007083E+02     0.5950266E+01
    -0.1007632E+02     0.5956719E+01
    -0.1007839E+02     0.5956265E+01
    -0.1007657E+02     0.5950974E+01
    -0.1007750E+02     0.5948678E+01
    -0.1007911E+02     0.5948453E+01
    -0.1009283E+02     0.5966195E+01
    -0.1009190E+02     0.5970558E+01
    -0.1008523E+02     0.5970767E+01
    -0.1008154E+02     0.5976041E+01
    -0.1008336E+02     0.5982483E+01
    -0.1008770E+02     0.5989391E+01
    -0.1009137E+02     0.5990323E+01
    -0.1009620E+02     0.5988499E+01
    -0.1009989E+02     0.5984604E+01
    -0.1010660E+02     0.5988831E+01
    -0.1010723E+02     0.5989223E+01
    -0.1010862E+02     0.5983253E+01
    -0.1011230E+02     0.5984183E+01
    -0.1011322E+02     0.5982118E+01
    -0.1010406E+02     0.5974734E+01
    -0.1010200E+02     0.5970361E+01
    -0.1010317E+02     0.5965078E+01
    -0.1009857E+02     0.5958760E+01
    -0.1009311E+02     0.5951256E+01
    -0.1008761E+02     0.5947102E+01
    -0.1008441E+02     0.5941576E+01
    -0.1007868E+02     0.5939259E+01
    -0.1007252E+02     0.5926598E+01
    -0.1006977E+02     0.5924750E+01
    -0.1006954E+02     0.5923370E+01
    -0.1007207E+02     0.5922689E+01
    -0.1009409E+02     0.5933103E+01
    -0.1013306E+02     0.5957129E+01
    -0.1013744E+02     0.5961285E+01
    -0.1014497E+02     0.5968428E+01
    -0.1015575E+02     0.5973518E+01
    -0.1017846E+02     0.5980713E+01
    -0.1018397E+02     0.5983948E+01
    -0.1018878E+02     0.5988329E+01
    -0.1019035E+02     0.5999596E+01
    -0.1019611E+02     0.5995476E+01
    -0.1020091E+02     0.6002845E+01
    -0.1020135E+02     0.6009283E+01
    -0.1020524E+02     0.6012971E+01
    -0.1021093E+02     0.6028157E+01
    -0.1021826E+02     0.6037832E+01
    -0.1023246E+02     0.6050745E+01
    -0.1024644E+02     0.6060210E+01
    -0.1026067E+02     0.6067377E+01
    -0.1029836E+02     0.6082498E+01
    -0.1035360E+02     0.6104650E+01
    -0.1035771E+02     0.6112935E+01
    -0.1036689E+02     0.6116178E+01
    -0.1036871E+02     0.6121468E+01
    -0.1036871E+02     0.6121468E+01
    -0.1037031E+02     0.6126069E+01
    -0.1037031E+02     0.6126069E+01
    -0.1037740E+02     0.6136201E+01
    -0.1039621E+02     0.6147055E+01
    -0.1044922E+02     0.6168115E+01
    -0.1045404E+02     0.6170886E+01
    -0.1045610E+02     0.6174568E+01
    -0.1046161E+02     0.6174354E+01
    -0.1046375E+02     0.6174937E+01
    -0.1047860E+02     0.6178996E+01
    -0.1048250E+02     0.6183602E+01
    -0.1049123E+02     0.6183626E+01
    -0.1049283E+02     0.6186848E+01
    -0.1050363E+02     0.6186188E+01
    -0.1050798E+02     0.6189187E+01
    -0.1051488E+02     0.6188516E+01
    -0.1053302E+02     0.6192240E+01
    -0.1056494E+02     0.6200598E+01
    -0.1058176E+02     0.6207095E+01
    -0.1058793E+02     0.6209477E+01
    -0.1058330E+02     0.6210023E+01
    -0.1056426E+02     0.6203139E+01
    -0.1054318E+02     0.6197361E+01
    -0.1054188E+02     0.6198284E+01
    -0.1058328E+02     0.6213514E+01
    -0.1059132E+02     0.6213764E+01
    -0.1059616E+02     0.6211479E+01
    -0.1060968E+02     0.6214575E+01
    -0.1068043E+02     0.6230764E+01
    -0.1069260E+02     0.6235620E+01
    -0.1069925E+02     0.6241382E+01
    -0.1070635E+02     0.6252429E+01
    -0.1071070E+02     0.6256115E+01
    -0.1072264E+02     0.6261660E+01
    -0.1075456E+02     0.6268170E+01
    -0.1076236E+02     0.6275542E+01
    -0.1079058E+02     0.6292382E+01
    -0.1080112E+02     0.6303436E+01
    -0.1081168E+02     0.6308976E+01
    -0.1081350E+02     0.6315643E+01
    -0.1081142E+02     0.6322072E+01
    -0.1080360E+02     0.6326880E+01
    -0.1080059E+02     0.6332617E+01
    -0.1079045E+02     0.6344542E+01
    -0.1078791E+02     0.6350509E+01
    -0.1078836E+02     0.6355106E+01
    -0.1079866E+02     0.6374201E+01
    -0.1079704E+02     0.6376495E+01
    -0.1078946E+02     0.6377396E+01
    -0.1077725E+02     0.6389316E+01
    -0.1076689E+02     0.6395265E+01
    -0.1075356E+02     0.6397301E+01
    -0.1074458E+02     0.6400726E+01
    -0.1074021E+02     0.6404851E+01
    -0.1073075E+02     0.6419533E+01
    -0.1073535E+02     0.6419314E+01
    -0.1074365E+02     0.6406927E+01
    -0.1074963E+02     0.6403955E+01
    -0.1077032E+02     0.6401706E+01
    -0.1077815E+02     0.6397819E+01
    -0.1079128E+02     0.6383374E+01
    -0.1079519E+02     0.6382694E+01
    -0.1080482E+02     0.6391907E+01
    -0.1081076E+02     0.6406626E+01
    -0.1082333E+02     0.6418918E+01
    -0.1082842E+02     0.6423898E+01
    -0.1084514E+02     0.6447142E+01
    -0.1091558E+02     0.6499222E+01
    -0.1091719E+02     0.6501753E+01
    -0.1093418E+02     0.6509141E+01
    -0.1097894E+02     0.6536117E+01
    -0.1102004E+02     0.6557338E+01
    -0.1102093E+02     0.6557734E+01
    -0.1104232E+02     0.6567263E+01
    -0.1105680E+02     0.6570737E+01
    -0.1105609E+02     0.6578776E+01
    -0.1106251E+02     0.6586600E+01
    -0.1106501E+02     0.6600389E+01
    -0.1108150E+02     0.6630975E+01
    -0.1108126E+02     0.6634880E+01
    -0.1107297E+02     0.6641985E+01
    -0.1106980E+02     0.6647411E+01
    -0.1108470E+02     0.6638103E+01
    -0.1108724E+02     0.6631905E+01
    -0.1108266E+02     0.6623627E+01
    -0.1107601E+02     0.6615573E+01
    -0.1107650E+02     0.6599494E+01
    -0.1106439E+02     0.6581136E+01
    -0.1106322E+02     0.6577183E+01
    -0.1108572E+02     0.6591471E+01
    -0.1115462E+02     0.6623766E+01
    -0.1119019E+02     0.6638513E+01
    -0.1122698E+02     0.6653763E+01
    -0.1126465E+02     0.6671978E+01
    -0.1130485E+02     0.6688816E+01
    -0.1130594E+02     0.6689136E+01
    -0.1133403E+02     0.6697364E+01
    -0.1134736E+02     0.6702900E+01
    -0.1135379E+02     0.6707046E+01
    -0.1135998E+02     0.6714636E+01
    -0.1136686E+02     0.6727970E+01
    -0.1137925E+02     0.6741542E+01
    -0.1138016E+02     0.6745908E+01
    -0.1137670E+02     0.6752563E+01
    -0.1136380E+02     0.6767702E+01
    -0.1136380E+02     0.6767702E+01
    -0.1135965E+02     0.6771600E+01
    -0.1135965E+02     0.6771600E+01
    -0.1135343E+02     0.6780088E+01
    -0.1135550E+02     0.6783307E+01
    -0.1135756E+02     0.6785148E+01
    -0.1135931E+02     0.6793782E+01
    -0.1135961E+02     0.6795258E+01
    -0.1136511E+02     0.6810426E+01
    -0.1137951E+02     0.6838811E+01
    -0.1138724E+02     0.6845075E+01
    -0.1136535E+02     0.6801699E+01
    -0.1136216E+02     0.6787682E+01
    -0.1136261E+02     0.6783756E+01
    -0.1136301E+02     0.6780268E+01
    -0.1136652E+02     0.6774014E+01
    -0.1136515E+02     0.6786998E+01
    -0.1136743E+02     0.6797567E+01
    -0.1138713E+02     0.6839172E+01
    -0.1139608E+02     0.6850211E+01
    -0.1140641E+02     0.6860103E+01
    -0.1142029E+02     0.6870348E+01
    -0.1142387E+02     0.6872993E+01
    -0.1144225E+02     0.6883356E+01
    -0.1144891E+02     0.6888879E+01
    -0.1145717E+02     0.6901982E+01
    -0.1146383E+02     0.6909111E+01
    -0.1149208E+02     0.6927757E+01
    -0.1147415E+02     0.6927270E+01
    -0.1145917E+02     0.6929611E+01
    -0.1145917E+02     0.6929611E+01
    -0.1145033E+02     0.6931916E+01
    -0.1143752E+02     0.6944053E+01
    -0.1142471E+02     0.6945960E+01
    -0.1141703E+02     0.6944675E+01
    -0.1141190E+02     0.6949146E+01
    -0.1141925E+02     0.6961940E+01
    -0.1142116E+02     0.6969614E+01
    -0.1141155E+02     0.6976639E+01
    -0.1140770E+02     0.6982389E+01
    -0.1140668E+02     0.6991375E+01
    -0.1140580E+02     0.6991287E+01
    -0.1140580E+02     0.6991287E+01
    -0.1139378E+02     0.6990070E+01
    -0.1139032E+02     0.6993510E+01
    -0.1138593E+02     0.7007740E+01
    -0.1138110E+02     0.7010489E+01
    -0.1137351E+02     0.7010935E+01
    -0.1136452E+02     0.7021025E+01
    -0.1136427E+02     0.7030899E+01
    -0.1135917E+02     0.7052017E+01
    -0.1136101E+02     0.7056612E+01
    -0.1136904E+02     0.7065582E+01
    -0.1136949E+02     0.7070634E+01
    -0.1136673E+02     0.7075452E+01
    -0.1136166E+02     0.7079117E+01
    -0.1136022E+02     0.7079526E+01
    -0.1135522E+02     0.7080944E+01
    -0.1132900E+02     0.7077685E+01
    -0.1132759E+02     0.7092379E+01
    -0.1132598E+02     0.7096969E+01
    -0.1133099E+02     0.7121316E+01
    -0.1133076E+02     0.7125450E+01
    -0.1134132E+02     0.7133963E+01
    -0.1134729E+02     0.7144075E+01
    -0.1134268E+02     0.7148430E+01
    -0.1133762E+02     0.7148422E+01
    -0.1133026E+02     0.7145196E+01
    -0.1132658E+02     0.7145648E+01
    -0.1132450E+02     0.7151156E+01
    -0.1132817E+02     0.7158510E+01
    -0.1132563E+02     0.7163097E+01
    -0.1131504E+02     0.7168360E+01
    -0.1131341E+02     0.7178919E+01
    -0.1130811E+02     0.7186028E+01
    -0.1130906E+02     0.7191889E+01
    -0.1130599E+02     0.7198942E+01
    -0.1130830E+02     0.7206004E+01
    -0.1131105E+02     0.7209682E+01
    -0.1130644E+02     0.7216792E+01
    -0.1130207E+02     0.7215406E+01
    -0.1129909E+02     0.7211498E+01
    -0.1129288E+02     0.7211029E+01
    -0.1128989E+02     0.7207579E+01
    -0.1129612E+02     0.7200013E+01
    -0.1129313E+02     0.7198171E+01
    -0.1128968E+02     0.7198854E+01
    -0.1128484E+02     0.7204126E+01
    -0.1128297E+02     0.7216980E+01
    -0.1127651E+02     0.7228908E+01
    -0.1127121E+02     0.7235098E+01
    -0.1126638E+02     0.7236008E+01
    -0.1126017E+02     0.7233701E+01
    -0.1125304E+02     0.7233459E+01
    -0.1124751E+02     0.7238041E+01
    -0.1124221E+02     0.7241935E+01
    -0.1123347E+02     0.7242378E+01
    -0.1123001E+02     0.7246045E+01
    -0.1122172E+02     0.7246948E+01
    -0.1121758E+02     0.7250614E+01
    -0.1120930E+02     0.7248303E+01
    -0.1119687E+02     0.7251954E+01
    -0.1118604E+02     0.7259511E+01
    -0.1117799E+02     0.7260184E+01
    -0.1117499E+02     0.7262704E+01
    -0.1117406E+02     0.7265227E+01
    -0.1117796E+02     0.7273499E+01
    -0.1117311E+02     0.7281067E+01
    -0.1117333E+02     0.7288873E+01
    -0.1116802E+02     0.7295980E+01
    -0.1116871E+02     0.7298737E+01
    -0.1116640E+02     0.7302634E+01
    -0.1115397E+02     0.7306973E+01
    -0.1114520E+02     0.7317976E+01
    -0.1113833E+02     0.7321160E+01
    -0.1113758E+02     0.7335178E+01
    -0.1113480E+02     0.7341372E+01
    -0.1112304E+02     0.7353746E+01
    -0.1111819E+02     0.7363378E+01
    -0.1110782E+02     0.7370244E+01
    -0.1109791E+02     0.7380325E+01
    -0.1109237E+02     0.7389956E+01
    -0.1108684E+02     0.7389256E+01
    -0.1107464E+02     0.7392446E+01
    -0.1106451E+02     0.7398165E+01
    -0.1105487E+02     0.7401561E+01
    -0.1105414E+02     0.7401816E+01
    -0.1104147E+02     0.7411891E+01
    -0.1103500E+02     0.7422207E+01
    -0.1102855E+02     0.7424949E+01
    -0.1102693E+02     0.7431832E+01
    -0.1101933E+02     0.7433653E+01
    -0.1101725E+02     0.7436173E+01
    -0.1100505E+02     0.7441657E+01
    -0.1100043E+02     0.7448534E+01
    -0.1097438E+02     0.7469367E+01
    -0.1097023E+02     0.7473490E+01
    -0.1097183E+02     0.7478313E+01
    -0.1097030E+02     0.7479271E+01
    -0.1096054E+02     0.7485404E+01
    -0.1094924E+02     0.7496169E+01
    -0.1093518E+02     0.7502565E+01
    -0.1093103E+02     0.7508295E+01
    -0.1092804E+02     0.7509206E+01
    -0.1092620E+02     0.7507595E+01
    -0.1092070E+02     0.7498403E+01
    -0.1091517E+02     0.7498620E+01
    -0.1090779E+02     0.7505949E+01
    -0.1090203E+02     0.7507083E+01
    -0.1089604E+02     0.7510513E+01
    -0.1088543E+02     0.7521048E+01
    -0.1087000E+02     0.7527847E+01
    -0.1086677E+02     0.7529269E+01
    -0.1084949E+02     0.7540247E+01
    -0.1084165E+02     0.7546655E+01
    -0.1083841E+02     0.7553075E+01
    -0.1083403E+02     0.7557425E+01
    -0.1083286E+02     0.7563619E+01
    -0.1082157E+02     0.7564052E+01
    -0.1081534E+02     0.7574137E+01
    -0.1081901E+02     0.7579424E+01
    -0.1081394E+02     0.7584691E+01
    -0.1081116E+02     0.7592028E+01
    -0.1079320E+02     0.7592446E+01
    -0.1078997E+02     0.7596340E+01
    -0.1078927E+02     0.7601158E+01
    -0.1078600E+02     0.7620887E+01
    -0.1078069E+02     0.7629136E+01
    -0.1076914E+02     0.7644255E+01
    -0.1076431E+02     0.7645620E+01
    -0.1074608E+02     0.7661870E+01
    -0.1073868E+02     0.7674933E+01
    -0.1072969E+02     0.7682255E+01
    -0.1072322E+02     0.7690501E+01
    -0.1071811E+02     0.7700250E+01
    -0.1071698E+02     0.7702418E+01
    -0.1070429E+02     0.7712943E+01
    -0.1069452E+02     0.7730555E+01
    -0.1068581E+02     0.7739516E+01
    -0.1066391E+02     0.7749100E+01
    -0.1065884E+02     0.7753676E+01
    -0.1065606E+02     0.7759405E+01
    -0.1065237E+02     0.7761920E+01
    -0.1064155E+02     0.7762811E+01
    -0.1062888E+02     0.7766450E+01
    -0.1060413E+02     0.7770212E+01
    -0.1060413E+02     0.7770212E+01
    -0.1060384E+02     0.7896407E+01
    -0.1060361E+02     0.8000000E+01
    -0.1060604E+02     0.8032037E+01
    -0.1059340E+02     0.8037351E+01
    -0.1058510E+02     0.8039158E+01
    -0.1057656E+02     0.8043719E+01
    -0.1056778E+02     0.8052411E+01
    -0.1052400E+02     0.8124565E+01
    -0.1051452E+02     0.8134172E+01
    -0.1050113E+02     0.8140550E+01
    -0.1048756E+02     0.8142387E+01
    -0.1045826E+02     0.8146354E+01
    -0.1045181E+02     0.8145639E+01
    -0.1043665E+02     0.8135477E+01
    -0.1043227E+02     0.8135000E+01
    -0.1039679E+02     0.8136691E+01
    -0.1038455E+02     0.8143987E+01
    -0.1037832E+02     0.8145797E+01
    -0.1037141E+02     0.8145079E+01
    -0.1036747E+02     0.8142473E+01
    -0.1036121E+02     0.8144222E+01
    -0.1035057E+02     0.8155202E+01
    -0.1033696E+02     0.8160203E+01
    -0.1033045E+02     0.8177855E+01
    -0.1030478E+02     0.8201405E+01
    -0.1030195E+02     0.8220909E+01
    -0.1030282E+02     0.8234918E+01
    -0.1031313E+02     0.8252636E+01
    -0.1031338E+02     0.8256522E+01
    -0.1031386E+02     0.8264098E+01
    -0.1030826E+02     0.8327699E+01
    -0.1030498E+02     0.8340774E+01
    -0.1030196E+02     0.8346962E+01
    -0.1028995E+02     0.8361209E+01
    -0.1028922E+02     0.8362067E+01
    -0.1028433E+02     0.8376286E+01
    -0.1029137E+02     0.8405935E+01
    -0.1028424E+02     0.8465844E+01
    -0.1028686E+02     0.8484799E+01
    -0.1027818E+02     0.8490479E+01
    -0.1026940E+02     0.8491588E+01
    -0.1026227E+02     0.8487650E+01
    -0.1025187E+02     0.8491276E+01
    -0.1024519E+02     0.8491474E+01
    -0.1024151E+02     0.8487323E+01
    -0.1023201E+02     0.8497613E+01
    -0.1022948E+02     0.8496682E+01
    -0.1022903E+02     0.8492546E+01
    -0.1023114E+02     0.8484977E+01
    -0.1022954E+02     0.8481754E+01
    -0.1021811E+02     0.8480920E+01
    -0.1021258E+02     0.8480469E+01
    -0.1021258E+02     0.8480469E+01
    -0.1020320E+02     0.8492421E+01
    -0.1019974E+02     0.8493093E+01
    -0.1019325E+02     0.8499493E+01
    -0.1017104E+02     0.8512704E+01
    -0.1016364E+02     0.8514734E+01
    -0.1016129E+02     0.8523680E+01
    -0.1015805E+02     0.8526420E+01
    -0.1014609E+02     0.8519239E+01
    -0.1014238E+02     0.8522435E+01
    -0.1013823E+02     0.8521955E+01
    -0.1012553E+02     0.8525335E+01
    -0.1012070E+02     0.8522784E+01
    -0.1011695E+02     0.8522251E+01
    -0.1010894E+02     0.8521115E+01
    -0.1010066E+02     0.8515330E+01
    -0.1009373E+02     0.8518050E+01
    -0.1008681E+02     0.8518014E+01
    -0.1008083E+02     0.8514537E+01
    -0.1007833E+02     0.8507403E+01
    -0.1006542E+02     0.8505957E+01
    -0.1005486E+02     0.8495794E+01
    -0.1005257E+02     0.8493256E+01
    -0.1005190E+02     0.8489577E+01
    -0.1005664E+02     0.8465718E+01
    -0.1006269E+02     0.8455416E+01
    -0.1006419E+02     0.8447115E+01
    -0.1006744E+02     0.8429261E+01
    -0.1006678E+02     0.8423516E+01
    -0.1006264E+02     0.8421198E+01
    -0.1005526E+02     0.8420928E+01
    -0.1003768E+02     0.8430478E+01
    -0.1002845E+02     0.8431346E+01
    -0.1002314E+02     0.8433613E+01
    -0.1001640E+02     0.8441844E+01
    -0.1001294E+02     0.8442054E+01
    -0.1000673E+02     0.8439493E+01
    -0.1000000E+02     0.8439456E+01
    -0.9998657E+01     0.8439448E+01
    -0.9994957E+01     0.8441265E+01
    -0.9988004E+01     0.8447427E+01
    -0.9979720E+01     0.8457685E+01
    -0.9973604E+01     0.8465258E+01
    -0.9964594E+01     0.8467962E+01
    -0.9945593E+01     0.8483470E+01
    -0.9940283E+01     0.8484358E+01
    -0.9934474E+01     0.8491673E+01
    -0.9919444E+01     0.8498016E+01
    -0.9896132E+01     0.8500175E+01
    -0.9888779E+01     0.8495537E+01
    -0.9885088E+01     0.8495515E+01
    -0.9875625E+01     0.8496606E+01
    -0.9869455E+01     0.8499194E+01
    -0.9869455E+01     0.8499194E+01
    -0.9867537E+01     0.8500002E+01
    -0.9858992E+01     0.8500639E+01
    -0.9848768E+01     0.8489558E+01
    -0.9846846E+01     0.8487473E+01
    -0.9844995E+01     0.8488152E+01
    -0.9839864E+01     0.8497536E+01
    -0.9837299E+01     0.8499582E+01
    -0.9832689E+01     0.8501396E+01
    -0.9804309E+01     0.8502597E+01
    -0.9795275E+01     0.8508511E+01
    -0.9794098E+01     0.8512408E+01
    -0.9795691E+01     0.8515863E+01
    -0.9799833E+01     0.8517497E+01
    -0.9800022E+01     0.8524158E+01
    -0.9803713E+01     0.8524182E+01
    -0.9804392E+01     0.8526254E+01
    -0.9799957E+01     0.8534493E+01
    -0.9797410E+01     0.8536085E+01
    -0.9794199E+01     0.8533079E+01
    -0.9791430E+01     0.8533291E+01
    -0.9781909E+01     0.8542877E+01
    -0.9779048E+01     0.8547978E+01
    -0.9772960E+01     0.8551791E+01
    -0.9759356E+01     0.8549417E+01
    -0.9753604E+01     0.8546167E+01
    -0.9745842E+01     0.8530964E+01
    -0.9735289E+01     0.8519878E+01
    -0.9734845E+01     0.8516431E+01
    -0.9741592E+01     0.8506595E+01
    -0.9745124E+01     0.8493984E+01
    -0.9742856E+01     0.8486852E+01
    -0.9723142E+01     0.8464000E+01
    -0.9720004E+01     0.8447676E+01
    -0.9717484E+01     0.8444446E+01
    -0.9712641E+01     0.8444417E+01
    -0.9709150E+01     0.8449449E+01
    -0.9707166E+01     0.8474010E+01
    -0.9704589E+01     0.8480884E+01
    -0.9691836E+01     0.8491600E+01
    -0.9691841E+01     0.8490682E+01
    -0.9671058E+01     0.8493541E+01
    -0.9660473E+01     0.8488653E+01
    -0.9652453E+01     0.8478958E+01
    -0.9633612E+01     0.8465980E+01
    -0.9628118E+01     0.8458596E+01
    -0.9624932E+01     0.8451228E+01
    -0.9632356E+01     0.8444385E+01
    -0.9635385E+01     0.8439352E+01
    -0.9643725E+01     0.8433433E+01
    -0.9655796E+01     0.8420648E+01
    -0.9659312E+01     0.8411255E+01
    -0.9657740E+01     0.8404126E+01
    -0.9654752E+01     0.8402270E+01
    -0.9645521E+01     0.8402903E+01
    -0.9634190E+01     0.8407654E+01
    -0.9633495E+01     0.8407692E+01
    -0.9622884E+01     0.8408272E+01
    -0.9606053E+01     0.8406788E+01
    -0.9597957E+01     0.8410640E+01
    -0.9590065E+01     0.8418627E+01
    -0.9584690E+01     0.8429844E+01
    -0.9579597E+01     0.8432796E+01
    -0.9574067E+01     0.8431613E+01
    -0.9570190E+01     0.8424469E+01
    -0.9568181E+01     0.8413663E+01
    -0.9561094E+01     0.8403283E+01
    -0.9542252E+01     0.8389766E+01
    -0.9533310E+01     0.8383351E+01
    -0.9486964E+01     0.8380974E+01
    -0.9480072E+01     0.8376794E+01
    -0.9477335E+01     0.8372183E+01
    -0.9477855E+01     0.8363231E+01
    -0.9480205E+01     0.8356643E+01
    -0.9486184E+01     0.8348607E+01
    -0.9489443E+01     0.8344499E+01
    -0.9515599E+01     0.8329995E+01
    -0.9520170E+01     0.8326165E+01
    -0.9514572E+01     0.8319851E+01
    -0.9501024E+01     0.8311034E+01
    -0.9500158E+01     0.8302303E+01
    -0.9504150E+01     0.8291079E+01
    -0.9503263E+01     0.8285563E+01
    -0.9499148E+01     0.8280024E+01
    -0.9491111E+01     0.8275147E+01
    -0.9488165E+01     0.8267322E+01
    -0.9489279E+01     0.8264234E+01
    -0.9516605E+01     0.8242701E+01
    -0.9516019E+01     0.8237877E+01
    -0.9516025E+01     0.8236972E+01
    -0.9509840E+01     0.8230732E+01
    -0.9511126E+01     0.8210077E+01
    -0.9514166E+01     0.8203210E+01
    -0.9519730E+01     0.8198195E+01
    -0.9521638E+01     0.8188107E+01
    -0.9519850E+01     0.8179371E+01
    -0.9514802E+01     0.8175894E+01
    -0.9504177E+01     0.8179266E+01
    -0.9500957E+01     0.8178326E+01
    -0.9495012E+01     0.8170939E+01
    -0.9489719E+01     0.8169755E+01
    -0.9481641E+01     0.8171536E+01
    -0.9469440E+01     0.8169388E+01
    -0.9464529E+01     0.8166521E+01
    -0.9463471E+01     0.8165902E+01
    -0.9461720E+01     0.8151657E+01
    -0.9463217E+01     0.8134449E+01
    -0.9462329E+01     0.8129393E+01
    -0.9457287E+01     0.8125225E+01
    -0.9459260E+01     0.8105496E+01
    -0.9455882E+01     0.8093765E+01
    -0.9449018E+01     0.8086371E+01
    -0.9447674E+01     0.8080624E+01
    -0.9444929E+01     0.8077621E+01
    -0.9444740E+01     0.8071421E+01
    -0.9450586E+01     0.8058377E+01
    -0.9455803E+01     0.8050851E+01
    -0.9458029E+01     0.8047640E+01
    -0.9460373E+01     0.8041458E+01
    -0.9459948E+01     0.8036176E+01
    -0.9456747E+01     0.8032481E+01
    -0.9453526E+01     0.8032000E+01
    -0.9440782E+01     0.8043159E+01
    -0.9430381E+01     0.8048136E+01
    -0.9427618E+01     0.8047887E+01
    -0.9427911E+01     0.8038708E+01
    -0.9431218E+01     0.8026335E+01
    -0.9429868E+01     0.8021735E+01
    -0.9421606E+01     0.8017086E+01
    -0.9421176E+01     0.8012492E+01
    -0.9421330E+01     0.8000000E+01
END
END
