liechtenstein
1
     0.9571729E+01     0.4712371E+02
     0.9535914E+01     0.4727354E+02
     0.9560372E+01     0.4724912E+02
     0.9563209E+01     0.4724368E+02
     0.9555198E+01     0.4723032E+02
     0.9560040E+01     0.4722512E+02
     0.9567093E+01     0.4722001E+02
     0.9579890E+01     0.4721074E+02
     0.9580693E+01     0.4720596E+02
     0.9572297E+01     0.4719442E+02
     0.9573601E+01     0.4718370E+02
     0.9569437E+01     0.4717678E+02
     0.9572211E+01     0.4717340E+02
     0.9578569E+01     0.4717370E+02
     0.9594129E+01     0.4716841E+02
     0.9605896E+01     0.4715462E+02
     0.9618316E+01     0.4715363E+02
     0.9626661E+01     0.4712973E+02
     0.9623919E+01     0.4711964E+02
     0.9632190E+01     0.4709825E+02
     0.9629679E+01     0.4709205E+02
     0.9613574E+01     0.4708134E+02
     0.9606823E+01     0.4707119E+02
     0.9603659E+01     0.4706155E+02
     0.9599377E+01     0.4706219E+02
     0.9569120E+01     0.4705586E+02
     0.9556052E+01     0.4705684E+02
     0.9535698E+01     0.4706709E+02
     0.9521072E+01     0.4706392E+02
     0.9505713E+01     0.4706303E+02
     0.9485502E+01     0.4705659E+02
     0.9480429E+01     0.4705858E+02
     0.9477816E+01     0.4706534E+02
     0.9477816E+01     0.4706534E+02
     0.9479561E+01     0.4706878E+02
     0.9487088E+01     0.4707436E+02
     0.9510817E+01     0.4708607E+02
     0.9520658E+01     0.4709282E+02
     0.9523820E+01     0.4709948E+02
     0.9524632E+01     0.4710658E+02
     0.9512360E+01     0.4714048E+02
     0.9499448E+01     0.4716044E+02
     0.9495212E+01     0.4716862E+02
     0.9492578E+01     0.4717933E+02
     0.9492897E+01     0.4719213E+02
     0.9508557E+01     0.4723185E+02
     0.9526596E+01     0.4725858E+02
     0.9535914E+01     0.4727354E+02
END
END
