lithuania
1
     0.2107452E+02     0.5541321E+02
     0.2094151E+02     0.5527795E+02
     0.2095501E+02     0.5529019E+02
     0.2099439E+02     0.5533496E+02
     0.2100227E+02     0.5534538E+02
     0.2104268E+02     0.5539871E+02
     0.2106411E+02     0.5544433E+02
     0.2107211E+02     0.5546404E+02
     0.2109108E+02     0.5551066E+02
     0.2110329E+02     0.5558116E+02
     0.2110366E+02     0.5558797E+02
     0.2110600E+02     0.5563060E+02
     0.2109546E+02     0.5570802E+02
     0.2109176E+02     0.5571278E+02
     0.2108276E+02     0.5572435E+02
     0.2108904E+02     0.5572444E+02
     0.2109743E+02     0.5572295E+02
     0.2111642E+02     0.5570484E+02
     0.2113492E+02     0.5567898E+02
     0.2113062E+02     0.5566491E+02
     0.2113175E+02     0.5565516E+02
     0.2113504E+02     0.5564240E+02
     0.2113449E+02     0.5562357E+02
     0.2113278E+02     0.5560675E+02
     0.2113404E+02     0.5559185E+02
     0.2112843E+02     0.5558133E+02
     0.2113118E+02     0.5556932E+02
     0.2113212E+02     0.5555607E+02
     0.2112656E+02     0.5554254E+02
     0.2111830E+02     0.5552769E+02
     0.2111706E+02     0.5551997E+02
     0.2111988E+02     0.5551402E+02
     0.2111495E+02     0.5550737E+02
     0.2111201E+02     0.5550201E+02
     0.2111474E+02     0.5549686E+02
     0.2112091E+02     0.5548659E+02
     0.2110237E+02     0.5546853E+02
     0.2110302E+02     0.5546290E+02
     0.2109532E+02     0.5545574E+02
     0.2109682E+02     0.5544893E+02
     0.2109167E+02     0.5544429E+02
     0.2109548E+02     0.5544201E+02
     0.2109086E+02     0.5543901E+02
     0.2110349E+02     0.5543423E+02
     0.2111280E+02     0.5542125E+02
     0.2110964E+02     0.5541790E+02
     0.2109077E+02     0.5540912E+02
     0.2109792E+02     0.5540252E+02
     0.2108806E+02     0.5539568E+02
     0.2107647E+02     0.5539161E+02
     0.2107458E+02     0.5538952E+02
     0.2108216E+02     0.5538536E+02
     0.2108522E+02     0.5538346E+02
     0.2105836E+02     0.5536427E+02
     0.2106090E+02     0.5536073E+02
     0.2105794E+02     0.5535577E+02
     0.2106405E+02     0.5535196E+02
     0.2106442E+02     0.5534874E+02
     0.2105783E+02     0.5533839E+02
     0.2105830E+02     0.5533437E+02
     0.2106291E+02     0.5533131E+02
     0.2104776E+02     0.5532750E+02
     0.2103515E+02     0.5532016E+02
     0.2102556E+02     0.5531736E+02
     0.2101855E+02     0.5531670E+02
     0.2101113E+02     0.5531358E+02
     0.2100920E+02     0.5530583E+02
     0.2100572E+02     0.5530529E+02
     0.2099971E+02     0.5530223E+02
     0.2100230E+02     0.5529829E+02
     0.2100202E+02     0.5529465E+02
     0.2099666E+02     0.5529202E+02
     0.2099032E+02     0.5529177E+02
     0.2098539E+02     0.5529158E+02
     0.2097937E+02     0.5528852E+02
     0.2097689E+02     0.5528560E+02
     0.2098220E+02     0.5528257E+02
     0.2098770E+02     0.5527794E+02
     0.2098837E+02     0.5527225E+02
     0.2098837E+02     0.5527225E+02
     0.2094590E+02     0.5527723E+02
     0.2094151E+02     0.5527795E+02
END
2
     0.2384568E+02     0.5451847E+02
     0.2200000E+02     0.5640421E+02
     0.2200000E+02     0.5641480E+02
     0.2200000E+02     0.5641480E+02
     0.2205257E+02     0.5641707E+02
     0.2209109E+02     0.5642203E+02
     0.2211491E+02     0.5642555E+02
     0.2214404E+02     0.5642598E+02
     0.2217500E+02     0.5642057E+02
     0.2220275E+02     0.5641845E+02
     0.2222564E+02     0.5641106E+02
     0.2224483E+02     0.5640510E+02
     0.2225922E+02     0.5640408E+02
     0.2228670E+02     0.5640972E+02
     0.2231792E+02     0.5641031E+02
     0.2233694E+02     0.5640132E+02
     0.2234244E+02     0.5639404E+02
     0.2236745E+02     0.5640101E+02
     0.2236745E+02     0.5640101E+02
     0.2240240E+02     0.5640712E+02
     0.2243224E+02     0.5640808E+02
     0.2246020E+02     0.5640423E+02
     0.2247485E+02     0.5640561E+02
     0.2249902E+02     0.5639768E+02
     0.2252752E+02     0.5639201E+02
     0.2255111E+02     0.5639143E+02
     0.2258311E+02     0.5639071E+02
     0.2260400E+02     0.5638246E+02
     0.2263247E+02     0.5637676E+02
     0.2263762E+02     0.5636518E+02
     0.2267230E+02     0.5636098E+02
     0.2268558E+02     0.5635572E+02
     0.2269831E+02     0.5635782E+02
     0.2271892E+02     0.5636714E+02
     0.2273569E+02     0.5637391E+02
     0.2273569E+02     0.5637391E+02
     0.2277106E+02     0.5636757E+02
     0.2280681E+02     0.5636725E+02
     0.2284186E+02     0.5636925E+02
     0.2288272E+02     0.5637356E+02
     0.2291483E+02     0.5637827E+02
     0.2292486E+02     0.5638457E+02
     0.2293004E+02     0.5639642E+02
     0.2293329E+02     0.5640750E+02
     0.2294544E+02     0.5641399E+02
     0.2295948E+02     0.5641405E+02
     0.2297522E+02     0.5640828E+02
     0.2299027E+02     0.5640484E+02
     0.2300410E+02     0.5640188E+02
     0.2301557E+02     0.5639213E+02
     0.2301426E+02     0.5636686E+02
     0.2303034E+02     0.5632996E+02
     0.2303989E+02     0.5632303E+02
     0.2307942E+02     0.5632057E+02
     0.2309816E+02     0.5630787E+02
     0.2310812E+02     0.5630696E+02
     0.2313399E+02     0.5631824E+02
     0.2315776E+02     0.5632933E+02
     0.2317989E+02     0.5634625E+02
     0.2317473E+02     0.5636436E+02
     0.2324987E+02     0.5637336E+02
     0.2327741E+02     0.5637517E+02
     0.2330259E+02     0.5638156E+02
     0.2332942E+02     0.5638210E+02
     0.2336639E+02     0.5638111E+02
     0.2342501E+02     0.5636822E+02
     0.2343564E+02     0.5635716E+02
     0.2347396E+02     0.5634729E+02
     0.2350076E+02     0.5634001E+02
     0.2353613E+02     0.5633286E+02
     0.2356155E+02     0.5633443E+02
     0.2364606E+02     0.5636431E+02
     0.2367119E+02     0.5636702E+02
     0.2370494E+02     0.5636810E+02
     0.2372845E+02     0.5636971E+02
     0.2375261E+02     0.5636893E+02
     0.2377679E+02     0.5636570E+02
     0.2377912E+02     0.5636170E+02
     0.2377498E+02     0.5635366E+02
     0.2376690E+02     0.5634390E+02
     0.2376288E+02     0.5633308E+02
     0.2376851E+02     0.5632621E+02
     0.2377346E+02     0.5632418E+02
     0.2378146E+02     0.5632484E+02
     0.2379734E+02     0.5633839E+02
     0.2380664E+02     0.5634126E+02
     0.2382072E+02     0.5634278E+02
     0.2383395E+02     0.5634038E+02
     0.2386050E+02     0.5633523E+02
     0.2391066E+02     0.5633830E+02
     0.2393051E+02     0.5633224E+02
     0.2394901E+02     0.5633131E+02
     0.2398255E+02     0.5633055E+02
     0.2401477E+02     0.5633002E+02
     0.2403657E+02     0.5631642E+02
     0.2406172E+02     0.5629470E+02
     0.2406651E+02     0.5627867E+02
     0.2407751E+02     0.5627746E+02
     0.2409245E+02     0.5627797E+02
     0.2409940E+02     0.5627538E+02
     0.2411057E+02     0.5626860E+02
     0.2413466E+02     0.5626040E+02
     0.2415760E+02     0.5625665E+02
     0.2417192E+02     0.5625710E+02
     0.2420329E+02     0.5626205E+02
     0.2424664E+02     0.5627911E+02
     0.2428333E+02     0.5629039E+02
     0.2430234E+02     0.5629712E+02
     0.2432900E+02     0.5629852E+02
     0.2435903E+02     0.5628901E+02
     0.2438447E+02     0.5627773E+02
     0.2440486E+02     0.5627652E+02
     0.2443000E+02     0.5626382E+02
     0.2443884E+02     0.5625858E+02
     0.2445596E+02     0.5625781E+02
     0.2446865E+02     0.5626228E+02
     0.2449887E+02     0.5627194E+02
     0.2452775E+02     0.5627696E+02
     0.2456139E+02     0.5628303E+02
     0.2457774E+02     0.5629056E+02
     0.2458359E+02     0.5629484E+02
     0.2457809E+02     0.5630698E+02
     0.2457932E+02     0.5631475E+02
     0.2459308E+02     0.5632522E+02
     0.2461318E+02     0.5633548E+02
     0.2463363E+02     0.5635203E+02
     0.2463386E+02     0.5635624E+02
     0.2463960E+02     0.5636365E+02
     0.2465290E+02     0.5637093E+02
     0.2468423E+02     0.5637399E+02
     0.2470440E+02     0.5637900E+02
     0.2471123E+02     0.5638195E+02
     0.2471829E+02     0.5639434E+02
     0.2473184E+02     0.5639815E+02
     0.2475879E+02     0.5640121E+02
     0.2479345E+02     0.5640100E+02
     0.2480746E+02     0.5640553E+02
     0.2481225E+02     0.5641182E+02
     0.2481872E+02     0.5641369E+02
     0.2483174E+02     0.5640663E+02
     0.2485379E+02     0.5640652E+02
     0.2486481E+02     0.5641047E+02
     0.2487410E+02     0.5641638E+02
     0.2487378E+02     0.5642299E+02
     0.2486942E+02     0.5643069E+02
     0.2486754E+02     0.5643857E+02
     0.2487337E+02     0.5644318E+02
     0.2489075E+02     0.5644690E+02
     0.2490877E+02     0.5644264E+02
     0.2491193E+02     0.5643729E+02
     0.2490740E+02     0.5642720E+02
     0.2490651E+02     0.5641772E+02
     0.2491730E+02     0.5640142E+02
     0.2494793E+02     0.5637297E+02
     0.2496580E+02     0.5635580E+02
     0.2496662E+02     0.5633633E+02
     0.2496593E+02     0.5632059E+02
     0.2497352E+02     0.5630964E+02
     0.2499589E+02     0.5630256E+02
     0.2500000E+02     0.5630080E+02
     0.2500774E+02     0.5629749E+02
     0.2501787E+02     0.5629439E+02
     0.2502984E+02     0.5628341E+02
     0.2503940E+02     0.5627468E+02
     0.2504998E+02     0.5627232E+02
     0.2506440E+02     0.5626151E+02
     0.2506929E+02     0.5625663E+02
     0.2507074E+02     0.5623687E+02
     0.2507214E+02     0.5622546E+02
     0.2507821E+02     0.5621545E+02
     0.2508462E+02     0.5620127E+02
     0.2508964E+02     0.5619850E+02
     0.2509741E+02     0.5618651E+02
     0.2511534E+02     0.5618467E+02
     0.2514760E+02     0.5617757E+02
     0.2517223E+02     0.5617376E+02
     0.2519206E+02     0.5617448E+02
     0.2520611E+02     0.5617862E+02
     0.2522785E+02     0.5618469E+02
     0.2523916E+02     0.5618445E+02
     0.2525287E+02     0.5617636E+02
     0.2526034E+02     0.5617097E+02
     0.2527695E+02     0.5616935E+02
     0.2529626E+02     0.5615574E+02
     0.2530717E+02     0.5614884E+02
     0.2532093E+02     0.5614598E+02
     0.2533053E+02     0.5615048E+02
     0.2534382E+02     0.5615525E+02
     0.2536933E+02     0.5615564E+02
     0.2539792E+02     0.5615902E+02
     0.2540691E+02     0.5615791E+02
     0.2542295E+02     0.5614753E+02
     0.2543111E+02     0.5615297E+02
     0.2544833E+02     0.5615695E+02
     0.2546124E+02     0.5615505E+02
     0.2547404E+02     0.5614793E+02
     0.2548733E+02     0.5614710E+02
     0.2550393E+02     0.5614824E+02
     0.2551255E+02     0.5615162E+02
     0.2551550E+02     0.5615809E+02
     0.2551560E+02     0.5616332E+02
     0.2552199E+02     0.5616550E+02
     0.2553107E+02     0.5616682E+02
     0.2554682E+02     0.5616616E+02
     0.2555464E+02     0.5616182E+02
     0.2556214E+02     0.5614457E+02
     0.2556680E+02     0.5614036E+02
     0.2559652E+02     0.5613855E+02
     0.2562347E+02     0.5613794E+02
     0.2564251E+02     0.5613644E+02
     0.2565544E+02     0.5614010E+02
     0.2566794E+02     0.5614582E+02
     0.2567726E+02     0.5614888E+02
     0.2568371E+02     0.5614792E+02
     0.2568501E+02     0.5613896E+02
     0.2568478E+02     0.5613128E+02
     0.2569119E+02     0.5612754E+02
     0.2569765E+02     0.5612066E+02
     0.2569689E+02     0.5611260E+02
     0.2569520E+02     0.5609717E+02
     0.2569760E+02     0.5609176E+02
     0.2570872E+02     0.5608346E+02
     0.2573636E+02     0.5607939E+02
     0.2574710E+02     0.5607280E+02
     0.2575794E+02     0.5606865E+02
     0.2577377E+02     0.5606448E+02
     0.2578647E+02     0.5606324E+02
     0.2580864E+02     0.5605844E+02
     0.2582099E+02     0.5605300E+02
     0.2583279E+02     0.5604125E+02
     0.2585121E+02     0.5602750E+02
     0.2585744E+02     0.5601852E+02
     0.2585851E+02     0.5600745E+02
     0.2586075E+02     0.5600000E+02
     0.2586075E+02     0.5600000E+02
     0.2590000E+02     0.5600000E+02
     0.2591466E+02     0.5600000E+02
     0.2591466E+02     0.5600000E+02
     0.2591725E+02     0.5599934E+02
     0.2595333E+02     0.5599224E+02
     0.2598397E+02     0.5597907E+02
     0.2602000E+02     0.5596892E+02
     0.2605235E+02     0.5594258E+02
     0.2610616E+02     0.5589799E+02
     0.2616895E+02     0.5586853E+02
     0.2620663E+02     0.5585630E+02
     0.2622983E+02     0.5583601E+02
     0.2624744E+02     0.5579651E+02
     0.2625451E+02     0.5578435E+02
     0.2627939E+02     0.5575898E+02
     0.2630795E+02     0.5574574E+02
     0.2634736E+02     0.5574155E+02
     0.2636865E+02     0.5572224E+02
     0.2637747E+02     0.5571108E+02
     0.2637918E+02     0.5570399E+02
     0.2640064E+02     0.5570087E+02
     0.2642396E+02     0.5570280E+02
     0.2646330E+02     0.5569756E+02
     0.2648109E+02     0.5568939E+02
     0.2652741E+02     0.5567398E+02
     0.2653986E+02     0.5566886E+02
     0.2657212E+02     0.5567071E+02
     0.2661508E+02     0.5567047E+02
     0.2661967E+02     0.5567435E+02
     0.2663162E+02     0.5565785E+02
     0.2662762E+02     0.5563556E+02
     0.2662551E+02     0.5561832E+02
     0.2662513E+02     0.5559804E+02
     0.2662840E+02     0.5558077E+02
     0.2661745E+02     0.5556967E+02
     0.2659937E+02     0.5555963E+02
     0.2659379E+02     0.5554749E+02
     0.2657388E+02     0.5553441E+02
     0.2653802E+02     0.5552953E+02
     0.2651646E+02     0.5552355E+02
     0.2651635E+02     0.5551645E+02
     0.2653238E+02     0.5551231E+02
     0.2654989E+02     0.5548989E+02
     0.2655463E+02     0.5545232E+02
     0.2655737E+02     0.5540259E+02
     0.2655895E+02     0.5539040E+02
     0.2654639E+02     0.5538539E+02
     0.2652308E+02     0.5537638E+02
     0.2650871E+02     0.5536935E+02
     0.2649446E+02     0.5536942E+02
     0.2647654E+02     0.5536240E+02
     0.2646579E+02     0.5535839E+02
     0.2645506E+02     0.5535540E+02
     0.2644965E+02     0.5535035E+02
     0.2645492E+02     0.5534525E+02
     0.2647623E+02     0.5534109E+02
     0.2650287E+02     0.5533690E+02
     0.2652956E+02     0.5533575E+02
     0.2654026E+02     0.5533671E+02
     0.2655264E+02     0.5533157E+02
     0.2656503E+02     0.5532745E+02
     0.2657218E+02     0.5532944E+02
     0.2658288E+02     0.5533039E+02
     0.2658638E+02     0.5532733E+02
     0.2659343E+02     0.5532323E+02
     0.2660240E+02     0.5532724E+02
     0.2662035E+02     0.5533525E+02
     0.2662914E+02     0.5532911E+02
     0.2664711E+02     0.5533814E+02
     0.2665959E+02     0.5533908E+02
     0.2666505E+02     0.5534513E+02
     0.2668091E+02     0.5533692E+02
     0.2670393E+02     0.5533068E+02
     0.2671813E+02     0.5532856E+02
     0.2672875E+02     0.5532544E+02
     0.2674841E+02     0.5532937E+02
     0.2677862E+02     0.5532713E+02
     0.2678752E+02     0.5532706E+02
     0.2679804E+02     0.5531989E+02
     0.2681057E+02     0.5532284E+02
     0.2682454E+02     0.5531157E+02
     0.2684585E+02     0.5530938E+02
     0.2685272E+02     0.5529918E+02
     0.2686330E+02     0.5529504E+02
     0.2687194E+02     0.5528482E+02
     0.2685239E+02     0.5528497E+02
     0.2682020E+02     0.5527710E+02
     0.2676836E+02     0.5526427E+02
     0.2674331E+02     0.5525633E+02
     0.2673045E+02     0.5523611E+02
     0.2672642E+02     0.5521280E+02
     0.2671206E+02     0.5520477E+02
     0.2668542E+02     0.5520393E+02
     0.2667465E+02     0.5519791E+02
     0.2667625E+02     0.5518876E+02
     0.2669196E+02     0.5517546E+02
     0.2669351E+02     0.5516429E+02
     0.2667736E+02     0.5515424E+02
     0.2665784E+02     0.5515335E+02
     0.2663644E+02     0.5514637E+02
     0.2661510E+02     0.5514244E+02
     0.2660281E+02     0.5514860E+02
     0.2655492E+02     0.5514684E+02
     0.2652500E+02     0.5516019E+02
     0.2649832E+02     0.5515423E+02
     0.2648218E+02     0.5514111E+02
     0.2646778E+02     0.5512596E+02
     0.2644664E+02     0.5513417E+02
     0.2643611E+02     0.5514133E+02
     0.2639721E+02     0.5514860E+02
     0.2637245E+02     0.5515276E+02
     0.2632625E+02     0.5514177E+02
     0.2630129E+02     0.5512764E+02
     0.2626215E+02     0.5510949E+02
     0.2626207E+02     0.5510036E+02
     0.2627614E+02     0.5509118E+02
     0.2627248E+02     0.5507901E+02
     0.2625467E+02     0.5506586E+02
     0.2624557E+02     0.5503747E+02
     0.2622766E+02     0.5501112E+02
     0.2622030E+02     0.5500000E+02
     0.2621693E+02     0.5499491E+02
     0.2618331E+02     0.5498484E+02
     0.2613382E+02     0.5497582E+02
     0.2610555E+02     0.5496978E+02
     0.2609315E+02     0.5496067E+02
     0.2608072E+02     0.5494546E+02
     0.2607187E+02     0.5493938E+02
     0.2603660E+02     0.5493842E+02
     0.2601900E+02     0.5494757E+02
     0.2599434E+02     0.5495775E+02
     0.2598199E+02     0.5495878E+02
     0.2596786E+02     0.5494965E+02
     0.2594315E+02     0.5494358E+02
     0.2590787E+02     0.5493750E+02
     0.2586569E+02     0.5492269E+02
     0.2585490E+02     0.5491203E+02
     0.2585183E+02     0.5489161E+02
     0.2580106E+02     0.5485786E+02
     0.2577648E+02     0.5483831E+02
     0.2575194E+02     0.5481520E+02
     0.2574430E+02     0.5480010E+02
     0.2574130E+02     0.5477435E+02
     0.2575363E+02     0.5476193E+02
     0.2575827E+02     0.5474685E+02
     0.2575831E+02     0.5473086E+02
     0.2575834E+02     0.5472021E+02
     0.2575070E+02     0.5471043E+02
     0.2574001E+02     0.5469799E+02
     0.2573701E+02     0.5467579E+02
     0.2574015E+02     0.5465093E+02
     0.2574939E+02     0.5463407E+02
     0.2575559E+02     0.5460388E+02
     0.2576327E+02     0.5459323E+02
     0.2574958E+02     0.5456835E+02
     0.2571909E+02     0.5454612E+02
     0.2568554E+02     0.5453275E+02
     0.2566886E+02     0.5450963E+02
     0.2564307E+02     0.5448028E+02
     0.2562486E+02     0.5446515E+02
     0.2562187E+02     0.5445359E+02
     0.2562192E+02     0.5444649E+02
     0.2563721E+02     0.5443675E+02
     0.2563577E+02     0.5442165E+02
     0.2562972E+02     0.5441453E+02
     0.2560842E+02     0.5441182E+02
     0.2560542E+02     0.5440293E+02
     0.2560398E+02     0.5439050E+02
     0.2559040E+02     0.5437270E+02
     0.2556767E+02     0.5436021E+02
     0.2555713E+02     0.5434686E+02
     0.2555723E+02     0.5433265E+02
     0.2556183E+02     0.5432644E+02
     0.2557554E+02     0.5432204E+02
     0.2559381E+02     0.5431586E+02
     0.2563331E+02     0.5431594E+02
     0.2566063E+02     0.5432132E+02
     0.2569103E+02     0.5432048E+02
     0.2570473E+02     0.5431340E+02
     0.2571849E+02     0.5428943E+02
     0.2572745E+02     0.5427891E+02
     0.2574594E+02     0.5427551E+02
     0.2576249E+02     0.5427040E+02
     0.2576641E+02     0.5426187E+02
     0.2577420E+02     0.5425390E+02
     0.2579268E+02     0.5425050E+02
     0.2580630E+02     0.5424709E+02
     0.2580825E+02     0.5424140E+02
     0.2580437E+02     0.5423684E+02
     0.2578397E+02     0.5423398E+02
     0.2577621E+02     0.5422828E+02
     0.2578205E+02     0.5422031E+02
     0.2579471E+02     0.5420438E+02
     0.2579278E+02     0.5419698E+02
     0.2578989E+02     0.5418729E+02
     0.2579379E+02     0.5417648E+02
     0.2579186E+02     0.5416851E+02
     0.2577925E+02     0.5416793E+02
     0.2575983E+02     0.5417247E+02
     0.2574140E+02     0.5417017E+02
     0.2571426E+02     0.5416103E+02
     0.2569586E+02     0.5415189E+02
     0.2567746E+02     0.5414503E+02
     0.2566293E+02     0.5414045E+02
     0.2565324E+02     0.5413986E+02
     0.2564157E+02     0.5414610E+02
     0.2563379E+02     0.5414894E+02
     0.2561535E+02     0.5415118E+02
     0.2559983E+02     0.5415057E+02
     0.2556778E+02     0.5415676E+02
     0.2554060E+02     0.5415840E+02
     0.2552591E+02     0.5417544E+02
     0.2552197E+02     0.5418283E+02
     0.2552870E+02     0.5419083E+02
     0.2555487E+02     0.5419659E+02
     0.2557520E+02     0.5420518E+02
     0.2557804E+02     0.5421601E+02
     0.2557700E+02     0.5422626E+02
     0.2557405E+02     0.5423080E+02
     0.2558082E+02     0.5423594E+02
     0.2558565E+02     0.5424108E+02
     0.2558462E+02     0.5424962E+02
     0.2555427E+02     0.5427744E+02
     0.2554351E+02     0.5428482E+02
     0.2552689E+02     0.5429502E+02
     0.2552095E+02     0.5430639E+02
     0.2551990E+02     0.5431550E+02
     0.2551306E+02     0.5431833E+02
     0.2550237E+02     0.5431659E+02
     0.2549564E+02     0.5430688E+02
     0.2549082E+02     0.5430118E+02
     0.2547622E+02     0.5430056E+02
     0.2546064E+02     0.5430108E+02
     0.2544799E+02     0.5430047E+02
     0.2542954E+02     0.5429585E+02
     0.2540146E+02     0.5428322E+02
     0.2537235E+02     0.5427570E+02
     0.2533057E+02     0.5427154E+02
     0.2531404E+02     0.5427147E+02
     0.2529747E+02     0.5427367E+02
     0.2528773E+02     0.5427419E+02
     0.2527607E+02     0.5427300E+02
     0.2525865E+02     0.5426722E+02
     0.2524015E+02     0.5426416E+02
     0.2523329E+02     0.5425802E+02
     0.2521618E+02     0.5424063E+02
     0.2515797E+02     0.5418840E+02
     0.2511846E+02     0.5416577E+02
     0.2507556E+02     0.5414107E+02
     0.2505314E+02     0.5413482E+02
     0.2502015E+02     0.5413765E+02
     0.2500000E+02     0.5414703E+02
     0.2499215E+02     0.5415068E+02
     0.2496935E+02     0.5416273E+02
     0.2495201E+02     0.5416261E+02
     0.2493825E+02     0.5415741E+02
     0.2492107E+02     0.5415015E+02
     0.2488495E+02     0.5413766E+02
     0.2484860E+02     0.5413532E+02
     0.2482969E+02     0.5412906E+02
     0.2481944E+02     0.5412286E+02
     0.2480784E+02     0.5410139E+02
     0.2480323E+02     0.5407793E+02
     0.2481407E+02     0.5405970E+02
     0.2483522E+02     0.5404359E+02
     0.2484083E+02     0.5402634E+02
     0.2484285E+02     0.5401414E+02
     0.2483473E+02     0.5399269E+02
     0.2481435E+02     0.5397826E+02
     0.2476473E+02     0.5396052E+02
     0.2474925E+02     0.5395834E+02
     0.2473353E+02     0.5396532E+02
     0.2472503E+02     0.5396016E+02
     0.2471312E+02     0.5395393E+02
     0.2469925E+02     0.5395584E+02
     0.2469046E+02     0.5396186E+02
     0.2470051E+02     0.5397316E+02
     0.2471722E+02     0.5399368E+02
     0.2471862E+02     0.5400591E+02
     0.2470622E+02     0.5401699E+02
     0.2468200E+02     0.5401778E+02
     0.2463221E+02     0.5400609E+02
     0.2456218E+02     0.5397889E+02
     0.2451790E+02     0.5395907E+02
     0.2446382E+02     0.5392384E+02
     0.2443326E+02     0.5390923E+02
     0.2438510E+02     0.5390561E+02
     0.2431598E+02     0.5390984E+02
     0.2424664E+02     0.5391912E+02
     0.2421173E+02     0.5392986E+02
     0.2418679E+02     0.5394988E+02
     0.2415525E+02     0.5396167E+02
     0.2413627E+02     0.5396140E+02
     0.2412111E+02     0.5395202E+02
     0.2409048E+02     0.5394140E+02
     0.2403710E+02     0.5393858E+02
     0.2399911E+02     0.5393902E+02
     0.2396221E+02     0.5395373E+02
     0.2393574E+02     0.5396655E+02
     0.2391848E+02     0.5396628E+02
     0.2392067E+02     0.5395613E+02
     0.2390542E+02     0.5394978E+02
     0.2387428E+02     0.5395131E+02
     0.2385161E+02     0.5395604E+02
     0.2384639E+02     0.5395697E+02
     0.2383475E+02     0.5394761E+02
     0.2382133E+02     0.5393924E+02
     0.2380769E+02     0.5393596E+02
     0.2380094E+02     0.5393279E+02
     0.2381517E+02     0.5392386E+02
     0.2382595E+02     0.5391488E+02
     0.2382294E+02     0.5390566E+02
     0.2380590E+02     0.5390130E+02
     0.2378675E+02     0.5390505E+02
     0.2376508E+02     0.5392505E+02
     0.2374226E+02     0.5393280E+02
     0.2368698E+02     0.5393387E+02
     0.2366671E+02     0.5392536E+02
     0.2363610E+02     0.5391666E+02
     0.2361365E+02     0.5391727E+02
     0.2360083E+02     0.5393129E+02
     0.2357787E+02     0.5394105E+02
     0.2355507E+02     0.5394775E+02
     0.2350595E+02     0.5396659E+02
     0.2349112E+02     0.5398859E+02
     0.2349514E+02     0.5400908E+02
     0.2351276E+02     0.5402375E+02
     0.2351642E+02     0.5403772E+02
     0.2351198E+02     0.5409148E+02
     0.2350349E+02     0.5412475E+02
     0.2349829E+02     0.5413855E+02
     0.2348867E+02     0.5415182E+02
     0.2347055E+02     0.5415842E+02
     0.2344355E+02     0.5416484E+02
     0.2342435E+02     0.5417705E+02
     0.2341007E+02     0.5418860E+02
     0.2339997E+02     0.5420175E+02
     0.2338738E+02     0.5421452E+02
     0.2335607E+02     0.5423039E+02
     0.2332748E+02     0.5423763E+02
     0.2329609E+02     0.5424175E+02
     0.2325643E+02     0.5424787E+02
     0.2324045E+02     0.5425448E+02
     0.2322467E+02     0.5426977E+02
     0.2321277E+02     0.5428211E+02
     0.2319754E+02     0.5428830E+02
     0.2318865E+02     0.5428811E+02
     0.2317731E+02     0.5429133E+02
     0.2316644E+02     0.5429891E+02
     0.2315913E+02     0.5430874E+02
     0.2314784E+02     0.5431110E+02
     0.2313834E+02     0.5430872E+02
     0.2311797E+02     0.5430219E+02
     0.2309972E+02     0.5429744E+02
     0.2308410E+02     0.5429796E+02
     0.2306878E+02     0.5430499E+02
     0.2304899E+02     0.5431236E+02
     0.2304722E+02     0.5431666E+02
     0.2305406E+02     0.5432550E+02
     0.2305779E+02     0.5433644E+02
     0.2306033E+02     0.5434301E+02
     0.2305037E+02     0.5434756E+02
     0.2302938E+02     0.5435013E+02
     0.2301065E+02     0.5435230E+02
     0.2300128E+02     0.5435904E+02
     0.2299921E+02     0.5436767E+02
     0.2300233E+02     0.5437643E+02
     0.2299574E+02     0.5438583E+02
     0.2298277E+02     0.5439074E+02
     0.2297150E+02     0.5439221E+02
     0.2296357E+02     0.5438855E+02
     0.2295558E+02     0.5438576E+02
     0.2294803E+02     0.5438732E+02
     0.2294191E+02     0.5438978E+02
     0.2293338E+02     0.5439479E+02
     0.2292571E+02     0.5439808E+02
     0.2291468E+02     0.5439608E+02
     0.2290788E+02     0.5439766E+02
     0.2289999E+02     0.5440399E+02
     0.2288954E+02     0.5441503E+02
     0.2288465E+02     0.5442099E+02
     0.2287549E+02     0.5442424E+02
     0.2286496E+02     0.5442572E+02
     0.2285455E+02     0.5442547E+02
     0.2283776E+02     0.5442072E+02
     0.2281748E+02     0.5441284E+02
     0.2279814E+02     0.5440238E+02
     0.2279907E+02     0.5439980E+02
     0.2280529E+02     0.5439604E+02
     0.2281662E+02     0.5439371E+02
     0.2281926E+02     0.5438813E+02
     0.2281734E+02     0.5438374E+02
     0.2280454E+02     0.5437561E+02
     0.2278964E+02     0.5436569E+02
     0.2278779E+02     0.5436525E+02
     0.2278779E+02     0.5436525E+02
     0.2277188E+02     0.5437395E+02
     0.2276599E+02     0.5438557E+02
     0.2275726E+02     0.5440153E+02
     0.2274511E+02     0.5442966E+02
     0.2273034E+02     0.5444742E+02
     0.2270865E+02     0.5445618E+02
     0.2270770E+02     0.5445752E+02
     0.2270770E+02     0.5445752E+02
     0.2270208E+02     0.5446533E+02
     0.2269451E+02     0.5449896E+02
     0.2269143E+02     0.5451751E+02
     0.2268992E+02     0.5453757E+02
     0.2270597E+02     0.5455954E+02
     0.2270685E+02     0.5457035E+02
     0.2269938E+02     0.5457996E+02
     0.2268608E+02     0.5458844E+02
     0.2269143E+02     0.5459593E+02
     0.2269761E+02     0.5460344E+02
     0.2271908E+02     0.5460986E+02
     0.2272022E+02     0.5461724E+02
     0.2273129E+02     0.5462733E+02
     0.2274607E+02     0.5463309E+02
     0.2275143E+02     0.5464057E+02
     0.2275404E+02     0.5465093E+02
     0.2275097E+02     0.5465820E+02
     0.2273747E+02     0.5466914E+02
     0.2273891E+02     0.5467260E+02
     0.2274795E+02     0.5468277E+02
     0.2274698E+02     0.5468282E+02
     0.2274623E+02     0.5468274E+02
     0.2274545E+02     0.5468274E+02
     0.2274471E+02     0.5468285E+02
     0.2274402E+02     0.5468305E+02
     0.2274342E+02     0.5468333E+02
     0.2274295E+02     0.5468369E+02
     0.2274244E+02     0.5468452E+02
     0.2274261E+02     0.5468541E+02
     0.2274293E+02     0.5468581E+02
     0.2274341E+02     0.5468616E+02
     0.2274400E+02     0.5468645E+02
     0.2274469E+02     0.5468665E+02
     0.2274304E+02     0.5469013E+02
     0.2273200E+02     0.5469215E+02
     0.2272886E+02     0.5469437E+02
     0.2272951E+02     0.5469898E+02
     0.2273269E+02     0.5470939E+02
     0.2273958E+02     0.5472334E+02
     0.2274979E+02     0.5473277E+02
     0.2276727E+02     0.5473780E+02
     0.2277201E+02     0.5474078E+02
     0.2277831E+02     0.5474955E+02
     0.2279506E+02     0.5475111E+02
     0.2280979E+02     0.5475319E+02
     0.2282113E+02     0.5476093E+02
     0.2283071E+02     0.5476575E+02
     0.2284445E+02     0.5476781E+02
     0.2285192E+02     0.5477430E+02
     0.2285143E+02     0.5478117E+02
     0.2286101E+02     0.5478599E+02
     0.2286985E+02     0.5478735E+02
     0.2288770E+02     0.5478778E+02
     0.2288626E+02     0.5479406E+02
     0.2288105E+02     0.5479737E+02
     0.2287668E+02     0.5480301E+02
     0.2288532E+02     0.5480723E+02
     0.2289281E+02     0.5481372E+02
     0.2288446E+02     0.5481926E+02
     0.2288588E+02     0.5482733E+02
     0.2288539E+02     0.5483420E+02
     0.2287108E+02     0.5483960E+02
     0.2287059E+02     0.5484647E+02
     0.2287296E+02     0.5485514E+02
     0.2286125E+02     0.5486576E+02
     0.2284917E+02     0.5486777E+02
     0.2285435E+02     0.5487879E+02
     0.2285911E+02     0.5488177E+02
     0.2286064E+02     0.5488813E+02
     0.2285729E+02     0.5489321E+02
     0.2285476E+02     0.5490061E+02
     0.2284566E+02     0.5490268E+02
     0.2282001E+02     0.5491297E+02
     0.2280639E+02     0.5490862E+02
     0.2279524E+02     0.5491122E+02
     0.2278835E+02     0.5492367E+02
     0.2278196E+02     0.5492925E+02
     0.2276258E+02     0.5492189E+02
     0.2275939E+02     0.5492468E+02
     0.2275892E+02     0.5493098E+02
     0.2276939E+02     0.5493755E+02
     0.2276706E+02     0.5494209E+02
     0.2274591E+02     0.5494500E+02
     0.2274055E+02     0.5495004E+02
     0.2273407E+02     0.5495676E+02
     0.2273134E+02     0.5496645E+02
     0.2271057E+02     0.5497740E+02
     0.2270057E+02     0.5497773E+02
     0.2269365E+02     0.5497698E+02
     0.2269217E+02     0.5498325E+02
     0.2268359E+02     0.5499107E+02
     0.2267186E+02     0.5498790E+02
     0.2267179E+02     0.5497585E+02
     0.2266105E+02     0.5497271E+02
     0.2265121E+02     0.5498394E+02
     0.2263774E+02     0.5500000E+02
     0.2263142E+02     0.5500753E+02
     0.2261246E+02     0.5502024E+02
     0.2258557E+02     0.5507003E+02
     0.2258090E+02     0.5507182E+02
     0.2258090E+02     0.5507182E+02
     0.2257485E+02     0.5507412E+02
     0.2254845E+02     0.5506995E+02
     0.2252337E+02     0.5506206E+02
     0.2249391E+02     0.5505231E+02
     0.2246907E+02     0.5504788E+02
     0.2245075E+02     0.5504999E+02
     0.2241946E+02     0.5505666E+02
     0.2239476E+02     0.5505656E+02
     0.2237589E+02     0.5505922E+02
     0.2234728E+02     0.5506364E+02
     0.2230161E+02     0.5506699E+02
     0.2227588E+02     0.5506713E+02
     0.2223232E+02     0.5506356E+02
     0.2219752E+02     0.5505793E+02
     0.2218963E+02     0.5505596E+02
     0.2216252E+02     0.5505459E+02
     0.2214171E+02     0.5505051E+02
     0.2213131E+02     0.5503717E+02
     0.2212005E+02     0.5502787E+02
     0.2210835E+02     0.5502563E+02
     0.2207104E+02     0.5502619E+02
     0.2204788E+02     0.5503577E+02
     0.2203498E+02     0.5504902E+02
     0.2203710E+02     0.5506168E+02
     0.2204249E+02     0.5507863E+02
     0.2203454E+02     0.5508552E+02
     0.2200292E+02     0.5508728E+02
     0.2197028E+02     0.5507642E+02
     0.2195206E+02     0.5507565E+02
     0.2190700E+02     0.5508411E+02
     0.2187901E+02     0.5509372E+02
     0.2184999E+02     0.5509867E+02
     0.2182157E+02     0.5512001E+02
     0.2178387E+02     0.5511985E+02
     0.2174865E+02     0.5512794E+02
     0.2172799E+02     0.5513844E+02
     0.2171694E+02     0.5514991E+02
     0.2169271E+02     0.5516392E+02
     0.2166714E+02     0.5517392E+02
     0.2165336E+02     0.5518234E+02
     0.2162736E+02     0.5518789E+02
     0.2160356E+02     0.5518882E+02
     0.2158930E+02     0.5519327E+02
     0.2157537E+02     0.5519872E+02
     0.2155581E+02     0.5520028E+02
     0.2153554E+02     0.5519613E+02
     0.2152160E+02     0.5518924E+02
     0.2150208E+02     0.5519449E+02
     0.2148278E+02     0.5520985E+02
     0.2146266E+02     0.5521656E+02
     0.2144558E+02     0.5523101E+02
     0.2143419E+02     0.5525281E+02
     0.2141168E+02     0.5527743E+02
     0.2138864E+02     0.5529068E+02
     0.2135427E+02     0.5528477E+02
     0.2132452E+02     0.5527237E+02
     0.2130250E+02     0.5526048E+02
     0.2127649E+02     0.5524570E+02
     0.2127649E+02     0.5524570E+02
     0.2126653E+02     0.5525011E+02
     0.2127872E+02     0.5525984E+02
     0.2128021E+02     0.5526444E+02
     0.2127499E+02     0.5526955E+02
     0.2127368E+02     0.5527538E+02
     0.2127384E+02     0.5527993E+02
     0.2128066E+02     0.5528132E+02
     0.2127873E+02     0.5528371E+02
     0.2128386E+02     0.5528541E+02
     0.2129072E+02     0.5528339E+02
     0.2129452E+02     0.5528807E+02
     0.2129679E+02     0.5528853E+02
     0.2130696E+02     0.5529269E+02
     0.2131630E+02     0.5529226E+02
     0.2131595E+02     0.5529547E+02
     0.2132190E+02     0.5529872E+02
     0.2129654E+02     0.5529383E+02
     0.2130019E+02     0.5529983E+02
     0.2129189E+02     0.5530882E+02
     0.2129303E+02     0.5531360E+02
     0.2128843E+02     0.5531911E+02
     0.2129976E+02     0.5532483E+02
     0.2128917E+02     0.5532445E+02
     0.2128600E+02     0.5532604E+02
     0.2128432E+02     0.5532920E+02
     0.2125983E+02     0.5533722E+02
     0.2126245E+02     0.5534660E+02
     0.2125734E+02     0.5535361E+02
     0.2125901E+02     0.5535651E+02
     0.2126367E+02     0.5535649E+02
     0.2127139E+02     0.5535886E+02
     0.2126425E+02     0.5536618E+02
     0.2125636E+02     0.5536835E+02
     0.2124944E+02     0.5536773E+02
     0.2124268E+02     0.5536577E+02
     0.2123886E+02     0.5535825E+02
     0.2122966E+02     0.5535431E+02
     0.2122180E+02     0.5535327E+02
     0.2119810E+02     0.5534520E+02
     0.2119156E+02     0.5534420E+02
     0.2118945E+02     0.5534526E+02
     0.2121462E+02     0.5537271E+02
     0.2123041E+02     0.5539537E+02
     0.2123229E+02     0.5539984E+02
     0.2124135E+02     0.5540389E+02
     0.2125080E+02     0.5542048E+02
     0.2125018E+02     0.5543129E+02
     0.2125450E+02     0.5544059E+02
     0.2125200E+02     0.5544693E+02
     0.2125940E+02     0.5546074E+02
     0.2125222E+02     0.5547165E+02
     0.2124896E+02     0.5548473E+02
     0.2124404E+02     0.5549674E+02
     0.2124094E+02     0.5550306E+02
     0.2123392E+02     0.5550721E+02
     0.2123584E+02     0.5551134E+02
     0.2123389E+02     0.5551804E+02
     0.2122289E+02     0.5552034E+02
     0.2121739E+02     0.5552150E+02
     0.2121341E+02     0.5552507E+02
     0.2121065E+02     0.5552836E+02
     0.2121138E+02     0.5553245E+02
     0.2121192E+02     0.5553822E+02
     0.2120889E+02     0.5554387E+02
     0.2121122E+02     0.5554971E+02
     0.2120660E+02     0.5556409E+02
     0.2118701E+02     0.5558402E+02
     0.2118144E+02     0.5559093E+02
     0.2117093E+02     0.5561491E+02
     0.2114917E+02     0.5565425E+02
     0.2114540E+02     0.5566726E+02
     0.2113987E+02     0.5568354E+02
     0.2113644E+02     0.5569347E+02
     0.2111462E+02     0.5571250E+02
     0.2110428E+02     0.5572294E+02
     0.2108504E+02     0.5573082E+02
     0.2108294E+02     0.5575087E+02
     0.2107839E+02     0.5576628E+02
     0.2107054E+02     0.5577773E+02
     0.2106547E+02     0.5579607E+02
     0.2106527E+02     0.5579678E+02
     0.2106516E+02     0.5581711E+02
     0.2105883E+02     0.5583430E+02
     0.2106003E+02     0.5586769E+02
     0.2105416E+02     0.5587462E+02
     0.2104820E+02     0.5591101E+02
     0.2104985E+02     0.5592019E+02
     0.2106251E+02     0.5594315E+02
     0.2107047E+02     0.5597854E+02
     0.2107869E+02     0.5600000E+02
     0.2107909E+02     0.5600316E+02
     0.2107782E+02     0.5603191E+02
     0.2107273E+02     0.5606029E+02
     0.2107143E+02     0.5606343E+02
     0.2107143E+02     0.5606343E+02
     0.2109193E+02     0.5606907E+02
     0.2111143E+02     0.5607610E+02
     0.2112871E+02     0.5608058E+02
     0.2113990E+02     0.5608154E+02
     0.2115430E+02     0.5608126E+02
     0.2116849E+02     0.5607935E+02
     0.2119416E+02     0.5607568E+02
     0.2120952E+02     0.5608186E+02
     0.2121529E+02     0.5608616E+02
     0.2121529E+02     0.5608616E+02
     0.2124017E+02     0.5611892E+02
     0.2124122E+02     0.5612276E+02
     0.2122849E+02     0.5614396E+02
     0.2122756E+02     0.5614959E+02
     0.2123216E+02     0.5615728E+02
     0.2123928E+02     0.5616059E+02
     0.2125897E+02     0.5616305E+02
     0.2125897E+02     0.5616305E+02
     0.2125984E+02     0.5616339E+02
     0.2127290E+02     0.5616854E+02
     0.2132998E+02     0.5621304E+02
     0.2135488E+02     0.5622631E+02
     0.2138147E+02     0.5622929E+02
     0.2139798E+02     0.5623364E+02
     0.2141403E+02     0.5623823E+02
     0.2142824E+02     0.5624236E+02
     0.2145684E+02     0.5625136E+02
     0.2146227E+02     0.5625712E+02
     0.2146547E+02     0.5626575E+02
     0.2147283E+02     0.5627695E+02
     0.2148178E+02     0.5628686E+02
     0.2148862E+02     0.5628907E+02
     0.2148862E+02     0.5628907E+02
     0.2150098E+02     0.5629168E+02
     0.2152473E+02     0.5629050E+02
     0.2153119E+02     0.5629132E+02
     0.2154797E+02     0.5629630E+02
     0.2156061E+02     0.5630420E+02
     0.2160565E+02     0.5632217E+02
     0.2164908E+02     0.5631773E+02
     0.2165974E+02     0.5631664E+02
     0.2168488E+02     0.5631160E+02
     0.2169756E+02     0.5631092E+02
     0.2172525E+02     0.5631467E+02
     0.2172525E+02     0.5631467E+02
     0.2173868E+02     0.5632122E+02
     0.2175213E+02     0.5632844E+02
     0.2177575E+02     0.5633672E+02
     0.2180042E+02     0.5634281E+02
     0.2180042E+02     0.5634281E+02
     0.2181972E+02     0.5635610E+02
     0.2183016E+02     0.5636047E+02
     0.2183977E+02     0.5636224E+02
     0.2184028E+02     0.5636233E+02
     0.2185707E+02     0.5636843E+02
     0.2188553E+02     0.5636051E+02
     0.2190410E+02     0.5636135E+02
     0.2193623E+02     0.5636720E+02
     0.2195790E+02     0.5637702E+02
     0.2197242E+02     0.5637823E+02
     0.2197242E+02     0.5637823E+02
     0.2197982E+02     0.5638235E+02
     0.2198889E+02     0.5639014E+02
     0.2199415E+02     0.5640076E+02
     0.2200000E+02     0.5640421E+02
END
END
