macau
1
     0.1135449E+03     0.2220395E+02
     0.1135289E+03     0.2221360E+02
     0.1135314E+03     0.2221973E+02
     0.1135377E+03     0.2222234E+02
     0.1135544E+03     0.2222112E+02
     0.1135544E+03     0.2222112E+02
     0.1135501E+03     0.2221304E+02
     0.1135524E+03     0.2220822E+02
     0.1135512E+03     0.2220536E+02
     0.1135545E+03     0.2220050E+02
     0.1135583E+03     0.2219997E+02
     0.1135639E+03     0.2219669E+02
     0.1135658E+03     0.2219373E+02
     0.1135657E+03     0.2218898E+02
     0.1135495E+03     0.2218329E+02
     0.1135469E+03     0.2218586E+02
     0.1135460E+03     0.2218606E+02
     0.1135377E+03     0.2218801E+02
     0.1135303E+03     0.2218038E+02
     0.1135293E+03     0.2218434E+02
     0.1135343E+03     0.2219204E+02
     0.1135352E+03     0.2220028E+02
     0.1135390E+03     0.2220616E+02
     0.1135317E+03     0.2220804E+02
     0.1135289E+03     0.2221360E+02
END
2
     0.1135594E+03     0.2215757E+02
     0.1135594E+03     0.2215011E+02
     0.1135535E+03     0.2215381E+02
     0.1135465E+03     0.2215527E+02
     0.1135452E+03     0.2215717E+02
     0.1135483E+03     0.2216286E+02
     0.1135514E+03     0.2216339E+02
     0.1135542E+03     0.2216123E+02
     0.1135605E+03     0.2216186E+02
     0.1135756E+03     0.2215683E+02
     0.1135775E+03     0.2215450E+02
     0.1135594E+03     0.2215011E+02
END
3
     0.1135710E+03     0.2212590E+02
     0.1135513E+03     0.2211067E+02
     0.1135495E+03     0.2211611E+02
     0.1135519E+03     0.2212078E+02
     0.1135560E+03     0.2212541E+02
     0.1135722E+03     0.2213751E+02
     0.1135765E+03     0.2213779E+02
     0.1135832E+03     0.2213303E+02
     0.1135896E+03     0.2213261E+02
     0.1135910E+03     0.2213050E+02
     0.1135905E+03     0.2212783E+02
     0.1135739E+03     0.2212174E+02
     0.1135720E+03     0.2211333E+02
     0.1135513E+03     0.2211067E+02
END
END
