malta
1
     0.1426009E+02     0.3605308E+02
     0.1426550E+02     0.3607365E+02
     0.1427338E+02     0.3607319E+02
     0.1428265E+02     0.3606559E+02
     0.1428825E+02     0.3606451E+02
     0.1429399E+02     0.3606686E+02
     0.1429761E+02     0.3606584E+02
     0.1430469E+02     0.3605990E+02
     0.1431353E+02     0.3606194E+02
     0.1431858E+02     0.3605491E+02
     0.1432906E+02     0.3604933E+02
     0.1433961E+02     0.3603893E+02
     0.1434115E+02     0.3603544E+02
     0.1433899E+02     0.3603115E+02
     0.1433584E+02     0.3602987E+02
     0.1432966E+02     0.3603050E+02
     0.1432476E+02     0.3602812E+02
     0.1431771E+02     0.3602810E+02
     0.1430681E+02     0.3603025E+02
     0.1430145E+02     0.3602376E+02
     0.1429630E+02     0.3602184E+02
     0.1427901E+02     0.3601982E+02
     0.1427100E+02     0.3601707E+02
     0.1426992E+02     0.3601714E+02
     0.1426425E+02     0.3601749E+02
     0.1425761E+02     0.3602043E+02
     0.1424804E+02     0.3602094E+02
     0.1423893E+02     0.3602555E+02
     0.1422455E+02     0.3602551E+02
     0.1422016E+02     0.3602838E+02
     0.1421675E+02     0.3603444E+02
     0.1420896E+02     0.3603695E+02
     0.1419818E+02     0.3603565E+02
     0.1419576E+02     0.3603824E+02
     0.1419664E+02     0.3604602E+02
     0.1419411E+02     0.3605297E+02
     0.1419706E+02     0.3606298E+02
     0.1419159E+02     0.3606703E+02
     0.1419158E+02     0.3607368E+02
     0.1421333E+02     0.3608077E+02
     0.1422127E+02     0.3608202E+02
     0.1423278E+02     0.3608054E+02
     0.1424804E+02     0.3608103E+02
     0.1425808E+02     0.3607822E+02
     0.1426352E+02     0.3607347E+02
     0.1426550E+02     0.3607365E+02
END
2
     0.1433839E+02     0.3601527E+02
     0.1433938E+02     0.3600751E+02
     0.1433490E+02     0.3600833E+02
     0.1432865E+02     0.3601356E+02
     0.1432826E+02     0.3601770E+02
     0.1433660E+02     0.3602135E+02
     0.1434443E+02     0.3601998E+02
     0.1435031E+02     0.3601247E+02
     0.1434476E+02     0.3600804E+02
     0.1433938E+02     0.3600751E+02
END
3
     0.1446658E+02     0.3586932E+02
     0.1443047E+02     0.3595113E+02
     0.1443974E+02     0.3595682E+02
     0.1444475E+02     0.3595529E+02
     0.1445370E+02     0.3594768E+02
     0.1445688E+02     0.3594942E+02
     0.1446448E+02     0.3594299E+02
     0.1447798E+02     0.3594258E+02
     0.1448297E+02     0.3594082E+02
     0.1449493E+02     0.3593105E+02
     0.1449777E+02     0.3592546E+02
     0.1449569E+02     0.3592300E+02
     0.1449489E+02     0.3591775E+02
     0.1449953E+02     0.3592082E+02
     0.1450491E+02     0.3592134E+02
     0.1451577E+02     0.3591252E+02
     0.1451568E+02     0.3591046E+02
     0.1450604E+02     0.3590915E+02
     0.1451382E+02     0.3590685E+02
     0.1452288E+02     0.3590794E+02
     0.1452194E+02     0.3589949E+02
     0.1451787E+02     0.3589747E+02
     0.1451036E+02     0.3589250E+02
     0.1450882E+02     0.3588966E+02
     0.1451563E+02     0.3589074E+02
     0.1452074E+02     0.3589542E+02
     0.1452940E+02     0.3589650E+02
     0.1453081E+02     0.3590265E+02
     0.1453776E+02     0.3590083E+02
     0.1455791E+02     0.3589194E+02
     0.1457763E+02     0.3587389E+02
     0.1457267E+02     0.3587015E+02
     0.1457726E+02     0.3586588E+02
     0.1456890E+02     0.3585559E+02
     0.1457592E+02     0.3585514E+02
     0.1457719E+02     0.3584615E+02
     0.1457543E+02     0.3584460E+02
     0.1456950E+02     0.3584410E+02
     0.1457016E+02     0.3583398E+02
     0.1456729E+02     0.3582674E+02
     0.1456618E+02     0.3582723E+02
     0.1456288E+02     0.3582871E+02
     0.1455724E+02     0.3584058E+02
     0.1455233E+02     0.3584395E+02
     0.1454659E+02     0.3583541E+02
     0.1454123E+02     0.3583512E+02
     0.1453775E+02     0.3583270E+02
     0.1453773E+02     0.3582605E+02
     0.1454557E+02     0.3581916E+02
     0.1454386E+02     0.3581256E+02
     0.1453560E+02     0.3581029E+02
     0.1451905E+02     0.3581126E+02
     0.1449312E+02     0.3581619E+02
     0.1447928E+02     0.3582120E+02
     0.1446913E+02     0.3582660E+02
     0.1445724E+02     0.3582508E+02
     0.1444778E+02     0.3582743E+02
     0.1443062E+02     0.3582750E+02
     0.1442593E+02     0.3582947E+02
     0.1442117E+02     0.3583649E+02
     0.1441570E+02     0.3583987E+02
     0.1440733E+02     0.3584150E+02
     0.1439668E+02     0.3584893E+02
     0.1438500E+02     0.3585203E+02
     0.1437085E+02     0.3586300E+02
     0.1436231E+02     0.3586715E+02
     0.1435745E+02     0.3587188E+02
     0.1434696E+02     0.3587678E+02
     0.1434401E+02     0.3588008E+02
     0.1434335E+02     0.3588372E+02
     0.1434151E+02     0.3589391E+02
     0.1433563E+02     0.3590120E+02
     0.1433730E+02     0.3590711E+02
     0.1434329E+02     0.3590900E+02
     0.1434370E+02     0.3591197E+02
     0.1433762E+02     0.3592109E+02
     0.1434388E+02     0.3592274E+02
     0.1434603E+02     0.3593323E+02
     0.1434531E+02     0.3593623E+02
     0.1433645E+02     0.3594613E+02
     0.1434266E+02     0.3595306E+02
     0.1434347E+02     0.3595877E+02
     0.1434162E+02     0.3596799E+02
     0.1433831E+02     0.3596970E+02
     0.1432645E+02     0.3596913E+02
     0.1432401E+02     0.3597126E+02
     0.1432899E+02     0.3597570E+02
     0.1433153E+02     0.3598104E+02
     0.1433395E+02     0.3598611E+02
     0.1433685E+02     0.3598809E+02
     0.1434332E+02     0.3598790E+02
     0.1436439E+02     0.3599278E+02
     0.1437138E+02     0.3599785E+02
     0.1437641E+02     0.3599679E+02
     0.1438040E+02     0.3599139E+02
     0.1437888E+02     0.3598891E+02
     0.1435903E+02     0.3597964E+02
     0.1435574E+02     0.3597538E+02
     0.1435755E+02     0.3597166E+02
     0.1436197E+02     0.3596946E+02
     0.1437619E+02     0.3597248E+02
     0.1439058E+02     0.3597297E+02
     0.1439589E+02     0.3597189E+02
     0.1440157E+02     0.3596645E+02
     0.1440115E+02     0.3596348E+02
     0.1439842E+02     0.3596066E+02
     0.1439318E+02     0.3595523E+02
     0.1439340E+02     0.3595362E+02
     0.1440892E+02     0.3595430E+02
     0.1443012E+02     0.3596215E+02
     0.1443223E+02     0.3595888E+02
     0.1443047E+02     0.3595113E+02
END
END
