mariana
1
     0.1455617E+03     0.1485485E+02
     0.1455761E+03     0.1486656E+02
     0.1455809E+03     0.1486512E+02
     0.1455841E+03     0.1486232E+02
     0.1455836E+03     0.1485888E+02
     0.1455673E+03     0.1484367E+02
     0.1455538E+03     0.1484269E+02
     0.1455497E+03     0.1484021E+02
     0.1455455E+03     0.1483980E+02
     0.1455417E+03     0.1484261E+02
     0.1455409E+03     0.1484906E+02
     0.1455445E+03     0.1485545E+02
     0.1455585E+03     0.1486103E+02
     0.1455711E+03     0.1486363E+02
     0.1455761E+03     0.1486656E+02
END
2
     0.1452230E+03     0.1416047E+02
     0.1452375E+03     0.1419619E+02
     0.1452433E+03     0.1419957E+02
     0.1452520E+03     0.1420201E+02
     0.1452647E+03     0.1419749E+02
     0.1452845E+03     0.1419450E+02
     0.1452941E+03     0.1418979E+02
     0.1452945E+03     0.1418380E+02
     0.1452921E+03     0.1417784E+02
     0.1452919E+03     0.1417580E+02
     0.1452910E+03     0.1416289E+02
     0.1452838E+03     0.1415331E+02
     0.1452783E+03     0.1415222E+02
     0.1452630E+03     0.1415309E+02
     0.1452452E+03     0.1414846E+02
     0.1452366E+03     0.1413613E+02
     0.1452374E+03     0.1412829E+02
     0.1452338E+03     0.1412557E+02
     0.1452284E+03     0.1412471E+02
     0.1452222E+03     0.1411534E+02
     0.1452179E+03     0.1411286E+02
     0.1452139E+03     0.1411382E+02
     0.1452030E+03     0.1411212E+02
     0.1452001E+03     0.1411168E+02
     0.1451952E+03     0.1411312E+02
     0.1451822E+03     0.1410774E+02
     0.1451748E+03     0.1410736E+02
     0.1451723E+03     0.1411038E+02
     0.1451734E+03     0.1412234E+02
     0.1451722E+03     0.1412741E+02
     0.1451572E+03     0.1413563E+02
     0.1451521E+03     0.1413638E+02
     0.1451466E+03     0.1413276E+02
     0.1451339E+03     0.1411679E+02
     0.1451272E+03     0.1411364E+02
     0.1451268E+03     0.1412009E+02
     0.1451288E+03     0.1412490E+02
     0.1451356E+03     0.1413136E+02
     0.1451407E+03     0.1413628E+02
     0.1451482E+03     0.1414885E+02
     0.1451640E+03     0.1417008E+02
     0.1451730E+03     0.1417206E+02
     0.1451841E+03     0.1417078E+02
     0.1452054E+03     0.1417653E+02
     0.1452221E+03     0.1418509E+02
     0.1452321E+03     0.1419395E+02
     0.1452375E+03     0.1419619E+02
END
3
     0.1453993E+03     0.1970351E+02
     0.1453899E+03     0.1969703E+02
     0.1453915E+03     0.1970320E+02
     0.1453916E+03     0.1970802E+02
     0.1453959E+03     0.1971437E+02
     0.1453994E+03     0.1971729E+02
     0.1454025E+03     0.1971769E+02
     0.1454081E+03     0.1971667E+02
     0.1454138E+03     0.1971243E+02
     0.1454166E+03     0.1970755E+02
     0.1454180E+03     0.1970339E+02
     0.1454162E+03     0.1969815E+02
     0.1454137E+03     0.1969383E+02
     0.1454095E+03     0.1969184E+02
     0.1454049E+03     0.1969170E+02
     0.1453983E+03     0.1969274E+02
     0.1453947E+03     0.1969487E+02
     0.1453928E+03     0.1969651E+02
     0.1453899E+03     0.1969703E+02
END
4
     0.1456615E+03     0.1876922E+02
     0.1456488E+03     0.1880508E+02
     0.1456693E+03     0.1880113E+02
     0.1456702E+03     0.1879745E+02
     0.1456710E+03     0.1879493E+02
     0.1456777E+03     0.1879101E+02
     0.1456833E+03     0.1878870E+02
     0.1456859E+03     0.1878548E+02
     0.1456878E+03     0.1878111E+02
     0.1456885E+03     0.1877766E+02
     0.1456895E+03     0.1877031E+02
     0.1456902E+03     0.1876549E+02
     0.1456904E+03     0.1875859E+02
     0.1456906E+03     0.1875469E+02
     0.1456892E+03     0.1875355E+02
     0.1456875E+03     0.1874987E+02
     0.1456870E+03     0.1874551E+02
     0.1456875E+03     0.1874092E+02
     0.1456853E+03     0.1873702E+02
     0.1456831E+03     0.1873565E+02
     0.1456795E+03     0.1873519E+02
     0.1456768E+03     0.1873428E+02
     0.1456734E+03     0.1873360E+02
     0.1456712E+03     0.1873039E+02
     0.1456693E+03     0.1872626E+02
     0.1456674E+03     0.1872374E+02
     0.1456633E+03     0.1872329E+02
     0.1456587E+03     0.1872398E+02
     0.1456510E+03     0.1872699E+02
     0.1456454E+03     0.1873297E+02
     0.1456409E+03     0.1874216E+02
     0.1456380E+03     0.1874791E+02
     0.1456361E+03     0.1875090E+02
     0.1456332E+03     0.1876882E+02
     0.1456357E+03     0.1878489E+02
     0.1456388E+03     0.1879178E+02
     0.1456437E+03     0.1879682E+02
     0.1456473E+03     0.1879773E+02
     0.1456488E+03     0.1880209E+02
     0.1456488E+03     0.1880508E+02
END
5
     0.1457790E+03     0.1811269E+02
     0.1457949E+03     0.1810086E+02
     0.1457904E+03     0.1810684E+02
     0.1457856E+03     0.1810801E+02
     0.1457793E+03     0.1810802E+02
     0.1457721E+03     0.1810414E+02
     0.1457634E+03     0.1809291E+02
     0.1457549E+03     0.1808237E+02
     0.1457518E+03     0.1807228E+02
     0.1457467E+03     0.1806265E+02
     0.1457392E+03     0.1805555E+02
     0.1457296E+03     0.1805075E+02
     0.1457202E+03     0.1804550E+02
     0.1457147E+03     0.1804666E+02
     0.1457118E+03     0.1804689E+02
     0.1457128E+03     0.1805057E+02
     0.1457179E+03     0.1806249E+02
     0.1457215E+03     0.1807029E+02
     0.1457230E+03     0.1807740E+02
     0.1457251E+03     0.1808061E+02
     0.1457275E+03     0.1808221E+02
     0.1457319E+03     0.1808473E+02
     0.1457372E+03     0.1808426E+02
     0.1457427E+03     0.1808608E+02
     0.1457504E+03     0.1809249E+02
     0.1457562E+03     0.1810464E+02
     0.1457594E+03     0.1811336E+02
     0.1457613E+03     0.1812047E+02
     0.1457609E+03     0.1812530E+02
     0.1457611E+03     0.1812989E+02
     0.1457597E+03     0.1813494E+02
     0.1457578E+03     0.1814046E+02
     0.1457566E+03     0.1814551E+02
     0.1457600E+03     0.1815423E+02
     0.1457639E+03     0.1815996E+02
     0.1457668E+03     0.1816408E+02
     0.1457733E+03     0.1816521E+02
     0.1457834E+03     0.1816519E+02
     0.1457884E+03     0.1816311E+02
     0.1457971E+03     0.1815987E+02
     0.1458026E+03     0.1815595E+02
     0.1458062E+03     0.1815088E+02
     0.1458095E+03     0.1814720E+02
     0.1458117E+03     0.1814054E+02
     0.1458112E+03     0.1813480E+02
     0.1458092E+03     0.1813090E+02
     0.1458008E+03     0.1811531E+02
     0.1457974E+03     0.1811073E+02
     0.1457969E+03     0.1810545E+02
     0.1457964E+03     0.1810109E+02
     0.1457949E+03     0.1810086E+02
END
6
     0.1458342E+03     0.1760295E+02
     0.1458298E+03     0.1761794E+02
     0.1458346E+03     0.1761472E+02
     0.1458391E+03     0.1761333E+02
     0.1458425E+03     0.1761033E+02
     0.1458473E+03     0.1760756E+02
     0.1458494E+03     0.1760205E+02
     0.1458477E+03     0.1759585E+02
     0.1458446E+03     0.1759219E+02
     0.1458386E+03     0.1758739E+02
     0.1458309E+03     0.1758420E+02
     0.1458237E+03     0.1758376E+02
     0.1458220E+03     0.1758744E+02
     0.1458204E+03     0.1759112E+02
     0.1458175E+03     0.1759778E+02
     0.1458192E+03     0.1760283E+02
     0.1458214E+03     0.1760856E+02
     0.1458257E+03     0.1761406E+02
     0.1458298E+03     0.1761794E+02
END
7
     0.1458439E+03     0.1730944E+02
     0.1458394E+03     0.1730198E+02
     0.1458375E+03     0.1730329E+02
     0.1458365E+03     0.1730790E+02
     0.1458378E+03     0.1731220E+02
     0.1458398E+03     0.1731563E+02
     0.1458434E+03     0.1731874E+02
     0.1458443E+03     0.1731825E+02
     0.1458454E+03     0.1731685E+02
     0.1458463E+03     0.1731559E+02
     0.1458465E+03     0.1731481E+02
     0.1458500E+03     0.1731551E+02
     0.1458513E+03     0.1731516E+02
     0.1458525E+03     0.1731440E+02
     0.1458521E+03     0.1731096E+02
     0.1458513E+03     0.1730834E+02
     0.1458488E+03     0.1730408E+02
     0.1458448E+03     0.1730114E+02
     0.1458394E+03     0.1730198E+02
END
8
     0.1458459E+03     0.1688344E+02
     0.1458508E+03     0.1688832E+02
     0.1458515E+03     0.1688212E+02
     0.1458489E+03     0.1687938E+02
     0.1458436E+03     0.1687687E+02
     0.1458405E+03     0.1687757E+02
     0.1458394E+03     0.1688078E+02
     0.1458413E+03     0.1688582E+02
     0.1458442E+03     0.1688857E+02
     0.1458508E+03     0.1688832E+02
END
9
     0.1457786E+03     0.1671242E+02
     0.1457841E+03     0.1669949E+02
     0.1457822E+03     0.1669972E+02
     0.1457786E+03     0.1670042E+02
     0.1457755E+03     0.1670570E+02
     0.1457717E+03     0.1671099E+02
     0.1457705E+03     0.1671329E+02
     0.1457724E+03     0.1671672E+02
     0.1457739E+03     0.1671924E+02
     0.1457775E+03     0.1672061E+02
     0.1457801E+03     0.1672267E+02
     0.1457825E+03     0.1672358E+02
     0.1457830E+03     0.1672105E+02
     0.1457832E+03     0.1671945E+02
     0.1457839E+03     0.1671715E+02
     0.1457863E+03     0.1671255E+02
     0.1457867E+03     0.1670797E+02
     0.1457881E+03     0.1669901E+02
     0.1457860E+03     0.1669810E+02
     0.1457841E+03     0.1669949E+02
END
10
     0.1456666E+03     0.1635929E+02
     0.1456685E+03     0.1637202E+02
     0.1456799E+03     0.1637429E+02
     0.1456875E+03     0.1637405E+02
     0.1456951E+03     0.1637036E+02
     0.1457027E+03     0.1636828E+02
     0.1457084E+03     0.1636528E+02
     0.1457101E+03     0.1636069E+02
     0.1457084E+03     0.1635405E+02
     0.1457043E+03     0.1634993E+02
     0.1457019E+03     0.1634627E+02
     0.1456984E+03     0.1634283E+02
     0.1456924E+03     0.1634216E+02
     0.1456846E+03     0.1634264E+02
     0.1456786E+03     0.1634380E+02
     0.1456741E+03     0.1634358E+02
     0.1456658E+03     0.1634268E+02
     0.1456620E+03     0.1634039E+02
     0.1456617E+03     0.1634246E+02
     0.1456548E+03     0.1634247E+02
     0.1456498E+03     0.1633973E+02
     0.1456444E+03     0.1633974E+02
     0.1456406E+03     0.1634090E+02
     0.1456361E+03     0.1634412E+02
     0.1456304E+03     0.1634665E+02
     0.1456254E+03     0.1634918E+02
     0.1456232E+03     0.1635171E+02
     0.1456235E+03     0.1635882E+02
     0.1456242E+03     0.1636592E+02
     0.1456261E+03     0.1637119E+02
     0.1456302E+03     0.1637371E+02
     0.1456452E+03     0.1637460E+02
     0.1456611E+03     0.1637387E+02
     0.1456675E+03     0.1637226E+02
     0.1456685E+03     0.1637202E+02
END
11
     0.1460721E+03     0.1601723E+02
     0.1460680E+03     0.1602121E+02
     0.1460803E+03     0.1602377E+02
     0.1460810E+03     0.1602170E+02
     0.1460812E+03     0.1601918E+02
     0.1460784E+03     0.1601690E+02
     0.1460736E+03     0.1601394E+02
     0.1460710E+03     0.1601189E+02
     0.1460683E+03     0.1600686E+02
     0.1460641E+03     0.1600505E+02
     0.1460626E+03     0.1600254E+02
     0.1460600E+03     0.1600095E+02
     0.1460593E+03     0.1600233E+02
     0.1460617E+03     0.1600598E+02
     0.1460648E+03     0.1601032E+02
     0.1460660E+03     0.1601330E+02
     0.1460680E+03     0.1602121E+02
END
12
     0.1457529E+03     0.1520601E+02
     0.1457877E+03     0.1521255E+02
     0.1457861E+03     0.1520793E+02
     0.1457879E+03     0.1520100E+02
     0.1457838E+03     0.1519485E+02
     0.1457839E+03     0.1518703E+02
     0.1457897E+03     0.1518143E+02
     0.1457906E+03     0.1517314E+02
     0.1457920E+03     0.1517129E+02
     0.1457995E+03     0.1516843E+02
     0.1458001E+03     0.1516221E+02
     0.1457950E+03     0.1515651E+02
     0.1457944E+03     0.1515427E+02
     0.1457931E+03     0.1514942E+02
     0.1457794E+03     0.1515168E+02
     0.1457731E+03     0.1516142E+02
     0.1457696E+03     0.1516215E+02
     0.1457639E+03     0.1516131E+02
     0.1457536E+03     0.1515569E+02
     0.1457480E+03     0.1514474E+02
     0.1457488E+03     0.1513621E+02
     0.1457534E+03     0.1512902E+02
     0.1457614E+03     0.1512363E+02
     0.1457591E+03     0.1511009E+02
     0.1457554E+03     0.1510163E+02
     0.1457554E+03     0.1509795E+02
     0.1457534E+03     0.1509567E+02
     0.1457506E+03     0.1509640E+02
     0.1457467E+03     0.1510312E+02
     0.1457439E+03     0.1510500E+02
     0.1457259E+03     0.1510799E+02
     0.1457178E+03     0.1510603E+02
     0.1457143E+03     0.1510653E+02
     0.1457101E+03     0.1511211E+02
     0.1456955E+03     0.1512219E+02
     0.1456951E+03     0.1512518E+02
     0.1457030E+03     0.1514624E+02
     0.1457058E+03     0.1516253E+02
     0.1457138E+03     0.1517346E+02
     0.1457188E+03     0.1518972E+02
     0.1457213E+03     0.1520073E+02
     0.1457185E+03     0.1520766E+02
     0.1457186E+03     0.1520825E+02
     0.1457191E+03     0.1521708E+02
     0.1457223E+03     0.1522072E+02
     0.1457244E+03     0.1522001E+02
     0.1457297E+03     0.1522316E+02
     0.1457306E+03     0.1522107E+02
     0.1457445E+03     0.1523308E+02
     0.1457479E+03     0.1523809E+02
     0.1457520E+03     0.1524149E+02
     0.1457558E+03     0.1524236E+02
     0.1457580E+03     0.1524601E+02
     0.1457697E+03     0.1525023E+02
     0.1457801E+03     0.1525679E+02
     0.1457847E+03     0.1526037E+02
     0.1457901E+03     0.1527019E+02
     0.1458033E+03     0.1528496E+02
     0.1458067E+03     0.1528800E+02
     0.1458079E+03     0.1528904E+02
     0.1458150E+03     0.1529124E+02
     0.1458237E+03     0.1528584E+02
     0.1458293E+03     0.1527818E+02
     0.1458345E+03     0.1527650E+02
     0.1458349E+03     0.1526959E+02
     0.1458329E+03     0.1526134E+02
     0.1458312E+03     0.1525952E+02
     0.1458284E+03     0.1526071E+02
     0.1458172E+03     0.1526017E+02
     0.1458142E+03     0.1524710E+02
     0.1458160E+03     0.1524248E+02
     0.1458148E+03     0.1523997E+02
     0.1458081E+03     0.1523684E+02
     0.1458037E+03     0.1523092E+02
     0.1457937E+03     0.1522622E+02
     0.1457877E+03     0.1521255E+02
END
13
     0.1452102E+03     0.2002201E+02
     0.1452115E+03     0.2002805E+02
     0.1452117E+03     0.2002552E+02
     0.1452115E+03     0.2002024E+02
     0.1452122E+03     0.2001748E+02
     0.1452130E+03     0.2001657E+02
     0.1452115E+03     0.2001496E+02
     0.1452108E+03     0.2001427E+02
     0.1452095E+03     0.2001702E+02
     0.1452088E+03     0.2002116E+02
     0.1452088E+03     0.2002323E+02
     0.1452095E+03     0.2002506E+02
     0.1452115E+03     0.2002805E+02
END
14
     0.1452313E+03     0.2001969E+02
     0.1452283E+03     0.2001221E+02
     0.1452283E+03     0.2001703E+02
     0.1452288E+03     0.2002117E+02
     0.1452288E+03     0.2002392E+02
     0.1452329E+03     0.2002553E+02
     0.1452341E+03     0.2002209E+02
     0.1452339E+03     0.2001818E+02
     0.1452329E+03     0.2001542E+02
     0.1452307E+03     0.2001405E+02
     0.1452283E+03     0.2001221E+02
END
15
     0.1456246E+03     0.1502579E+02
     0.1455919E+03     0.1500000E+02
     0.1455899E+03     0.1500348E+02
     0.1455921E+03     0.1500782E+02
     0.1455916E+03     0.1501220E+02
     0.1455867E+03     0.1501893E+02
     0.1455907E+03     0.1503245E+02
     0.1455984E+03     0.1504224E+02
     0.1456019E+03     0.1504910E+02
     0.1456015E+03     0.1505531E+02
     0.1456029E+03     0.1505782E+02
     0.1456104E+03     0.1506647E+02
     0.1456148E+03     0.1507400E+02
     0.1456402E+03     0.1509622E+02
     0.1456450E+03     0.1510398E+02
     0.1456467E+03     0.1510533E+02
     0.1456528E+03     0.1510342E+02
     0.1456580E+03     0.1509898E+02
     0.1456626E+03     0.1509133E+02
     0.1456634E+03     0.1508166E+02
     0.1456621E+03     0.1507064E+02
     0.1456641E+03     0.1506142E+02
     0.1456626E+03     0.1505729E+02
     0.1456545E+03     0.1504981E+02
     0.1456534E+03     0.1504430E+02
     0.1456535E+03     0.1504350E+02
     0.1456549E+03     0.1503255E+02
     0.1456621E+03     0.1502303E+02
     0.1456744E+03     0.1501735E+02
     0.1456785E+03     0.1500649E+02
     0.1456779E+03     0.1500000E+02
     0.1456776E+03     0.1499730E+02
     0.1456692E+03     0.1497142E+02
     0.1456667E+03     0.1495765E+02
     0.1456692E+03     0.1495440E+02
     0.1456699E+03     0.1495002E+02
     0.1456673E+03     0.1494867E+02
     0.1456597E+03     0.1494877E+02
     0.1456568E+03     0.1493944E+02
     0.1456562E+03     0.1493754E+02
     0.1456427E+03     0.1492323E+02
     0.1456369E+03     0.1492560E+02
     0.1456355E+03     0.1492769E+02
     0.1456335E+03     0.1495647E+02
     0.1456287E+03     0.1496688E+02
     0.1456193E+03     0.1497229E+02
     0.1456174E+03     0.1497530E+02
     0.1456152E+03     0.1498614E+02
     0.1456117E+03     0.1499078E+02
     0.1456075E+03     0.1499291E+02
     0.1456001E+03     0.1499047E+02
     0.1455982E+03     0.1499118E+02
     0.1455919E+03     0.1500000E+02
END
END
