martinique
1
    -0.6105385E+02     0.1466581E+02
    -0.6122690E+02     0.1479864E+02
    -0.6123012E+02     0.1480923E+02
    -0.6123006E+02     0.1481703E+02
    -0.6122663E+02     0.1483308E+02
    -0.6121945E+02     0.1484611E+02
    -0.6121230E+02     0.1485524E+02
    -0.6120304E+02     0.1486251E+02
    -0.6119168E+02     0.1486701E+02
    -0.6117561E+02     0.1486941E+02
    -0.6116826E+02     0.1487371E+02
    -0.6115595E+02     0.1487821E+02
    -0.6115177E+02     0.1487848E+02
    -0.6114674E+02     0.1487882E+02
    -0.6113567E+02     0.1487551E+02
    -0.6110912E+02     0.1486060E+02
    -0.6109124E+02     0.1485448E+02
    -0.6107999E+02     0.1484405E+02
    -0.6107293E+02     0.1484285E+02
    -0.6105886E+02     0.1483056E+02
    -0.6105439E+02     0.1482914E+02
    -0.6104612E+02     0.1483160E+02
    -0.6103812E+02     0.1482854E+02
    -0.6103435E+02     0.1482736E+02
    -0.6101518E+02     0.1480607E+02
    -0.6100883E+02     0.1480372E+02
    -0.6099786E+02     0.1479008E+02
    -0.6098995E+02     0.1477669E+02
    -0.6097800E+02     0.1476648E+02
    -0.6097362E+02     0.1475542E+02
    -0.6096663E+02     0.1474434E+02
    -0.6096345E+02     0.1473122E+02
    -0.6096252E+02     0.1473139E+02
    -0.6095990E+02     0.1473188E+02
    -0.6095223E+02     0.1474582E+02
    -0.6094842E+02     0.1474992E+02
    -0.6093017E+02     0.1475986E+02
    -0.6091507E+02     0.1475995E+02
    -0.6090960E+02     0.1476518E+02
    -0.6089040E+02     0.1477465E+02
    -0.6088121E+02     0.1477388E+02
    -0.6087447E+02     0.1476257E+02
    -0.6087451E+02     0.1475798E+02
    -0.6087857E+02     0.1475227E+02
    -0.6088165E+02     0.1475115E+02
    -0.6088252E+02     0.1475307E+02
    -0.6088512E+02     0.1475876E+02
    -0.6088960E+02     0.1475926E+02
    -0.6089315E+02     0.1475723E+02
    -0.6089674E+02     0.1475198E+02
    -0.6089628E+02     0.1474991E+02
    -0.6089205E+02     0.1474872E+02
    -0.6089019E+02     0.1474595E+02
    -0.6089519E+02     0.1474048E+02
    -0.6089498E+02     0.1473749E+02
    -0.6089148E+02     0.1473287E+02
    -0.6089268E+02     0.1473013E+02
    -0.6089720E+02     0.1472695E+02
    -0.6090518E+02     0.1473070E+02
    -0.6090970E+02     0.1472637E+02
    -0.6091559E+02     0.1472758E+02
    -0.6091668E+02     0.1473792E+02
    -0.6092630E+02     0.1474306E+02
    -0.6093481E+02     0.1474222E+02
    -0.6093860E+02     0.1474018E+02
    -0.6094385E+02     0.1473357E+02
    -0.6094292E+02     0.1473172E+02
    -0.6093845E+02     0.1473054E+02
    -0.6093716E+02     0.1472901E+02
    -0.6093494E+02     0.1472637E+02
    -0.6093732E+02     0.1472433E+02
    -0.6094511E+02     0.1472417E+02
    -0.6094702E+02     0.1472120E+02
    -0.6094516E+02     0.1471774E+02
    -0.6094022E+02     0.1471608E+02
    -0.6093170E+02     0.1471991E+02
    -0.6092750E+02     0.1471505E+02
    -0.6092894E+02     0.1471139E+02
    -0.6093489E+02     0.1470593E+02
    -0.6093302E+02     0.1470408E+02
    -0.6092807E+02     0.1470358E+02
    -0.6091764E+02     0.1470968E+02
    -0.6091442E+02     0.1470024E+02
    -0.6090527E+02     0.1469441E+02
    -0.6091055E+02     0.1468459E+02
    -0.6091505E+02     0.1468256E+02
    -0.6092520E+02     0.1468104E+02
    -0.6092805E+02     0.1467831E+02
    -0.6092872E+02     0.1467574E+02
    -0.6093025E+02     0.1466984E+02
    -0.6093614E+02     0.1467058E+02
    -0.6093804E+02     0.1466899E+02
    -0.6093951E+02     0.1466349E+02
    -0.6093792E+02     0.1465658E+02
    -0.6093467E+02     0.1465081E+02
    -0.6092950E+02     0.1464755E+02
    -0.6092005E+02     0.1465022E+02
    -0.6091597E+02     0.1465822E+02
    -0.6091336E+02     0.1465981E+02
    -0.6090089E+02     0.1465602E+02
    -0.6089027E+02     0.1465776E+02
    -0.6088866E+02     0.1465247E+02
    -0.6089297E+02     0.1464561E+02
    -0.6090055E+02     0.1464178E+02
    -0.6089850E+02     0.1463395E+02
    -0.6089930E+02     0.1462294E+02
    -0.6089967E+02     0.1462208E+02
    -0.6090219E+02     0.1461630E+02
    -0.6089939E+02     0.1461237E+02
    -0.6089021E+02     0.1461160E+02
    -0.6087839E+02     0.1461471E+02
    -0.6087628E+02     0.1461308E+02
    -0.6087894E+02     0.1460530E+02
    -0.6087221E+02     0.1459421E+02
    -0.6086894E+02     0.1459050E+02
    -0.6085532E+02     0.1458510E+02
    -0.6085070E+02     0.1457426E+02
    -0.6085383E+02     0.1456648E+02
    -0.6085268E+02     0.1456325E+02
    -0.6084703E+02     0.1456205E+02
    -0.6084354E+02     0.1455789E+02
    -0.6084047E+02     0.1455832E+02
    -0.6083499E+02     0.1456493E+02
    -0.6083310E+02     0.1456537E+02
    -0.6083189E+02     0.1456209E+02
    -0.6083149E+02     0.1456099E+02
    -0.6083748E+02     0.1455002E+02
    -0.6083919E+02     0.1454338E+02
    -0.6083829E+02     0.1453877E+02
    -0.6083154E+02     0.1452975E+02
    -0.6082901E+02     0.1452215E+02
    -0.6083119E+02     0.1451620E+02
    -0.6083594E+02     0.1451188E+02
    -0.6083644E+02     0.1450936E+02
    -0.6082870E+02     0.1450446E+02
    -0.6082593E+02     0.1449823E+02
    -0.6082669E+02     0.1449319E+02
    -0.6081992E+02     0.1448531E+02
    -0.6081744E+02     0.1447312E+02
    -0.6081898E+02     0.1446004E+02
    -0.6081551E+02     0.1445266E+02
    -0.6081720E+02     0.1445167E+02
    -0.6082404E+02     0.1444768E+02
    -0.6083888E+02     0.1442278E+02
    -0.6084314E+02     0.1442029E+02
    -0.6084904E+02     0.1441966E+02
    -0.6085025E+02     0.1441577E+02
    -0.6084933E+02     0.1441369E+02
    -0.6084394E+02     0.1441065E+02
    -0.6084232E+02     0.1440742E+02
    -0.6084352E+02     0.1440422E+02
    -0.6085248E+02     0.1440361E+02
    -0.6085603E+02     0.1440204E+02
    -0.6086128E+02     0.1439496E+02
    -0.6086719E+02     0.1439226E+02
    -0.6088131E+02     0.1439446E+02
    -0.6088924E+02     0.1440349E+02
    -0.6089218E+02     0.1440903E+02
    -0.6089573E+02     0.1441572E+02
    -0.6088875E+02     0.1443151E+02
    -0.6088847E+02     0.1443702E+02
    -0.6089030E+02     0.1444301E+02
    -0.6088862E+02     0.1444621E+02
    -0.6088626E+02     0.1444642E+02
    -0.6088275E+02     0.1444386E+02
    -0.6087828E+02     0.1444359E+02
    -0.6087183E+02     0.1445295E+02
    -0.6087222E+02     0.1446145E+02
    -0.6088070E+02     0.1446199E+02
    -0.6088828E+02     0.1445838E+02
    -0.6089112E+02     0.1445611E+02
    -0.6089426E+02     0.1444810E+02
    -0.6090020E+02     0.1444310E+02
    -0.6090467E+02     0.1444291E+02
    -0.6091262E+02     0.1445554E+02
    -0.6091513E+02     0.1445954E+02
    -0.6092266E+02     0.1446076E+02
    -0.6093633E+02     0.1445732E+02
    -0.6093943E+02     0.1445654E+02
    -0.6096294E+02     0.1446250E+02
    -0.6097214E+02     0.1446212E+02
    -0.6097567E+02     0.1446284E+02
    -0.6097820E+02     0.1447044E+02
    -0.6098336E+02     0.1447324E+02
    -0.6098689E+02     0.1447281E+02
    -0.6099332E+02     0.1446483E+02
    -0.6099806E+02     0.1446212E+02
    -0.6100418E+02     0.1446240E+02
    -0.6101827E+02     0.1446918E+02
    -0.6103927E+02     0.1446615E+02
    -0.6104425E+02     0.1446251E+02
    -0.6104808E+02     0.1445745E+02
    -0.6105426E+02     0.1444928E+02
    -0.6105780E+02     0.1444862E+02
    -0.6106955E+02     0.1445239E+02
    -0.6107561E+02     0.1446002E+02
    -0.6108291E+02     0.1446123E+02
    -0.6108501E+02     0.1446286E+02
    -0.6108686E+02     0.1446724E+02
    -0.6108562E+02     0.1447550E+02
    -0.6109237E+02     0.1448612E+02
    -0.6109253E+02     0.1449462E+02
    -0.6109440E+02     0.1449716E+02
    -0.6110287E+02     0.1449861E+02
    -0.6110403E+02     0.1450092E+02
    -0.6110352E+02     0.1450528E+02
    -0.6109636E+02     0.1451647E+02
    -0.6109562E+02     0.1452129E+02
    -0.6108825E+02     0.1452812E+02
    -0.6108800E+02     0.1452865E+02
    -0.6108609E+02     0.1453269E+02
    -0.6108419E+02     0.1453429E+02
    -0.6107170E+02     0.1453418E+02
    -0.6106812E+02     0.1453920E+02
    -0.6106101E+02     0.1454420E+02
    -0.6105858E+02     0.1455291E+02
    -0.6105597E+02     0.1455518E+02
    -0.6105083E+02     0.1454985E+02
    -0.6103932E+02     0.1454493E+02
    -0.6104289E+02     0.1454037E+02
    -0.6104268E+02     0.1453715E+02
    -0.6102601E+02     0.1452966E+02
    -0.6101800E+02     0.1452890E+02
    -0.6101562E+02     0.1453163E+02
    -0.6100500E+02     0.1453338E+02
    -0.6099995E+02     0.1454413E+02
    -0.6099899E+02     0.1454665E+02
    -0.6099989E+02     0.1455125E+02
    -0.6100436E+02     0.1455221E+02
    -0.6101283E+02     0.1455481E+02
    -0.6101609E+02     0.1455943E+02
    -0.6101365E+02     0.1456997E+02
    -0.6102794E+02     0.1458043E+02
    -0.6102814E+02     0.1458480E+02
    -0.6102364E+02     0.1458706E+02
    -0.6102227E+02     0.1458897E+02
    -0.6102054E+02     0.1459139E+02
    -0.6102499E+02     0.1459511E+02
    -0.6102517E+02     0.1460062E+02
    -0.6102798E+02     0.1460317E+02
    -0.6103198E+02     0.1460435E+02
    -0.6103721E+02     0.1459912E+02
    -0.6104501E+02     0.1459689E+02
    -0.6104644E+02     0.1459529E+02
    -0.6104482E+02     0.1459206E+02
    -0.6104058E+02     0.1459157E+02
    -0.6103659E+02     0.1458901E+02
    -0.6103897E+02     0.1458673E+02
    -0.6104510E+02     0.1458609E+02
    -0.6105733E+02     0.1459033E+02
    -0.6106201E+02     0.1459428E+02
    -0.6107618E+02     0.1459118E+02
    -0.6108321E+02     0.1459606E+02
    -0.6109433E+02     0.1459156E+02
    -0.6109833E+02     0.1459274E+02
    -0.6109996E+02     0.1459597E+02
    -0.6109784E+02     0.1460019E+02
    -0.6109732E+02     0.1460123E+02
    -0.6112405E+02     0.1462006E+02
    -0.6113649E+02     0.1462636E+02
    -0.6114068E+02     0.1463352E+02
    -0.6115145E+02     0.1464371E+02
    -0.6117152E+02     0.1467028E+02
    -0.6118297E+02     0.1469096E+02
    -0.6118826E+02     0.1470050E+02
    -0.6118937E+02     0.1471016E+02
    -0.6118529E+02     0.1471862E+02
    -0.6118165E+02     0.1473122E+02
    -0.6118182E+02     0.1473926E+02
    -0.6118483E+02     0.1474686E+02
    -0.6120728E+02     0.1477207E+02
    -0.6121667E+02     0.1477881E+02
    -0.6122087E+02     0.1478412E+02
    -0.6122690E+02     0.1479864E+02
END
2
    -0.6096674E+02     0.1476852E+02
    -0.6096576E+02     0.1476362E+02
    -0.6096929E+02     0.1476457E+02
    -0.6097139E+02     0.1476734E+02
    -0.6097090E+02     0.1476963E+02
    -0.6096828E+02     0.1477168E+02
    -0.6096356E+02     0.1477232E+02
    -0.6096146E+02     0.1476978E+02
    -0.6096576E+02     0.1476362E+02
END
3
    -0.6089236E+02     0.1468948E+02
    -0.6089239E+02     0.1468419E+02
    -0.6089545E+02     0.1468514E+02
    -0.6089895E+02     0.1468884E+02
    -0.6089679E+02     0.1469319E+02
    -0.6089183E+02     0.1469360E+02
    -0.6088223E+02     0.1468663E+02
    -0.6088342E+02     0.1468526E+02
    -0.6088836E+02     0.1468622E+02
    -0.6089239E+02     0.1468419E+02
END
4
    -0.6086024E+02     0.1460435E+02
    -0.6086652E+02     0.1459783E+02
    -0.6086932E+02     0.1460038E+02
    -0.6086171E+02     0.1460789E+02
    -0.6085392E+02     0.1460943E+02
    -0.6085228E+02     0.1460735E+02
    -0.6086109E+02     0.1459824E+02
    -0.6086652E+02     0.1459783E+02
END
END
