mauritania
1
    -0.1638994E+02     0.1985966E+02
    -0.1638879E+02     0.1985052E+02
    -0.1639243E+02     0.1985078E+02
    -0.1639702E+02     0.1985357E+02
    -0.1639797E+02     0.1985588E+02
    -0.1639695E+02     0.1986024E+02
    -0.1638937E+02     0.1986614E+02
    -0.1638377E+02     0.1986679E+02
    -0.1638162E+02     0.1986309E+02
    -0.1638488E+02     0.1985347E+02
    -0.1638879E+02     0.1985052E+02
END
2
    -0.1639810E+02     0.1974188E+02
    -0.1643183E+02     0.1959631E+02
    -0.1643564E+02     0.1960392E+02
    -0.1643608E+02     0.1960852E+02
    -0.1643870E+02     0.1961268E+02
    -0.1644401E+02     0.1961525E+02
    -0.1644589E+02     0.1962216E+02
    -0.1644432E+02     0.1963387E+02
    -0.1645142E+02     0.1965254E+02
    -0.1644744E+02     0.1966216E+02
    -0.1644589E+02     0.1967202E+02
    -0.1645206E+02     0.1968655E+02
    -0.1645148E+02     0.1968940E+02
    -0.1645104E+02     0.1969160E+02
    -0.1643571E+02     0.1972110E+02
    -0.1642088E+02     0.1977382E+02
    -0.1641768E+02     0.1980252E+02
    -0.1641588E+02     0.1981013E+02
    -0.1641464E+02     0.1981536E+02
    -0.1641121E+02     0.1981900E+02
    -0.1640437E+02     0.1982239E+02
    -0.1639879E+02     0.1982211E+02
    -0.1638961E+02     0.1981767E+02
    -0.1637465E+02     0.1983155E+02
    -0.1636671E+02     0.1984871E+02
    -0.1636328E+02     0.1985213E+02
    -0.1635814E+02     0.1985530E+02
    -0.1635110E+02     0.1985546E+02
    -0.1634871E+02     0.1985177E+02
    -0.1634831E+02     0.1984280E+02
    -0.1635203E+02     0.1981835E+02
    -0.1635665E+02     0.1978796E+02
    -0.1635911E+02     0.1978431E+02
    -0.1636423E+02     0.1978206E+02
    -0.1636817E+02     0.1977658E+02
    -0.1636700E+02     0.1977266E+02
    -0.1636144E+02     0.1977031E+02
    -0.1635906E+02     0.1976570E+02
    -0.1636375E+02     0.1975770E+02
    -0.1637048E+02     0.1971640E+02
    -0.1637419E+02     0.1970345E+02
    -0.1637626E+02     0.1969623E+02
    -0.1638831E+02     0.1968071E+02
    -0.1639905E+02     0.1964933E+02
    -0.1639837E+02     0.1964473E+02
    -0.1640159E+02     0.1963832E+02
    -0.1640477E+02     0.1963513E+02
    -0.1640915E+02     0.1963425E+02
    -0.1641257E+02     0.1963153E+02
    -0.1641683E+02     0.1961755E+02
    -0.1642026E+02     0.1961436E+02
    -0.1642253E+02     0.1960450E+02
    -0.1642843E+02     0.1959674E+02
    -0.1643183E+02     0.1959631E+02
END
3
    -0.1634572E+02     0.1972007E+02
    -0.1635888E+02     0.1968803E+02
    -0.1636226E+02     0.1968898E+02
    -0.1636384E+02     0.1969166E+02
    -0.1636417E+02     0.1969222E+02
    -0.1636366E+02     0.1969497E+02
    -0.1635702E+02     0.1970364E+02
    -0.1635180E+02     0.1971623E+02
    -0.1635086E+02     0.1973690E+02
    -0.1634887E+02     0.1974125E+02
    -0.1633961E+02     0.1974507E+02
    -0.1633768E+02     0.1974390E+02
    -0.1633651E+02     0.1973976E+02
    -0.1633987E+02     0.1971980E+02
    -0.1635448E+02     0.1969121E+02
    -0.1635888E+02     0.1968803E+02
END
4
    -0.1648748E+02     0.1970638E+02
    -0.1649272E+02     0.1967080E+02
    -0.1650095E+02     0.1967294E+02
    -0.1650334E+02     0.1967710E+02
    -0.1650290E+02     0.1968539E+02
    -0.1650275E+02     0.1968835E+02
    -0.1649723E+02     0.1970807E+02
    -0.1649757E+02     0.1972300E+02
    -0.1649292E+02     0.1972802E+02
    -0.1648315E+02     0.1973414E+02
    -0.1648049E+02     0.1973343E+02
    -0.1647861E+02     0.1972675E+02
    -0.1647657E+02     0.1971111E+02
    -0.1647787E+02     0.1970216E+02
    -0.1648033E+02     0.1969919E+02
    -0.1648588E+02     0.1967649E+02
    -0.1648785E+02     0.1967352E+02
    -0.1649272E+02     0.1967080E+02
END
5
    -0.1635272E+02     0.1966795E+02
    -0.1639680E+02     0.1958314E+02
    -0.1639709E+02     0.1958390E+02
    -0.1639775E+02     0.1958567E+02
    -0.1639496E+02     0.1959760E+02
    -0.1639847E+02     0.1961003E+02
    -0.1639032E+02     0.1962490E+02
    -0.1637788E+02     0.1963214E+02
    -0.1637224E+02     0.1963852E+02
    -0.1636376E+02     0.1966119E+02
    -0.1635615E+02     0.1967055E+02
    -0.1635534E+02     0.1967858E+02
    -0.1635287E+02     0.1968292E+02
    -0.1634392E+02     0.1969084E+02
    -0.1633719E+02     0.1969680E+02
    -0.1632434E+02     0.1971989E+02
    -0.1631942E+02     0.1972559E+02
    -0.1630527E+02     0.1973327E+02
    -0.1629871E+02     0.1973413E+02
    -0.1629460E+02     0.1973248E+02
    -0.1629442E+02     0.1972627E+02
    -0.1629835E+02     0.1972148E+02
    -0.1630909E+02     0.1971607E+02
    -0.1631915E+02     0.1970513E+02
    -0.1632974E+02     0.1968984E+02
    -0.1633091E+02     0.1968862E+02
    -0.1634201E+02     0.1967708E+02
    -0.1634744E+02     0.1966748E+02
    -0.1635406E+02     0.1966088E+02
    -0.1636273E+02     0.1964280E+02
    -0.1637161E+02     0.1962887E+02
    -0.1637918E+02     0.1962342E+02
    -0.1638409E+02     0.1961749E+02
    -0.1638757E+02     0.1960902E+02
    -0.1638664E+02     0.1960464E+02
    -0.1639042E+02     0.1959066E+02
    -0.1639339E+02     0.1958494E+02
    -0.1639680E+02     0.1958314E+02
END
6
    -0.1650806E+02     0.1964897E+02
    -0.1650635E+02     0.1964059E+02
    -0.1651336E+02     0.1964317E+02
    -0.1651527E+02     0.1964617E+02
    -0.1651546E+02     0.1965146E+02
    -0.1651131E+02     0.1965510E+02
    -0.1650500E+02     0.1965551E+02
    -0.1650210E+02     0.1965388E+02
    -0.1650069E+02     0.1964927E+02
    -0.1650145E+02     0.1964514E+02
    -0.1650635E+02     0.1964059E+02
END
7
    -0.1649459E+02     0.2062751E+02
    -0.1649438E+02     0.2060983E+02
    -0.1649703E+02     0.2061353E+02
    -0.1649981E+02     0.2062963E+02
    -0.1650315E+02     0.2063770E+02
    -0.1650166E+02     0.2064044E+02
    -0.1649458E+02     0.2064130E+02
    -0.1649240E+02     0.2063899E+02
    -0.1648957E+02     0.2062840E+02
    -0.1649139E+02     0.2061716E+02
    -0.1649438E+02     0.2060983E+02
END
8
    -0.1648436E+02     0.2060980E+02
    -0.1648453E+02     0.2059367E+02
    -0.1648695E+02     0.2059575E+02
    -0.1648812E+02     0.2060151E+02
    -0.1648653E+02     0.2061413E+02
    -0.1648281E+02     0.2062122E+02
    -0.1647938E+02     0.2062234E+02
    -0.1648453E+02     0.2059367E+02
END
9
    -0.1646203E+02     0.2059732E+02
    -0.1644867E+02     0.2056764E+02
    -0.1645403E+02     0.2056791E+02
    -0.1645885E+02     0.2057033E+02
    -0.1645962E+02     0.2057071E+02
    -0.1646736E+02     0.2057790E+02
    -0.1647313E+02     0.2058645E+02
    -0.1647647E+02     0.2059498E+02
    -0.1647316E+02     0.2060919E+02
    -0.1646992E+02     0.2061606E+02
    -0.1645942E+02     0.2061666E+02
    -0.1645500E+02     0.2061984E+02
    -0.1645060E+02     0.2062026E+02
    -0.1644842E+02     0.2061887E+02
    -0.1644699E+02     0.2061518E+02
    -0.1644977E+02     0.2060532E+02
    -0.1644651E+02     0.2058875E+02
    -0.1644867E+02     0.2056764E+02
END
10
    -0.1151341E+02     0.2155864E+02
    -0.1705185E+02     0.2077416E+02
    -0.1705763E+02     0.2079989E+02
    -0.1706652E+02     0.2083983E+02
    -0.1706637E+02     0.2092300E+02
    -0.1705993E+02     0.2094394E+02
    -0.1704880E+02     0.2098016E+02
    -0.1703983E+02     0.2104026E+02
    -0.1702790E+02     0.2106583E+02
    -0.1702610E+02     0.2106968E+02
    -0.1700933E+02     0.2109272E+02
    -0.1700310E+02     0.2110459E+02
    -0.1698730E+02     0.2116951E+02
    -0.1698308E+02     0.2118332E+02
    -0.1697736E+02     0.2120203E+02
    -0.1697023E+02     0.2122074E+02
    -0.1695090E+02     0.2128783E+02
    -0.1693971E+02     0.2132664E+02
    -0.1691926E+02     0.2133035E+02
    -0.1684820E+02     0.2133053E+02
    -0.1682854E+02     0.2133057E+02
    -0.1671341E+02     0.2133213E+02
    -0.1657861E+02     0.2133386E+02
    -0.1644382E+02     0.2133548E+02
    -0.1630902E+02     0.2133701E+02
    -0.1617421E+02     0.2133843E+02
    -0.1603941E+02     0.2133976E+02
    -0.1590460E+02     0.2134098E+02
    -0.1587705E+02     0.2134121E+02
    -0.1576979E+02     0.2134174E+02
    -0.1563498E+02     0.2134231E+02
    -0.1550016E+02     0.2134278E+02
    -0.1536535E+02     0.2134314E+02
    -0.1523053E+02     0.2134340E+02
    -0.1509572E+02     0.2134357E+02
    -0.1500000E+02     0.2134361E+02
    -0.1496090E+02     0.2134363E+02
    -0.1482825E+02     0.2134359E+02
    -0.1482609E+02     0.2134355E+02
    -0.1473672E+02     0.2134196E+02
    -0.1472280E+02     0.2134325E+02
    -0.1469136E+02     0.2134268E+02
    -0.1465171E+02     0.2134195E+02
    -0.1464432E+02     0.2134334E+02
    -0.1459649E+02     0.2134360E+02
    -0.1458181E+02     0.2134179E+02
    -0.1455685E+02     0.2134273E+02
    -0.1454786E+02     0.2134307E+02
    -0.1442205E+02     0.2134241E+02
    -0.1428723E+02     0.2134162E+02
    -0.1423260E+02     0.2134127E+02
    -0.1422265E+02     0.2134237E+02
    -0.1415249E+02     0.2134201E+02
    -0.1401768E+02     0.2134123E+02
    -0.1388287E+02     0.2134036E+02
    -0.1374806E+02     0.2133938E+02
    -0.1361326E+02     0.2133830E+02
    -0.1347845E+02     0.2133712E+02
    -0.1342962E+02     0.2133666E+02
    -0.1334365E+02     0.2133562E+02
    -0.1320886E+02     0.2133391E+02
    -0.1320159E+02     0.2133381E+02
    -0.1315014E+02     0.2133167E+02
    -0.1314275E+02     0.2133301E+02
    -0.1310923E+02     0.2133287E+02
    -0.1307424E+02     0.2133220E+02
    -0.1300176E+02     0.2133081E+02
    -0.1300785E+02     0.2138888E+02
    -0.1301433E+02     0.2145055E+02
    -0.1302256E+02     0.2151438E+02
    -0.1302287E+02     0.2151682E+02
    -0.1302477E+02     0.2152132E+02
    -0.1302452E+02     0.2154200E+02
    -0.1303152E+02     0.2159275E+02
    -0.1303598E+02     0.2163966E+02
    -0.1304197E+02     0.2170258E+02
    -0.1304503E+02     0.2170956E+02
    -0.1304439E+02     0.2172984E+02
    -0.1304681E+02     0.2174408E+02
    -0.1304863E+02     0.2176483E+02
    -0.1305298E+02     0.2181446E+02
    -0.1305547E+02     0.2182014E+02
    -0.1305485E+02     0.2184004E+02
    -0.1305646E+02     0.2185387E+02
    -0.1305914E+02     0.2186007E+02
    -0.1305829E+02     0.2187383E+02
    -0.1305980E+02     0.2188977E+02
    -0.1306352E+02     0.2192912E+02
    -0.1307242E+02     0.2201543E+02
    -0.1308019E+02     0.2209078E+02
    -0.1308404E+02     0.2211501E+02
    -0.1308625E+02     0.2214094E+02
    -0.1309208E+02     0.2220941E+02
    -0.1309848E+02     0.2226660E+02
    -0.1310622E+02     0.2233574E+02
    -0.1311188E+02     0.2239216E+02
    -0.1312450E+02     0.2251777E+02
    -0.1312851E+02     0.2255758E+02
    -0.1313414E+02     0.2262777E+02
    -0.1313705E+02     0.2264332E+02
    -0.1313803E+02     0.2264854E+02
    -0.1314575E+02     0.2273141E+02
    -0.1314470E+02     0.2275205E+02
    -0.1314155E+02     0.2276879E+02
    -0.1313826E+02     0.2278631E+02
    -0.1311143E+02     0.2289177E+02
    -0.1308524E+02     0.2299452E+02
    -0.1307733E+02     0.2301372E+02
    -0.1305887E+02     0.2305850E+02
    -0.1304562E+02     0.2308322E+02
    -0.1301862E+02     0.2312696E+02
    -0.1301848E+02     0.2312714E+02
    -0.1295714E+02     0.2321308E+02
    -0.1294178E+02     0.2323136E+02
    -0.1289876E+02     0.2328248E+02
    -0.1289201E+02     0.2328611E+02
    -0.1285288E+02     0.2332641E+02
    -0.1285043E+02     0.2332893E+02
    -0.1282489E+02     0.2334963E+02
    -0.1280709E+02     0.2336175E+02
    -0.1277560E+02     0.2337936E+02
    -0.1277384E+02     0.2337763E+02
    -0.1276784E+02     0.2338357E+02
    -0.1275983E+02     0.2338755E+02
    -0.1274073E+02     0.2339129E+02
    -0.1274040E+02     0.2339135E+02
    -0.1260472E+02     0.2340312E+02
    -0.1246869E+02     0.2341481E+02
    -0.1246429E+02     0.2341518E+02
    -0.1237042E+02     0.2342150E+02
    -0.1233259E+02     0.2342557E+02
    -0.1230967E+02     0.2342804E+02
    -0.1225820E+02     0.2343025E+02
    -0.1220168E+02     0.2343459E+02
    -0.1219640E+02     0.2343524E+02
    -0.1212446E+02     0.2344411E+02
    -0.1207614E+02     0.2344434E+02
    -0.1206046E+02     0.2344571E+02
    -0.1203788E+02     0.2344768E+02
    -0.1200000E+02     0.2345452E+02
    -0.1200000E+02     0.2350000E+02
    -0.1200000E+02     0.2360000E+02
    -0.1200000E+02     0.2370000E+02
    -0.1200000E+02     0.2380000E+02
    -0.1200000E+02     0.2390000E+02
    -0.1200000E+02     0.2400000E+02
    -0.1200050E+02     0.2400305E+02
    -0.1200391E+02     0.2410522E+02
    -0.1200378E+02     0.2412435E+02
    -0.1200299E+02     0.2423942E+02
    -0.1200314E+02     0.2425039E+02
    -0.1200490E+02     0.2437644E+02
    -0.1200493E+02     0.2437857E+02
    -0.1200313E+02     0.2450251E+02
    -0.1200297E+02     0.2451328E+02
    -0.1200436E+02     0.2462860E+02
    -0.1200587E+02     0.2475469E+02
    -0.1200626E+02     0.2478657E+02
    -0.1200597E+02     0.2488081E+02
    -0.1200561E+02     0.2500000E+02
    -0.1200559E+02     0.2500694E+02
    -0.1200520E+02     0.2513309E+02
    -0.1200482E+02     0.2525924E+02
    -0.1200443E+02     0.2538541E+02
    -0.1200404E+02     0.2551159E+02
    -0.1200365E+02     0.2563778E+02
    -0.1200337E+02     0.2572924E+02
    -0.1200381E+02     0.2576397E+02
    -0.1200505E+02     0.2586315E+02
    -0.1200482E+02     0.2589017E+02
    -0.1200389E+02     0.2599864E+02
    -0.1198426E+02     0.2599846E+02
    -0.1191863E+02     0.2599783E+02
    -0.1184458E+02     0.2599805E+02
    -0.1170489E+02     0.2599836E+02
    -0.1156520E+02     0.2599853E+02
    -0.1142551E+02     0.2599855E+02
    -0.1130483E+02     0.2599845E+02
    -0.1128582E+02     0.2599848E+02
    -0.1114613E+02     0.2599863E+02
    -0.1100644E+02     0.2599864E+02
    -0.1086675E+02     0.2599851E+02
    -0.1084129E+02     0.2599847E+02
    -0.1072707E+02     0.2599961E+02
    -0.1068621E+02     0.2600000E+02
    -0.1058738E+02     0.2599967E+02
    -0.1044769E+02     0.2599907E+02
    -0.1037405E+02     0.2599870E+02
    -0.1030800E+02     0.2599913E+02
    -0.1021793E+02     0.2599968E+02
    -0.1016831E+02     0.2599944E+02
    -0.1002863E+02     0.2599867E+02
    -0.1000000E+02     0.2599848E+02
    -0.9888939E+01     0.2599776E+02
    -0.9888144E+01     0.2599775E+02
    -0.9749254E+01     0.2599866E+02
    -0.9696992E+01     0.2599896E+02
    -0.9686016E+01     0.2599754E+02
    -0.9609695E+01     0.2599908E+02
    -0.9562904E+01     0.2600001E+02
    -0.9487068E+01     0.2599795E+02
    -0.9470051E+01     0.2599807E+02
    -0.9330366E+01     0.2599900E+02
    -0.9283809E+01     0.2599928E+02
    -0.9190679E+01     0.2599862E+02
    -0.9050996E+01     0.2599751E+02
    -0.8979050E+01     0.2599689E+02
    -0.8911311E+01     0.2599711E+02
    -0.8771624E+01     0.2599746E+02
    -0.8674157E+01     0.2599761E+02
    -0.8673888E+01     0.2603576E+02
    -0.8672996E+01     0.2616198E+02
    -0.8672100E+01     0.2628821E+02
    -0.8671985E+01     0.2630444E+02
    -0.8672140E+01     0.2641444E+02
    -0.8672318E+01     0.2654068E+02
    -0.8672495E+01     0.2666693E+02
    -0.8672674E+01     0.2679318E+02
    -0.8672853E+01     0.2691943E+02
    -0.8673019E+01     0.2704568E+02
    -0.8671062E+01     0.2712651E+02
    -0.8672337E+01     0.2717191E+02
    -0.8673350E+01     0.2720795E+02
    -0.8672479E+01     0.2728832E+02
    -0.8673868E+01     0.2729807E+02
    -0.8663564E+01     0.2729391E+02
    -0.8554160E+01     0.2723116E+02
    -0.8435385E+01     0.2716285E+02
    -0.8356336E+01     0.2711728E+02
    -0.8316575E+01     0.2709469E+02
    -0.8197549E+01     0.2702694E+02
    -0.8078670E+01     0.2695909E+02
    -0.7959939E+01     0.2689114E+02
    -0.7894827E+01     0.2685379E+02
    -0.7840659E+01     0.2682408E+02
    -0.7740277E+01     0.2676891E+02
    -0.7720892E+01     0.2675782E+02
    -0.7602367E+01     0.2668988E+02
    -0.7509962E+01     0.2663679E+02
    -0.7484098E+01     0.2662169E+02
    -0.7366371E+01     0.2655285E+02
    -0.7248790E+01     0.2648391E+02
    -0.7131626E+01     0.2641503E+02
    -0.7015339E+01     0.2634402E+02
    -0.7000000E+01     0.2634136E+02
    -0.6940982E+01     0.2630416E+02
    -0.6930003E+01     0.2629936E+02
    -0.6914603E+01     0.2628831E+02
    -0.6906527E+01     0.2628521E+02
    -0.6694906E+01     0.2615590E+02
    -0.6675567E+01     0.2614660E+02
    -0.6670959E+01     0.2614128E+02
    -0.6628077E+01     0.2611503E+02
    -0.6624571E+01     0.2611127E+02
    -0.6540826E+01     0.2606209E+02
    -0.6479778E+01     0.2602252E+02
    -0.6475657E+01     0.2602154E+02
    -0.6422890E+01     0.2598897E+02
    -0.6416394E+01     0.2598624E+02
    -0.6410525E+01     0.2598073E+02
    -0.6397722E+01     0.2597389E+02
    -0.6385005E+01     0.2596359E+02
    -0.6349275E+01     0.2594548E+02
    -0.6342108E+01     0.2593933E+02
    -0.6153655E+01     0.2582533E+02
    -0.6138411E+01     0.2581442E+02
    -0.6123827E+01     0.2580671E+02
    -0.6116417E+01     0.2580032E+02
    -0.6102672E+01     0.2579418E+02
    -0.6084089E+01     0.2578225E+02
    -0.6071372E+01     0.2577629E+02
    -0.6066070E+01     0.2577144E+02
    -0.5979635E+01     0.2571860E+02
    -0.5934063E+01     0.2569270E+02
    -0.5859895E+01     0.2564486E+02
    -0.5841222E+01     0.2563542E+02
    -0.5752321E+01     0.2557909E+02
    -0.5569503E+01     0.2546690E+02
    -0.5538249E+01     0.2544568E+02
    -0.5408522E+01     0.2536639E+02
    -0.5405859E+01     0.2536304E+02
    -0.5346469E+01     0.2532570E+02
    -0.5335639E+01     0.2532031E+02
    -0.5162305E+01     0.2520891E+02
    -0.5135983E+01     0.2519388E+02
    -0.5129984E+01     0.2518878E+02
    -0.5034569E+01     0.2512739E+02
    -0.5002093E+01     0.2510862E+02
    -0.5000000E+01     0.2510726E+02
    -0.4942162E+01     0.2506953E+02
    -0.4836942E+01     0.2500279E+02
    -0.4835202E+01     0.2500000E+02
    -0.4835202E+01     0.2500000E+02
    -0.4916700E+01     0.2500000E+02
    -0.5000000E+01     0.2500000E+02
    -0.5002000E+01     0.2500000E+02
    -0.5085300E+01     0.2500000E+02
    -0.5104548E+01     0.2500000E+02
    -0.5112916E+01     0.2500000E+02
    -0.5133019E+01     0.2500000E+02
    -0.5168600E+01     0.2500000E+02
    -0.5251900E+01     0.2500000E+02
    -0.5290636E+01     0.2500000E+02
    -0.5335200E+01     0.2500000E+02
    -0.5376750E+01     0.2500000E+02
    -0.5418500E+01     0.2500000E+02
    -0.5501800E+01     0.2500000E+02
    -0.5585100E+01     0.2500000E+02
    -0.5668400E+01     0.2500000E+02
    -0.5751700E+01     0.2500000E+02
    -0.5780808E+01     0.2500000E+02
    -0.5795485E+01     0.2500000E+02
    -0.5835000E+01     0.2500000E+02
    -0.5882466E+01     0.2500000E+02
    -0.5890710E+01     0.2500000E+02
    -0.5918300E+01     0.2500000E+02
    -0.5946241E+01     0.2500000E+02
    -0.6001600E+01     0.2500000E+02
    -0.6084900E+01     0.2500000E+02
    -0.6148136E+01     0.2500000E+02
    -0.6152740E+01     0.2500000E+02
    -0.6168200E+01     0.2500000E+02
    -0.6251500E+01     0.2500000E+02
    -0.6310313E+01     0.2500000E+02
    -0.6334800E+01     0.2500000E+02
    -0.6418100E+01     0.2500000E+02
    -0.6464501E+01     0.2500000E+02
    -0.6464547E+01     0.2500000E+02
    -0.6473135E+01     0.2500000E+02
    -0.6481393E+01     0.2500000E+02
    -0.6483727E+01     0.2500000E+02
    -0.6501400E+01     0.2500000E+02
    -0.6516986E+01     0.2500000E+02
    -0.6562485E+01     0.2500000E+02
    -0.6564405E+01     0.2500000E+02
    -0.6564405E+01     0.2500000E+02
    -0.6555283E+01     0.2492076E+02
    -0.6552692E+01     0.2488434E+02
    -0.6497154E+01     0.2441217E+02
    -0.6492581E+01     0.2436047E+02
    -0.6486751E+01     0.2431870E+02
    -0.6469214E+01     0.2415138E+02
    -0.6454819E+01     0.2403170E+02
    -0.6451758E+01     0.2400000E+02
    -0.6454702E+01     0.2398238E+02
    -0.6450633E+01     0.2395168E+02
    -0.6452107E+01     0.2394343E+02
    -0.6449602E+01     0.2393885E+02
    -0.6448338E+01     0.2393198E+02
    -0.6442051E+01     0.2387394E+02
    -0.6441119E+01     0.2387012E+02
    -0.6441103E+01     0.2386401E+02
    -0.6437288E+01     0.2383308E+02
    -0.6437695E+01     0.2382964E+02
    -0.6434755E+01     0.2381628E+02
    -0.6432645E+01     0.2380253E+02
    -0.6432614E+01     0.2378955E+02
    -0.6424595E+01     0.2373494E+02
    -0.6422071E+01     0.2372119E+02
    -0.6423300E+01     0.2371431E+02
    -0.6422453E+01     0.2370744E+02
    -0.6420778E+01     0.2370056E+02
    -0.6419932E+01     0.2369369E+02
    -0.6417012E+01     0.2368720E+02
    -0.6418224E+01     0.2367344E+02
    -0.6413018E+01     0.2364694E+02
    -0.6413815E+01     0.2364021E+02
    -0.6406218E+01     0.2357841E+02
    -0.6402643E+01     0.2357070E+02
    -0.6403027E+01     0.2355694E+02
    -0.6401339E+01     0.2354319E+02
    -0.6397995E+01     0.2353097E+02
    -0.6398380E+01     0.2351759E+02
    -0.6396261E+01     0.2349658E+02
    -0.6393349E+01     0.2349124E+02
    -0.6393734E+01     0.2347786E+02
    -0.6386986E+01     0.2342284E+02
    -0.6384061E+01     0.2341024E+02
    -0.6384447E+01     0.2339686E+02
    -0.6382761E+01     0.2338311E+02
    -0.6381095E+01     0.2337890E+02
    -0.6383551E+01     0.2336514E+02
    -0.6382723E+01     0.2336514E+02
    -0.6380228E+01     0.2335980E+02
    -0.6379385E+01     0.2335292E+02
    -0.6376060E+01     0.2334681E+02
    -0.6376045E+01     0.2333993E+02
    -0.6377690E+01     0.2333458E+02
    -0.6376360E+01     0.2332910E+02
    -0.6369699E+01     0.2327267E+02
    -0.6366777E+01     0.2325968E+02
    -0.6367753E+01     0.2325142E+02
    -0.6363961E+01     0.2323064E+02
    -0.6359197E+01     0.2319204E+02
    -0.6355865E+01     0.2318019E+02
    -0.6356674E+01     0.2317064E+02
    -0.6354579E+01     0.2315688E+02
    -0.6351683E+01     0.2315574E+02
    -0.6351663E+01     0.2314503E+02
    -0.6353306E+01     0.2313968E+02
    -0.6350786E+01     0.2311904E+02
    -0.6353235E+01     0.2310298E+02
    -0.6349103E+01     0.2310298E+02
    -0.6345744E+01     0.2307546E+02
    -0.6344080E+01     0.2306935E+02
    -0.6343240E+01     0.2306247E+02
    -0.6343229E+01     0.2305635E+02
    -0.6340712E+01     0.2303571E+02
    -0.6338635E+01     0.2302960E+02
    -0.6338197E+01     0.2301622E+02
    -0.6336367E+01     0.2300082E+02
    -0.6335372E+01     0.2299762E+02
    -0.6333750E+01     0.2297138E+02
    -0.6329391E+01     0.2294148E+02
    -0.6327014E+01     0.2291241E+02
    -0.6324784E+01     0.2290421E+02
    -0.6323936E+01     0.2289121E+02
    -0.6321424E+01     0.2287056E+02
    -0.6321409E+01     0.2286215E+02
    -0.6320168E+01     0.2286024E+02
    -0.6318494E+01     0.2284648E+02
    -0.6318894E+01     0.2283921E+02
    -0.6313874E+01     0.2279792E+02
    -0.6311390E+01     0.2279257E+02
    -0.6311783E+01     0.2278109E+02
    -0.6309688E+01     0.2276044E+02
    -0.6309679E+01     0.2275509E+02
    -0.6307048E+01     0.2273128E+02
    -0.6303016E+01     0.2271456E+02
    -0.6304999E+01     0.2270901E+02
    -0.6297133E+01     0.2264343E+02
    -0.6293382E+01     0.2261628E+02
    -0.6292944E+01     0.2259907E+02
    -0.6290873E+01     0.2259142E+02
    -0.6289204E+01     0.2257766E+02
    -0.6287939E+01     0.2255777E+02
    -0.6287201E+01     0.2255471E+02
    -0.6281365E+01     0.2250652E+02
    -0.6275452E+01     0.2246598E+02
    -0.6273777E+01     0.2244532E+02
    -0.6271288E+01     0.2243155E+02
    -0.6270103E+01     0.2241172E+02
    -0.6267959E+01     0.2240478E+02
    -0.6261025E+01     0.2233116E+02
    -0.6257147E+01     0.2231680E+02
    -0.6258581E+01     0.2231278E+02
    -0.6255466E+01     0.2228849E+02
    -0.6252574E+01     0.2227778E+02
    -0.6252977E+01     0.2227166E+02
    -0.6250484E+01     0.2225100E+02
    -0.6250473E+01     0.2224182E+02
    -0.6249651E+01     0.2224182E+02
    -0.6248410E+01     0.2223494E+02
    -0.6242796E+01     0.2218118E+02
    -0.6239707E+01     0.2217449E+02
    -0.6239685E+01     0.2215612E+02
    -0.6225174E+01     0.2203522E+02
    -0.6224331E+01     0.2201494E+02
    -0.6221444E+01     0.2200155E+02
    -0.6222369E+01     0.2200241E+02
    -0.6219371E+01     0.2198089E+02
    -0.6218535E+01     0.2196749E+02
    -0.6216888E+01     0.2196061E+02
    -0.6215232E+01     0.2194683E+02
    -0.6214811E+01     0.2193574E+02
    -0.6212333E+01     0.2191966E+02
    -0.6209845E+01     0.2189211E+02
    -0.6206537E+01     0.2186456E+02
    -0.6206532E+01     0.2185920E+02
    -0.6205296E+01     0.2185346E+02
    -0.6201577E+01     0.2182246E+02
    -0.6201571E+01     0.2181634E+02
    -0.6199925E+01     0.2180945E+02
    -0.6197031E+01     0.2178228E+02
    -0.6194560E+01     0.2176851E+02
    -0.6187541E+01     0.2170612E+02
    -0.6187535E+01     0.2169923E+02
    -0.6181352E+01     0.2165139E+02
    -0.6179698E+01     0.2163072E+02
    -0.6170220E+01     0.2154767E+02
    -0.6166103E+01     0.2151322E+02
    -0.6164053E+01     0.2150671E+02
    -0.6163225E+01     0.2149293E+02
    -0.6161580E+01     0.2147915E+02
    -0.6159116E+01     0.2146537E+02
    -0.6151712E+01     0.2139647E+02
    -0.6148016E+01     0.2136891E+02
    -0.6147191E+01     0.2135513E+02
    -0.6142267E+01     0.2132067E+02
    -0.6135289E+01     0.2125865E+02
    -0.6135690E+01     0.2124525E+02
    -0.6132824E+01     0.2123147E+02
    -0.6129953E+01     0.2120391E+02
    -0.6127905E+01     0.2119051E+02
    -0.6126674E+01     0.2117673E+02
    -0.6126259E+01     0.2116294E+02
    -0.6124896E+01     0.2115758E+02
    -0.6117069E+01     0.2109173E+02
    -0.6117657E+01     0.2108675E+02
    -0.6116838E+01     0.2107986E+02
    -0.6115203E+01     0.2107297E+02
    -0.6099663E+01     0.2094126E+02
    -0.6097621E+01     0.2092901E+02
    -0.6093291E+01     0.2089148E+02
    -0.6093943E+01     0.2089148E+02
    -0.6091492E+01     0.2086391E+02
    -0.6088637E+01     0.2085013E+02
    -0.6084965E+01     0.2082256E+02
    -0.6080885E+01     0.2078120E+02
    -0.6079255E+01     0.2077431E+02
    -0.6077217E+01     0.2076052E+02
    -0.6075585E+01     0.2073640E+02
    -0.6074363E+01     0.2073295E+02
    -0.6072327E+01     0.2071917E+02
    -0.6071918E+01     0.2070538E+02
    -0.6069067E+01     0.2069160E+02
    -0.6067031E+01     0.2067092E+02
    -0.6063367E+01     0.2064335E+02
    -0.6063774E+01     0.2062956E+02
    -0.6062959E+01     0.2062267E+02
    -0.6060518E+01     0.2061577E+02
    -0.6059705E+01     0.2060888E+02
    -0.6060517E+01     0.2060199E+02
    -0.6058890E+01     0.2058820E+02
    -0.6055962E+01     0.2057993E+02
    -0.6054823E+01     0.2056063E+02
    -0.6050351E+01     0.2052616E+02
    -0.6025995E+01     0.2031859E+02
    -0.6026402E+01     0.2031246E+02
    -0.6004529E+01     0.2015429E+02
    -0.6003316E+01     0.2013897E+02
    -0.5999669E+01     0.2013016E+02
    -0.6003580E+01     0.2012278E+02
    -0.6001427E+01     0.2010442E+02
    -0.6004546E+01     0.2009952E+02
    -0.6000927E+01     0.2009541E+02
    -0.5999212E+01     0.2006607E+02
    -0.5998072E+01     0.2006122E+02
    -0.5998075E+01     0.2005432E+02
    -0.5996456E+01     0.2004819E+02
    -0.5996459E+01     0.2004130E+02
    -0.5998082E+01     0.2003517E+02
    -0.5996462E+01     0.2003134E+02
    -0.5994843E+01     0.2002445E+02
    -0.5994845E+01     0.2001832E+02
    -0.5991727E+01     0.2000000E+02
    -0.5991727E+01     0.2000000E+02
    -0.6001600E+01     0.2000000E+02
    -0.5991724E+01     0.1999998E+02
    -0.5991402E+01     0.1999998E+02
    -0.5991402E+01     0.1999998E+02
    -0.5989592E+01     0.1998232E+02
    -0.5987167E+01     0.1996853E+02
    -0.5985556E+01     0.1994784E+02
    -0.5983536E+01     0.1993444E+02
    -0.5983541E+01     0.1992333E+02
    -0.5976283E+01     0.1985898E+02
    -0.5974262E+01     0.1985285E+02
    -0.5972650E+01     0.1983907E+02
    -0.5974678E+01     0.1983217E+02
    -0.5972913E+01     0.1982827E+02
    -0.5969025E+01     0.1980613E+02
    -0.5967413E+01     0.1979234E+02
    -0.5967417E+01     0.1978621E+02
    -0.5966611E+01     0.1978008E+02
    -0.5964996E+01     0.1977318E+02
    -0.5960169E+01     0.1972492E+02
    -0.5960165E+01     0.1973182E+02
    -0.5956946E+01     0.1970424E+02
    -0.5956951E+01     0.1969581E+02
    -0.5956143E+01     0.1969352E+02
    -0.5952926E+01     0.1966594E+02
    -0.5952931E+01     0.1965828E+02
    -0.5951318E+01     0.1965100E+02
    -0.5948977E+01     0.1963053E+02
    -0.5949721E+01     0.1962074E+02
    -0.5948610E+01     0.1961969E+02
    -0.5940873E+01     0.1955716E+02
    -0.5937652E+01     0.1954183E+02
    -0.5938866E+01     0.1953992E+02
    -0.5937260E+01     0.1952613E+02
    -0.5938482E+01     0.1951273E+02
    -0.5936063E+01     0.1950660E+02
    -0.5934856E+01     0.1949970E+02
    -0.5932453E+01     0.1947251E+02
    -0.5930040E+01     0.1945948E+02
    -0.5924029E+01     0.1940394E+02
    -0.5916810E+01     0.1934955E+02
    -0.5915213E+01     0.1932887E+02
    -0.5912805E+01     0.1931508E+02
    -0.5912414E+01     0.1930129E+02
    -0.5910415E+01     0.1928061E+02
    -0.5906414E+01     0.1924613E+02
    -0.5905210E+01     0.1923924E+02
    -0.5897624E+01     0.1916340E+02
    -0.5896018E+01     0.1915650E+02
    -0.5896029E+01     0.1914578E+02
    -0.5890029E+01     0.1910135E+02
    -0.5887626E+01     0.1908755E+02
    -0.5887230E+01     0.1908066E+02
    -0.5886029E+01     0.1907376E+02
    -0.5885633E+01     0.1906687E+02
    -0.5884433E+01     0.1905998E+02
    -0.5881643E+01     0.1903240E+02
    -0.5878444E+01     0.1901171E+02
    -0.5878859E+01     0.1900099E+02
    -0.5876848E+01     0.1899792E+02
    -0.5876459E+01     0.1898605E+02
    -0.5865703E+01     0.1888915E+02
    -0.5864652E+01     0.1887076E+02
    -0.5862517E+01     0.1886195E+02
    -0.5861728E+01     0.1884893E+02
    -0.5858937E+01     0.1882825E+02
    -0.5857748E+01     0.1881446E+02
    -0.5856550E+01     0.1880757E+02
    -0.5849793E+01     0.1874513E+02
    -0.5849810E+01     0.1873211E+02
    -0.5849015E+01     0.1872522E+02
    -0.5847414E+01     0.1871909E+02
    -0.5843833E+01     0.1869151E+02
    -0.5835498E+01     0.1861568E+02
    -0.5834302E+01     0.1860879E+02
    -0.5831138E+01     0.1857432E+02
    -0.5828356E+01     0.1855363E+02
    -0.5827573E+01     0.1853985E+02
    -0.5825584E+01     0.1852606E+02
    -0.5814097E+01     0.1842303E+02
    -0.5810528E+01     0.1839546E+02
    -0.5808143E+01     0.1838206E+02
    -0.5807358E+01     0.1837057E+02
    -0.5803792E+01     0.1834299E+02
    -0.5801429E+01     0.1831542E+02
    -0.5801439E+01     0.1830929E+02
    -0.5798654E+01     0.1829589E+02
    -0.5798264E+01     0.1828899E+02
    -0.5794701E+01     0.1826142E+02
    -0.5786812E+01     0.1818560E+02
    -0.5785732E+01     0.1816607E+02
    -0.5781297E+01     0.1813083E+02
    -0.5780518E+01     0.1811782E+02
    -0.5771052E+01     0.1803587E+02
    -0.5769088E+01     0.1801519E+02
    -0.5767500E+01     0.1800830E+02
    -0.5765510E+01     0.1800255E+02
    -0.5765910E+01     0.1800217E+02
    -0.5766323E+01     0.1799528E+02
    -0.5764747E+01     0.1798149E+02
    -0.5764387E+01     0.1795929E+02
    -0.5761994E+01     0.1795507E+02
    -0.5761220E+01     0.1794129E+02
    -0.5759642E+01     0.1792942E+02
    -0.5759657E+01     0.1792100E+02
    -0.5758064E+01     0.1791717E+02
    -0.5750995E+01     0.1784901E+02
    -0.5749013E+01     0.1783982E+02
    -0.5747055E+01     0.1781914E+02
    -0.5747084E+01     0.1780383E+02
    -0.5745096E+01     0.1779847E+02
    -0.5743524E+01     0.1778468E+02
    -0.5743136E+01     0.1777856E+02
    -0.5743953E+01     0.1776937E+02
    -0.5742974E+01     0.1776702E+02
    -0.5735956E+01     0.1770543E+02
    -0.5733705E+01     0.1769892E+02
    -0.5732933E+01     0.1768590E+02
    -0.5730578E+01     0.1766523E+02
    -0.5729812E+01     0.1764915E+02
    -0.5729015E+01     0.1764838E+02
    -0.5726661E+01     0.1762771E+02
    -0.5725076E+01     0.1762235E+02
    -0.5724304E+01     0.1760933E+02
    -0.5717245E+01     0.1754928E+02
    -0.5717268E+01     0.1753813E+02
    -0.5715206E+01     0.1753215E+02
    -0.5710533E+01     0.1749568E+02
    -0.5710254E+01     0.1749294E+02
    -0.5699254E+01     0.1738500E+02
    -0.5697285E+01     0.1737351E+02
    -0.5695345E+01     0.1734978E+02
    -0.5691434E+01     0.1731724E+02
    -0.5691451E+01     0.1730997E+02
    -0.5688310E+01     0.1728930E+02
    -0.5687545E+01     0.1727552E+02
    -0.5686365E+01     0.1726863E+02
    -0.5682860E+01     0.1723418E+02
    -0.5682872E+01     0.1722883E+02
    -0.5678957E+01     0.1720012E+02
    -0.5678972E+01     0.1719361E+02
    -0.5677008E+01     0.1718213E+02
    -0.5675065E+01     0.1716223E+02
    -0.5675081E+01     0.1715572E+02
    -0.5668831E+01     0.1710558E+02
    -0.5666507E+01     0.1707956E+02
    -0.5658338E+01     0.1700378E+02
    -0.5659539E+01     0.1700072E+02
    -0.5659548E+01     0.1699690E+02
    -0.5658768E+01     0.1699077E+02
    -0.5656397E+01     0.1698465E+02
    -0.5652489E+01     0.1695709E+02
    -0.5648601E+01     0.1692265E+02
    -0.5648617E+01     0.1691653E+02
    -0.5645875E+01     0.1690045E+02
    -0.5643936E+01     0.1688132E+02
    -0.5602800E+01     0.1649943E+02
    -0.5327115E+01     0.1633314E+02
    -0.5397524E+01     0.1600000E+02
    -0.5415249E+01     0.1591930E+02
    -0.5442328E+01     0.1579591E+02
    -0.5446871E+01     0.1577520E+02
    -0.5450137E+01     0.1576677E+02
    -0.5451057E+01     0.1575715E+02
    -0.5469754E+01     0.1567274E+02
    -0.5497056E+01     0.1554936E+02
    -0.5506424E+01     0.1550797E+02
    -0.5510069E+01     0.1550541E+02
    -0.5514932E+01     0.1550192E+02
    -0.5541174E+01     0.1550168E+02
    -0.5553307E+01     0.1550063E+02
    -0.5585583E+01     0.1550030E+02
    -0.5597116E+01     0.1549938E+02
    -0.5659411E+01     0.1549954E+02
    -0.5688292E+01     0.1549961E+02
    -0.5772862E+01     0.1549853E+02
    -0.5789539E+01     0.1549748E+02
    -0.5808906E+01     0.1549626E+02
    -0.5919664E+01     0.1549532E+02
    -0.5998633E+01     0.1549463E+02
    -0.5998616E+01     0.1549554E+02
    -0.6006455E+01     0.1549431E+02
    -0.6048757E+01     0.1549511E+02
    -0.6076765E+01     0.1549563E+02
    -0.6112552E+01     0.1549423E+02
    -0.6137632E+01     0.1549538E+02
    -0.6153997E+01     0.1549407E+02
    -0.6157294E+01     0.1549505E+02
    -0.6178656E+01     0.1549522E+02
    -0.6308822E+01     0.1549618E+02
    -0.6373479E+01     0.1549664E+02
    -0.6380141E+01     0.1549492E+02
    -0.6392904E+01     0.1549629E+02
    -0.6438680E+01     0.1549652E+02
    -0.6448551E+01     0.1549657E+02
    -0.6451832E+01     0.1549847E+02
    -0.6455657E+01     0.1549647E+02
    -0.6567786E+01     0.1549748E+02
    -0.6569547E+01     0.1549749E+02
    -0.6572179E+01     0.1549593E+02
    -0.6578073E+01     0.1549741E+02
    -0.6668533E+01     0.1549754E+02
    -0.6697290E+01     0.1549855E+02
    -0.6718235E+01     0.1549928E+02
    -0.6730095E+01     0.1549809E+02
    -0.6752338E+01     0.1549914E+02
    -0.6827350E+01     0.1549807E+02
    -0.6903460E+01     0.1549697E+02
    -0.6957512E+01     0.1549718E+02
    -0.7087681E+01     0.1549765E+02
    -0.7139070E+01     0.1549782E+02
    -0.7143134E+01     0.1549535E+02
    -0.7152140E+01     0.1549480E+02
    -0.7162274E+01     0.1549793E+02
    -0.7216599E+01     0.1549826E+02
    -0.7294875E+01     0.1549871E+02
    -0.7346768E+01     0.1549887E+02
    -0.7476939E+01     0.1549920E+02
    -0.7607111E+01     0.1549948E+02
    -0.7639412E+01     0.1549954E+02
    -0.7647951E+01     0.1549850E+02
    -0.7667353E+01     0.1549968E+02
    -0.7675895E+01     0.1549841E+02
    -0.7737078E+01     0.1549868E+02
    -0.7785053E+01     0.1549889E+02
    -0.7867239E+01     0.1549770E+02
    -0.7904421E+01     0.1549715E+02
    -0.7972369E+01     0.1549820E+02
    -0.7984472E+01     0.1549605E+02
    -0.7992266E+01     0.1549775E+02
    -0.7997001E+01     0.1549776E+02
    -0.8058805E+01     0.1549785E+02
    -0.8067108E+01     0.1549656E+02
    -0.8096457E+01     0.1549759E+02
    -0.8107844E+01     0.1549589E+02
    -0.8110664E+01     0.1549776E+02
    -0.8126317E+01     0.1549769E+02
    -0.8244932E+01     0.1549720E+02
    -0.8256341E+01     0.1549889E+02
    -0.8266953E+01     0.1549744E+02
    -0.8358587E+01     0.1549773E+02
    -0.8386263E+01     0.1549500E+02
    -0.8387484E+01     0.1549712E+02
    -0.8397807E+01     0.1549740E+02
    -0.8401213E+01     0.1549749E+02
    -0.8414958E+01     0.1549649E+02
    -0.8414948E+01     0.1549741E+02
    -0.8431282E+01     0.1549781E+02
    -0.8520077E+01     0.1549802E+02
    -0.8526896E+01     0.1549701E+02
    -0.8531697E+01     0.1549630E+02
    -0.8593723E+01     0.1549760E+02
    -0.8602233E+01     0.1549906E+02
    -0.8607695E+01     0.1549751E+02
    -0.8656633E+01     0.1549767E+02
    -0.8786803E+01     0.1549806E+02
    -0.8862237E+01     0.1549826E+02
    -0.8898721E+01     0.1549628E+02
    -0.8916912E+01     0.1549668E+02
    -0.8967849E+01     0.1549779E+02
    -0.8970939E+01     0.1549644E+02
    -0.8987505E+01     0.1549750E+02
    -0.9046734E+01     0.1549737E+02
    -0.9119162E+01     0.1549719E+02
    -0.9123889E+01     0.1549815E+02
    -0.9134318E+01     0.1549685E+02
    -0.9176714E+01     0.1549630E+02
    -0.9200625E+01     0.1549599E+02
    -0.9306881E+01     0.1549621E+02
    -0.9328486E+01     0.1549625E+02
    -0.9334036E+01     0.1551465E+02
    -0.9334676E+01     0.1552429E+02
    -0.9332460E+01     0.1556858E+02
    -0.9326217E+01     0.1560007E+02
    -0.9319920E+01     0.1563183E+02
    -0.9311138E+01     0.1566620E+02
    -0.9312736E+01     0.1567470E+02
    -0.9332037E+01     0.1569228E+02
    -0.9350760E+01     0.1567636E+02
    -0.9364698E+01     0.1566451E+02
    -0.9419562E+01     0.1561119E+02
    -0.9442870E+01     0.1559758E+02
    -0.9441355E+01     0.1559118E+02
    -0.9439679E+01     0.1558987E+02
    -0.9437366E+01     0.1558274E+02
    -0.9438021E+01     0.1557820E+02
    -0.9438372E+01     0.1557713E+02
    -0.9424738E+01     0.1551495E+02
    -0.9408667E+01     0.1544126E+02
    -0.9408240E+01     0.1543437E+02
    -0.9453575E+01     0.1543319E+02
    -0.9464118E+01     0.1543291E+02
    -0.9475474E+01     0.1543391E+02
    -0.9542251E+01     0.1543090E+02
    -0.9549580E+01     0.1543255E+02
    -0.9559060E+01     0.1543078E+02
    -0.9583213E+01     0.1543021E+02
    -0.9697563E+01     0.1542749E+02
    -0.9703969E+01     0.1542500E+02
    -0.9706091E+01     0.1541667E+02
    -0.9706680E+01     0.1541008E+02
    -0.9712429E+01     0.1540482E+02
    -0.9716089E+01     0.1540287E+02
    -0.9731228E+01     0.1540365E+02
    -0.9751679E+01     0.1540847E+02
    -0.9756680E+01     0.1540078E+02
    -0.9767128E+01     0.1539093E+02
    -0.9793501E+01     0.1537271E+02
    -0.9801324E+01     0.1537046E+02
    -0.9811294E+01     0.1536501E+02
    -0.9830958E+01     0.1536098E+02
    -0.9834475E+01     0.1536085E+02
    -0.9862914E+01     0.1535977E+02
    -0.9883960E+01     0.1536310E+02
    -0.9900261E+01     0.1536869E+02
    -0.9922482E+01     0.1537386E+02
    -0.9927708E+01     0.1536998E+02
    -0.9934336E+01     0.1536979E+02
    -0.9960488E+01     0.1536339E+02
    -0.9965613E+01     0.1536214E+02
    -0.9998300E+01     0.1535656E+02
    -0.1000000E+02     0.1535664E+02
    -0.1003947E+02     0.1535859E+02
    -0.1008822E+02     0.1535812E+02
    -0.1008984E+02     0.1535846E+02
    -0.1013149E+02     0.1536704E+02
    -0.1018207E+02     0.1538470E+02
    -0.1021326E+02     0.1539726E+02
    -0.1022413E+02     0.1540163E+02
    -0.1023288E+02     0.1540281E+02
    -0.1023926E+02     0.1540605E+02
    -0.1025274E+02     0.1540978E+02
    -0.1025651E+02     0.1541324E+02
    -0.1026787E+02     0.1541351E+02
    -0.1032060E+02     0.1543116E+02
    -0.1033639E+02     0.1543351E+02
    -0.1034799E+02     0.1543127E+02
    -0.1037071E+02     0.1543182E+02
    -0.1038229E+02     0.1543462E+02
    -0.1038370E+02     0.1543715E+02
    -0.1039410E+02     0.1543926E+02
    -0.1040661E+02     0.1543663E+02
    -0.1041858E+02     0.1543862E+02
    -0.1045811E+02     0.1543737E+02
    -0.1045952E+02     0.1543773E+02
    -0.1046994E+02     0.1544039E+02
    -0.1049480E+02     0.1544047E+02
    -0.1050001E+02     0.1543911E+02
    -0.1050758E+02     0.1544005E+02
    -0.1053008E+02     0.1543598E+02
    -0.1056252E+02     0.1543263E+02
    -0.1056940E+02     0.1542967E+02
    -0.1058768E+02     0.1542733E+02
    -0.1059060E+02     0.1542418E+02
    -0.1059674E+02     0.1542142E+02
    -0.1062585E+02     0.1542220E+02
    -0.1063319E+02     0.1542016E+02
    -0.1064291E+02     0.1541285E+02
    -0.1064504E+02     0.1541308E+02
    -0.1064504E+02     0.1541308E+02
    -0.1065575E+02     0.1540595E+02
    -0.1066428E+02     0.1540460E+02
    -0.1066965E+02     0.1541412E+02
    -0.1068008E+02     0.1542754E+02
    -0.1068765E+02     0.1543356E+02
    -0.1069381E+02     0.1543359E+02
    -0.1071319E+02     0.1543844E+02
    -0.1072423E+02     0.1543658E+02
    -0.1072804E+02     0.1543239E+02
    -0.1072949E+02     0.1542436E+02
    -0.1072647E+02     0.1540598E+02
    -0.1072362E+02     0.1540068E+02
    -0.1072225E+02     0.1539501E+02
    -0.1072225E+02     0.1539501E+02
    -0.1072060E+02     0.1538806E+02
    -0.1072041E+02     0.1537382E+02
    -0.1071875E+02     0.1537313E+02
    -0.1071782E+02     0.1536762E+02
    -0.1072399E+02     0.1536121E+02
    -0.1072689E+02     0.1534919E+02
    -0.1074324E+02     0.1533211E+02
    -0.1074750E+02     0.1533097E+02
    -0.1074986E+02     0.1533258E+02
    -0.1076170E+02     0.1533009E+02
    -0.1077589E+02     0.1531993E+02
    -0.1077687E+02     0.1531865E+02
    -0.1077809E+02     0.1530626E+02
    -0.1078046E+02     0.1530328E+02
    -0.1078756E+02     0.1530284E+02
    -0.1079488E+02     0.1530584E+02
    -0.1079819E+02     0.1530516E+02
    -0.1080001E+02     0.1530291E+02
    -0.1080582E+02     0.1529568E+02
    -0.1080582E+02     0.1529568E+02
    -0.1082287E+02     0.1527446E+02
    -0.1082927E+02     0.1526897E+02
    -0.1082484E+02     0.1524393E+02
    -0.1083508E+02     0.1521778E+02
    -0.1083911E+02     0.1521411E+02
    -0.1083911E+02     0.1521411E+02
    -0.1084289E+02     0.1520979E+02
    -0.1085662E+02     0.1520612E+02
    -0.1085662E+02     0.1520612E+02
    -0.1087393E+02     0.1518915E+02
    -0.1087393E+02     0.1518915E+02
    -0.1087357E+02     0.1517803E+02
    -0.1087661E+02     0.1514975E+02
    -0.1087955E+02     0.1514055E+02
    -0.1087960E+02     0.1513035E+02
    -0.1088517E+02     0.1512573E+02
    -0.1088517E+02     0.1512573E+02
    -0.1089552E+02     0.1510610E+02
    -0.1090292E+02     0.1510362E+02
    -0.1090532E+02     0.1510887E+02
    -0.1091239E+02     0.1511578E+02
    -0.1091568E+02     0.1512359E+02
    -0.1092087E+02     0.1512842E+02
    -0.1092817E+02     0.1514291E+02
    -0.1094469E+02     0.1515420E+02
    -0.1094604E+02     0.1516488E+02
    -0.1094562E+02     0.1516989E+02
    -0.1095484E+02     0.1517565E+02
    -0.1096830E+02     0.1518921E+02
    -0.1099853E+02     0.1523816E+02
    -0.1101035E+02     0.1524713E+02
    -0.1101484E+02     0.1524782E+02
    -0.1102835E+02     0.1525641E+02
    -0.1103257E+02     0.1525910E+02
    -0.1104463E+02     0.1526875E+02
    -0.1106046E+02     0.1529104E+02
    -0.1107465E+02     0.1530391E+02
    -0.1112509E+02     0.1533902E+02
    -0.1113875E+02     0.1534851E+02
    -0.1114253E+02     0.1534943E+02
    -0.1117708E+02     0.1537287E+02
    -0.1120026E+02     0.1539424E+02
    -0.1121044E+02     0.1540044E+02
    -0.1123235E+02     0.1540798E+02
    -0.1124050E+02     0.1541079E+02
    -0.1125375E+02     0.1542021E+02
    -0.1128240E+02     0.1544524E+02
    -0.1129116E+02     0.1545465E+02
    -0.1131389E+02     0.1549023E+02
    -0.1131863E+02     0.1549735E+02
    -0.1132834E+02     0.1550676E+02
    -0.1136268E+02     0.1552582E+02
    -0.1136837E+02     0.1554234E+02
    -0.1136861E+02     0.1556897E+02
    -0.1137098E+02     0.1557448E+02
    -0.1138241E+02     0.1558607E+02
    -0.1138615E+02     0.1558985E+02
    -0.1139847E+02     0.1560684E+02
    -0.1141151E+02     0.1563047E+02
    -0.1142218E+02     0.1564103E+02
    -0.1142882E+02     0.1564539E+02
    -0.1148125E+02     0.1564348E+02
    -0.1149894E+02     0.1564284E+02
    -0.1151102E+02     0.1563778E+02
    -0.1150295E+02     0.1562241E+02
    -0.1150231E+02     0.1561876E+02
    -0.1151751E+02     0.1560825E+02
    -0.1152579E+02     0.1560642E+02
    -0.1154639E+02     0.1558857E+02
    -0.1154639E+02     0.1558857E+02
    -0.1155226E+02     0.1558334E+02
    -0.1155965E+02     0.1557842E+02
    -0.1156747E+02     0.1557635E+02
    -0.1156983E+02     0.1557084E+02
    -0.1157220E+02     0.1555615E+02
    -0.1156912E+02     0.1554972E+02
    -0.1157125E+02     0.1554261E+02
    -0.1157716E+02     0.1553756E+02
    -0.1158782E+02     0.1553251E+02
    -0.1159539E+02     0.1553113E+02
    -0.1160084E+02     0.1552906E+02
    -0.1161954E+02     0.1553044E+02
    -0.1162853E+02     0.1552217E+02
    -0.1164628E+02     0.1552079E+02
    -0.1165362E+02     0.1552239E+02
    -0.1166414E+02     0.1553165E+02
    -0.1166926E+02     0.1553616E+02
    -0.1167920E+02     0.1553225E+02
    -0.1167920E+02     0.1553225E+02
    -0.1170382E+02     0.1553247E+02
    -0.1170500E+02     0.1553614E+02
    -0.1171187E+02     0.1553751E+02
    -0.1171470E+02     0.1552649E+02
    -0.1171463E+02     0.1549442E+02
    -0.1171491E+02     0.1548747E+02
    -0.1171727E+02     0.1548311E+02
    -0.1172177E+02     0.1547897E+02
    -0.1173620E+02     0.1547345E+02
    -0.1174235E+02     0.1546771E+02
    -0.1174731E+02     0.1545623E+02
    -0.1174953E+02     0.1544292E+02
    -0.1175295E+02     0.1541146E+02
    -0.1175720E+02     0.1540503E+02
    -0.1175720E+02     0.1540503E+02
    -0.1175648E+02     0.1539401E+02
    -0.1177110E+02     0.1533706E+02
    -0.1178622E+02     0.1532144E+02
    -0.1179732E+02     0.1530467E+02
    -0.1180533E+02     0.1527757E+02
    -0.1180697E+02     0.1526035E+02
    -0.1180482E+02     0.1524198E+02
    -0.1180670E+02     0.1523256E+02
    -0.1181330E+02     0.1521580E+02
    -0.1182251E+02     0.1520063E+02
    -0.1183219E+02     0.1518914E+02
    -0.1183319E+02     0.1518708E+02
    -0.1183667E+02     0.1517995E+02
    -0.1183808E+02     0.1517191E+02
    -0.1183617E+02     0.1516342E+02
    -0.1183215E+02     0.1515584E+02
    -0.1181984E+02     0.1514736E+02
    -0.1181700E+02     0.1514139E+02
    -0.1181629E+02     0.1513565E+02
    -0.1181958E+02     0.1512761E+02
    -0.1183399E+02     0.1511634E+02
    -0.1183848E+02     0.1511198E+02
    -0.1184720E+02     0.1509153E+02
    -0.1184601E+02     0.1508740E+02
    -0.1184270E+02     0.1508350E+02
    -0.1183773E+02     0.1508098E+02
    -0.1183489E+02     0.1507570E+02
    -0.1183465E+02     0.1507110E+02
    -0.1183772E+02     0.1506539E+02
    -0.1183772E+02     0.1506539E+02
    -0.1184690E+02     0.1504836E+02
    -0.1184335E+02     0.1504147E+02
    -0.1183791E+02     0.1503734E+02
    -0.1183224E+02     0.1503712E+02
    -0.1182799E+02     0.1503942E+02
    -0.1182162E+02     0.1504585E+02
    -0.1181453E+02     0.1504678E+02
    -0.1180153E+02     0.1504381E+02
    -0.1179229E+02     0.1502521E+02
    -0.1179300E+02     0.1501947E+02
    -0.1179959E+02     0.1500000E+02
    -0.1180148E+02     0.1499443E+02
    -0.1180688E+02     0.1496594E+02
    -0.1181378E+02     0.1494404E+02
    -0.1181378E+02     0.1494404E+02
    -0.1181531E+02     0.1493906E+02
    -0.1181699E+02     0.1492895E+02
    -0.1181533E+02     0.1492229E+02
    -0.1180610E+02     0.1490163E+02
    -0.1180774E+02     0.1489681E+02
    -0.1181270E+02     0.1489290E+02
    -0.1182687E+02     0.1488852E+02
    -0.1183182E+02     0.1488530E+02
    -0.1183559E+02     0.1488024E+02
    -0.1184738E+02     0.1486599E+02
    -0.1186932E+02     0.1484437E+02
    -0.1190683E+02     0.1482158E+02
    -0.1191981E+02     0.1481789E+02
    -0.1193043E+02     0.1481673E+02
    -0.1193680E+02     0.1481374E+02
    -0.1193915E+02     0.1481023E+02
    -0.1194033E+02     0.1480845E+02
    -0.1194432E+02     0.1479006E+02
    -0.1194808E+02     0.1478317E+02
    -0.1195610E+02     0.1477557E+02
    -0.1197893E+02     0.1476156E+02
    -0.1197893E+02     0.1476156E+02
    -0.1199124E+02     0.1475990E+02
    -0.1200022E+02     0.1476287E+02
    -0.1200754E+02     0.1476286E+02
    -0.1202287E+02     0.1475870E+02
    -0.1203987E+02     0.1475959E+02
    -0.1204718E+02     0.1475820E+02
    -0.1204977E+02     0.1475176E+02
    -0.1204455E+02     0.1473960E+02
    -0.1204971E+02     0.1472328E+02
    -0.1205442E+02     0.1471798E+02
    -0.1205699E+02     0.1471555E+02
    -0.1206208E+02     0.1471720E+02
    -0.1211181E+02     0.1474531E+02
    -0.1212236E+02     0.1476056E+02
    -0.1212819E+02     0.1476899E+02
    -0.1213610E+02     0.1477284E+02
    -0.1214572E+02     0.1477395E+02
    -0.1215307E+02     0.1477231E+02
    -0.1218023E+02     0.1475802E+02
    -0.1220568E+02     0.1475858E+02
    -0.1222095E+02     0.1475694E+02
    -0.1223622E+02     0.1475805E+02
    -0.1224192E+02     0.1476061E+02
    -0.1225092E+02     0.1476465E+02
    -0.1226223E+02     0.1476741E+02
    -0.1228655E+02     0.1477787E+02
    -0.1230294E+02     0.1479328E+02
    -0.1232038E+02     0.1481178E+02
    -0.1232783E+02     0.1481969E+02
    -0.1233631E+02     0.1482465E+02
    -0.1236403E+02     0.1482850E+02
    -0.1238836E+02     0.1483895E+02
    -0.1240306E+02     0.1484775E+02
    -0.1243192E+02     0.1487036E+02
    -0.1243192E+02     0.1487036E+02
    -0.1244136E+02     0.1488059E+02
    -0.1245116E+02     0.1489120E+02
    -0.1245286E+02     0.1489615E+02
    -0.1245967E+02     0.1495502E+02
    -0.1246873E+02     0.1498527E+02
    -0.1247383E+02     0.1499297E+02
    -0.1247834E+02     0.1499828E+02
    -0.1247979E+02     0.1500000E+02
    -0.1248176E+02     0.1500232E+02
    -0.1249308E+02     0.1501001E+02
    -0.1250327E+02     0.1501386E+02
    -0.1253555E+02     0.1502099E+02
    -0.1255367E+02     0.1502868E+02
    -0.1255990E+02     0.1503308E+02
    -0.1258794E+02     0.1505973E+02
    -0.1258794E+02     0.1505973E+02
    -0.1259642E+02     0.1506819E+02
    -0.1261797E+02     0.1508309E+02
    -0.1263814E+02     0.1509118E+02
    -0.1265762E+02     0.1509900E+02
    -0.1266640E+02     0.1510036E+02
    -0.1267971E+02     0.1509760E+02
    -0.1268451E+02     0.1509237E+02
    -0.1268649E+02     0.1508356E+02
    -0.1268903E+02     0.1507971E+02
    -0.1269158E+02     0.1508053E+02
    -0.1270178E+02     0.1509180E+02
    -0.1271453E+02     0.1509756E+02
    -0.1273040E+02     0.1510854E+02
    -0.1274036E+02     0.1511740E+02
    -0.1274036E+02     0.1511740E+02
    -0.1275535E+02     0.1512940E+02
    -0.1276697E+02     0.1513626E+02
    -0.1278000E+02     0.1514092E+02
    -0.1278850E+02     0.1514668E+02
    -0.1279163E+02     0.1515108E+02
    -0.1279249E+02     0.1516317E+02
    -0.1279136E+02     0.1518066E+02
    -0.1279056E+02     0.1519315E+02
    -0.1279425E+02     0.1520195E+02
    -0.1280305E+02     0.1520991E+02
    -0.1281098E+02     0.1521237E+02
    -0.1281891E+02     0.1521071E+02
    -0.1282740E+02     0.1520629E+02
    -0.1283815E+02     0.1519665E+02
    -0.1284608E+02     0.1519499E+02
    -0.1284976E+02     0.1519828E+02
    -0.1286056E+02     0.1521696E+02
    -0.1287418E+02     0.1523041E+02
    -0.1289517E+02     0.1524412E+02
    -0.1289915E+02     0.1525264E+02
    -0.1289832E+02     0.1526034E+02
    -0.1289238E+02     0.1526530E+02
    -0.1288530E+02     0.1526641E+02
    -0.1286660E+02     0.1525632E+02
    -0.1286660E+02     0.1525632E+02
    -0.1285467E+02     0.1525300E+02
    -0.1284744E+02     0.1525611E+02
    -0.1284505E+02     0.1525714E+02
    -0.1283883E+02     0.1526650E+02
    -0.1283687E+02     0.1528053E+02
    -0.1284001E+02     0.1529234E+02
    -0.1284569E+02     0.1530223E+02
    -0.1286528E+02     0.1532199E+02
    -0.1288825E+02     0.1533240E+02
    -0.1290328E+02     0.1533650E+02
    -0.1291165E+02     0.1533690E+02
    -0.1291165E+02     0.1533690E+02
    -0.1292284E+02     0.1534058E+02
    -0.1294328E+02     0.1535731E+02
    -0.1294643E+02     0.1537133E+02
    -0.1294846E+02     0.1539222E+02
    -0.1294791E+02     0.1540157E+02
    -0.1294171E+02     0.1541670E+02
    -0.1293040E+02     0.1543047E+02
    -0.1293040E+02     0.1543460E+02
    -0.1293381E+02     0.1543899E+02
    -0.1293437E+02     0.1543924E+02
    -0.1293864E+02     0.1544118E+02
    -0.1294998E+02     0.1544033E+02
    -0.1296019E+02     0.1544443E+02
    -0.1296361E+02     0.1545432E+02
    -0.1296025E+02     0.1547028E+02
    -0.1296538E+02     0.1548346E+02
    -0.1296313E+02     0.1549419E+02
    -0.1296428E+02     0.1549913E+02
    -0.1296854E+02     0.1550132E+02
    -0.1298355E+02     0.1549332E+02
    -0.1299914E+02     0.1549136E+02
    -0.1300537E+02     0.1548887E+02
    -0.1300537E+02     0.1548887E+02
    -0.1302094E+02     0.1547756E+02
    -0.1304644E+02     0.1547145E+02
    -0.1306006E+02     0.1547279E+02
    -0.1307323E+02     0.1547873E+02
    -0.1309816E+02     0.1549259E+02
    -0.1310393E+02     0.1550000E+02
    -0.1310491E+02     0.1551021E+02
    -0.1310349E+02     0.1551671E+02
    -0.1309174E+02     0.1554408E+02
    -0.1309174E+02     0.1554408E+02
    -0.1309211E+02     0.1555572E+02
    -0.1309692E+02     0.1556453E+02
    -0.1309502E+02     0.1557196E+02
    -0.1309695E+02     0.1557706E+02
    -0.1311739E+02     0.1558689E+02
    -0.1316025E+02     0.1560751E+02
    -0.1318328E+02     0.1562044E+02
    -0.1319238E+02     0.1562181E+02
    -0.1320196E+02     0.1562085E+02
    -0.1322060E+02     0.1560687E+02
    -0.1322683E+02     0.1560871E+02
    -0.1323192E+02     0.1561312E+02
    -0.1323643E+02     0.1561703E+02
    -0.1324993E+02     0.1564391E+02
    -0.1325526E+02     0.1566199E+02
    -0.1325480E+02     0.1566802E+02
    -0.1325099E+02     0.1567360E+02
    -0.1324380E+02     0.1567455E+02
    -0.1323037E+02     0.1566949E+02
    -0.1322368E+02     0.1567322E+02
    -0.1321699E+02     0.1568067E+02
    -0.1321510E+02     0.1568903E+02
    -0.1321608E+02     0.1569366E+02
    -0.1322173E+02     0.1569842E+02
    -0.1322173E+02     0.1569842E+02
    -0.1323308E+02     0.1570818E+02
    -0.1329151E+02     0.1575839E+02
    -0.1329683E+02     0.1577182E+02
    -0.1329399E+02     0.1578065E+02
    -0.1329017E+02     0.1578530E+02
    -0.1328442E+02     0.1578671E+02
    -0.1327674E+02     0.1578349E+02
    -0.1327195E+02     0.1578397E+02
    -0.1327144E+02     0.1578634E+02
    -0.1328871E+02     0.1580193E+02
    -0.1328871E+02     0.1580193E+02
    -0.1330019E+02     0.1581444E+02
    -0.1330635E+02     0.1583123E+02
    -0.1330873E+02     0.1584123E+02
    -0.1330504E+02     0.1586079E+02
    -0.1331071E+02     0.1586941E+02
    -0.1331778E+02     0.1587575E+02
    -0.1332139E+02     0.1587713E+02
    -0.1332719E+02     0.1587935E+02
    -0.1333332E+02     0.1588615E+02
    -0.1333569E+02     0.1589296E+02
    -0.1333197E+02     0.1590252E+02
    -0.1332167E+02     0.1591438E+02
    -0.1332687E+02     0.1592163E+02
    -0.1335749E+02     0.1594562E+02
    -0.1336648E+02     0.1596195E+02
    -0.1337404E+02     0.1597238E+02
    -0.1337404E+02     0.1597238E+02
    -0.1337489E+02     0.1599538E+02
    -0.1337506E+02     0.1600000E+02
    -0.1337246E+02     0.1600500E+02
    -0.1337462E+02     0.1601239E+02
    -0.1337484E+02     0.1602111E+02
    -0.1336974E+02     0.1604208E+02
    -0.1337095E+02     0.1604969E+02
    -0.1337390E+02     0.1605435E+02
    -0.1340345E+02     0.1606660E+02
    -0.1343400E+02     0.1607726E+02
    -0.1343563E+02     0.1607838E+02
    -0.1344308E+02     0.1608346E+02
    -0.1344652E+02     0.1608745E+02
    -0.1345275E+02     0.1610253E+02
    -0.1345761E+02     0.1610701E+02
    -0.1346499E+02     0.1610606E+02
    -0.1347078E+02     0.1610276E+02
    -0.1348169E+02     0.1608607E+02
    -0.1348850E+02     0.1607982E+02
    -0.1349703E+02     0.1608050E+02
    -0.1350748E+02     0.1608880E+02
    -0.1351155E+02     0.1609601E+02
    -0.1351122E+02     0.1609945E+02
    -0.1350598E+02     0.1610849E+02
    -0.1350318E+02     0.1611066E+02
    -0.1349192E+02     0.1611937E+02
    -0.1347831E+02     0.1612223E+02
    -0.1347110E+02     0.1612548E+02
    -0.1346831E+02     0.1613161E+02
    -0.1347149E+02     0.1613696E+02
    -0.1348146E+02     0.1614548E+02
    -0.1348572E+02     0.1614605E+02
    -0.1350607E+02     0.1613120E+02
    -0.1351350E+02     0.1612864E+02
    -0.1352730E+02     0.1612739E+02
    -0.1354993E+02     0.1613324E+02
    -0.1356577E+02     0.1613525E+02
    -0.1357670E+02     0.1613507E+02
    -0.1358968E+02     0.1612920E+02
    -0.1359048E+02     0.1612868E+02
    -0.1360924E+02     0.1611661E+02
    -0.1362170E+02     0.1611234E+02
    -0.1362871E+02     0.1610769E+02
    -0.1363685E+02     0.1610492E+02
    -0.1365386E+02     0.1610786E+02
    -0.1366129E+02     0.1610529E+02
    -0.1367723E+02     0.1609468E+02
    -0.1368455E+02     0.1609600E+02
    -0.1369129E+02     0.1610144E+02
    -0.1370137E+02     0.1611446E+02
    -0.1370759E+02     0.1612249E+02
    -0.1371188E+02     0.1613062E+02
    -0.1371318E+02     0.1613524E+02
    -0.1370893E+02     0.1614363E+02
    -0.1369914E+02     0.1615486E+02
    -0.1369754E+02     0.1616124E+02
    -0.1369777E+02     0.1617043E+02
    -0.1370098E+02     0.1617486E+02
    -0.1370797E+02     0.1617985E+02
    -0.1371555E+02     0.1618073E+02
    -0.1372524E+02     0.1617316E+02
    -0.1373803E+02     0.1615627E+02
    -0.1374534E+02     0.1614933E+02
    -0.1376280E+02     0.1614425E+02
    -0.1378846E+02     0.1614326E+02
    -0.1380540E+02     0.1613977E+02
    -0.1381426E+02     0.1613677E+02
    -0.1381814E+02     0.1613365E+02
    -0.1383248E+02     0.1612069E+02
    -0.1383995E+02     0.1610710E+02
    -0.1384507E+02     0.1611089E+02
    -0.1384714E+02     0.1612287E+02
    -0.1384897E+02     0.1612567E+02
    -0.1385861E+02     0.1612910E+02
    -0.1386217E+02     0.1613859E+02
    -0.1386998E+02     0.1614864E+02
    -0.1387257E+02     0.1615903E+02
    -0.1387143E+02     0.1616657E+02
    -0.1386692E+02     0.1617695E+02
    -0.1386607E+02     0.1618251E+02
    -0.1386731E+02     0.1618850E+02
    -0.1387260E+02     0.1619504E+02
    -0.1387708E+02     0.1619653E+02
    -0.1388278E+02     0.1619643E+02
    -0.1389061E+02     0.1619441E+02
    -0.1389664E+02     0.1619286E+02
    -0.1390249E+02     0.1619643E+02
    -0.1390821E+02     0.1620483E+02
    -0.1391143E+02     0.1621867E+02
    -0.1391008E+02     0.1622506E+02
    -0.1391186E+02     0.1622969E+02
    -0.1391561E+02     0.1623184E+02
    -0.1392562E+02     0.1623024E+02
    -0.1393569E+02     0.1623621E+02
    -0.1393925E+02     0.1623629E+02
    -0.1394525E+02     0.1623390E+02
    -0.1396166E+02     0.1622327E+02
    -0.1396497E+02     0.1622404E+02
    -0.1396501E+02     0.1623184E+02
    -0.1396131E+02     0.1624370E+02
    -0.1395727E+02     0.1625666E+02
    -0.1394537E+02     0.1626694E+02
    -0.1394809E+02     0.1627228E+02
    -0.1395887E+02     0.1627827E+02
    -0.1397769E+02     0.1627617E+02
    -0.1398289E+02     0.1629648E+02
    -0.1398155E+02     0.1630242E+02
    -0.1397891E+02     0.1630374E+02
    -0.1395993E+02     0.1630261E+02
    -0.1395441E+02     0.1630455E+02
    -0.1395150E+02     0.1630724E+02
    -0.1395237E+02     0.1631024E+02
    -0.1395453E+02     0.1631901E+02
    -0.1395616E+02     0.1632019E+02
    -0.1396018E+02     0.1633061E+02
    -0.1396716E+02     0.1633673E+02
    -0.1398131E+02     0.1634119E+02
    -0.1399419E+02     0.1634883E+02
    -0.1400316E+02     0.1635155E+02
    -0.1401175E+02     0.1635014E+02
    -0.1402143E+02     0.1635266E+02
    -0.1403818E+02     0.1637758E+02
    -0.1404453E+02     0.1638426E+02
    -0.1405023E+02     0.1639025E+02
    -0.1405447E+02     0.1639195E+02
    -0.1406282E+02     0.1640040E+02
    -0.1407181E+02     0.1641207E+02
    -0.1407716E+02     0.1641701E+02
    -0.1409690E+02     0.1642686E+02
    -0.1410108E+02     0.1643085E+02
    -0.1410791E+02     0.1644362E+02
    -0.1411419E+02     0.1644927E+02
    -0.1412106E+02     0.1645057E+02
    -0.1412949E+02     0.1645603E+02
    -0.1413212E+02     0.1646550E+02
    -0.1412994E+02     0.1646897E+02
    -0.1412545E+02     0.1647613E+02
    -0.1412728E+02     0.1647916E+02
    -0.1413513E+02     0.1647887E+02
    -0.1414261E+02     0.1647467E+02
    -0.1414496E+02     0.1647565E+02
    -0.1415056E+02     0.1648036E+02
    -0.1416255E+02     0.1649622E+02
    -0.1416537E+02     0.1649766E+02
    -0.1419477E+02     0.1651230E+02
    -0.1419629E+02     0.1651830E+02
    -0.1419508E+02     0.1652951E+02
    -0.1419850E+02     0.1653578E+02
    -0.1420950E+02     0.1654382E+02
    -0.1422388E+02     0.1654964E+02
    -0.1423310E+02     0.1655190E+02
    -0.1424049E+02     0.1655160E+02
    -0.1424745E+02     0.1654900E+02
    -0.1425405E+02     0.1654156E+02
    -0.1425646E+02     0.1653386E+02
    -0.1425661E+02     0.1653336E+02
    -0.1425314E+02     0.1652024E+02
    -0.1425618E+02     0.1652030E+02
    -0.1426508E+02     0.1653767E+02
    -0.1426921E+02     0.1655474E+02
    -0.1426661E+02     0.1657465E+02
    -0.1427069E+02     0.1658345E+02
    -0.1427751E+02     0.1658727E+02
    -0.1428226E+02     0.1658760E+02
    -0.1429655E+02     0.1657689E+02
    -0.1430979E+02     0.1657513E+02
    -0.1431445E+02     0.1657451E+02
    -0.1432360E+02     0.1656965E+02
    -0.1432644E+02     0.1657040E+02
    -0.1432962E+02     0.1657735E+02
    -0.1432943E+02     0.1658584E+02
    -0.1432231E+02     0.1660588E+02
    -0.1432319E+02     0.1663023E+02
    -0.1432635E+02     0.1663764E+02
    -0.1433291E+02     0.1664259E+02
    -0.1434335E+02     0.1664396E+02
    -0.1436278E+02     0.1663748E+02
    -0.1436387E+02     0.1663758E+02
    -0.1438036E+02     0.1663922E+02
    -0.1439371E+02     0.1663880E+02
    -0.1440368E+02     0.1663992E+02
    -0.1441224E+02     0.1665134E+02
    -0.1441338E+02     0.1665343E+02
    -0.1441932E+02     0.1665424E+02
    -0.1442989E+02     0.1664986E+02
    -0.1443475E+02     0.1664560E+02
    -0.1444047E+02     0.1663424E+02
    -0.1444509E+02     0.1662975E+02
    -0.1445202E+02     0.1662851E+02
    -0.1447677E+02     0.1662901E+02
    -0.1448187E+02     0.1662452E+02
    -0.1448544E+02     0.1662436E+02
    -0.1448693E+02     0.1662164E+02
    -0.1449315E+02     0.1662038E+02
    -0.1449719E+02     0.1662046E+02
    -0.1451011E+02     0.1662875E+02
    -0.1451913E+02     0.1663008E+02
    -0.1452122E+02     0.1663218E+02
    -0.1452642E+02     0.1663412E+02
    -0.1453385E+02     0.1664276E+02
    -0.1454089E+02     0.1664772E+02
    -0.1454642E+02     0.1664530E+02
    -0.1454862E+02     0.1664236E+02
    -0.1455402E+02     0.1662388E+02
    -0.1456513E+02     0.1662731E+02
    -0.1458278E+02     0.1662582E+02
    -0.1458845E+02     0.1662799E+02
    -0.1459322E+02     0.1662739E+02
    -0.1459831E+02     0.1662313E+02
    -0.1460604E+02     0.1662902E+02
    -0.1461977E+02     0.1663295E+02
    -0.1462364E+02     0.1663210E+02
    -0.1462838E+02     0.1663105E+02
    -0.1463401E+02     0.1662336E+02
    -0.1463829E+02     0.1662390E+02
    -0.1464741E+02     0.1663165E+02
    -0.1463761E+02     0.1663353E+02
    -0.1463495E+02     0.1663577E+02
    -0.1463318E+02     0.1664055E+02
    -0.1463354E+02     0.1664630E+02
    -0.1463891E+02     0.1665145E+02
    -0.1465056E+02     0.1665213E+02
    -0.1466253E+02     0.1664891E+02
    -0.1467938E+02     0.1665176E+02
    -0.1470193E+02     0.1664346E+02
    -0.1470402E+02     0.1664321E+02
    -0.1470694E+02     0.1664286E+02
    -0.1471264E+02     0.1664366E+02
    -0.1471662E+02     0.1664695E+02
    -0.1472014E+02     0.1664954E+02
    -0.1472754E+02     0.1664853E+02
    -0.1472826E+02     0.1663661E+02
    -0.1473352E+02     0.1663533E+02
    -0.1473691E+02     0.1663264E+02
    -0.1473517E+02     0.1662434E+02
    -0.1473851E+02     0.1662395E+02
    -0.1474976E+02     0.1663264E+02
    -0.1474984E+02     0.1664068E+02
    -0.1474833E+02     0.1664501E+02
    -0.1474992E+02     0.1664871E+02
    -0.1475669E+02     0.1665549E+02
    -0.1476259E+02     0.1665812E+02
    -0.1476829E+02     0.1665869E+02
    -0.1477118E+02     0.1665713E+02
    -0.1478539E+02     0.1663425E+02
    -0.1478569E+02     0.1663376E+02
    -0.1478924E+02     0.1663497E+02
    -0.1481144E+02     0.1665603E+02
    -0.1481670E+02     0.1665498E+02
    -0.1482131E+02     0.1665047E+02
    -0.1482323E+02     0.1663765E+02
    -0.1482468E+02     0.1663630E+02
    -0.1482944E+02     0.1663662E+02
    -0.1483718E+02     0.1664272E+02
    -0.1485578E+02     0.1664099E+02
    -0.1487417E+02     0.1666289E+02
    -0.1487945E+02     0.1666331E+02
    -0.1488154E+02     0.1666348E+02
    -0.1488492E+02     0.1666078E+02
    -0.1489096E+02     0.1664391E+02
    -0.1489467E+02     0.1663640E+02
    -0.1489708E+02     0.1663484E+02
    -0.1490374E+02     0.1663541E+02
    -0.1490655E+02     0.1663776E+02
    -0.1490875E+02     0.1664720E+02
    -0.1491177E+02     0.1665139E+02
    -0.1491607E+02     0.1665077E+02
    -0.1493207E+02     0.1663545E+02
    -0.1493686E+02     0.1663392E+02
    -0.1494350E+02     0.1663519E+02
    -0.1494765E+02     0.1664260E+02
    -0.1495241E+02     0.1666248E+02
    -0.1495273E+02     0.1666380E+02
    -0.1495614E+02     0.1667212E+02
    -0.1496335E+02     0.1668143E+02
    -0.1496830E+02     0.1668427E+02
    -0.1497061E+02     0.1668775E+02
    -0.1497840E+02     0.1669155E+02
    -0.1498316E+02     0.1669163E+02
    -0.1499248E+02     0.1668996E+02
    -0.1499707E+02     0.1668682E+02
    -0.1500000E+02     0.1668141E+02
    -0.1500052E+02     0.1668045E+02
    -0.1500870E+02     0.1664984E+02
    -0.1502347E+02     0.1663632E+02
    -0.1503146E+02     0.1663255E+02
    -0.1503380E+02     0.1663145E+02
    -0.1504143E+02     0.1663043E+02
    -0.1505140E+02     0.1663243E+02
    -0.1505564E+02     0.1663480E+02
    -0.1506694E+02     0.1665472E+02
    -0.1507902E+02     0.1667190E+02
    -0.1508539E+02     0.1667522E+02
    -0.1509179E+02     0.1667647E+02
    -0.1509895E+02     0.1667567E+02
    -0.1510472E+02     0.1667255E+02
    -0.1511465E+02     0.1666331E+02
    -0.1512320E+02     0.1665105E+02
    -0.1512427E+02     0.1664765E+02
    -0.1512673E+02     0.1663987E+02
    -0.1512564E+02     0.1663434E+02
    -0.1512286E+02     0.1662971E+02
    -0.1511247E+02     0.1662495E+02
    -0.1510629E+02     0.1662462E+02
    -0.1510157E+02     0.1662225E+02
    -0.1509713E+02     0.1661736E+02
    -0.1509508E+02     0.1661227E+02
    -0.1509489E+02     0.1660952E+02
    -0.1509887E+02     0.1660017E+02
    -0.1510322E+02     0.1659634E+02
    -0.1511042E+02     0.1659325E+02
    -0.1512428E+02     0.1658980E+02
    -0.1513833E+02     0.1658957E+02
    -0.1514921E+02     0.1659319E+02
    -0.1515108E+02     0.1659529E+02
    -0.1515677E+02     0.1659610E+02
    -0.1516010E+02     0.1659658E+02
    -0.1517169E+02     0.1660066E+02
    -0.1517815E+02     0.1659870E+02
    -0.1518592E+02     0.1659011E+02
    -0.1519960E+02     0.1658344E+02
    -0.1522271E+02     0.1656774E+02
    -0.1523277E+02     0.1656377E+02
    -0.1523966E+02     0.1656479E+02
    -0.1524721E+02     0.1656858E+02
    -0.1525660E+02     0.1657630E+02
    -0.1526251E+02     0.1657823E+02
    -0.1527052E+02     0.1657801E+02
    -0.1527846E+02     0.1657779E+02
    -0.1529219E+02     0.1658259E+02
    -0.1531332E+02     0.1658520E+02
    -0.1531931E+02     0.1658323E+02
    -0.1533713E+02     0.1656996E+02
    -0.1534312E+02     0.1656776E+02
    -0.1536357E+02     0.1656829E+02
    -0.1536908E+02     0.1656631E+02
    -0.1537731E+02     0.1655771E+02
    -0.1538790E+02     0.1655029E+02
    -0.1538806E+02     0.1655023E+02
    -0.1540561E+02     0.1654344E+02
    -0.1541867E+02     0.1654524E+02
    -0.1542693E+02     0.1654949E+02
    -0.1543186E+02     0.1655392E+02
    -0.1543466E+02     0.1656376E+02
    -0.1543652E+02     0.1657487E+02
    -0.1545196E+02     0.1659184E+02
    -0.1546094E+02     0.1659633E+02
    -0.1546855E+02     0.1659667E+02
    -0.1547838E+02     0.1659199E+02
    -0.1548324E+02     0.1658541E+02
    -0.1548878E+02     0.1658089E+02
    -0.1550791E+02     0.1657520E+02
    -0.1551559E+02     0.1657095E+02
    -0.1552172E+02     0.1655864E+02
    -0.1552020E+02     0.1654922E+02
    -0.1551110E+02     0.1653738E+02
    -0.1551067E+02     0.1653463E+02
    -0.1551358E+02     0.1653077E+02
    -0.1551548E+02     0.1653102E+02
    -0.1551576E+02     0.1652873E+02
    -0.1552126E+02     0.1652609E+02
    -0.1553061E+02     0.1652160E+02
    -0.1554972E+02     0.1651636E+02
    -0.1556208E+02     0.1651698E+02
    -0.1557300E+02     0.1651874E+02
    -0.1558362E+02     0.1652462E+02
    -0.1558383E+02     0.1652646E+02
    -0.1559873E+02     0.1653194E+02
    -0.1562564E+02     0.1653024E+02
    -0.1563165E+02     0.1652596E+02
    -0.1563414E+02     0.1651842E+02
    -0.1562885E+02     0.1650596E+02
    -0.1562845E+02     0.1650091E+02
    -0.1562946E+02     0.1649679E+02
    -0.1563619E+02     0.1649183E+02
    -0.1564575E+02     0.1648875E+02
    -0.1565464E+02     0.1648746E+02
    -0.1569365E+02     0.1648181E+02
    -0.1570064E+02     0.1647524E+02
    -0.1570564E+02     0.1647485E+02
    -0.1573017E+02     0.1648962E+02
    -0.1574179E+02     0.1649229E+02
    -0.1576081E+02     0.1649276E+02
    -0.1577722E+02     0.1649552E+02
    -0.1578785E+02     0.1649792E+02
    -0.1580841E+02     0.1650804E+02
    -0.1582339E+02     0.1650822E+02
    -0.1583173E+02     0.1650695E+02
    -0.1584492E+02     0.1649908E+02
    -0.1585783E+02     0.1649419E+02
    -0.1586027E+02     0.1650752E+02
    -0.1586282E+02     0.1651260E+02
    -0.1586637E+02     0.1651402E+02
    -0.1587679E+02     0.1651713E+02
    -0.1588611E+02     0.1651767E+02
    -0.1589676E+02     0.1651828E+02
    -0.1591226E+02     0.1651502E+02
    -0.1593524E+02     0.1650359E+02
    -0.1595612E+02     0.1648846E+02
    -0.1596991E+02     0.1648931E+02
    -0.1599258E+02     0.1650195E+02
    -0.1599932E+02     0.1650173E+02
    -0.1600305E+02     0.1650161E+02
    -0.1601283E+02     0.1649920E+02
    -0.1602846E+02     0.1648583E+02
    -0.1604495E+02     0.1647845E+02
    -0.1605136E+02     0.1647943E+02
    -0.1605513E+02     0.1648269E+02
    -0.1606117E+02     0.1649445E+02
    -0.1607976E+02     0.1651140E+02
    -0.1609661E+02     0.1652121E+02
    -0.1609849E+02     0.1652495E+02
    -0.1609859E+02     0.1652904E+02
    -0.1609727E+02     0.1654050E+02
    -0.1609863E+02     0.1654602E+02
    -0.1610309E+02     0.1655112E+02
    -0.1611231E+02     0.1655603E+02
    -0.1611635E+02     0.1655653E+02
    -0.1613947E+02     0.1655287E+02
    -0.1615404E+02     0.1654798E+02
    -0.1616003E+02     0.1654437E+02
    -0.1616873E+02     0.1653207E+02
    -0.1617206E+02     0.1652923E+02
    -0.1617858E+02     0.1652368E+02
    -0.1618936E+02     0.1651691E+02
    -0.1621126E+02     0.1651483E+02
    -0.1621862E+02     0.1651628E+02
    -0.1623281E+02     0.1652400E+02
    -0.1624110E+02     0.1652706E+02
    -0.1625109E+02     0.1652716E+02
    -0.1626278E+02     0.1652475E+02
    -0.1627069E+02     0.1651863E+02
    -0.1627450E+02     0.1651775E+02
    -0.1627645E+02     0.1651364E+02
    -0.1627835E+02     0.1651366E+02
    -0.1628293E+02     0.1650819E+02
    -0.1628542E+02     0.1649721E+02
    -0.1628386E+02     0.1648778E+02
    -0.1628491E+02     0.1647839E+02
    -0.1628804E+02     0.1647406E+02
    -0.1630024E+02     0.1646775E+02
    -0.1630582E+02     0.1645634E+02
    -0.1630831E+02     0.1644558E+02
    -0.1631057E+02     0.1641118E+02
    -0.1631536E+02     0.1640756E+02
    -0.1632440E+02     0.1640696E+02
    -0.1633162E+02     0.1639785E+02
    -0.1633413E+02     0.1638503E+02
    -0.1633080E+02     0.1636228E+02
    -0.1633157E+02     0.1635610E+02
    -0.1634101E+02     0.1633898E+02
    -0.1634341E+02     0.1633717E+02
    -0.1635291E+02     0.1633703E+02
    -0.1635748E+02     0.1633202E+02
    -0.1636819E+02     0.1630620E+02
    -0.1636452E+02     0.1629332E+02
    -0.1635279E+02     0.1627785E+02
    -0.1635144E+02     0.1627095E+02
    -0.1636323E+02     0.1625592E+02
    -0.1637102E+02     0.1623627E+02
    -0.1638274E+02     0.1622120E+02
    -0.1638449E+02     0.1621896E+02
    -0.1639237E+02     0.1621421E+02
    -0.1639996E+02     0.1621520E+02
    -0.1640822E+02     0.1622055E+02
    -0.1641368E+02     0.1621991E+02
    -0.1643204E+02     0.1621227E+02
    -0.1643563E+02     0.1620886E+02
    -0.1644746E+02     0.1618832E+02
    -0.1645134E+02     0.1617941E+02
    -0.1644988E+02     0.1615784E+02
    -0.1645063E+02     0.1615395E+02
    -0.1645282E+02     0.1614846E+02
    -0.1645049E+02     0.1614317E+02
    -0.1644986E+02     0.1613536E+02
    -0.1645471E+02     0.1612371E+02
    -0.1645451E+02     0.1612004E+02
    -0.1644251E+02     0.1610916E+02
    -0.1644135E+02     0.1610616E+02
    -0.1644305E+02     0.1610228E+02
    -0.1645142E+02     0.1609730E+02
    -0.1645077E+02     0.1609258E+02
    -0.1645308E+02     0.1608976E+02
    -0.1645637E+02     0.1608575E+02
    -0.1645874E+02     0.1608556E+02
    -0.1646508E+02     0.1608506E+02
    -0.1647225E+02     0.1607977E+02
    -0.1647466E+02     0.1607596E+02
    -0.1648493E+02     0.1607681E+02
    -0.1649406E+02     0.1607307E+02
    -0.1650154E+02     0.1606283E+02
    -0.1650577E+02     0.1606219E+02
    -0.1650577E+02     0.1606219E+02
    -0.1650754E+02     0.1608127E+02
    -0.1650838E+02     0.1611912E+02
    -0.1650834E+02     0.1612347E+02
    -0.1650800E+02     0.1616109E+02
    -0.1650533E+02     0.1619409E+02
    -0.1650700E+02     0.1621865E+02
    -0.1651214E+02     0.1624900E+02
    -0.1651489E+02     0.1626527E+02
    -0.1651524E+02     0.1627972E+02
    -0.1651023E+02     0.1630812E+02
    -0.1649435E+02     0.1635547E+02
    -0.1648741E+02     0.1637066E+02
    -0.1648150E+02     0.1638358E+02
    -0.1647029E+02     0.1641308E+02
    -0.1644819E+02     0.1648768E+02
    -0.1644785E+02     0.1649067E+02
    -0.1644508E+02     0.1651518E+02
    -0.1644451E+02     0.1654982E+02
    -0.1643814E+02     0.1659405E+02
    -0.1643873E+02     0.1660736E+02
    -0.1643746E+02     0.1661614E+02
    -0.1643618E+02     0.1662501E+02
    -0.1643152E+02     0.1663988E+02
    -0.1642058E+02     0.1666365E+02
    -0.1640564E+02     0.1670573E+02
    -0.1639286E+02     0.1673440E+02
    -0.1637691E+02     0.1677019E+02
    -0.1637363E+02     0.1678760E+02
    -0.1636019E+02     0.1682121E+02
    -0.1635328E+02     0.1684547E+02
    -0.1634971E+02     0.1685310E+02
    -0.1633305E+02     0.1688866E+02
    -0.1630904E+02     0.1695155E+02
    -0.1630023E+02     0.1696987E+02
    -0.1628783E+02     0.1699565E+02
    -0.1626479E+02     0.1705350E+02
    -0.1625797E+02     0.1706583E+02
    -0.1625327E+02     0.1708139E+02
    -0.1625080E+02     0.1708655E+02
    -0.1622836E+02     0.1713348E+02
    -0.1620183E+02     0.1720071E+02
    -0.1620032E+02     0.1720295E+02
    -0.1619017E+02     0.1721804E+02
    -0.1618886E+02     0.1722882E+02
    -0.1615197E+02     0.1731955E+02
    -0.1611976E+02     0.1739868E+02
    -0.1610982E+02     0.1743072E+02
    -0.1611002E+02     0.1743440E+02
    -0.1610839E+02     0.1743826E+02
    -0.1610018E+02     0.1745771E+02
    -0.1609233E+02     0.1749483E+02
    -0.1607520E+02     0.1756019E+02
    -0.1607252E+02     0.1757039E+02
    -0.1606986E+02     0.1759332E+02
    -0.1606415E+02     0.1761002E+02
    -0.1606008E+02     0.1763019E+02
    -0.1605528E+02     0.1767078E+02
    -0.1605183E+02     0.1767901E+02
    -0.1605116E+02     0.1768379E+02
    -0.1604738E+02     0.1771065E+02
    -0.1604641E+02     0.1773131E+02
    -0.1604435E+02     0.1774323E+02
    -0.1604549E+02     0.1776781E+02
    -0.1604290E+02     0.1778340E+02
    -0.1604464E+02     0.1779858E+02
    -0.1604393E+02     0.1780928E+02
    -0.1604259E+02     0.1782956E+02
    -0.1603770E+02     0.1785707E+02
    -0.1603258E+02     0.1790317E+02
    -0.1603317E+02     0.1791397E+02
    -0.1603081E+02     0.1793472E+02
    -0.1602404E+02     0.1799426E+02
    -0.1602286E+02     0.1803191E+02
    -0.1602396E+02     0.1806060E+02
    -0.1602468E+02     0.1807925E+02
    -0.1602866E+02     0.1810800E+02
    -0.1602911E+02     0.1813006E+02
    -0.1603219E+02     0.1815329E+02
    -0.1602789E+02     0.1817116E+02
    -0.1602918E+02     0.1818358E+02
    -0.1602998E+02     0.1818577E+02
    -0.1603825E+02     0.1820848E+02
    -0.1603875E+02     0.1822687E+02
    -0.1603687E+02     0.1824293E+02
    -0.1603899E+02     0.1826684E+02
    -0.1604299E+02     0.1829353E+02
    -0.1604834E+02     0.1830945E+02
    -0.1604856E+02     0.1831013E+02
    -0.1605170E+02     0.1832969E+02
    -0.1605356E+02     0.1835475E+02
    -0.1605284E+02     0.1837495E+02
    -0.1605506E+02     0.1839037E+02
    -0.1605552E+02     0.1843525E+02
    -0.1605572E+02     0.1845539E+02
    -0.1606656E+02     0.1849502E+02
    -0.1607288E+02     0.1851024E+02
    -0.1607491E+02     0.1852198E+02
    -0.1608916E+02     0.1855631E+02
    -0.1608967E+02     0.1855752E+02
    -0.1609192E+02     0.1857018E+02
    -0.1610038E+02     0.1858910E+02
    -0.1611877E+02     0.1862353E+02
    -0.1613522E+02     0.1866000E+02
    -0.1613867E+02     0.1867283E+02
    -0.1614308E+02     0.1868925E+02
    -0.1614515E+02     0.1869824E+02
    -0.1614408E+02     0.1870741E+02
    -0.1614516E+02     0.1871845E+02
    -0.1614812E+02     0.1873342E+02
    -0.1615077E+02     0.1875504E+02
    -0.1615310E+02     0.1876219E+02
    -0.1616142E+02     0.1877238E+02
    -0.1616446E+02     0.1878160E+02
    -0.1617053E+02     0.1883042E+02
    -0.1617883E+02     0.1889708E+02
    -0.1618509E+02     0.1892058E+02
    -0.1619354E+02     0.1894203E+02
    -0.1619908E+02     0.1895284E+02
    -0.1620702E+02     0.1896835E+02
    -0.1622045E+02     0.1899904E+02
    -0.1623008E+02     0.1902372E+02
    -0.1625370E+02     0.1906782E+02
    -0.1626040E+02     0.1908031E+02
    -0.1628211E+02     0.1910694E+02
    -0.1629670E+02     0.1912178E+02
    -0.1631240E+02     0.1914582E+02
    -0.1632221E+02     0.1915579E+02
    -0.1633260E+02     0.1916881E+02
    -0.1634752E+02     0.1918750E+02
    -0.1635710E+02     0.1919632E+02
    -0.1637229E+02     0.1920105E+02
    -0.1639223E+02     0.1921524E+02
    -0.1641054E+02     0.1922321E+02
    -0.1641940E+02     0.1923179E+02
    -0.1643099E+02     0.1923419E+02
    -0.1643931E+02     0.1923832E+02
    -0.1644134E+02     0.1923933E+02
    -0.1646177E+02     0.1925352E+02
    -0.1647017E+02     0.1926118E+02
    -0.1647245E+02     0.1927567E+02
    -0.1648938E+02     0.1930292E+02
    -0.1649578E+02     0.1931676E+02
    -0.1650115E+02     0.1933886E+02
    -0.1650385E+02     0.1934309E+02
    -0.1651045E+02     0.1935341E+02
    -0.1653949E+02     0.1938191E+02
    -0.1653749E+02     0.1938971E+02
    -0.1653189E+02     0.1939196E+02
    -0.1649676E+02     0.1939374E+02
    -0.1648160E+02     0.1938373E+02
    -0.1647229E+02     0.1937922E+02
    -0.1646810E+02     0.1937719E+02
    -0.1645601E+02     0.1937548E+02
    -0.1644387E+02     0.1937859E+02
    -0.1643804E+02     0.1938084E+02
    -0.1642926E+02     0.1938697E+02
    -0.1641153E+02     0.1939256E+02
    -0.1639448E+02     0.1940275E+02
    -0.1637807E+02     0.1942076E+02
    -0.1637051E+02     0.1942620E+02
    -0.1635856E+02     0.1943118E+02
    -0.1634855E+02     0.1944094E+02
    -0.1633841E+02     0.1946152E+02
    -0.1632427E+02     0.1947013E+02
    -0.1631931E+02     0.1948088E+02
    -0.1631638E+02     0.1948315E+02
    -0.1631406E+02     0.1949623E+02
    -0.1630691E+02     0.1950788E+02
    -0.1628629E+02     0.1953273E+02
    -0.1628629E+02     0.1953312E+02
    -0.1628639E+02     0.1954606E+02
    -0.1628463E+02     0.1955247E+02
    -0.1628924E+02     0.1955183E+02
    -0.1629852E+02     0.1954548E+02
    -0.1630539E+02     0.1953750E+02
    -0.1631724E+02     0.1954014E+02
    -0.1632064E+02     0.1953948E+02
    -0.1632920E+02     0.1953175E+02
    -0.1633216E+02     0.1952672E+02
    -0.1633872E+02     0.1952586E+02
    -0.1635458E+02     0.1951498E+02
    -0.1636292E+02     0.1950586E+02
    -0.1636793E+02     0.1949429E+02
    -0.1636986E+02     0.1948984E+02
    -0.1637962E+02     0.1948326E+02
    -0.1638405E+02     0.1947641E+02
    -0.1639113E+02     0.1947073E+02
    -0.1639779E+02     0.1945953E+02
    -0.1639994E+02     0.1946185E+02
    -0.1639699E+02     0.1946665E+02
    -0.1639644E+02     0.1947307E+02
    -0.1638788E+02     0.1948081E+02
    -0.1638119E+02     0.1949638E+02
    -0.1636814E+02     0.1951671E+02
    -0.1636491E+02     0.1952403E+02
    -0.1636108E+02     0.1952835E+02
    -0.1635339E+02     0.1953703E+02
    -0.1635286E+02     0.1954093E+02
    -0.1635699E+02     0.1954050E+02
    -0.1637431E+02     0.1952940E+02
    -0.1638510E+02     0.1951663E+02
    -0.1639326E+02     0.1950016E+02
    -0.1639839E+02     0.1949630E+02
    -0.1641298E+02     0.1949183E+02
    -0.1642396E+02     0.1948411E+02
    -0.1642592E+02     0.1948114E+02
    -0.1643689E+02     0.1947434E+02
    -0.1643846E+02     0.1947159E+02
    -0.1643911E+02     0.1947046E+02
    -0.1643223E+02     0.1945523E+02
    -0.1643113E+02     0.1944420E+02
    -0.1643217E+02     0.1943685E+02
    -0.1643036E+02     0.1942328E+02
    -0.1643188E+02     0.1941663E+02
    -0.1643703E+02     0.1941024E+02
    -0.1643898E+02     0.1940865E+02
    -0.1644575E+02     0.1940986E+02
    -0.1646118E+02     0.1941757E+02
    -0.1646694E+02     0.1942313E+02
    -0.1646858E+02     0.1942866E+02
    -0.1645927E+02     0.1944923E+02
    -0.1645200E+02     0.1946528E+02
    -0.1642813E+02     0.1950368E+02
    -0.1641793E+02     0.1952979E+02
    -0.1640207E+02     0.1954136E+02
    -0.1639518E+02     0.1955164E+02
    -0.1639282E+02     0.1955645E+02
    -0.1636473E+02     0.1961364E+02
    -0.1635157E+02     0.1961996E+02
    -0.1634616E+02     0.1962657E+02
    -0.1634194E+02     0.1966008E+02
    -0.1633765E+02     0.1966599E+02
    -0.1633136E+02     0.1967469E+02
    -0.1632379E+02     0.1967944E+02
    -0.1632009E+02     0.1968515E+02
    -0.1631446E+02     0.1968924E+02
    -0.1631034E+02     0.1968943E+02
    -0.1630389E+02     0.1967995E+02
    -0.1629806E+02     0.1968035E+02
    -0.1629267E+02     0.1968582E+02
    -0.1627611E+02     0.1971392E+02
    -0.1627333E+02     0.1972424E+02
    -0.1627565E+02     0.1973368E+02
    -0.1627948E+02     0.1973877E+02
    -0.1627945E+02     0.1974176E+02
    -0.1627781E+02     0.1974524E+02
    -0.1627548E+02     0.1975022E+02
    -0.1625339E+02     0.1977276E+02
    -0.1624746E+02     0.1978166E+02
    -0.1624585E+02     0.1979635E+02
    -0.1625072E+02     0.1981754E+02
    -0.1625056E+02     0.1983132E+02
    -0.1624357E+02     0.1984871E+02
    -0.1624300E+02     0.1985721E+02
    -0.1624481E+02     0.1985869E+02
    -0.1624613E+02     0.1985977E+02
    -0.1625939E+02     0.1984565E+02
    -0.1626376E+02     0.1984615E+02
    -0.1626660E+02     0.1985353E+02
    -0.1625547E+02     0.1987181E+02
    -0.1625317E+02     0.1988190E+02
    -0.1625380E+02     0.1989109E+02
    -0.1625547E+02     0.1989363E+02
    -0.1626295E+02     0.1989830E+02
    -0.1627579E+02     0.1990233E+02
    -0.1628309E+02     0.1990102E+02
    -0.1629115E+02     0.1989696E+02
    -0.1629630E+02     0.1989195E+02
    -0.1629752E+02     0.1988581E+02
    -0.1629785E+02     0.1988416E+02
    -0.1629745E+02     0.1987542E+02
    -0.1629997E+02     0.1986740E+02
    -0.1630314E+02     0.1986559E+02
    -0.1630800E+02     0.1986564E+02
    -0.1631500E+02     0.1986938E+02
    -0.1631833E+02     0.1987676E+02
    -0.1631874E+02     0.1988435E+02
    -0.1631572E+02     0.1989351E+02
    -0.1630731E+02     0.1990768E+02
    -0.1628619E+02     0.1992885E+02
    -0.1627224E+02     0.1993860E+02
    -0.1626944E+02     0.1994267E+02
    -0.1626533E+02     0.1994864E+02
    -0.1625258E+02     0.1995863E+02
    -0.1623265E+02     0.1998050E+02
    -0.1622863E+02     0.1999286E+02
    -0.1622931E+02     0.1999655E+02
    -0.1623202E+02     0.2000000E+02
    -0.1623603E+02     0.2000511E+02
    -0.1623670E+02     0.2001040E+02
    -0.1623465E+02     0.2001981E+02
    -0.1623619E+02     0.2002341E+02
    -0.1623919E+02     0.2002743E+02
    -0.1624914E+02     0.2002891E+02
    -0.1625422E+02     0.2003148E+02
    -0.1625788E+02     0.2003941E+02
    -0.1626158E+02     0.2004741E+02
    -0.1626227E+02     0.2005132E+02
    -0.1625983E+02     0.2005221E+02
    -0.1625426E+02     0.2004963E+02
    -0.1624607E+02     0.2004266E+02
    -0.1624120E+02     0.2004308E+02
    -0.1623850E+02     0.2004604E+02
    -0.1623895E+02     0.2004857E+02
    -0.1624527E+02     0.2004932E+02
    -0.1625272E+02     0.2005720E+02
    -0.1624843E+02     0.2007141E+02
    -0.1625100E+02     0.2008177E+02
    -0.1624798E+02     0.2009093E+02
    -0.1625506E+02     0.2011053E+02
    -0.1626252E+02     0.2011841E+02
    -0.1626253E+02     0.2011932E+02
    -0.1626265E+02     0.2012898E+02
    -0.1625899E+02     0.2012964E+02
    -0.1625490E+02     0.2012569E+02
    -0.1625174E+02     0.2012520E+02
    -0.1623874E+02     0.2013496E+02
    -0.1622593E+02     0.2014839E+02
    -0.1622369E+02     0.2015319E+02
    -0.1622654E+02     0.2016011E+02
    -0.1622430E+02     0.2016446E+02
    -0.1621598E+02     0.2016851E+02
    -0.1621105E+02     0.2017375E+02
    -0.1620307E+02     0.2019090E+02
    -0.1619951E+02     0.2020442E+02
    -0.1619995E+02     0.2020925E+02
    -0.1620300E+02     0.2021982E+02
    -0.1620674E+02     0.2023275E+02
    -0.1621510E+02     0.2024754E+02
    -0.1622674E+02     0.2027407E+02
    -0.1623248E+02     0.2028309E+02
    -0.1624339E+02     0.2028710E+02
    -0.1626437E+02     0.2028408E+02
    -0.1626727E+02     0.2028641E+02
    -0.1627577E+02     0.2030717E+02
    -0.1627748E+02     0.2031132E+02
    -0.1628730E+02     0.2032681E+02
    -0.1629604E+02     0.2032941E+02
    -0.1630282E+02     0.2033315E+02
    -0.1630571E+02     0.2033663E+02
    -0.1630929E+02     0.2034309E+02
    -0.1631185E+02     0.2035483E+02
    -0.1631958E+02     0.2036134E+02
    -0.1632362E+02     0.2037079E+02
    -0.1632758E+02     0.2038829E+02
    -0.1633480E+02     0.2039686E+02
    -0.1634208E+02     0.2040014E+02
    -0.1634640E+02     0.2040661E+02
    -0.1635914E+02     0.2042419E+02
    -0.1635297E+02     0.2043126E+02
    -0.1637270E+02     0.2048129E+02
    -0.1637531E+02     0.2048797E+02
    -0.1637681E+02     0.2050866E+02
    -0.1638456E+02     0.2053837E+02
    -0.1639462E+02     0.2055683E+02
    -0.1640764E+02     0.2057165E+02
    -0.1641939E+02     0.2059289E+02
    -0.1642208E+02     0.2059586E+02
    -0.1642591E+02     0.2060007E+02
    -0.1642849E+02     0.2061043E+02
    -0.1642917E+02     0.2064076E+02
    -0.1643684E+02     0.2064445E+02
    -0.1643888E+02     0.2064543E+02
    -0.1643926E+02     0.2063211E+02
    -0.1644291E+02     0.2063306E+02
    -0.1644600E+02     0.2064182E+02
    -0.1645081E+02     0.2064875E+02
    -0.1645666E+02     0.2064972E+02
    -0.1646419E+02     0.2065369E+02
    -0.1647483E+02     0.2066388E+02
    -0.1648633E+02     0.2068787E+02
    -0.1648792E+02     0.2070006E+02
    -0.1648412E+02     0.2071473E+02
    -0.1648380E+02     0.2072277E+02
    -0.1648839E+02     0.2072809E+02
    -0.1650379E+02     0.2072661E+02
    -0.1650621E+02     0.2072915E+02
    -0.1650916E+02     0.2072642E+02
    -0.1651402E+02     0.2072876E+02
    -0.1652250E+02     0.2073709E+02
    -0.1652640E+02     0.2073804E+02
    -0.1653232E+02     0.2070409E+02
    -0.1653349E+02     0.2068343E+02
    -0.1653305E+02     0.2067791E+02
    -0.1652945E+02     0.2067191E+02
    -0.1652642E+02     0.2065603E+02
    -0.1652723E+02     0.2064777E+02
    -0.1652604E+02     0.2064385E+02
    -0.1652963E+02     0.2062988E+02
    -0.1653288E+02     0.2061726E+02
    -0.1652601E+02     0.2059377E+02
    -0.1652465E+02     0.2058228E+02
    -0.1653012E+02     0.2057152E+02
    -0.1653023E+02     0.2055981E+02
    -0.1653293E+02     0.2055799E+02
    -0.1653558E+02     0.2056169E+02
    -0.1653946E+02     0.2056355E+02
    -0.1654527E+02     0.2056934E+02
    -0.1655644E+02     0.2057541E+02
    -0.1657096E+02     0.2058792E+02
    -0.1657215E+02     0.2059115E+02
    -0.1657899E+02     0.2059051E+02
    -0.1658385E+02     0.2059262E+02
    -0.1659565E+02     0.2061109E+02
    -0.1659539E+02     0.2061315E+02
    -0.1660027E+02     0.2061296E+02
    -0.1660584E+02     0.2061783E+02
    -0.1661235E+02     0.2062683E+02
    -0.1662376E+02     0.2063473E+02
    -0.1662688E+02     0.2064050E+02
    -0.1663434E+02     0.2065250E+02
    -0.1664039E+02     0.2065898E+02
    -0.1665765E+02     0.2066806E+02
    -0.1666538E+02     0.2067754E+02
    -0.1666830E+02     0.2067848E+02
    -0.1667637E+02     0.2067670E+02
    -0.1667880E+02     0.2067878E+02
    -0.1668022E+02     0.2068407E+02
    -0.1666956E+02     0.2070375E+02
    -0.1667221E+02     0.2070768E+02
    -0.1667192E+02     0.2071342E+02
    -0.1666599E+02     0.2072119E+02
    -0.1666347E+02     0.2073151E+02
    -0.1666028E+02     0.2073466E+02
    -0.1666657E+02     0.2074049E+02
    -0.1667702E+02     0.2074608E+02
    -0.1669017E+02     0.2075076E+02
    -0.1670590E+02     0.2076902E+02
    -0.1671701E+02     0.2078518E+02
    -0.1671893E+02     0.2078979E+02
    -0.1671815E+02     0.2079622E+02
    -0.1671908E+02     0.2080128E+02
    -0.1672851E+02     0.2081397E+02
    -0.1673355E+02     0.2082527E+02
    -0.1674912E+02     0.2083502E+02
    -0.1675347E+02     0.2084102E+02
    -0.1675513E+02     0.2084746E+02
    -0.1675257E+02     0.2086238E+02
    -0.1675469E+02     0.2087273E+02
    -0.1676202E+02     0.2088385E+02
    -0.1676760E+02     0.2089605E+02
    -0.1676855E+02     0.2091440E+02
    -0.1677286E+02     0.2092614E+02
    -0.1677964E+02     0.2093515E+02
    -0.1678067E+02     0.2093502E+02
    -0.1678698E+02     0.2093427E+02
    -0.1678685E+02     0.2091911E+02
    -0.1680093E+02     0.2093207E+02
    -0.1681059E+02     0.2094982E+02
    -0.1681297E+02     0.2095833E+02
    -0.1681166E+02     0.2096958E+02
    -0.1681523E+02     0.2098315E+02
    -0.1681960E+02     0.2098778E+02
    -0.1683128E+02     0.2099566E+02
    -0.1683419E+02     0.2099958E+02
    -0.1683663E+02     0.2100738E+02
    -0.1683873E+02     0.2101408E+02
    -0.1685816E+02     0.2103487E+02
    -0.1686129E+02     0.2104224E+02
    -0.1686146E+02     0.2105212E+02
    -0.1685749E+02     0.2105968E+02
    -0.1685672E+02     0.2106495E+02
    -0.1685830E+02     0.2108403E+02
    -0.1685655E+02     0.2108953E+02
    -0.1685336E+02     0.2108997E+02
    -0.1684848E+02     0.2108741E+02
    -0.1684413E+02     0.2107958E+02
    -0.1683887E+02     0.2106324E+02
    -0.1683818E+02     0.2106243E+02
    -0.1683450E+02     0.2105816E+02
    -0.1683061E+02     0.2105515E+02
    -0.1682226E+02     0.2105831E+02
    -0.1681859E+02     0.2105783E+02
    -0.1681640E+02     0.2105597E+02
    -0.1681070E+02     0.2103343E+02
    -0.1680317E+02     0.2102557E+02
    -0.1680301E+02     0.2101523E+02
    -0.1680065E+02     0.2100350E+02
    -0.1679461E+02     0.2099313E+02
    -0.1678661E+02     0.2098297E+02
    -0.1677251E+02     0.2097208E+02
    -0.1676884E+02     0.2097064E+02
    -0.1675885E+02     0.2096671E+02
    -0.1675733E+02     0.2097359E+02
    -0.1675748E+02     0.2098622E+02
    -0.1675424E+02     0.2099355E+02
    -0.1676348E+02     0.2100096E+02
    -0.1676441E+02     0.2100717E+02
    -0.1677485E+02     0.2101758E+02
    -0.1678133E+02     0.2103439E+02
    -0.1678930E+02     0.2104822E+02
    -0.1680409E+02     0.2106646E+02
    -0.1680409E+02     0.2106646E+02
    -0.1681254E+02     0.2108237E+02
    -0.1680730E+02     0.2109542E+02
    -0.1680113E+02     0.2110181E+02
    -0.1679549E+02     0.2110385E+02
    -0.1679742E+02     0.2110707E+02
    -0.1680768E+02     0.2111012E+02
    -0.1681959E+02     0.2112146E+02
    -0.1683755E+02     0.2114408E+02
    -0.1684097E+02     0.2114479E+02
    -0.1684223E+02     0.2114043E+02
    -0.1684713E+02     0.2113931E+02
    -0.1685005E+02     0.2114209E+02
    -0.1685298E+02     0.2114732E+02
    -0.1685779E+02     0.2115592E+02
    -0.1686235E+02     0.2116789E+02
    -0.1685934E+02     0.2117912E+02
    -0.1685168E+02     0.2118826E+02
    -0.1684743E+02     0.2120041E+02
    -0.1684508E+02     0.2125414E+02
    -0.1684632E+02     0.2126818E+02
    -0.1684644E+02     0.2126954E+02
    -0.1684839E+02     0.2127047E+02
    -0.1685037E+02     0.2126795E+02
    -0.1685375E+02     0.2124110E+02
    -0.1685600E+02     0.2123468E+02
    -0.1686217E+02     0.2122898E+02
    -0.1686487E+02     0.2122831E+02
    -0.1687316E+02     0.2123364E+02
    -0.1689155E+02     0.2123191E+02
    -0.1689373E+02     0.2123468E+02
    -0.1689709E+02     0.2124527E+02
    -0.1690439E+02     0.2125243E+02
    -0.1690584E+02     0.2125588E+02
    -0.1690210E+02     0.2126574E+02
    -0.1690279E+02     0.2127102E+02
    -0.1690586E+02     0.2127457E+02
    -0.1690717E+02     0.2127610E+02
    -0.1691060E+02     0.2127658E+02
    -0.1692394E+02     0.2126012E+02
    -0.1692654E+02     0.2123809E+02
    -0.1693525E+02     0.2121839E+02
    -0.1693262E+02     0.2120735E+02
    -0.1693472E+02     0.2118692E+02
    -0.1693621E+02     0.2118371E+02
    -0.1694632E+02     0.2117412E+02
    -0.1694588E+02     0.2116603E+02
    -0.1694435E+02     0.2113759E+02
    -0.1694587E+02     0.2113002E+02
    -0.1695449E+02     0.2112272E+02
    -0.1696185E+02     0.2111954E+02
    -0.1696358E+02     0.2111749E+02
    -0.1695920E+02     0.2111264E+02
    -0.1696119E+02     0.2110875E+02
    -0.1696389E+02     0.2110692E+02
    -0.1697148E+02     0.2110719E+02
    -0.1697489E+02     0.2111020E+02
    -0.1697388E+02     0.2111547E+02
    -0.1697508E+02     0.2111801E+02
    -0.1697778E+02     0.2111733E+02
    -0.1698049E+02     0.2111413E+02
    -0.1698898E+02     0.2108868E+02
    -0.1698928E+02     0.2108653E+02
    -0.1699179E+02     0.2106872E+02
    -0.1699581E+02     0.2105335E+02
    -0.1700484E+02     0.2105592E+02
    -0.1701341E+02     0.2105574E+02
    -0.1701685E+02     0.2105369E+02
    -0.1702253E+02     0.2104568E+02
    -0.1702283E+02     0.2103557E+02
    -0.1702045E+02     0.2102477E+02
    -0.1701680E+02     0.2102245E+02
    -0.1700848E+02     0.2102172E+02
    -0.1700482E+02     0.2101986E+02
    -0.1700168E+02     0.2101318E+02
    -0.1700537E+02     0.2099570E+02
    -0.1700874E+02     0.2097968E+02
    -0.1700295E+02     0.2096633E+02
    -0.1701039E+02     0.2095075E+02
    -0.1701277E+02     0.2092159E+02
    -0.1701746E+02     0.2091335E+02
    -0.1704292E+02     0.2090796E+02
    -0.1704907E+02     0.2090248E+02
    -0.1705068E+02     0.2089523E+02
    -0.1705183E+02     0.2089009E+02
    -0.1705138E+02     0.2088412E+02
    -0.1704753E+02     0.2087330E+02
    -0.1702905E+02     0.2085667E+02
    -0.1702712E+02     0.2085229E+02
    -0.1702790E+02     0.2084380E+02
    -0.1703535E+02     0.2082454E+02
    -0.1704533E+02     0.2079014E+02
    -0.1704364E+02     0.2078007E+02
    -0.1704297E+02     0.2077611E+02
    -0.1704447E+02     0.2077130E+02
    -0.1705056E+02     0.2077316E+02
    -0.1705185E+02     0.2077416E+02
END
END
