mauritius
1
     0.5733959E+02    -0.2041967E+02
     0.5733735E+02    -0.2041103E+02
     0.5734338E+02    -0.2041283E+02
     0.5734549E+02    -0.2041998E+02
     0.5734054E+02    -0.2042544E+02
     0.5733430E+02    -0.2043618E+02
     0.5733295E+02    -0.2042766E+02
     0.5733735E+02    -0.2041103E+02
END
2
     0.5957330E+02    -0.1675419E+02
     0.5957328E+02    -0.1676817E+02
     0.5957020E+02    -0.1676281E+02
     0.5956995E+02    -0.1675500E+02
     0.5957089E+02    -0.1674742E+02
     0.5957398E+02    -0.1674328E+02
     0.5957637E+02    -0.1674879E+02
     0.5957663E+02    -0.1675636E+02
     0.5957592E+02    -0.1676325E+02
     0.5957328E+02    -0.1676817E+02
END
3
     0.5954354E+02    -0.1680530E+02
     0.5953572E+02    -0.1681108E+02
     0.5953425E+02    -0.1680880E+02
     0.5954521E+02    -0.1679845E+02
     0.5955832E+02    -0.1678947E+02
     0.5955618E+02    -0.1679682E+02
     0.5955119E+02    -0.1680372E+02
     0.5953975E+02    -0.1681247E+02
     0.5953572E+02    -0.1681108E+02
END
4
     0.5759296E+02    -0.2022217E+02
     0.5760295E+02    -0.1998763E+02
     0.5762271E+02    -0.1998512E+02
     0.5763000E+02    -0.1998633E+02
     0.5763065E+02    -0.1999416E+02
     0.5763785E+02    -0.2000000E+02
     0.5764296E+02    -0.2000415E+02
     0.5765147E+02    -0.2000492E+02
     0.5765955E+02    -0.2000062E+02
     0.5766367E+02    -0.2000273E+02
     0.5766872E+02    -0.2000852E+02
     0.5767698E+02    -0.2001043E+02
     0.5767555E+02    -0.2003180E+02
     0.5767235E+02    -0.2003499E+02
     0.5767693E+02    -0.2003940E+02
     0.5767750E+02    -0.2004805E+02
     0.5767756E+02    -0.2004906E+02
     0.5768015E+02    -0.2005828E+02
     0.5769141E+02    -0.2007700E+02
     0.5769767E+02    -0.2008349E+02
     0.5770688E+02    -0.2008655E+02
     0.5770804E+02    -0.2009462E+02
     0.5771091E+02    -0.2009970E+02
     0.5771894E+02    -0.2010046E+02
     0.5772403E+02    -0.2010303E+02
     0.5772668E+02    -0.2010650E+02
     0.5773253E+02    -0.2010563E+02
     0.5774031E+02    -0.2010777E+02
     0.5775064E+02    -0.2012280E+02
     0.5775302E+02    -0.2012833E+02
     0.5774755E+02    -0.2013955E+02
     0.5773704E+02    -0.2014315E+02
     0.5774136E+02    -0.2014939E+02
     0.5774007E+02    -0.2015720E+02
     0.5774249E+02    -0.2015906E+02
     0.5775142E+02    -0.2016787E+02
     0.5775483E+02    -0.2016858E+02
     0.5775560E+02    -0.2016376E+02
     0.5775808E+02    -0.2016010E+02
     0.5776220E+02    -0.2016152E+02
     0.5776285E+02    -0.2017072E+02
     0.5776814E+02    -0.2017789E+02
     0.5776902E+02    -0.2018732E+02
     0.5777236E+02    -0.2019540E+02
     0.5778083E+02    -0.2020191E+02
     0.5779430E+02    -0.2022133E+02
     0.5780085E+02    -0.2022437E+02
     0.5779884E+02    -0.2023056E+02
     0.5779440E+02    -0.2023673E+02
     0.5778748E+02    -0.2023966E+02
     0.5778534E+02    -0.2024057E+02
     0.5778625E+02    -0.2024701E+02
     0.5779304E+02    -0.2025121E+02
     0.5779065E+02    -0.2027257E+02
     0.5779324E+02    -0.2028248E+02
     0.5779315E+02    -0.2029168E+02
     0.5778799E+02    -0.2029531E+02
     0.5777996E+02    -0.2029156E+02
     0.5777628E+02    -0.2029614E+02
     0.5777339E+02    -0.2031796E+02
     0.5776846E+02    -0.2032343E+02
     0.5777032E+02    -0.2033288E+02
     0.5777613E+02    -0.2033775E+02
     0.5777681E+02    -0.2034328E+02
     0.5776584E+02    -0.2034181E+02
     0.5776455E+02    -0.2034961E+02
     0.5775817E+02    -0.2035278E+02
     0.5775231E+02    -0.2035342E+02
     0.5773236E+02    -0.2037188E+02
     0.5772097E+02    -0.2037723E+02
     0.5771888E+02    -0.2037821E+02
     0.5770889E+02    -0.2037674E+02
     0.5770260E+02    -0.2037140E+02
     0.5769929E+02    -0.2037312E+02
     0.5769946E+02    -0.2039299E+02
     0.5769722E+02    -0.2039761E+02
     0.5769789E+02    -0.2040036E+02
     0.5769839E+02    -0.2040240E+02
     0.5770667E+02    -0.2040339E+02
     0.5771125E+02    -0.2040964E+02
     0.5771434E+02    -0.2041794E+02
     0.5772111E+02    -0.2042490E+02
     0.5772297E+02    -0.2043411E+02
     0.5771679E+02    -0.2044142E+02
     0.5769870E+02    -0.2044379E+02
     0.5769981E+02    -0.2045507E+02
     0.5769561E+02    -0.2045963E+02
     0.5769075E+02    -0.2045798E+02
     0.5766677E+02    -0.2048136E+02
     0.5766387E+02    -0.2048419E+02
     0.5761964E+02    -0.2049906E+02
     0.5761386E+02    -0.2050191E+02
     0.5760678E+02    -0.2050184E+02
     0.5759255E+02    -0.2050792E+02
     0.5757804E+02    -0.2051699E+02
     0.5756287E+02    -0.2052052E+02
     0.5755140E+02    -0.2051904E+02
     0.5754824E+02    -0.2052023E+02
     0.5753889E+02    -0.2052375E+02
     0.5752788E+02    -0.2052572E+02
     0.5751594E+02    -0.2052480E+02
     0.5747004E+02    -0.2052171E+02
     0.5745767E+02    -0.2051400E+02
     0.5745010E+02    -0.2051144E+02
     0.5744088E+02    -0.2050832E+02
     0.5743327E+02    -0.2051146E+02
     0.5742152E+02    -0.2051387E+02
     0.5737554E+02    -0.2049892E+02
     0.5737069E+02    -0.2049393E+02
     0.5736855E+02    -0.2049172E+02
     0.5735831E+02    -0.2049023E+02
     0.5734590E+02    -0.2048597E+02
     0.5733995E+02    -0.2047349E+02
     0.5733130E+02    -0.2046259E+02
     0.5732128E+02    -0.2046317E+02
     0.5731314E+02    -0.2046906E+02
     0.5730263E+02    -0.2047056E+02
     0.5731448E+02    -0.2044011E+02
     0.5731966E+02    -0.2043649E+02
     0.5732204E+02    -0.2044111E+02
     0.5732324E+02    -0.2044152E+02
     0.5733736E+02    -0.2044633E+02
     0.5734771E+02    -0.2043839E+02
     0.5736536E+02    -0.2041214E+02
     0.5736278E+02    -0.2040314E+02
     0.5737091E+02    -0.2039702E+02
     0.5736882E+02    -0.2038849E+02
     0.5735958E+02    -0.2038540E+02
     0.5735503E+02    -0.2037823E+02
     0.5735875E+02    -0.2037344E+02
     0.5736563E+02    -0.2036983E+02
     0.5736571E+02    -0.2036294E+02
     0.5736290E+02    -0.2036167E+02
     0.5735891E+02    -0.2035988E+02
     0.5735640E+02    -0.2034583E+02
     0.5736643E+02    -0.2033447E+02
     0.5737468E+02    -0.2032739E+02
     0.5736670E+02    -0.2032133E+02
     0.5736006E+02    -0.2030563E+02
     0.5735827E+02    -0.2029250E+02
     0.5736573E+02    -0.2028039E+02
     0.5737501E+02    -0.2025934E+02
     0.5737596E+02    -0.2025307E+02
     0.5737713E+02    -0.2024533E+02
     0.5738622E+02    -0.2021967E+02
     0.5739822E+02    -0.2021451E+02
     0.5739982E+02    -0.2020349E+02
     0.5741729E+02    -0.2018918E+02
     0.5742203E+02    -0.2018003E+02
     0.5743449E+02    -0.2017763E+02
     0.5744702E+02    -0.2016878E+02
     0.5745673E+02    -0.2016746E+02
     0.5745800E+02    -0.2016728E+02
     0.5746700E+02    -0.2016944E+02
     0.5747155E+02    -0.2016829E+02
     0.5747729E+02    -0.2016425E+02
     0.5749025E+02    -0.2016024E+02
     0.5749598E+02    -0.2014995E+02
     0.5749588E+02    -0.2013684E+02
     0.5749112E+02    -0.2012714E+02
     0.5749173E+02    -0.2011565E+02
     0.5750705E+02    -0.2010777E+02
     0.5750987E+02    -0.2010617E+02
     0.5750969E+02    -0.2010019E+02
     0.5750560E+02    -0.2009555E+02
     0.5750887E+02    -0.2008707E+02
     0.5750533E+02    -0.2008015E+02
     0.5751371E+02    -0.2006734E+02
     0.5751846E+02    -0.2005704E+02
     0.5754929E+02    -0.2002101E+02
     0.5754696E+02    -0.2001110E+02
     0.5755192E+02    -0.2000332E+02
     0.5756811E+02    -0.2001428E+02
     0.5757761E+02    -0.2001368E+02
     0.5757379E+02    -0.2000791E+02
     0.5757772E+02    -0.2000000E+02
     0.5757925E+02    -0.1999691E+02
     0.5758442E+02    -0.1999167E+02
     0.5760295E+02    -0.1998763E+02
END
5
     0.5769842E+02    -0.2003908E+02
     0.5769190E+02    -0.2002368E+02
     0.5769632E+02    -0.2002393E+02
     0.5769699E+02    -0.2002969E+02
     0.5770229E+02    -0.2003617E+02
     0.5771031E+02    -0.2003761E+02
     0.5771074E+02    -0.2004360E+02
     0.5770297E+02    -0.2004123E+02
     0.5769591E+02    -0.2004094E+02
     0.5768782E+02    -0.2004593E+02
     0.5768421E+02    -0.2004222E+02
     0.5769088E+02    -0.2003239E+02
     0.5769190E+02    -0.2002368E+02
END
END
