mayotte
1
     0.4502574E+02    -0.1264333E+02
     0.4503662E+02    -0.1264730E+02
     0.4503333E+02    -0.1264842E+02
     0.4502977E+02    -0.1265275E+02
     0.4502248E+02    -0.1265544E+02
     0.4502156E+02    -0.1265359E+02
     0.4502348E+02    -0.1264901E+02
     0.4502281E+02    -0.1264601E+02
     0.4501671E+02    -0.1264641E+02
     0.4501462E+02    -0.1264477E+02
     0.4501512E+02    -0.1264156E+02
     0.4501913E+02    -0.1263884E+02
     0.4502200E+02    -0.1263450E+02
     0.4502481E+02    -0.1263384E+02
     0.4503852E+02    -0.1264502E+02
     0.4503662E+02    -0.1264730E+02
END
2
     0.4515216E+02    -0.1280321E+02
     0.4510050E+02    -0.1268085E+02
     0.4510379E+02    -0.1267997E+02
     0.4510609E+02    -0.1268413E+02
     0.4510741E+02    -0.1268415E+02
     0.4510914E+02    -0.1268416E+02
     0.4510982E+02    -0.1268670E+02
     0.4510769E+02    -0.1268829E+02
     0.4510977E+02    -0.1269153E+02
     0.4512726E+02    -0.1270045E+02
     0.4512208E+02    -0.1270293E+02
     0.4512064E+02    -0.1270659E+02
     0.4512247E+02    -0.1271006E+02
     0.4512597E+02    -0.1271217E+02
     0.4512777E+02    -0.1271909E+02
     0.4513102E+02    -0.1272326E+02
     0.4513638E+02    -0.1272631E+02
     0.4514504E+02    -0.1272708E+02
     0.4515039E+02    -0.1273174E+02
     0.4515556E+02    -0.1272995E+02
     0.4515937E+02    -0.1272424E+02
     0.4516268E+02    -0.1272197E+02
     0.4516154E+02    -0.1271874E+02
     0.4516462E+02    -0.1271601E+02
     0.4516644E+02    -0.1272062E+02
     0.4517133E+02    -0.1272435E+02
     0.4518166E+02    -0.1272446E+02
     0.4518282E+02    -0.1272447E+02
     0.4519239E+02    -0.1272893E+02
     0.4519943E+02    -0.1272785E+02
     0.4520432E+02    -0.1273112E+02
     0.4520714E+02    -0.1273092E+02
     0.4520951E+02    -0.1272841E+02
     0.4521043E+02    -0.1273026E+02
     0.4520851E+02    -0.1273461E+02
     0.4521222E+02    -0.1273925E+02
     0.4521780E+02    -0.1274298E+02
     0.4522040E+02    -0.1274163E+02
     0.4522484E+02    -0.1274259E+02
     0.4522690E+02    -0.1274767E+02
     0.4523157E+02    -0.1275025E+02
     0.4523559E+02    -0.1275921E+02
     0.4522766E+02    -0.1277557E+02
     0.4522910E+02    -0.1277848E+02
     0.4523460E+02    -0.1278044E+02
     0.4523438E+02    -0.1278351E+02
     0.4521900E+02    -0.1278785E+02
     0.4521662E+02    -0.1278959E+02
     0.4521310E+02    -0.1279217E+02
     0.4521304E+02    -0.1279838E+02
     0.4520235E+02    -0.1281116E+02
     0.4519995E+02    -0.1281734E+02
     0.4518978E+02    -0.1282576E+02
     0.4519117E+02    -0.1282738E+02
     0.4519422E+02    -0.1282718E+02
     0.4519442E+02    -0.1282994E+02
     0.4519040E+02    -0.1283381E+02
     0.4518824E+02    -0.1283908E+02
     0.4519173E+02    -0.1284188E+02
     0.4519143E+02    -0.1284786E+02
     0.4519374E+02    -0.1285179E+02
     0.4519678E+02    -0.1285297E+02
     0.4520139E+02    -0.1286061E+02
     0.4520396E+02    -0.1286178E+02
     0.4520843E+02    -0.1286067E+02
     0.4520911E+02    -0.1286298E+02
     0.4520743E+02    -0.1286688E+02
     0.4520835E+02    -0.1286896E+02
     0.4521232E+02    -0.1287014E+02
     0.4521867E+02    -0.1286883E+02
     0.4522029E+02    -0.1287114E+02
     0.4521692E+02    -0.1287376E+02
     0.4521414E+02    -0.1287591E+02
     0.4521223E+02    -0.1287958E+02
     0.4521454E+02    -0.1288259E+02
     0.4520935E+02    -0.1288599E+02
     0.4520293E+02    -0.1289421E+02
     0.4519588E+02    -0.1289506E+02
     0.4519420E+02    -0.1289918E+02
     0.4519295E+02    -0.1290722E+02
     0.4519408E+02    -0.1291137E+02
     0.4520524E+02    -0.1292137E+02
     0.4519750E+02    -0.1292107E+02
     0.4519073E+02    -0.1291801E+02
     0.4518487E+02    -0.1291772E+02
     0.4518321E+02    -0.1291886E+02
     0.4518198E+02    -0.1292437E+02
     0.4517585E+02    -0.1292730E+02
     0.4517204E+02    -0.1293370E+02
     0.4517618E+02    -0.1294179E+02
     0.4516842E+02    -0.1294379E+02
     0.4516814E+02    -0.1294442E+02
     0.4516625E+02    -0.1294883E+02
     0.4516808E+02    -0.1295344E+02
     0.4517274E+02    -0.1295717E+02
     0.4517501E+02    -0.1296455E+02
     0.4518245E+02    -0.1297107E+02
     0.4518739E+02    -0.1297089E+02
     0.4519180E+02    -0.1297507E+02
     0.4519817E+02    -0.1297214E+02
     0.4519979E+02    -0.1297446E+02
     0.4518981E+02    -0.1298655E+02
     0.4518185E+02    -0.1298440E+02
     0.4517856E+02    -0.1298483E+02
     0.4517382E+02    -0.1298985E+02
     0.4517635E+02    -0.1299470E+02
     0.4517189E+02    -0.1299443E+02
     0.4516804E+02    -0.1298082E+02
     0.4516409E+02    -0.1297733E+02
     0.4516033E+02    -0.1297706E+02
     0.4515774E+02    -0.1297865E+02
     0.4515619E+02    -0.1298148E+02
     0.4515487E+02    -0.1298391E+02
     0.4515266E+02    -0.1299332E+02
     0.4514391E+02    -0.1300013E+02
     0.4513923E+02    -0.1299893E+02
     0.4513179E+02    -0.1299150E+02
     0.4512851E+02    -0.1299124E+02
     0.4512472E+02    -0.1299419E+02
     0.4512238E+02    -0.1299394E+02
     0.4512132E+02    -0.1298311E+02
     0.4511735E+02    -0.1298054E+02
     0.4511242E+02    -0.1298095E+02
     0.4510720E+02    -0.1298619E+02
     0.4510550E+02    -0.1299238E+02
     0.4510244E+02    -0.1299304E+02
     0.4510107E+02    -0.1298889E+02
     0.4510397E+02    -0.1298087E+02
     0.4510146E+02    -0.1297371E+02
     0.4510432E+02    -0.1297006E+02
     0.4510487E+02    -0.1296247E+02
     0.4510231E+02    -0.1296015E+02
     0.4509779E+02    -0.1296050E+02
     0.4509714E+02    -0.1296056E+02
     0.4509334E+02    -0.1296535E+02
     0.4508933E+02    -0.1296669E+02
     0.4508070E+02    -0.1296223E+02
     0.4507576E+02    -0.1296356E+02
     0.4507483E+02    -0.1296240E+02
     0.4507532E+02    -0.1296056E+02
     0.4509208E+02    -0.1295038E+02
     0.4509590E+02    -0.1294421E+02
     0.4509907E+02    -0.1293274E+02
     0.4509560E+02    -0.1292765E+02
     0.4508998E+02    -0.1292713E+02
     0.4508361E+02    -0.1293074E+02
     0.4508223E+02    -0.1292751E+02
     0.4508506E+02    -0.1292616E+02
     0.4508438E+02    -0.1292362E+02
     0.4507855E+02    -0.1292057E+02
     0.4507168E+02    -0.1290417E+02
     0.4506607E+02    -0.1290204E+02
     0.4506641E+02    -0.1290107E+02
     0.4506680E+02    -0.1289998E+02
     0.4507762E+02    -0.1289756E+02
     0.4508935E+02    -0.1289699E+02
     0.4509682E+02    -0.1290051E+02
     0.4509890E+02    -0.1290376E+02
     0.4509831E+02    -0.1291548E+02
     0.4509991E+02    -0.1291987E+02
     0.4510643E+02    -0.1292453E+02
     0.4512022E+02    -0.1292996E+02
     0.4512508E+02    -0.1293576E+02
     0.4513142E+02    -0.1293560E+02
     0.4514154E+02    -0.1293248E+02
     0.4514562E+02    -0.1292378E+02
     0.4514429E+02    -0.1291617E+02
     0.4513966E+02    -0.1290652E+02
     0.4513097E+02    -0.1288844E+02
     0.4511120E+02    -0.1287167E+02
     0.4510962E+02    -0.1286591E+02
     0.4510706E+02    -0.1286312E+02
     0.4510051E+02    -0.1286213E+02
     0.4509005E+02    -0.1285260E+02
     0.4508891E+02    -0.1284982E+02
     0.4509407E+02    -0.1284896E+02
     0.4509788E+02    -0.1284370E+02
     0.4510236E+02    -0.1284191E+02
     0.4511173E+02    -0.1284269E+02
     0.4511269E+02    -0.1284063E+02
     0.4511202E+02    -0.1283718E+02
     0.4510503E+02    -0.1283319E+02
     0.4509916E+02    -0.1283405E+02
     0.4509754E+02    -0.1283151E+02
     0.4510125E+02    -0.1281245E+02
     0.4509570E+02    -0.1280526E+02
     0.4509598E+02    -0.1280067E+02
     0.4509744E+02    -0.1279585E+02
     0.4510356E+02    -0.1279384E+02
     0.4510241E+02    -0.1279153E+02
     0.4509235E+02    -0.1278890E+02
     0.4509195E+02    -0.1278245E+02
     0.4509691E+02    -0.1277905E+02
     0.4509935E+02    -0.1276987E+02
     0.4509774E+02    -0.1276618E+02
     0.4508600E+02    -0.1276790E+02
     0.4508135E+02    -0.1276394E+02
     0.4507784E+02    -0.1276390E+02
     0.4507219E+02    -0.1276615E+02
     0.4506779E+02    -0.1276035E+02
     0.4506031E+02    -0.1275583E+02
     0.4505943E+02    -0.1275244E+02
     0.4505101E+02    -0.1275075E+02
     0.4504793E+02    -0.1275393E+02
     0.4503932E+02    -0.1274717E+02
     0.4504033E+02    -0.1274051E+02
     0.4504955E+02    -0.1273371E+02
     0.4505360E+02    -0.1272685E+02
     0.4505247E+02    -0.1272361E+02
     0.4504383E+02    -0.1271984E+02
     0.4503796E+02    -0.1272070E+02
     0.4503798E+02    -0.1271886E+02
     0.4504224E+02    -0.1271500E+02
     0.4504705E+02    -0.1270400E+02
     0.4504615E+02    -0.1269962E+02
     0.4504758E+02    -0.1269780E+02
     0.4505836E+02    -0.1269837E+02
     0.4506260E+02    -0.1269611E+02
     0.4506406E+02    -0.1269107E+02
     0.4506665E+02    -0.1268971E+02
     0.4506786E+02    -0.1268650E+02
     0.4506742E+02    -0.1268484E+02
     0.4506696E+02    -0.1268304E+02
     0.4506123E+02    -0.1268066E+02
     0.4506143E+02    -0.1267943E+02
     0.4506607E+02    -0.1267882E+02
     0.4507120E+02    -0.1268125E+02
     0.4507425E+02    -0.1268059E+02
     0.4507805E+02    -0.1267580E+02
     0.4507930E+02    -0.1266799E+02
     0.4508239E+02    -0.1266434E+02
     0.4508710E+02    -0.1266208E+02
     0.4509070E+02    -0.1265453E+02
     0.4509515E+02    -0.1265504E+02
     0.4509943E+02    -0.1264910E+02
     0.4510177E+02    -0.1264889E+02
     0.4510270E+02    -0.1264982E+02
     0.4509936E+02    -0.1265554E+02
     0.4510210E+02    -0.1265986E+02
     0.4509367E+02    -0.1266146E+02
     0.4508682E+02    -0.1266645E+02
     0.4508539E+02    -0.1266920E+02
     0.4508889E+02    -0.1267062E+02
     0.4509298E+02    -0.1266981E+02
     0.4509573E+02    -0.1267295E+02
     0.4510121E+02    -0.1267444E+02
     0.4509896E+02    -0.1267740E+02
     0.4510050E+02    -0.1268085E+02
END
3
     0.4528119E+02    -0.1278065E+02
     0.4526864E+02    -0.1277200E+02
     0.4527809E+02    -0.1276427E+02
     0.4528098E+02    -0.1275624E+02
     0.4528379E+02    -0.1275742E+02
     0.4528560E+02    -0.1276411E+02
     0.4528839E+02    -0.1276643E+02
     0.4528999E+02    -0.1277059E+02
     0.4528902E+02    -0.1277426E+02
     0.4529158E+02    -0.1277613E+02
     0.4529295E+02    -0.1277982E+02
     0.4529164E+02    -0.1279491E+02
     0.4529015E+02    -0.1279643E+02
     0.4528412E+02    -0.1279607E+02
     0.4528105E+02    -0.1279811E+02
     0.4527960E+02    -0.1280201E+02
     0.4528141E+02    -0.1280893E+02
     0.4527904E+02    -0.1281189E+02
     0.4527576E+02    -0.1281117E+02
     0.4526937E+02    -0.1279340E+02
     0.4526519E+02    -0.1278922E+02
     0.4526546E+02    -0.1278577E+02
     0.4526778E+02    -0.1278276E+02
     0.4527092E+02    -0.1277869E+02
     0.4527025E+02    -0.1277523E+02
     0.4526662E+02    -0.1277565E+02
     0.4526384E+02    -0.1277779E+02
     0.4525710E+02    -0.1278684E+02
     0.4526041E+02    -0.1277901E+02
     0.4526359E+02    -0.1277507E+02
     0.4526864E+02    -0.1277200E+02
END
4
     0.4523128E+02    -0.1280817E+02
     0.4522788E+02    -0.1281486E+02
     0.4522702E+02    -0.1280657E+02
     0.4522870E+02    -0.1280313E+02
     0.4523222E+02    -0.1280293E+02
     0.4523637E+02    -0.1280988E+02
     0.4523234E+02    -0.1281444E+02
     0.4522788E+02    -0.1281486E+02
END
5
     0.4524444E+02    -0.1283857E+02
     0.4524894E+02    -0.1284404E+02
     0.4524262E+02    -0.1284214E+02
     0.4523938E+02    -0.1283843E+02
     0.4524059E+02    -0.1283430E+02
     0.4524969E+02    -0.1283876E+02
     0.4525108E+02    -0.1284084E+02
     0.4524894E+02    -0.1284404E+02
END
END
