micronesia
1
     0.1381167E+03     0.9549616E+01
     0.1381684E+03     0.9528495E+01
     0.1381675E+03     0.9526480E+01
     0.1381666E+03     0.9524585E+01
     0.1381637E+03     0.9516827E+01
     0.1381602E+03     0.9514248E+01
     0.1381426E+03     0.9515617E+01
     0.1381409E+03     0.9520197E+01
     0.1381411E+03     0.9524571E+01
     0.1381436E+03     0.9529439E+01
     0.1381428E+03     0.9532190E+01
     0.1381371E+03     0.9527509E+01
     0.1381348E+03     0.9528398E+01
     0.1381349E+03     0.9533463E+01
     0.1381394E+03     0.9546181E+01
     0.1381400E+03     0.9550332E+01
     0.1381384E+03     0.9551000E+01
     0.1381298E+03     0.9540020E+01
     0.1381277E+03     0.9537275E+01
     0.1381180E+03     0.9515970E+01
     0.1381178E+03     0.9513206E+01
     0.1381219E+03     0.9504057E+01
     0.1381206E+03     0.9497365E+01
     0.1381134E+03     0.9495425E+01
     0.1381080E+03     0.9497422E+01
     0.1381060E+03     0.9495092E+01
     0.1381079E+03     0.9491437E+01
     0.1381023E+03     0.9493201E+01
     0.1381002E+03     0.9491101E+01
     0.1381015E+03     0.9486746E+01
     0.1381003E+03     0.9482819E+01
     0.1380983E+03     0.9481179E+01
     0.1380915E+03     0.9481775E+01
     0.1380872E+03     0.9479184E+01
     0.1380863E+03     0.9476180E+01
     0.1380831E+03     0.9473834E+01
     0.1380759E+03     0.9474194E+01
     0.1380725E+03     0.9466323E+01
     0.1380760E+03     0.9463150E+01
     0.1380757E+03     0.9462660E+01
     0.1380701E+03     0.9455474E+01
     0.1380707E+03     0.9448808E+01
     0.1380686E+03     0.9444407E+01
     0.1380636E+03     0.9438354E+01
     0.1380569E+03     0.9439410E+01
     0.1380528E+03     0.9447638E+01
     0.1380551E+03     0.9463778E+01
     0.1380621E+03     0.9480905E+01
     0.1380622E+03     0.9489651E+01
     0.1380665E+03     0.9499606E+01
     0.1380765E+03     0.9509182E+01
     0.1380776E+03     0.9517251E+01
     0.1380745E+03     0.9521351E+01
     0.1380753E+03     0.9521580E+01
     0.1380817E+03     0.9523521E+01
     0.1380816E+03     0.9529504E+01
     0.1380857E+03     0.9533012E+01
     0.1380864E+03     0.9536243E+01
     0.1380932E+03     0.9544164E+01
     0.1380948E+03     0.9548327E+01
     0.1380996E+03     0.9552537E+01
     0.1381039E+03     0.9564562E+01
     0.1381103E+03     0.9569944E+01
     0.1381127E+03     0.9579873E+01
     0.1381286E+03     0.9586997E+01
     0.1381375E+03     0.9583436E+01
     0.1381368E+03     0.9580666E+01
     0.1381327E+03     0.9577157E+01
     0.1381334E+03     0.9573255E+01
     0.1381307E+03     0.9572757E+01
     0.1381305E+03     0.9570222E+01
     0.1381331E+03     0.9565195E+01
     0.1381322E+03     0.9562652E+01
     0.1381320E+03     0.9560577E+01
     0.1381418E+03     0.9559331E+01
     0.1381563E+03     0.9566894E+01
     0.1381567E+03     0.9570352E+01
     0.1381458E+03     0.9567671E+01
     0.1381449E+03     0.9570419E+01
     0.1381450E+03     0.9577326E+01
     0.1381473E+03     0.9578507E+01
     0.1381445E+03     0.9582841E+01
     0.1381456E+03     0.9586538E+01
     0.1381581E+03     0.9603510E+01
     0.1381573E+03     0.9606952E+01
     0.1381521E+03     0.9614148E+01
     0.1381429E+03     0.9626547E+01
     0.1381445E+03     0.9632552E+01
     0.1381500E+03     0.9636310E+01
     0.1381530E+03     0.9636351E+01
     0.1381577E+03     0.9632042E+01
     0.1381599E+03     0.9628160E+01
     0.1381583E+03     0.9620774E+01
     0.1381598E+03     0.9616421E+01
     0.1381645E+03     0.9611882E+01
     0.1381714E+03     0.9613818E+01
     0.1381754E+03     0.9608579E+01
     0.1381788E+03     0.9599420E+01
     0.1381771E+03     0.9589499E+01
     0.1381732E+03     0.9582774E+01
     0.1381717E+03     0.9576079E+01
     0.1381691E+03     0.9577425E+01
     0.1381662E+03     0.9587511E+01
     0.1381651E+03     0.9586575E+01
     0.1381646E+03     0.9583645E+01
     0.1381633E+03     0.9576655E+01
     0.1381690E+03     0.9569598E+01
     0.1381713E+03     0.9556512E+01
     0.1381797E+03     0.9552943E+01
     0.1381827E+03     0.9555056E+01
     0.1381840E+03     0.9560367E+01
     0.1381867E+03     0.9563625E+01
     0.1381946E+03     0.9562812E+01
     0.1381967E+03     0.9561229E+01
     0.1381886E+03     0.9545930E+01
     0.1381885E+03     0.9536034E+01
     0.1381823E+03     0.9530427E+01
     0.1381773E+03     0.9522534E+01
     0.1381743E+03     0.9521573E+01
     0.1381724E+03     0.9523849E+01
     0.1381711E+03     0.9532346E+01
     0.1381684E+03     0.9528495E+01
END
2
     0.1405198E+03     0.9762092E+01
     0.1405227E+03     0.9770773E+01
     0.1405288E+03     0.9770574E+01
     0.1405292E+03     0.9768965E+01
     0.1405221E+03     0.9752358E+01
     0.1405198E+03     0.9750965E+01
     0.1405149E+03     0.9753702E+01
     0.1405121E+03     0.9760131E+01
     0.1405169E+03     0.9767521E+01
     0.1405227E+03     0.9770773E+01
END
3
     0.1470367E+03     0.7360502E+01
     0.1470454E+03     0.7364133E+01
     0.1470395E+03     0.7357418E+01
     0.1470351E+03     0.7354171E+01
     0.1470314E+03     0.7355477E+01
     0.1470312E+03     0.7360900E+01
     0.1470352E+03     0.7364799E+01
     0.1470408E+03     0.7365441E+01
     0.1470436E+03     0.7365220E+01
     0.1470454E+03     0.7364133E+01
END
4
     0.1493073E+03     0.6691904E+01
     0.1493044E+03     0.6700288E+01
     0.1493064E+03     0.6703771E+01
     0.1493085E+03     0.6704498E+01
     0.1493124E+03     0.6703193E+01
     0.1493136E+03     0.6700919E+01
     0.1493132E+03     0.6695629E+01
     0.1493115E+03     0.6690084E+01
     0.1493098E+03     0.6680177E+01
     0.1493072E+03     0.6675763E+01
     0.1493016E+03     0.6677496E+01
     0.1493013E+03     0.6682774E+01
     0.1493027E+03     0.6693136E+01
     0.1493044E+03     0.6700288E+01
END
5
     0.1518543E+03     0.7439181E+01
     0.1518515E+03     0.7460334E+01
     0.1518580E+03     0.7457532E+01
     0.1518665E+03     0.7459538E+01
     0.1518723E+03     0.7460185E+01
     0.1518750E+03     0.7456720E+01
     0.1518704E+03     0.7454687E+01
     0.1518731E+03     0.7451223E+01
     0.1518874E+03     0.7449513E+01
     0.1518902E+03     0.7449493E+01
     0.1518925E+03     0.7448328E+01
     0.1518899E+03     0.7445132E+01
     0.1518689E+03     0.7436788E+01
     0.1518613E+03     0.7433857E+01
     0.1518575E+03     0.7425159E+01
     0.1518506E+03     0.7421535E+01
     0.1518454E+03     0.7414223E+01
     0.1518413E+03     0.7412187E+01
     0.1518372E+03     0.7416579E+01
     0.1518347E+03     0.7426012E+01
     0.1518341E+03     0.7437037E+01
     0.1518337E+03     0.7446915E+01
     0.1518359E+03     0.7457920E+01
     0.1518423E+03     0.7459940E+01
     0.1518515E+03     0.7460334E+01
END
6
     0.1517223E+03     0.7375208E+01
     0.1517074E+03     0.7391778E+01
     0.1517107E+03     0.7389461E+01
     0.1517130E+03     0.7387378E+01
     0.1517209E+03     0.7378825E+01
     0.1517288E+03     0.7378311E+01
     0.1517320E+03     0.7377139E+01
     0.1517356E+03     0.7371144E+01
     0.1517331E+03     0.7367716E+01
     0.1517289E+03     0.7367286E+01
     0.1517241E+03     0.7367550E+01
     0.1517202E+03     0.7370104E+01
     0.1517177E+03     0.7370121E+01
     0.1517151E+03     0.7370139E+01
     0.1517135E+03     0.7373825E+01
     0.1517103E+03     0.7375914E+01
     0.1517064E+03     0.7374334E+01
     0.1517016E+03     0.7372530E+01
     0.1516997E+03     0.7374839E+01
     0.1517007E+03     0.7379426E+01
     0.1517032E+03     0.7383542E+01
     0.1517026E+03     0.7389057E+01
     0.1517056E+03     0.7392711E+01
     0.1517074E+03     0.7391778E+01
END
7
     0.1515881E+03     0.7341902E+01
     0.1515933E+03     0.7376955E+01
     0.1515942E+03     0.7379246E+01
     0.1515942E+03     0.7384527E+01
     0.1515929E+03     0.7388440E+01
     0.1515952E+03     0.7391639E+01
     0.1516001E+03     0.7390687E+01
     0.1516042E+03     0.7386525E+01
     0.1516083E+03     0.7383282E+01
     0.1516087E+03     0.7379375E+01
     0.1516087E+03     0.7377079E+01
     0.1516124E+03     0.7375905E+01
     0.1516145E+03     0.7378876E+01
     0.1516198E+03     0.7376314E+01
     0.1516276E+03     0.7374423E+01
     0.1516329E+03     0.7372319E+01
     0.1516354E+03     0.7367021E+01
     0.1516342E+03     0.7364273E+01
     0.1516337E+03     0.7356928E+01
     0.1516350E+03     0.7351408E+01
     0.1516350E+03     0.7347503E+01
     0.1516322E+03     0.7348211E+01
     0.1516290E+03     0.7351678E+01
     0.1516254E+03     0.7353540E+01
     0.1516224E+03     0.7353332E+01
     0.1516228E+03     0.7350343E+01
     0.1516253E+03     0.7347341E+01
     0.1516285E+03     0.7343644E+01
     0.1516326E+03     0.7337645E+01
     0.1516326E+03     0.7333282E+01
     0.1516337E+03     0.7328222E+01
     0.1516316E+03     0.7325710E+01
     0.1516238E+03     0.7324157E+01
     0.1516154E+03     0.7321229E+01
     0.1516092E+03     0.7319205E+01
     0.1516060E+03     0.7319228E+01
     0.1516046E+03     0.7325437E+01
     0.1516056E+03     0.7334386E+01
     0.1516087E+03     0.7339877E+01
     0.1516110E+03     0.7346520E+01
     0.1516087E+03     0.7348603E+01
     0.1516064E+03     0.7346782E+01
     0.1516050E+03     0.7340821E+01
     0.1515987E+03     0.7333516E+01
     0.1515899E+03     0.7324850E+01
     0.1515880E+03     0.7322106E+01
     0.1515839E+03     0.7320298E+01
     0.1515825E+03     0.7322833E+01
     0.1515816E+03     0.7324906E+01
     0.1515802E+03     0.7324227E+01
     0.1515788E+03     0.7322400E+01
     0.1515744E+03     0.7322888E+01
     0.1515715E+03     0.7324975E+01
     0.1515687E+03     0.7330276E+01
     0.1515658E+03     0.7331675E+01
     0.1515602E+03     0.7330794E+01
     0.1515570E+03     0.7331735E+01
     0.1515563E+03     0.7334495E+01
     0.1515593E+03     0.7337689E+01
     0.1515806E+03     0.7345581E+01
     0.1515972E+03     0.7351438E+01
     0.1516004E+03     0.7350497E+01
     0.1515998E+03     0.7352569E+01
     0.1516032E+03     0.7353464E+01
     0.1516083E+03     0.7358251E+01
     0.1516086E+03     0.7362382E+01
     0.1516031E+03     0.7370917E+01
     0.1515997E+03     0.7371400E+01
     0.1515916E+03     0.7368929E+01
     0.1515869E+03     0.7364598E+01
     0.1515833E+03     0.7362327E+01
     0.1515800E+03     0.7362120E+01
     0.1515780E+03     0.7365119E+01
     0.1515748E+03     0.7366518E+01
     0.1515711E+03     0.7367003E+01
     0.1515678E+03     0.7367255E+01
     0.1515669E+03     0.7368639E+01
     0.1515709E+03     0.7374583E+01
     0.1515753E+03     0.7380982E+01
     0.1515799E+03     0.7382099E+01
     0.1515827E+03     0.7382539E+01
     0.1515843E+03     0.7381839E+01
     0.1515868E+03     0.7379526E+01
     0.1515894E+03     0.7378360E+01
     0.1515933E+03     0.7376955E+01
END
8
     0.1518748E+03     0.7370633E+01
     0.1518820E+03     0.7377678E+01
     0.1518836E+03     0.7375600E+01
     0.1518880E+03     0.7377175E+01
     0.1518938E+03     0.7379660E+01
     0.1518938E+03     0.7373460E+01
     0.1518923E+03     0.7368877E+01
     0.1518875E+03     0.7366616E+01
     0.1518808E+03     0.7367583E+01
     0.1518774E+03     0.7368986E+01
     0.1518748E+03     0.7365789E+01
     0.1518709E+03     0.7362602E+01
     0.1518663E+03     0.7362176E+01
     0.1518612E+03     0.7362672E+01
     0.1518582E+03     0.7365908E+01
     0.1518566E+03     0.7370513E+01
     0.1518583E+03     0.7380146E+01
     0.1518593E+03     0.7387946E+01
     0.1518621E+03     0.7388615E+01
     0.1518680E+03     0.7386735E+01
     0.1518724E+03     0.7385096E+01
     0.1518814E+03     0.7386409E+01
     0.1518877E+03     0.7389349E+01
     0.1518895E+03     0.7386121E+01
     0.1518890E+03     0.7382450E+01
     0.1518855E+03     0.7380868E+01
     0.1518814E+03     0.7380438E+01
     0.1518820E+03     0.7377678E+01
END
9
     0.1518332E+03     0.7342177E+01
     0.1518447E+03     0.7312038E+01
     0.1518341E+03     0.7314181E+01
     0.1518341E+03     0.7320382E+01
     0.1518319E+03     0.7329354E+01
     0.1518276E+03     0.7336504E+01
     0.1518187E+03     0.7348050E+01
     0.1518114E+03     0.7359584E+01
     0.1518130E+03     0.7364625E+01
     0.1518179E+03     0.7365738E+01
     0.1518229E+03     0.7364784E+01
     0.1518294E+03     0.7361982E+01
     0.1518369E+03     0.7357105E+01
     0.1518409E+03     0.7355929E+01
     0.1518452E+03     0.7352912E+01
     0.1518459E+03     0.7347167E+01
     0.1518428E+03     0.7341218E+01
     0.1518437E+03     0.7335011E+01
     0.1518487E+03     0.7324641E+01
     0.1518447E+03     0.7312038E+01
END
10
     0.1517836E+03     0.7359198E+01
     0.1517814E+03     0.7351990E+01
     0.1517809E+03     0.7354749E+01
     0.1517793E+03     0.7357975E+01
     0.1517805E+03     0.7360951E+01
     0.1517810E+03     0.7364852E+01
     0.1517838E+03     0.7364144E+01
     0.1517870E+03     0.7362743E+01
     0.1517874E+03     0.7357917E+01
     0.1517841E+03     0.7354267E+01
     0.1517814E+03     0.7351990E+01
END
11
     0.1516642E+03     0.7350791E+01
     0.1516684E+03     0.7347272E+01
     0.1516686E+03     0.7345663E+01
     0.1516679E+03     0.7342453E+01
     0.1516642E+03     0.7342019E+01
     0.1516633E+03     0.7345240E+01
     0.1516615E+03     0.7350994E+01
     0.1516590E+03     0.7353308E+01
     0.1516577E+03     0.7356991E+01
     0.1516604E+03     0.7357661E+01
     0.1516641E+03     0.7355110E+01
     0.1516668E+03     0.7350957E+01
     0.1516684E+03     0.7347272E+01
END
12
     0.1517754E+03     0.7337902E+01
     0.1517769E+03     0.7341917E+01
     0.1517783E+03     0.7338233E+01
     0.1517771E+03     0.7336174E+01
     0.1517752E+03     0.7334121E+01
     0.1517725E+03     0.7332763E+01
     0.1517711E+03     0.7334610E+01
     0.1517725E+03     0.7337585E+01
     0.1517746E+03     0.7341244E+01
     0.1517769E+03     0.7341917E+01
END
13
     0.1518743E+03     0.7301270E+01
     0.1518684E+03     0.7312787E+01
     0.1518749E+03     0.7312281E+01
     0.1518794E+03     0.7308343E+01
     0.1518824E+03     0.7303500E+01
     0.1518826E+03     0.7298676E+01
     0.1518798E+03     0.7292265E+01
     0.1518768E+03     0.7287694E+01
     0.1518737E+03     0.7286568E+01
     0.1518698E+03     0.7288662E+01
     0.1518662E+03     0.7296957E+01
     0.1518660E+03     0.7303618E+01
     0.1518672E+03     0.7308432E+01
     0.1518684E+03     0.7312787E+01
END
14
     0.1518175E+03     0.7295028E+01
     0.1518158E+03     0.7300074E+01
     0.1518176E+03     0.7299830E+01
     0.1518201E+03     0.7291775E+01
     0.1518219E+03     0.7289236E+01
     0.1518203E+03     0.7288558E+01
     0.1518173E+03     0.7289728E+01
     0.1518160E+03     0.7294790E+01
     0.1518158E+03     0.7300074E+01
END
15
     0.1520013E+03     0.7232234E+01
     0.1519975E+03     0.7227102E+01
     0.1519973E+03     0.7230318E+01
     0.1519999E+03     0.7234663E+01
     0.1520031E+03     0.7236248E+01
     0.1520045E+03     0.7232792E+01
     0.1520038E+03     0.7230731E+01
     0.1520014E+03     0.7228451E+01
     0.1519975E+03     0.7227102E+01
END
16
     0.1519739E+03     0.7186166E+01
     0.1519783E+03     0.7191871E+01
     0.1519788E+03     0.7188883E+01
     0.1519771E+03     0.7184531E+01
     0.1519732E+03     0.7182263E+01
     0.1519674E+03     0.7178860E+01
     0.1519651E+03     0.7179565E+01
     0.1519672E+03     0.7183455E+01
     0.1519751E+03     0.7191207E+01
     0.1519783E+03     0.7191871E+01
END
17
     0.1519376E+03     0.7162381E+01
     0.1519250E+03     0.7151377E+01
     0.1519241E+03     0.7153221E+01
     0.1519288E+03     0.7158470E+01
     0.1519346E+03     0.7162792E+01
     0.1519383E+03     0.7164832E+01
     0.1519431E+03     0.7166405E+01
     0.1519457E+03     0.7169602E+01
     0.1519485E+03     0.7170959E+01
     0.1519503E+03     0.7168649E+01
     0.1519482E+03     0.7167516E+01
     0.1519422E+03     0.7162736E+01
     0.1519362E+03     0.7160483E+01
     0.1519324E+03     0.7157754E+01
     0.1519250E+03     0.7151377E+01
END
18
     0.1519048E+03     0.7144870E+01
     0.1518962E+03     0.7145844E+01
     0.1518983E+03     0.7146058E+01
     0.1519024E+03     0.7145109E+01
     0.1519077E+03     0.7145990E+01
     0.1519140E+03     0.7148931E+01
     0.1519167E+03     0.7148221E+01
     0.1519125E+03     0.7143888E+01
     0.1519077E+03     0.7141167E+01
     0.1518998E+03     0.7139616E+01
     0.1518957E+03     0.7141024E+01
     0.1518962E+03     0.7145844E+01
END
19
     0.1535840E+03     0.5570178E+01
     0.1535739E+03     0.5565643E+01
     0.1535783E+03     0.5563405E+01
     0.1535808E+03     0.5563897E+01
     0.1535826E+03     0.5569208E+01
     0.1535829E+03     0.5577257E+01
     0.1535835E+03     0.5581632E+01
     0.1535856E+03     0.5582809E+01
     0.1535879E+03     0.5579853E+01
     0.1535871E+03     0.5571338E+01
     0.1535860E+03     0.5565807E+01
     0.1535847E+03     0.5563031E+01
     0.1535806E+03     0.5560906E+01
     0.1535771E+03     0.5562010E+01
     0.1535743E+03     0.5564041E+01
     0.1535732E+03     0.5564945E+01
     0.1535739E+03     0.5565643E+01
END
20
     0.1538133E+03     0.5496662E+01
     0.1537982E+03     0.5496915E+01
     0.1538009E+03     0.5498101E+01
     0.1538092E+03     0.5498669E+01
     0.1538142E+03     0.5499425E+01
     0.1538172E+03     0.5501993E+01
     0.1538183E+03     0.5507524E+01
     0.1538173E+03     0.5509579E+01
     0.1538173E+03     0.5512567E+01
     0.1538205E+03     0.5511460E+01
     0.1538219E+03     0.5507571E+01
     0.1538197E+03     0.5502026E+01
     0.1538179E+03     0.5497864E+01
     0.1538147E+03     0.5494606E+01
     0.1538102E+03     0.5492936E+01
     0.1538049E+03     0.5494475E+01
     0.1538019E+03     0.5495355E+01
     0.1537982E+03     0.5496915E+01
END
21
     0.1536896E+03     0.5305701E+01
     0.1537167E+03     0.5322960E+01
     0.1537212E+03     0.5324410E+01
     0.1537227E+03     0.5322903E+01
     0.1537226E+03     0.5318422E+01
     0.1537076E+03     0.5312593E+01
     0.1536956E+03     0.5305240E+01
     0.1536776E+03     0.5296450E+01
     0.1536596E+03     0.5286168E+01
     0.1536551E+03     0.5284717E+01
     0.1536552E+03     0.5290690E+01
     0.1536642E+03     0.5295085E+01
     0.1536777E+03     0.5303918E+01
     0.1536957E+03     0.5312707E+01
     0.1537167E+03     0.5322960E+01
END
22
     0.1577749E+03     0.7088510E+01
     0.1577695E+03     0.7097517E+01
     0.1577724E+03     0.7094995E+01
     0.1577736E+03     0.7092469E+01
     0.1577752E+03     0.7089714E+01
     0.1577785E+03     0.7088343E+01
     0.1577787E+03     0.7085353E+01
     0.1577771E+03     0.7084429E+01
     0.1577743E+03     0.7085571E+01
     0.1577722E+03     0.7087405E+01
     0.1577711E+03     0.7090162E+01
     0.1577704E+03     0.7092460E+01
     0.1577699E+03     0.7094528E+01
     0.1577695E+03     0.7097517E+01
END
23
     0.1582509E+03     0.7002671E+01
     0.1582500E+03     0.6988557E+01
     0.1582484E+03     0.6988323E+01
     0.1582470E+03     0.6990160E+01
     0.1582451E+03     0.6993606E+01
     0.1582447E+03     0.7000046E+01
     0.1582460E+03     0.7005339E+01
     0.1582479E+03     0.7010864E+01
     0.1582511E+03     0.7013861E+01
     0.1582534E+03     0.7012486E+01
     0.1582557E+03     0.7011111E+01
     0.1582569E+03     0.7007433E+01
     0.1582569E+03     0.7003293E+01
     0.1582553E+03     0.7000760E+01
     0.1582537E+03     0.6998916E+01
     0.1582516E+03     0.6997991E+01
     0.1582507E+03     0.6996609E+01
     0.1582502E+03     0.6994308E+01
     0.1582505E+03     0.6991318E+01
     0.1582500E+03     0.6988557E+01
END
24
     0.1582094E+03     0.6984331E+01
     0.1582104E+03     0.6985476E+01
     0.1582141E+03     0.6987555E+01
     0.1582159E+03     0.6987100E+01
     0.1582171E+03     0.6986413E+01
     0.1582168E+03     0.6984802E+01
     0.1582166E+03     0.6983421E+01
     0.1582152E+03     0.6982498E+01
     0.1582122E+03     0.6981340E+01
     0.1582095E+03     0.6981104E+01
     0.1582060E+03     0.6981787E+01
     0.1582030E+03     0.6982930E+01
     0.1582016E+03     0.6984997E+01
     0.1582014E+03     0.6986377E+01
     0.1582023E+03     0.6988219E+01
     0.1582048E+03     0.6989835E+01
     0.1582087E+03     0.6991454E+01
     0.1582104E+03     0.6985476E+01
END
25
     0.1582824E+03     0.6984426E+01
     0.1582839E+03     0.6980811E+01
     0.1582807E+03     0.6981264E+01
     0.1582781E+03     0.6982869E+01
     0.1582779E+03     0.6984938E+01
     0.1582807E+03     0.6986784E+01
     0.1582839E+03     0.6987251E+01
     0.1582860E+03     0.6986796E+01
     0.1582869E+03     0.6984958E+01
     0.1582869E+03     0.6982658E+01
     0.1582860E+03     0.6981505E+01
     0.1582839E+03     0.6980811E+01
END
26
     0.1582280E+03     0.6897106E+01
     0.1581547E+03     0.6956365E+01
     0.1581591E+03     0.6951545E+01
     0.1581635E+03     0.6944194E+01
     0.1581655E+03     0.6941669E+01
     0.1581775E+03     0.6938936E+01
     0.1581773E+03     0.6942156E+01
     0.1581791E+03     0.6947912E+01
     0.1581800E+03     0.6951824E+01
     0.1581814E+03     0.6955277E+01
     0.1581823E+03     0.6957580E+01
     0.1581784E+03     0.6961711E+01
     0.1581752E+03     0.6967685E+01
     0.1581747E+03     0.6973204E+01
     0.1581760E+03     0.6980338E+01
     0.1581774E+03     0.6982411E+01
     0.1581786E+03     0.6983794E+01
     0.1581811E+03     0.6983569E+01
     0.1581837E+03     0.6982195E+01
     0.1581887E+03     0.6983127E+01
     0.1581919E+03     0.6981294E+01
     0.1581945E+03     0.6979460E+01
     0.1581961E+03     0.6974633E+01
     0.1581971E+03     0.6966585E+01
     0.1581966E+03     0.6963133E+01
     0.1581950E+03     0.6960829E+01
     0.1581938E+03     0.6958986E+01
     0.1581929E+03     0.6956914E+01
     0.1581932E+03     0.6955074E+01
     0.1581959E+03     0.6956001E+01
     0.1582007E+03     0.6959693E+01
     0.1582033E+03     0.6961308E+01
     0.1582033E+03     0.6964989E+01
     0.1582047E+03     0.6968672E+01
     0.1582074E+03     0.6970289E+01
     0.1582102E+03     0.6970066E+01
     0.1582118E+03     0.6968229E+01
     0.1582146E+03     0.6963174E+01
     0.1582173E+03     0.6959040E+01
     0.1582199E+03     0.6956746E+01
     0.1582256E+03     0.6952848E+01
     0.1582293E+03     0.6951707E+01
     0.1582270E+03     0.6955612E+01
     0.1582247E+03     0.6958827E+01
     0.1582215E+03     0.6963190E+01
     0.1582196E+03     0.6966406E+01
     0.1582217E+03     0.6968711E+01
     0.1582226E+03     0.6972394E+01
     0.1582245E+03     0.6973088E+01
     0.1582397E+03     0.6959781E+01
     0.1582415E+03     0.6959095E+01
     0.1582429E+03     0.6959788E+01
     0.1582441E+03     0.6961401E+01
     0.1582441E+03     0.6964391E+01
     0.1582457E+03     0.6966005E+01
     0.1582537E+03     0.6969473E+01
     0.1582609E+03     0.6969489E+01
     0.1582648E+03     0.6970188E+01
     0.1582664E+03     0.6969041E+01
     0.1582662E+03     0.6966511E+01
     0.1582653E+03     0.6964438E+01
     0.1582655E+03     0.6961678E+01
     0.1582666E+03     0.6960761E+01
     0.1582717E+03     0.6960542E+01
     0.1582745E+03     0.6959858E+01
     0.1582775E+03     0.6960095E+01
     0.1582784E+03     0.6957797E+01
     0.1582780E+03     0.6954115E+01
     0.1582773E+03     0.6950664E+01
     0.1582775E+03     0.6947213E+01
     0.1582780E+03     0.6942844E+01
     0.1582794E+03     0.6939857E+01
     0.1582801E+03     0.6936638E+01
     0.1582789E+03     0.6933414E+01
     0.1582801E+03     0.6928817E+01
     0.1582840E+03     0.6925605E+01
     0.1582884E+03     0.6923775E+01
     0.1582909E+03     0.6925850E+01
     0.1582937E+03     0.6926316E+01
     0.1582955E+03     0.6922870E+01
     0.1582969E+03     0.6917812E+01
     0.1582981E+03     0.6914824E+01
     0.1583004E+03     0.6918280E+01
     0.1583050E+03     0.6920820E+01
     0.1583091E+03     0.6924739E+01
     0.1583077E+03     0.6929337E+01
     0.1583100E+03     0.6932562E+01
     0.1583158E+03     0.6933955E+01
     0.1583172E+03     0.6929357E+01
     0.1583195E+03     0.6923381E+01
     0.1583214E+03     0.6920395E+01
     0.1583227E+03     0.6918098E+01
     0.1583197E+03     0.6917171E+01
     0.1583197E+03     0.6914181E+01
     0.1583207E+03     0.6911653E+01
     0.1583237E+03     0.6903147E+01
     0.1583246E+03     0.6899699E+01
     0.1583272E+03     0.6896944E+01
     0.1583281E+03     0.6891885E+01
     0.1583281E+03     0.6887285E+01
     0.1583295E+03     0.6882456E+01
     0.1583306E+03     0.6880848E+01
     0.1583327E+03     0.6876252E+01
     0.1583332E+03     0.6873263E+01
     0.1583297E+03     0.6870035E+01
     0.1583261E+03     0.6867267E+01
     0.1583226E+03     0.6866339E+01
     0.1583203E+03     0.6869555E+01
     0.1583178E+03     0.6872769E+01
     0.1583136E+03     0.6873221E+01
     0.1583097E+03     0.6872522E+01
     0.1583058E+03     0.6873894E+01
     0.1583030E+03     0.6874118E+01
     0.1583014E+03     0.6870894E+01
     0.1583003E+03     0.6867441E+01
     0.1582984E+03     0.6867437E+01
     0.1582963E+03     0.6869273E+01
     0.1582938E+03     0.6870878E+01
     0.1582908E+03     0.6868801E+01
     0.1582906E+03     0.6863509E+01
     0.1582938E+03     0.6856845E+01
     0.1582987E+03     0.6852945E+01
     0.1583033E+03     0.6851574E+01
     0.1583061E+03     0.6849740E+01
     0.1583077E+03     0.6846292E+01
     0.1583098E+03     0.6845837E+01
     0.1583125E+03     0.6847683E+01
     0.1583120E+03     0.6851133E+01
     0.1583146E+03     0.6852519E+01
     0.1583164E+03     0.6856203E+01
     0.1583187E+03     0.6856899E+01
     0.1583217E+03     0.6855065E+01
     0.1583256E+03     0.6855533E+01
     0.1583286E+03     0.6855770E+01
     0.1583307E+03     0.6852093E+01
     0.1583333E+03     0.6849108E+01
     0.1583351E+03     0.6847042E+01
     0.1583363E+03     0.6844974E+01
     0.1583340E+03     0.6842898E+01
     0.1583310E+03     0.6841512E+01
     0.1583273E+03     0.6840583E+01
     0.1583233E+03     0.6841955E+01
     0.1583213E+03     0.6843331E+01
     0.1583185E+03     0.6843785E+01
     0.1583169E+03     0.6841712E+01
     0.1583165E+03     0.6836650E+01
     0.1583160E+03     0.6831357E+01
     0.1583151E+03     0.6826064E+01
     0.1583151E+03     0.6822383E+01
     0.1583144E+03     0.6818931E+01
     0.1583110E+03     0.6816393E+01
     0.1583004E+03     0.6811998E+01
     0.1582974E+03     0.6807161E+01
     0.1582988E+03     0.6801183E+01
     0.1583025E+03     0.6797740E+01
     0.1583041E+03     0.6795903E+01
     0.1582995E+03     0.6791751E+01
     0.1582926E+03     0.6788976E+01
     0.1582868E+03     0.6786893E+01
     0.1582822E+03     0.6789184E+01
     0.1582769E+03     0.6791472E+01
     0.1582753E+03     0.6795380E+01
     0.1582721E+03     0.6798364E+01
     0.1582700E+03     0.6799509E+01
     0.1582686E+03     0.6796515E+01
     0.1582675E+03     0.6793983E+01
     0.1582652E+03     0.6794898E+01
     0.1582635E+03     0.6799725E+01
     0.1582615E+03     0.6805012E+01
     0.1582564E+03     0.6805920E+01
     0.1582529E+03     0.6806833E+01
     0.1582509E+03     0.6806828E+01
     0.1582497E+03     0.6805676E+01
     0.1582495E+03     0.6803144E+01
     0.1582513E+03     0.6801308E+01
     0.1582541E+03     0.6799704E+01
     0.1582562E+03     0.6797178E+01
     0.1582557E+03     0.6794416E+01
     0.1582532E+03     0.6793490E+01
     0.1582456E+03     0.6789562E+01
     0.1582414E+03     0.6788173E+01
     0.1582398E+03     0.6790470E+01
     0.1582384E+03     0.6794608E+01
     0.1582366E+03     0.6795753E+01
     0.1582345E+03     0.6791839E+01
     0.1582322E+03     0.6789302E+01
     0.1582313E+03     0.6791141E+01
     0.1582318E+03     0.6794363E+01
     0.1582322E+03     0.6797124E+01
     0.1582310E+03     0.6797582E+01
     0.1582299E+03     0.6795279E+01
     0.1582288E+03     0.6790905E+01
     0.1582281E+03     0.6787913E+01
     0.1582269E+03     0.6786760E+01
     0.1582251E+03     0.6789056E+01
     0.1582232E+03     0.6789742E+01
     0.1582200E+03     0.6787664E+01
     0.1582166E+03     0.6785816E+01
     0.1582154E+03     0.6788114E+01
     0.1582124E+03     0.6787878E+01
     0.1582092E+03     0.6788790E+01
     0.1582055E+03     0.6790392E+01
     0.1582050E+03     0.6794072E+01
     0.1582043E+03     0.6798212E+01
     0.1582020E+03     0.6802117E+01
     0.1582002E+03     0.6802573E+01
     0.1581979E+03     0.6799808E+01
     0.1581949E+03     0.6797729E+01
     0.1581924E+03     0.6798414E+01
     0.1581857E+03     0.6801389E+01
     0.1581817E+03     0.6801150E+01
     0.1581753E+03     0.6800675E+01
     0.1581714E+03     0.6800206E+01
     0.1581693E+03     0.6802042E+01
     0.1581674E+03     0.6805258E+01
     0.1581656E+03     0.6806864E+01
     0.1581619E+03     0.6806166E+01
     0.1581596E+03     0.6805009E+01
     0.1581545E+03     0.6804997E+01
     0.1581564E+03     0.6807993E+01
     0.1581598E+03     0.6810302E+01
     0.1581614E+03     0.6813066E+01
     0.1581614E+03     0.6814446E+01
     0.1581589E+03     0.6814210E+01
     0.1581577E+03     0.6817428E+01
     0.1581584E+03     0.6820651E+01
     0.1581573E+03     0.6822258E+01
     0.1581538E+03     0.6823860E+01
     0.1581517E+03     0.6828457E+01
     0.1581496E+03     0.6836274E+01
     0.1581503E+03     0.6840876E+01
     0.1581531E+03     0.6845943E+01
     0.1581551E+03     0.6849169E+01
     0.1581537E+03     0.6852156E+01
     0.1581498E+03     0.6853528E+01
     0.1581489E+03     0.6855825E+01
     0.1581484E+03     0.6859506E+01
     0.1581464E+03     0.6860651E+01
     0.1581422E+03     0.6862942E+01
     0.1581436E+03     0.6866396E+01
     0.1581507E+03     0.6864573E+01
     0.1581539E+03     0.6864580E+01
     0.1581558E+03     0.6866194E+01
     0.1581546E+03     0.6868722E+01
     0.1581505E+03     0.6873313E+01
     0.1581484E+03     0.6877219E+01
     0.1581491E+03     0.6881821E+01
     0.1581495E+03     0.6887343E+01
     0.1581474E+03     0.6892169E+01
     0.1581431E+03     0.6893309E+01
     0.1581389E+03     0.6893989E+01
     0.1581362E+03     0.6892603E+01
     0.1581343E+03     0.6889378E+01
     0.1581332E+03     0.6886615E+01
     0.1581325E+03     0.6882473E+01
     0.1581306E+03     0.6882008E+01
     0.1581281E+03     0.6883842E+01
     0.1581265E+03     0.6886368E+01
     0.1581258E+03     0.6889817E+01
     0.1581274E+03     0.6892352E+01
     0.1581290E+03     0.6895346E+01
     0.1581292E+03     0.6896957E+01
     0.1581276E+03     0.6898794E+01
     0.1581251E+03     0.6899477E+01
     0.1581221E+03     0.6895560E+01
     0.1581205E+03     0.6894405E+01
     0.1581166E+03     0.6893936E+01
     0.1581138E+03     0.6896690E+01
     0.1581129E+03     0.6900599E+01
     0.1581133E+03     0.6904510E+01
     0.1581138E+03     0.6908651E+01
     0.1581100E+03     0.6925206E+01
     0.1581100E+03     0.6930266E+01
     0.1581114E+03     0.6933030E+01
     0.1581183E+03     0.6936037E+01
     0.1581264E+03     0.6941347E+01
     0.1581337E+03     0.6946195E+01
     0.1581376E+03     0.6948964E+01
     0.1581420E+03     0.6948514E+01
     0.1581445E+03     0.6947371E+01
     0.1581473E+03     0.6945997E+01
     0.1581485E+03     0.6946000E+01
     0.1581494E+03     0.6947842E+01
     0.1581480E+03     0.6951059E+01
     0.1581461E+03     0.6953355E+01
     0.1581547E+03     0.6956365E+01
END
27
     0.1582926E+03     0.6942291E+01
     0.1582877E+03     0.6932744E+01
     0.1582840E+03     0.6934346E+01
     0.1582842E+03     0.6937798E+01
     0.1582865E+03     0.6942173E+01
     0.1582890E+03     0.6944018E+01
     0.1582909E+03     0.6946093E+01
     0.1582948E+03     0.6955532E+01
     0.1582980E+03     0.6958990E+01
     0.1582996E+03     0.6960833E+01
     0.1583005E+03     0.6962446E+01
     0.1583019E+03     0.6963368E+01
     0.1583033E+03     0.6962451E+01
     0.1583024E+03     0.6958769E+01
     0.1583024E+03     0.6957159E+01
     0.1583045E+03     0.6955784E+01
     0.1583052E+03     0.6953254E+01
     0.1583035E+03     0.6952101E+01
     0.1583008E+03     0.6951175E+01
     0.1583001E+03     0.6949563E+01
     0.1583010E+03     0.6945655E+01
     0.1582990E+03     0.6943120E+01
     0.1582962E+03     0.6938513E+01
     0.1582960E+03     0.6936442E+01
     0.1582946E+03     0.6933680E+01
     0.1582911E+03     0.6933441E+01
     0.1582877E+03     0.6932744E+01
END
28
     0.1583527E+03     0.6853325E+01
     0.1583475E+03     0.6847758E+01
     0.1583445E+03     0.6851663E+01
     0.1583448E+03     0.6852583E+01
     0.1583459E+03     0.6854196E+01
     0.1583473E+03     0.6853739E+01
     0.1583489E+03     0.6854202E+01
     0.1583508E+03     0.6854436E+01
     0.1583533E+03     0.6855362E+01
     0.1583565E+03     0.6856979E+01
     0.1583588E+03     0.6857674E+01
     0.1583597E+03     0.6855835E+01
     0.1583602E+03     0.6852846E+01
     0.1583588E+03     0.6850772E+01
     0.1583558E+03     0.6850076E+01
     0.1583512E+03     0.6849606E+01
     0.1583475E+03     0.6847758E+01
END
29
     0.1580180E+03     0.6802370E+01
     0.1580149E+03     0.6808109E+01
     0.1580156E+03     0.6808111E+01
     0.1580177E+03     0.6805585E+01
     0.1580202E+03     0.6800990E+01
     0.1580223E+03     0.6796394E+01
     0.1580212E+03     0.6795011E+01
     0.1580200E+03     0.6795008E+01
     0.1580191E+03     0.6795696E+01
     0.1580175E+03     0.6799373E+01
     0.1580163E+03     0.6803281E+01
     0.1580152E+03     0.6805579E+01
     0.1580149E+03     0.6808109E+01
END
30
     0.1580141E+03     0.6764441E+01
     0.1580242E+03     0.6787197E+01
     0.1580249E+03     0.6787429E+01
     0.1580256E+03     0.6786510E+01
     0.1580265E+03     0.6783522E+01
     0.1580267E+03     0.6777771E+01
     0.1580249E+03     0.6772935E+01
     0.1580215E+03     0.6769475E+01
     0.1580164E+03     0.6764400E+01
     0.1580093E+03     0.6757021E+01
     0.1580031E+03     0.6754014E+01
     0.1580014E+03     0.6755850E+01
     0.1580012E+03     0.6758151E+01
     0.1580028E+03     0.6758845E+01
     0.1580049E+03     0.6758390E+01
     0.1580081E+03     0.6760929E+01
     0.1580125E+03     0.6765081E+01
     0.1580199E+03     0.6770391E+01
     0.1580231E+03     0.6774080E+01
     0.1580235E+03     0.6777762E+01
     0.1580242E+03     0.6781215E+01
     0.1580237E+03     0.6783975E+01
     0.1580242E+03     0.6787197E+01
END
31
     0.1579864E+03     0.6752901E+01
     0.1579948E+03     0.6753993E+01
     0.1579860E+03     0.6751670E+01
     0.1579791E+03     0.6749122E+01
     0.1579757E+03     0.6748422E+01
     0.1579722E+03     0.6747953E+01
     0.1579720E+03     0.6749794E+01
     0.1579754E+03     0.6750492E+01
     0.1579869E+03     0.6754664E+01
     0.1579892E+03     0.6756050E+01
     0.1579913E+03     0.6756745E+01
     0.1579927E+03     0.6756518E+01
     0.1579941E+03     0.6756292E+01
     0.1579950E+03     0.6755374E+01
     0.1579948E+03     0.6753993E+01
END
32
     0.1579451E+03     0.6731630E+01
     0.1579667E+03     0.6748399E+01
     0.1579609E+03     0.6746314E+01
     0.1579554E+03     0.6743539E+01
     0.1579527E+03     0.6740310E+01
     0.1579503E+03     0.6736854E+01
     0.1579481E+03     0.6732247E+01
     0.1579428E+03     0.6726711E+01
     0.1579382E+03     0.6723938E+01
     0.1579350E+03     0.6723929E+01
     0.1579319E+03     0.6725302E+01
     0.1579315E+03     0.6727141E+01
     0.1579331E+03     0.6729446E+01
     0.1579354E+03     0.6729222E+01
     0.1579382E+03     0.6728770E+01
     0.1579428E+03     0.6731542E+01
     0.1579453E+03     0.6735460E+01
     0.1579483E+03     0.6740530E+01
     0.1579515E+03     0.6744450E+01
     0.1579598E+03     0.6748612E+01
     0.1579667E+03     0.6748399E+01
END
33
     0.1597849E+03     0.6673542E+01
     0.1597789E+03     0.6669165E+01
     0.1597796E+03     0.6670775E+01
     0.1597814E+03     0.6671927E+01
     0.1597840E+03     0.6674229E+01
     0.1597853E+03     0.6676530E+01
     0.1597860E+03     0.6679751E+01
     0.1597856E+03     0.6681592E+01
     0.1597840E+03     0.6682281E+01
     0.1597823E+03     0.6682281E+01
     0.1597835E+03     0.6683201E+01
     0.1597853E+03     0.6683202E+01
     0.1597870E+03     0.6682972E+01
     0.1597879E+03     0.6679982E+01
     0.1597876E+03     0.6675610E+01
     0.1597863E+03     0.6672849E+01
     0.1597851E+03     0.6671237E+01
     0.1597837E+03     0.6670317E+01
     0.1597814E+03     0.6669330E+01
     0.1597789E+03     0.6669165E+01
END
34
     0.1597761E+03     0.6657093E+01
     0.1597807E+03     0.6659271E+01
     0.1597812E+03     0.6653750E+01
     0.1597787E+03     0.6652828E+01
     0.1597745E+03     0.6652827E+01
     0.1597720E+03     0.6653747E+01
     0.1597706E+03     0.6655817E+01
     0.1597724E+03     0.6659039E+01
     0.1597759E+03     0.6660191E+01
     0.1597789E+03     0.6660421E+01
     0.1597807E+03     0.6659271E+01
END
35
     0.1571580E+03     0.5782144E+01
     0.1571482E+03     0.5783682E+01
     0.1571491E+03     0.5787139E+01
     0.1571546E+03     0.5787620E+01
     0.1571590E+03     0.5786945E+01
     0.1571632E+03     0.5784426E+01
     0.1571666E+03     0.5781446E+01
     0.1571673E+03     0.5778455E+01
     0.1571657E+03     0.5777298E+01
     0.1571620E+03     0.5778206E+01
     0.1571588E+03     0.5779346E+01
     0.1571553E+03     0.5780485E+01
     0.1571526E+03     0.5781396E+01
     0.1571482E+03     0.5783682E+01
END
36
     0.1606997E+03     0.6226957E+01
     0.1607057E+03     0.6223694E+01
     0.1607032E+03     0.6223465E+01
     0.1607013E+03     0.6225539E+01
     0.1606981E+03     0.6224620E+01
     0.1606953E+03     0.6223701E+01
     0.1606947E+03     0.6225543E+01
     0.1606951E+03     0.6228535E+01
     0.1606988E+03     0.6229222E+01
     0.1607018E+03     0.6229681E+01
     0.1607048E+03     0.6226686E+01
     0.1607057E+03     0.6223694E+01
END
37
     0.1607127E+03     0.6210479E+01
     0.1607094E+03     0.6195611E+01
     0.1607048E+03     0.6196995E+01
     0.1607038E+03     0.6199758E+01
     0.1607032E+03     0.6201370E+01
     0.1607029E+03     0.6205283E+01
     0.1607032E+03     0.6207814E+01
     0.1607050E+03     0.6209194E+01
     0.1607073E+03     0.6209883E+01
     0.1607087E+03     0.6209651E+01
     0.1607098E+03     0.6209651E+01
     0.1607114E+03     0.6211030E+01
     0.1607131E+03     0.6213100E+01
     0.1607128E+03     0.6214252E+01
     0.1607117E+03     0.6217245E+01
     0.1607096E+03     0.6219087E+01
     0.1607085E+03     0.6220699E+01
     0.1607096E+03     0.6222079E+01
     0.1607121E+03     0.6221848E+01
     0.1607156E+03     0.6221154E+01
     0.1607172E+03     0.6219081E+01
     0.1607184E+03     0.6216088E+01
     0.1607105E+03     0.6204356E+01
     0.1607094E+03     0.6200674E+01
     0.1607094E+03     0.6195611E+01
END
38
     0.1629805E+03     0.5324813E+01
     0.1630181E+03     0.5331147E+01
     0.1630181E+03     0.5327232E+01
     0.1630183E+03     0.5325620E+01
     0.1630195E+03     0.5322852E+01
     0.1630225E+03     0.5321460E+01
     0.1630275E+03     0.5322132E+01
     0.1630349E+03     0.5323948E+01
     0.1630347E+03     0.5321416E+01
     0.1630337E+03     0.5315432E+01
     0.1630325E+03     0.5305304E+01
     0.1630327E+03     0.5294019E+01
     0.1630304E+03     0.5291264E+01
     0.1630262E+03     0.5288285E+01
     0.1630235E+03     0.5283228E+01
     0.1630207E+03     0.5276791E+01
     0.1630138E+03     0.5269446E+01
     0.1630069E+03     0.5265326E+01
     0.1629990E+03     0.5266044E+01
     0.1629910E+03     0.5269988E+01
     0.1629864E+03     0.5274610E+01
     0.1629814E+03     0.5280615E+01
     0.1629779E+03     0.5280627E+01
     0.1629738E+03     0.5280412E+01
     0.1629701E+03     0.5282958E+01
     0.1629660E+03     0.5284584E+01
     0.1629625E+03     0.5283445E+01
     0.1629609E+03     0.5279766E+01
     0.1629604E+03     0.5275853E+01
     0.1629577E+03     0.5274711E+01
     0.1629528E+03     0.5275188E+01
     0.1629466E+03     0.5275441E+01
     0.1629425E+03     0.5274995E+01
     0.1629361E+03     0.5274096E+01
     0.1629282E+03     0.5275505E+01
     0.1629225E+03     0.5277367E+01
     0.1629179E+03     0.5279456E+01
     0.1629119E+03     0.5284543E+01
     0.1629087E+03     0.5290771E+01
     0.1629065E+03     0.5297227E+01
     0.1629056E+03     0.5302066E+01
     0.1629099E+03     0.5305045E+01
     0.1629157E+03     0.5308479E+01
     0.1629245E+03     0.5312133E+01
     0.1629302E+03     0.5315798E+01
     0.1629376E+03     0.5320609E+01
     0.1629452E+03     0.5327490E+01
     0.1629475E+03     0.5329555E+01
     0.1629503E+03     0.5332769E+01
     0.1629535E+03     0.5337133E+01
     0.1629586E+03     0.5342412E+01
     0.1629644E+03     0.5348148E+01
     0.1629648E+03     0.5352292E+01
     0.1629658E+03     0.5358046E+01
     0.1629679E+03     0.5363104E+01
     0.1629736E+03     0.5365847E+01
     0.1629845E+03     0.5368573E+01
     0.1629967E+03     0.5370602E+01
     0.1630029E+03     0.5370810E+01
     0.1630151E+03     0.5371227E+01
     0.1630203E+03     0.5370057E+01
     0.1630222E+03     0.5367056E+01
     0.1630256E+03     0.5360827E+01
     0.1630253E+03     0.5354610E+01
     0.1630226E+03     0.5347712E+01
     0.1630207E+03     0.5340119E+01
     0.1630181E+03     0.5331147E+01
END
39
     0.1630282E+03     0.5334003E+01
     0.1630338E+03     0.5330630E+01
     0.1630287E+03     0.5330648E+01
     0.1630250E+03     0.5331352E+01
     0.1630227E+03     0.5333434E+01
     0.1630218E+03     0.5336431E+01
     0.1630244E+03     0.5336191E+01
     0.1630290E+03     0.5336635E+01
     0.1630331E+03     0.5335929E+01
     0.1630338E+03     0.5333854E+01
     0.1630338E+03     0.5330630E+01
END
40
     0.1629137E+03     0.5277004E+01
     0.1629005E+03     0.5299551E+01
     0.1629014E+03     0.5299778E+01
     0.1629039E+03     0.5297235E+01
     0.1629083E+03     0.5287088E+01
     0.1629126E+03     0.5281316E+01
     0.1629181E+03     0.5276461E+01
     0.1629252E+03     0.5273903E+01
     0.1629374E+03     0.5271788E+01
     0.1629473E+03     0.5271523E+01
     0.1629565E+03     0.5271952E+01
     0.1629595E+03     0.5273323E+01
     0.1629618E+03     0.5274696E+01
     0.1629634E+03     0.5276763E+01
     0.1629655E+03     0.5277447E+01
     0.1629664E+03     0.5275601E+01
     0.1629636E+03     0.5272387E+01
     0.1629526E+03     0.5268051E+01
     0.1629466E+03     0.5266690E+01
     0.1629406E+03     0.5268322E+01
     0.1629340E+03     0.5268116E+01
     0.1629294E+03     0.5268592E+01
     0.1629234E+03     0.5270916E+01
     0.1629167E+03     0.5272090E+01
     0.1629117E+03     0.5273950E+01
     0.1629080E+03     0.5279950E+01
     0.1629034E+03     0.5288026E+01
     0.1629023E+03     0.5290793E+01
     0.1629012E+03     0.5294482E+01
     0.1629010E+03     0.5298167E+01
     0.1629005E+03     0.5299551E+01
END
41
     0.1629821E+03     0.5270875E+01
     0.1629768E+03     0.5279480E+01
     0.1629798E+03     0.5279239E+01
     0.1629848E+03     0.5272082E+01
     0.1629884E+03     0.5267233E+01
     0.1629914E+03     0.5264459E+01
     0.1629933E+03     0.5263071E+01
     0.1629949E+03     0.5262144E+01
     0.1629972E+03     0.5261675E+01
     0.1629969E+03     0.5260064E+01
     0.1629937E+03     0.5259845E+01
     0.1629896E+03     0.5262163E+01
     0.1629850E+03     0.5266094E+01
     0.1629811E+03     0.5267489E+01
     0.1629790E+03     0.5269339E+01
     0.1629774E+03     0.5274411E+01
     0.1629775E+03     0.5278096E+01
     0.1629768E+03     0.5279480E+01
END
42
     0.1397910E+03     0.1001598E+02
     0.1397840E+03     0.1001942E+02
     0.1397898E+03     0.1002223E+02
     0.1397945E+03     0.1002019E+02
     0.1397952E+03     0.1001836E+02
     0.1397932E+03     0.1000844E+02
     0.1397902E+03     0.1000796E+02
     0.1397883E+03     0.1001002E+02
     0.1397871E+03     0.1001714E+02
     0.1397840E+03     0.1001942E+02
END
43
     0.1396577E+03     0.9910920E+01
     0.1396573E+03     0.9901710E+01
     0.1396553E+03     0.9901462E+01
     0.1396559E+03     0.9912515E+01
     0.1396570E+03     0.9915056E+01
     0.1396619E+03     0.9918319E+01
     0.1396633E+03     0.9917409E+01
     0.1396575E+03     0.9907465E+01
     0.1396573E+03     0.9901710E+01
END
44
     0.1396823E+03     0.9885418E+01
     0.1396781E+03     0.9890832E+01
     0.1396802E+03     0.9890618E+01
     0.1396842E+03     0.9886278E+01
     0.1396850E+03     0.9879609E+01
     0.1396829E+03     0.9878442E+01
     0.1396781E+03     0.9890832E+01
END
END
