minnesota
1
        -90.595360         47.328918
        -92.003510         46.702213
        -92.005554         46.707108
        -92.008308         46.707848
        -92.017830         46.712944
        -92.062805         46.755169
        -92.067352         46.764301
        -92.078629         46.776821
        -92.080063         46.784637
        -92.076591         46.788754
        -92.066078         46.795376
        -92.048325         46.802902
        -92.037292         46.813229
        -92.020409         46.819778
        -92.011421         46.827908
        -91.995682         46.830479
        -91.982399         46.841625
        -91.965340         46.849556
        -91.950539         46.857819
        -91.922844         46.873260
        -91.913437         46.875664
        -91.902504         46.881836
        -91.878784         46.900715
        -91.861595         46.905190
        -91.847076         46.912258
        -91.839050         46.920315
        -91.834564         46.921959
        -91.816391         46.921440
        -91.807632         46.923798
        -91.805176         46.926121
        -91.795959         46.934822
        -91.775360         46.939030
        -91.768318         46.941742
        -91.769234         46.946278
        -91.741074         46.970432
        -91.711586         46.992134
        -91.700188         46.997623
        -91.678802         47.001167
        -91.674210         47.005165
        -91.670326         47.008549
        -91.664436         47.009808
        -91.657516         47.008148
        -91.653015         47.009785
        -91.650986         47.017708
        -91.645653         47.020771
        -91.634315         47.021427
        -91.631683         47.024563
        -91.635254         47.031700
        -91.613609         47.049473
        -91.601112         47.057079
        -91.589539         47.058662
        -91.581848         47.064384
        -91.562897         47.085201
        -91.559982         47.085861
        -91.546539         47.088894
        -91.535774         47.097080
        -91.523033         47.097351
        -91.511452         47.101681
        -91.499207         47.111553
        -91.471085         47.120945
        -91.461227         47.125633
        -91.446404         47.136562
        -91.445732         47.139351
        -91.436981         47.144890
        -91.425797         47.155380
        -91.419533         47.159653
        -91.394997         47.176376
        -91.347153         47.204266
        -91.343559         47.210888
        -91.329247         47.223606
        -91.317818         47.229511
        -91.301926         47.243229
        -91.292511         47.249332
        -91.277191         47.259262
        -91.257042         47.277103
        -91.251404         47.277870
        -91.249550         47.273617
        -91.245506         47.273605
        -91.239311         47.278301
        -91.233826         47.291897
        -91.216125         47.307762
        -91.200577         47.316174
        -91.194603         47.325668
        -91.188454         47.330814
        -91.180016         47.334698
        -91.176598         47.336266
        -91.171577         47.348228
        -91.151993         47.368538
        -91.115097         47.394127
        -91.072586         47.418163
        -91.061356         47.428478
        -91.050873         47.438103
        -91.014420         47.456524
        -91.000069         47.467133
        -90.971245         47.484447
        -90.920921         47.509666
        -90.918701         47.510777
        -90.880081         47.534760
        -90.858994         47.546150
        -90.846390         47.553295
        -90.815010         47.571072
        -90.794655         47.580120
        -90.779167         47.590294
        -90.751556         47.601303
        -90.736183         47.612614
        -90.721436         47.620449
        -90.698906         47.628445
        -90.661354         47.638779
        -90.591904         47.668297
        -90.568199         47.675179
        -90.537926         47.687408
        -90.523041         47.697517
        -90.510948         47.701992
        -90.466522         47.712360
        -90.436150         47.717472
        -90.427086         47.722622
        -90.424278         47.724216
        -90.396027         47.726925
        -90.376595         47.732876
        -90.325958         47.739361
        -90.307587         47.749146
        -90.294777         47.750195
        -90.253914         47.762836
        -90.186157         47.768448
        -90.175888         47.771202
        -90.162064         47.782585
        -90.142273         47.788742
        -90.125397         47.789959
        -90.103188         47.788891
        -90.080864         47.795357
        -90.071442         47.798084
        -90.063782         47.803234
        -90.040085         47.811375
        -90.015251         47.811325
        -90.012131         47.812668
        -90.000000         47.817886
        -90.000000         47.817886
        -90.000000         47.748901
        -90.000000         47.665600
        -90.000000         47.582298
        -90.000000         47.499001
        -90.000000         47.415699
        -90.000000         47.332401
        -90.000000         47.294895
        -90.000000         47.294895
        -90.006210         47.295021
        -90.191017         47.298618
        -90.375847         47.301933
        -90.454063         47.303253
        -90.560722         47.303844
        -90.640007         47.304222
        -90.727951         47.264473
        -90.881599         47.194729
        -91.034874         47.124783
        -91.187759         47.054638
        -91.340271         46.984295
        -91.371033         46.971485
        -91.527855         46.905964
        -91.684311         46.840233
        -91.840408         46.774296
        -92.003510         46.702213
END
2
        -93.012611         47.451065
        -97.183350         48.872890
        -97.192032         48.878433
        -97.196388         48.881214
        -97.196617         48.893108
        -97.212318         48.903595
        -97.216721         48.918728
        -97.234200         48.948818
        -97.237404         48.965611
        -97.230873         48.995678
        -97.205650         48.995075
        -97.114151         48.993977
        -97.106033         48.996178
        -97.015526         48.996296
        -97.006889         48.996304
        -96.999451         48.995033
        -96.889061         48.997383
        -96.825020         48.997139
        -96.767616         48.996891
        -96.702377         48.998501
        -96.687912         48.996361
        -96.687996         48.997272
        -96.639153         48.995640
        -96.636154         48.995667
        -96.445358         48.997204
        -96.293030         48.998192
        -96.267876         48.996864
        -96.254700         48.997765
        -96.237808         48.998917
        -96.214485         48.998650
        -96.207397         48.997086
        -96.072060         48.995888
        -96.064545         48.996929
        -96.063126         48.997128
        -96.002937         48.996540
        -95.975388         48.999802
        -95.957672         48.999969
        -95.950905         48.997921
        -95.925804         48.996967
        -95.874939         48.997162
        -95.684120         48.997684
        -95.561974         48.997845
        -95.556984         48.996174
        -95.525124         48.997631
        -95.493996         48.997730
        -95.434792         48.997898
        -95.393303         48.996803
        -95.202499         48.995934
        -95.164673         48.995720
        -95.165627         49.096397
        -95.166824         49.221981
        -95.168030         49.347572
        -95.168427         49.388611
        -95.160706         49.388367
        -95.135010         49.370098
        -95.122444         49.365185
        -95.090309         49.360802
        -95.080650         49.357632
        -95.043205         49.357723
        -95.007294         49.360046
        -95.000000         49.361050
        -94.992859         49.362034
        -94.982643         49.363438
        -94.965477         49.363197
        -94.951653         49.360355
        -94.928413         49.352264
        -94.882721         49.325081
        -94.872757         49.322128
        -94.835899         49.319851
        -94.827629         49.315941
        -94.826866         49.313519
        -94.825485         49.309135
        -94.833420         49.301167
        -94.836044         49.292187
        -94.832886         49.273750
        -94.824661         49.252235
        -94.817329         49.203503
        -94.820267         49.190884
        -94.822365         49.181892
        -94.820572         49.168907
        -94.790977         49.120266
        -94.771324         49.070862
        -94.754906         49.029495
        -94.738716         49.007034
        -94.730515         48.971806
        -94.727219         48.968685
        -94.721596         48.950550
        -94.719200         48.942825
        -94.699043         48.891205
        -94.683144         48.872845
        -94.689964         48.851662
        -94.687874         48.838684
        -94.695366         48.831745
        -94.702049         48.825554
        -94.702515         48.821430
        -94.695663         48.809937
        -94.689339         48.776272
        -94.683510         48.770699
        -94.654091         48.757225
        -94.635262         48.740986
        -94.615601         48.735043
        -94.612961         48.733517
        -94.590691         48.720657
        -94.575943         48.716305
        -94.552101         48.715931
        -94.525841         48.701897
        -94.509575         48.701115
        -94.500153         48.699039
        -94.471718         48.699097
        -94.450935         48.694859
        -94.439224         48.695339
        -94.418793         48.708115
        -94.405540         48.712509
        -94.393158         48.713455
        -94.379303         48.712605
        -94.356125         48.704178
        -94.342644         48.703770
        -94.324043         48.704609
        -94.292336         48.709251
        -94.275284         48.702625
        -94.263252         48.696014
        -94.252098         48.685425
        -94.250992         48.684380
        -94.249825         48.658360
        -94.244110         48.653904
        -94.234344         48.651356
        -94.209541         48.651840
        -94.154160         48.646736
        -94.106026         48.645363
        -94.101006         48.645218
        -94.074165         48.646393
        -94.041176         48.640366
        -94.002007         48.643570
        -93.974167         48.636749
        -93.920067         48.636414
        -93.866226         48.633965
        -93.856926         48.635059
        -93.842728         48.633003
        -93.833580         48.627895
        -93.823463         48.619175
        -93.820183         48.609840
        -93.802879         48.578369
        -93.802536         48.568783
        -93.808983         48.556580
        -93.809837         48.541950
        -93.808159         48.533298
        -93.800957         48.524277
        -93.768776         48.518383
        -93.762520         48.518188
        -93.749161         48.517773
        -93.728973         48.520363
        -93.686317         48.519627
        -93.639709         48.524185
        -93.623466         48.532406
        -93.615883         48.531601
        -93.605797         48.528088
        -93.581482         48.531166
        -93.580490         48.531151
        -93.548119         48.530704
        -93.507416         48.538094
        -93.486298         48.544991
        -93.470551         48.547703
        -93.463089         48.551449
        -93.455704         48.557709
        -93.452629         48.570763
        -93.459358         48.589630
        -93.457794         48.592236
        -93.456726         48.594002
        -93.426605         48.601612
        -93.405609         48.612064
        -93.391907         48.607784
        -93.380768         48.607910
        -93.366585         48.611023
        -93.363602         48.612968
        -93.353386         48.618088
        -93.351738         48.620850
        -93.354416         48.630863
        -93.340729         48.634449
        -93.277222         48.644295
        -93.250404         48.646641
        -93.240410         48.646748
        -93.220337         48.643074
        -93.209564         48.639305
        -93.205360         48.635773
        -93.199371         48.630733
        -93.189995         48.627403
        -93.164146         48.626976
        -93.141327         48.623089
        -93.102798         48.625511
        -93.056953         48.622524
        -93.023483         48.628941
        -93.017113         48.630161
        -92.992020         48.633110
        -92.980309         48.632980
        -92.971268         48.628716
        -92.961670         48.612125
        -92.950554         48.606964
        -92.931541         48.602547
        -92.900002         48.590229
        -92.866554         48.579380
        -92.834618         48.569008
        -92.825661         48.568157
        -92.815620         48.563885
        -92.773170         48.554573
        -92.747078         48.544556
        -92.727325         48.544659
        -92.689690         48.547810
        -92.678513         48.548740
        -92.654785         48.548412
        -92.649254         48.546158
        -92.647400         48.534294
        -92.642479         48.525188
        -92.640305         48.515156
        -92.646729         48.505989
        -92.653893         48.501614
        -92.658714         48.502731
        -92.703690         48.499973
        -92.712898         48.494667
        -92.717392         48.487087
        -92.719955         48.482754
        -92.722862         48.468582
        -92.721069         48.462887
        -92.715141         48.455845
        -92.697495         48.444530
        -92.686127         48.441170
        -92.674797         48.440548
        -92.667618         48.442413
        -92.585976         48.445107
        -92.584579         48.445473
        -92.559616         48.452072
        -92.533859         48.450130
        -92.519760         48.447220
        -92.508034         48.440189
        -92.481110         48.420887
        -92.475533         48.409492
        -92.479523         48.393726
        -92.485611         48.383888
        -92.485764         48.378777
        -92.486153         48.366081
        -92.480522         48.348068
        -92.461510         48.324856
        -92.411926         48.281422
        -92.404045         48.269165
        -92.379120         48.230766
        -92.373810         48.229298
        -92.321213         48.237366
        -92.278419         48.248425
        -92.273315         48.253456
        -92.276749         48.257328
        -92.288734         48.263924
        -92.301094         48.274857
        -92.305840         48.289249
        -92.307335         48.293789
        -92.319000         48.301754
        -92.319130         48.329144
        -92.306847         48.338757
        -92.303474         48.350632
        -92.298355         48.354294
        -92.276451         48.358444
        -92.258286         48.356194
        -92.240456         48.348919
        -92.224701         48.349167
        -92.223862         48.349533
        -92.180557         48.368393
        -92.167542         48.369091
        -92.148682         48.359745
        -92.140800         48.357693
        -92.118195         48.359760
        -92.106209         48.358395
        -92.085312         48.365017
        -92.076065         48.362961
        -92.062363         48.351318
        -92.061958         48.350357
        -92.055870         48.336025
        -92.050392         48.330544
        -92.028152         48.323689
        -92.024048         48.319580
        -92.030235         48.302235
        -92.026855         48.268681
        -92.020370         48.258404
        -92.002281         48.244701
        -92.000130         48.243538
        -91.981117         48.233273
        -91.976006         48.228474
        -91.969177         48.226639
        -91.942513         48.232090
        -91.925430         48.231838
        -91.904961         48.224960
        -91.886566         48.211464
        -91.872932         48.206646
        -91.853119         48.207520
        -91.837059         48.204536
        -91.831970         48.203590
        -91.810501         48.196239
        -91.790703         48.195732
        -91.756187         48.200428
        -91.741531         48.197414
        -91.737480         48.190556
        -91.738892         48.184624
        -91.735161         48.180733
        -91.725304         48.175453
        -91.719894         48.168587
        -91.708038         48.145348
        -91.705788         48.140926
        -91.704475         48.133846
        -91.709373         48.117889
        -91.707367         48.112862
        -91.688286         48.112564
        -91.675720         48.107269
        -91.669243         48.107704
        -91.663391         48.114300
        -91.655914         48.112217
        -91.651581         48.101246
        -91.643089         48.098244
        -91.605194         48.106071
        -91.593872         48.107052
        -91.577560         48.108459
        -91.573547         48.101364
        -91.585396         48.075859
        -91.582947         48.049377
        -91.575806         48.049114
        -91.548790         48.060627
        -91.508736         48.065941
        -91.502411         48.066780
        -91.479874         48.071907
        -91.466270         48.070232
        -91.444725         48.051624
        -91.435905         48.049290
        -91.423965         48.051044
        -91.407166         48.059841
        -91.369301         48.065075
        -91.348785         48.070415
        -91.344536         48.070572
        -91.296310         48.072334
        -91.256355         48.079113
        -91.238777         48.090618
        -91.217133         48.100716
        -91.208099         48.110458
        -91.208015         48.115250
        -91.198364         48.120880
        -91.189079         48.122868
        -91.178856         48.125053
        -91.115303         48.166279
        -91.061958         48.187473
        -91.043877         48.187077
        -91.036102         48.188805
        -91.013344         48.193855
        -90.958900         48.230061
        -90.943115         48.232864
        -90.901840         48.244064
        -90.879303         48.243134
        -90.875870         48.243748
        -90.867287         48.245285
        -90.862854         48.244778
        -90.852043         48.239864
        -90.848221         48.215622
        -90.841042         48.202530
        -90.839195         48.181511
        -90.832138         48.177094
        -90.816101         48.177135
        -90.811195         48.168861
        -90.804497         48.163990
        -90.792282         48.161564
        -90.787994         48.156033
        -90.788078         48.155079
        -90.788963         48.145088
        -90.799538         48.132202
        -90.795944         48.126453
        -90.781555         48.116241
        -90.772278         48.106316
        -90.764893         48.089790
        -90.758835         48.086979
        -90.734901         48.090107
        -90.724594         48.092949
        -90.690910         48.096119
        -90.641228         48.100777
        -90.625366         48.106956
        -90.603806         48.109634
        -90.587227         48.116711
        -90.577644         48.117947
        -90.575798         48.111530
        -90.582870         48.103184
        -90.579567         48.099941
        -90.550018         48.096790
        -90.542992         48.094864
        -90.528061         48.090771
        -90.497627         48.093987
        -90.486931         48.097939
        -90.473595         48.099339
        -90.451195         48.096493
        -90.429321         48.098446
        -90.398598         48.090214
        -90.385712         48.088413
        -90.363785         48.094101
        -90.347534         48.098312
        -90.335556         48.099720
        -90.301224         48.097107
        -90.242493         48.100010
        -90.189079         48.106396
        -90.179054         48.106281
        -90.149895         48.105934
        -90.100426         48.098423
        -90.076210         48.098892
        -90.060951         48.088795
        -90.031433         48.077740
        -90.018852         48.061062
        -90.018852         48.061062
        -90.010445         48.058563
        -90.002831         48.052536
        -90.000000         48.047787
        -90.000000         48.047787
        -90.000000         48.000000
        -90.000000         47.998798
        -90.000000         47.915501
        -90.000000         47.832199
        -90.000000         47.817886
        -90.000000         47.817886
        -90.012131         47.812668
        -90.015251         47.811325
        -90.040085         47.811375
        -90.063782         47.803234
        -90.071442         47.798084
        -90.080864         47.795357
        -90.103188         47.788891
        -90.125397         47.789959
        -90.142273         47.788742
        -90.162064         47.782585
        -90.175888         47.771202
        -90.186157         47.768448
        -90.253914         47.762836
        -90.294777         47.750195
        -90.307587         47.749146
        -90.325958         47.739361
        -90.376595         47.732876
        -90.396027         47.726925
        -90.424278         47.724216
        -90.427086         47.722622
        -90.436150         47.717472
        -90.466522         47.712360
        -90.510948         47.701992
        -90.523041         47.697517
        -90.537926         47.687408
        -90.568199         47.675179
        -90.591904         47.668297
        -90.661354         47.638779
        -90.698906         47.628445
        -90.721436         47.620449
        -90.736183         47.612614
        -90.751556         47.601303
        -90.779167         47.590294
        -90.794655         47.580120
        -90.815010         47.571072
        -90.846390         47.553295
        -90.858994         47.546150
        -90.880081         47.534760
        -90.918701         47.510777
        -90.920921         47.509666
        -90.971245         47.484447
        -91.000069         47.467133
        -91.014420         47.456524
        -91.050873         47.438103
        -91.061356         47.428478
        -91.072586         47.418163
        -91.115097         47.394127
        -91.151993         47.368538
        -91.171577         47.348228
        -91.176598         47.336266
        -91.180016         47.334698
        -91.188454         47.330814
        -91.194603         47.325668
        -91.200577         47.316174
        -91.216125         47.307762
        -91.233826         47.291897
        -91.239311         47.278301
        -91.245506         47.273605
        -91.249550         47.273617
        -91.251404         47.277870
        -91.257042         47.277103
        -91.277191         47.259262
        -91.292511         47.249332
        -91.301926         47.243229
        -91.317818         47.229511
        -91.329247         47.223606
        -91.343559         47.210888
        -91.347153         47.204266
        -91.394997         47.176376
        -91.419533         47.159653
        -91.425797         47.155380
        -91.436981         47.144890
        -91.445732         47.139351
        -91.446404         47.136562
        -91.461227         47.125633
        -91.471085         47.120945
        -91.499207         47.111553
        -91.511452         47.101681
        -91.523033         47.097351
        -91.535774         47.097080
        -91.546539         47.088894
        -91.559982         47.085861
        -91.562897         47.085201
        -91.581848         47.064384
        -91.589539         47.058662
        -91.601112         47.057079
        -91.613609         47.049473
        -91.635254         47.031700
        -91.631683         47.024563
        -91.634315         47.021427
        -91.645653         47.020771
        -91.650986         47.017708
        -91.653015         47.009785
        -91.657516         47.008148
        -91.664436         47.009808
        -91.670326         47.008549
        -91.674210         47.005165
        -91.678802         47.001167
        -91.700188         46.997623
        -91.711586         46.992134
        -91.741074         46.970432
        -91.769234         46.946278
        -91.768318         46.941742
        -91.775360         46.939030
        -91.795959         46.934822
        -91.805176         46.926121
        -91.807632         46.923798
        -91.816391         46.921440
        -91.834564         46.921959
        -91.839050         46.920315
        -91.847076         46.912258
        -91.861595         46.905190
        -91.878784         46.900715
        -91.902504         46.881836
        -91.913437         46.875664
        -91.922844         46.873260
        -91.950539         46.857819
        -91.965340         46.849556
        -91.982399         46.841625
        -91.995682         46.830479
        -92.011421         46.827908
        -92.020409         46.819778
        -92.037292         46.813229
        -92.048325         46.802902
        -92.066078         46.795376
        -92.076591         46.788754
        -92.080063         46.784637
        -92.078629         46.776821
        -92.067352         46.764301
        -92.062805         46.755169
        -92.017830         46.712944
        -92.008308         46.707848
        -92.005554         46.707108
        -92.003510         46.702213
        -92.003510         46.702213
        -92.020859         46.702606
        -92.035027         46.711620
        -92.051483         46.726925
        -92.076607         46.747623
        -92.088577         46.750824
        -92.102348         46.745987
        -92.117348         46.739582
        -92.132515         46.723751
        -92.138153         46.717445
        -92.150871         46.710194
        -92.169678         46.700069
        -92.174576         46.688358
        -92.183662         46.670433
        -92.187714         46.657787
        -92.193581         46.647995
        -92.206871         46.645157
        -92.238342         46.643612
        -92.250160         46.645817
        -92.250160         46.645817
        -92.261139         46.647083
        -92.265686         46.648769
        -92.273232         46.651249
        -92.277336         46.654945
        -92.281044         46.658409
        -92.281044         46.658409
        -92.282143         46.597336
        -92.282959         46.557949
        -92.281281         46.495155
        -92.282280         46.445004
        -92.282478         46.438408
        -92.282196         46.370022
        -92.281830         46.281273
        -92.279793         46.244240
        -92.279526         46.239376
        -92.281494         46.118427
        -92.281494         46.118427
        -92.306305         46.116261
        -92.307266         46.106815
        -92.299561         46.099823
        -92.296455         46.091900
        -92.296814         46.082970
        -92.307442         46.066948
        -92.321220         46.057590
        -92.328239         46.043213
        -92.336075         46.016743
        -92.341011         46.013443
        -92.344360         46.011230
        -92.344360         46.011230
        -92.362900         46.010754
        -92.377625         46.014343
        -92.390495         46.020340
        -92.405014         46.022415
        -92.420868         46.018303
        -92.432945         46.010632
        -92.441902         45.996307
        -92.452927         45.981083
        -92.457504         45.974674
        -92.470406         45.973038
        -92.483940         45.975933
        -92.500938         45.980114
        -92.514153         45.980740
        -92.524567         45.976982
        -92.533585         45.971031
        -92.546318         45.952625
        -92.554558         45.949013
        -92.577751         45.942848
        -92.610580         45.935253
        -92.635391         45.925152
        -92.667664         45.913765
        -92.672867         45.904255
        -92.697334         45.891876
        -92.709343         45.884174
        -92.715515         45.873833
        -92.724815         45.862507
        -92.728706         45.851559
        -92.738976         45.839401
        -92.754532         45.826107
        -92.752586         45.820141
        -92.749771         45.808140
        -92.759811         45.794468
        -92.768654         45.780117
        -92.776848         45.761238
        -92.787636         45.752850
        -92.799492         45.744385
        -92.814484         45.734932
        -92.820732         45.732960
        -92.834106         45.727436
        -92.852753         45.720768
        -92.857384         45.715099
        -92.862953         45.700970
        -92.866791         45.682392
        -92.874390         45.659729
        -92.881630         45.627174
        -92.876732         45.608452
        -92.875374         45.584141
        -92.869316         45.572369
        -92.859619         45.565437
        -92.847351         45.563263
        -92.828629         45.561550
        -92.808609         45.558399
        -92.788391         45.561359
        -92.771286         45.563335
        -92.757942         45.561230
        -92.747398         45.555870
        -92.733414         45.549232
        -92.723625         45.541531
        -92.721474         45.534058
        -92.721153         45.524162
        -92.717499         45.513744
        -92.703209         45.497208
        -92.689247         45.482933
        -92.678513         45.468433
        -92.661880         45.458160
        -92.644386         45.449467
        -92.639572         45.438366
        -92.637222         45.429379
        -92.640678         45.415405
        -92.639839         45.401737
        -92.643066         45.393887
        -92.656914         45.384525
        -92.667007         45.379242
        -92.670876         45.368294
        -92.683640         45.359005
        -92.693291         45.350700
        -92.692543         45.345413
        -92.693520         45.329327
        -92.705528         45.314751
        -92.719986         45.302288
        -92.737976         45.291859
        -92.753716         45.280827
        -92.754890         45.273876
        -92.750710         45.259682
        -92.751556         45.242836
        -92.750900         45.223049
        -92.750153         45.210136
        -92.756668         45.202805
        -92.760620         45.192608
        -92.757828         45.180599
        -92.752266         45.171841
        -92.740295         45.163536
        -92.733246         45.159462
        -92.736343         45.150848
        -92.739754         45.136875
        -92.738365         45.127056
        -92.737511         45.113384
        -92.754044         45.093136
        -92.779427         45.074539
        -92.789665         45.070755
        -92.792641         45.061386
        -92.786652         45.049606
        -92.775230         45.037453
        -92.761253         45.022430
        -92.760185         45.014877
        -92.763802         45.002411
        -92.763947         45.000000
        -92.764435         44.991688
        -92.761658         44.979675
        -92.751419         44.960571
        -92.745346         44.940407
        -92.746513         44.925827
        -92.752998         44.910866
        -92.765434         44.900055
        -92.768723         44.892952
        -92.769043         44.887592
        -92.758614         44.874603
        -92.762962         44.859795
        -92.761780         44.843857
        -92.765488         44.824516
        -92.773552         44.813255
        -92.777153         44.800789
        -92.782928         44.788544
        -92.789230         44.780079
        -92.794952         44.771275
        -92.799606         44.754913
        -92.794762         44.743435
        -92.781181         44.738308
        -92.762718         44.728954
        -92.741180         44.720577
        -92.718124         44.708874
        -92.704079         44.700340
        -92.688339         44.687344
        -92.675156         44.677219
        -92.666634         44.669815
        -92.650200         44.657654
        -92.626724         44.648228
        -92.618805         44.637344
        -92.617599         44.619976
        -92.612328         44.610119
        -92.600342         44.608177
        -92.581642         44.604843
        -92.572357         44.603638
        -92.561531         44.600677
        -92.550987         44.590263
        -92.532455         44.578545
        -92.504875         44.576752
        -92.470596         44.573559
        -92.433907         44.562153
        -92.394356         44.558372
        -92.346954         44.554188
        -92.318413         44.544979
        -92.302948         44.526512
        -92.296585         44.498131
        -92.279861         44.479748
        -92.234291         44.449371
        -92.184578         44.426689
        -92.126053         44.415733
        -92.087791         44.410839
        -92.062973         44.399471
        -92.042381         44.390606
        -92.018639         44.377300
        -91.989990         44.366169
        -91.976669         44.363323
        -91.959373         44.359806
        -91.925278         44.325787
        -91.914429         44.311623
        -91.917725         44.286324
        -91.905830         44.274086
        -91.881592         44.256142
        -91.868332         44.232841
        -91.844620         44.198132
        -91.836037         44.181030
        -91.807892         44.162395
        -91.770576         44.142483
        -91.742920         44.127522
        -91.699738         44.101460
        -91.653694         44.072773
        -91.636894         44.061752
        -91.615311         44.053814
        -91.595749         44.041100
        -91.581741         44.031757
        -91.567345         44.029865
        -91.546989         44.032055
        -91.522026         44.028027
        -91.489372         44.013317
        -91.469002         44.004349
        -91.447571         43.997303
        -91.415588         43.976959
        -91.391937         43.961681
        -91.371696         43.953617
        -91.355621         43.936943
        -91.332741         43.928108
        -91.291161         43.901814
        -91.267792         43.877205
        -91.263374         43.849609
        -91.263412         43.827320
        -91.264931         43.806801
        -91.261017         43.794960
        -91.250633         43.782578
        -91.238022         43.773113
        -91.237732         43.759201
        -91.240303         43.747906
        -91.246269         43.732693
        -91.253304         43.715557
        -91.255447         43.700573
        -91.246376         43.676968
        -91.234634         43.618237
        -91.226540         43.591789
        -91.229027         43.568424
        -91.236481         43.543839
        -91.235237         43.532768
        -91.228394         43.517387
        -91.218239         43.503567
        -91.218239         43.503567
        -91.452171         43.503418
        -91.546478         43.503868
        -91.572914         43.502815
        -91.625313         43.503166
        -91.715874         43.503719
        -91.766640         43.502575
        -91.798439         43.503670
        -91.813286         43.504177
        -91.852119         43.503700
        -91.858658         43.505608
        -91.866066         43.504013
        -91.886185         43.503036
        -91.948929         43.504303
        -91.970718         43.504257
        -92.129105         43.503803
        -92.142921         43.505703
        -92.143661         43.505684
        -92.201271         43.504345
        -92.316811         43.505741
        -92.344437         43.506058
        -92.406021         43.505306
        -92.458031         43.503765
        -92.457916         43.502853
        -92.488556         43.503563
        -92.597160         43.502911
        -92.770340         43.501656
        -92.899948         43.500542
        -92.943420         43.498486
        -92.965469         43.499550
        -92.986038         43.500542
        -93.000000         43.500359
        -93.094765         43.502560
        -93.267830         43.503193
        -93.440895         43.503559
        -93.613960         43.503662
        -93.787025         43.503502
        -93.960083         43.503078
        -94.133148         43.502388
        -94.141258         43.502438
        -94.314316         43.503330
        -94.460632         43.503880
        -94.487358         43.503078
        -94.513931         43.502277
        -94.600784         43.506187
        -94.660217         43.505287
        -94.784454         43.503307
        -94.833176         43.501305
        -94.842865         43.500904
        -95.000000         43.502476
        -95.006210         43.502537
        -95.179260         43.504009
        -95.320320         43.505013
        -95.352303         43.504337
        -95.525291         43.500542
        -95.589615         43.501038
        -95.762672         43.502197
        -95.935730         43.503094
        -96.108788         43.503723
        -96.281853         43.504089
        -96.458351         43.505615
        -96.458115         43.631474
        -96.457870         43.757336
        -96.457626         43.883190
        -96.457489         43.954071
        -96.458237         44.009045
        -96.459961         44.134892
        -96.461372         44.237648
        -96.461121         44.260735
        -96.459732         44.386574
        -96.458336         44.512413
        -96.456940         44.638245
        -96.455688         44.750423
        -96.456161         44.876247
        -96.456627         45.000000
        -96.456635         45.002064
        -96.457108         45.127872
        -96.457588         45.253674
        -96.457741         45.293869
        -96.457741         45.293869
        -96.497314         45.351746
        -96.525093         45.371201
        -96.569656         45.384151
        -96.576324         45.386089
        -96.608917         45.403534
        -96.653069         45.410542
        -96.686935         45.410667
        -96.701912         45.416618
        -96.720840         45.436699
        -96.746315         45.463696
        -96.759010         45.502068
        -96.771637         45.519844
        -96.798157         45.548424
        -96.801765         45.552311
        -96.808105         45.557491
        -96.823494         45.561745
        -96.830933         45.572842
        -96.834175         45.574818
        -96.841354         45.575737
        -96.854355         45.586685
        -96.859718         45.589405
        -96.876068         45.600971
        -96.862114         45.617218
        -96.847374         45.651390
        -96.823479         45.661407
        -96.777504         45.689289
        -96.750748         45.705486
        -96.703026         45.723320
        -96.665855         45.744759
        -96.639397         45.767654
        -96.627548         45.781315
        -96.616844         45.800434
        -96.593353         45.824509
        -96.586357         45.835091
        -96.581581         45.857674
        -96.577019         45.869778
        -96.577446         45.913521
        -96.571381         45.932060
        -96.566696         45.939468
        -96.567841         45.950726
        -96.577469         45.967323
        -96.580681         45.984406
        -96.581024         45.986225
        -96.581261         46.010040
        -96.585487         46.028736
        -96.581955         46.036621
        -96.570786         46.049961
        -96.566658         46.061489
        -96.563965         46.089321
        -96.566246         46.103138
        -96.565964         46.106907
        -96.565376         46.115009
        -96.579338         46.126724
        -96.577995         46.140640
        -96.585579         46.149605
        -96.583405         46.154819
        -96.582382         46.157276
        -96.585060         46.170189
        -96.588364         46.174656
        -96.596008         46.178360
        -96.597366         46.182301
        -96.599335         46.191525
        -96.593147         46.199547
        -96.595634         46.210621
        -96.601593         46.214951
        -96.605820         46.238445
        -96.605522         46.242558
        -96.599854         46.247849
        -96.602852         46.252075
        -96.601677         46.259129
        -96.606880         46.264805
        -96.602852         46.270157
        -96.604996         46.272522
        -96.603920         46.278206
        -96.610489         46.287819
        -96.611076         46.293335
        -96.607323         46.299610
        -96.609314         46.304028
        -96.605659         46.313286
        -96.605774         46.320839
        -96.614159         46.332806
        -96.624268         46.339340
        -96.625381         46.346703
        -96.634308         46.351364
        -96.638580         46.351776
        -96.652695         46.353146
        -96.654839         46.355511
        -96.651657         46.358376
        -96.652069         46.361824
        -96.663208         46.367931
        -96.667137         46.373100
        -96.682877         46.402706
        -96.689552         46.406597
        -96.694344         46.413628
        -96.701874         46.414803
        -96.701897         46.419151
        -96.705681         46.421799
        -96.710274         46.436371
        -96.718361         46.434361
        -96.720184         46.436710
        -96.717911         46.440750
        -96.720329         46.444038
        -96.722160         46.446339
        -96.722763         46.447094
        -96.718636         46.453819
        -96.717934         46.459057
        -96.720505         46.464867
        -96.727844         46.464199
        -96.729050         46.465843
        -96.723106         46.470219
        -96.724861         46.473480
        -96.728828         46.473618
        -96.737846         46.477356
        -96.741241         46.480900
        -96.739716         46.488400
        -96.740952         46.494392
        -96.747261         46.498955
        -96.742538         46.504742
        -96.745590         46.508507
        -96.743828         46.514626
        -96.746933         46.517704
        -96.744240         46.522877
        -96.747009         46.525944
        -96.749550         46.537014
        -96.747322         46.540371
        -96.751633         46.545090
        -96.748650         46.549793
        -96.758492         46.556076
        -96.750847         46.565655
        -96.759789         46.575340
        -96.758987         46.581947
        -96.761467         46.584545
        -96.766998         46.586105
        -96.768883         46.592346
        -96.772934         46.596142
        -96.780441         46.597996
        -96.778419         46.603191
        -96.781883         46.605824
        -96.780411         46.612637
        -96.785805         46.616249
        -96.787712         46.622261
        -96.800529         46.638474
        -96.797943         46.642277
        -96.805542         46.654911
        -96.807770         46.658619
        -96.801651         46.670082
        -96.803947         46.679996
        -96.798851         46.681656
        -96.793343         46.689022
        -96.795761         46.692535
        -96.794617         46.699360
        -96.799149         46.705917
        -96.793617         46.708935
        -96.794273         46.713760
        -96.797920         46.718685
        -96.791359         46.722126
        -96.791481         46.725105
        -96.788193         46.729340
        -96.791786         46.739754
        -96.790298         46.746796
        -96.793457         46.753994
        -96.792152         46.758297
        -96.788246         46.761826
        -96.791153         46.767868
        -96.794243         46.775978
        -96.801208         46.781242
        -96.796188         46.786335
        -96.799606         46.789879
        -96.799965         46.794239
        -96.804726         46.797600
        -96.804726         46.802402
        -96.798210         46.814537
        -96.796745         46.825924
        -96.792358         46.826694
        -96.787659         46.836605
        -96.782272         46.837337
        -96.779465         46.839302
        -96.786926         46.847099
        -96.783478         46.853390
        -96.787102         46.858772
        -96.784149         46.862789
        -96.784843         46.867161
        -96.781906         46.875751
        -96.779282         46.875664
        -96.770584         46.875374
        -96.769424         46.877625
        -96.774368         46.883278
        -96.776749         46.892048
        -96.774811         46.895870
        -96.777153         46.900524
        -96.768173         46.904797
        -96.762436         46.915127
        -96.764000         46.930733
        -96.772362         46.930553
        -96.778503         46.928699
        -96.785301         46.922295
        -96.788605         46.922863
        -96.794167         46.929222
        -96.796036         46.940720
        -96.798904         46.942642
        -96.802254         46.942524
        -96.804314         46.946480
        -96.801689         46.955315
        -96.800873         46.955894
        -96.794304         46.960560
        -96.794418         46.963764
        -96.796951         46.965675
        -96.802322         46.965397
        -96.809265         46.961739
        -96.817848         46.963165
        -96.823631         46.966557
        -96.825348         46.970730
        -96.822197         46.977489
        -96.824074         46.988983
        -96.820511         46.996872
        -96.821320         46.999641
        -96.824547         47.001350
        -96.835999         47.000126
        -96.838890         47.001820
        -96.841515         47.012196
        -96.837097         47.017998
        -96.830551         47.020756
        -96.826813         47.021545
        -96.824303         47.023979
        -96.830612         47.029446
        -96.826317         47.033421
        -96.826859         47.040073
        -96.832123         47.046188
        -96.830307         47.052990
        -96.835289         47.058414
        -96.829750         47.060974
        -96.825073         47.070427
        -96.825882         47.073196
        -96.833748         47.075741
        -96.826996         47.086037
        -96.833809         47.089233
        -96.828476         47.093632
        -96.825851         47.102463
        -96.837883         47.122066
        -96.835754         47.133427
        -96.838379         47.139000
        -96.837440         47.142857
        -96.844353         47.149487
        -96.843094         47.153103
        -96.838287         47.154774
        -96.836052         47.157902
        -96.835052         47.167473
        -96.839432         47.171959
        -96.837250         47.174850
        -96.833519         47.179771
        -96.835655         47.182812
        -96.841347         47.182999
        -96.842926         47.184422
        -96.837250         47.188808
        -96.838417         47.191360
        -96.847839         47.190983
        -96.849625         47.194241
        -96.847038         47.197586
        -96.839180         47.199615
        -96.835625         47.202473
        -96.840828         47.204929
        -96.843170         47.209808
        -96.841095         47.215454
        -96.847748         47.221157
        -96.844879         47.223808
        -96.848625         47.227818
        -96.840858         47.233280
        -96.843872         47.238178
        -96.842697         47.245457
        -96.847946         47.247227
        -96.847023         47.255657
        -96.844788         47.258785
        -96.839279         47.260662
        -96.847237         47.267094
        -96.841057         47.273750
        -96.844810         47.287361
        -96.837624         47.298786
        -96.837929         47.304054
        -96.844604         47.309528
        -96.846649         47.313938
        -96.842995         47.318161
        -96.842690         47.322495
        -96.850876         47.325733
        -96.851707         47.328274
        -96.846817         47.330860
        -96.845634         47.333336
        -96.853195         47.340668
        -96.853790         47.346630
        -96.851845         47.350452
        -96.845634         47.352539
        -96.845383         47.356186
        -96.855316         47.358566
        -96.860115         47.362152
        -96.856934         47.364334
        -96.848808         47.364983
        -96.845612         47.367393
        -96.847176         47.369045
        -96.853874         47.369492
        -96.854790         47.375694
        -96.848763         47.384869
        -96.855133         47.390102
        -96.847710         47.395123
        -96.848610         47.396751
        -96.855202         47.398792
        -96.855988         47.402016
        -96.849312         47.405914
        -96.849770         47.407467
        -96.857620         47.407555
        -96.868103         47.411781
        -96.875488         47.412247
        -96.878990         47.415104
        -96.877167         47.417103
        -96.870720         47.417809
        -96.868187         47.420238
        -96.871300         47.423996
        -96.860527         47.428677
        -96.868454         47.435791
        -96.862747         47.450005
        -96.868469         47.454990
        -96.862465         47.458912
        -96.861671         47.470314
        -96.863541         47.472431
        -96.876106         47.476036
        -96.865967         47.481194
        -96.870491         47.484081
        -96.871628         47.487091
        -96.864197         47.492107
        -96.862289         47.495247
        -96.863426         47.498253
        -96.854073         47.501835
        -96.859955         47.504539
        -96.862053         47.508263
        -96.855003         47.512608
        -96.858932         47.514336
        -96.871773         47.514061
        -96.876907         47.517883
        -96.878212         47.523411
        -96.877747         47.524231
        -96.874367         47.530144
        -96.876747         47.534790
        -96.874870         47.537472
        -96.859070         47.536507
        -96.855797         47.539829
        -96.865654         47.543804
        -96.866730         47.547722
        -96.872368         47.554073
        -96.871223         47.555866
        -96.864731         47.557026
        -96.860794         47.560101
        -96.861679         47.561958
        -96.870171         47.561317
        -96.876511         47.562435
        -96.878342         47.565235
        -96.869728         47.567699
        -96.870438         47.572067
        -96.866394         47.581532
        -96.870270         47.588970
        -96.867928         47.598267
        -96.871117         47.605907
        -96.876549         47.610424
        -96.881836         47.612194
        -96.885643         47.615742
        -96.886871         47.622410
        -96.896637         47.632774
        -96.889717         47.639866
        -96.895676         47.651482
        -96.897667         47.661827
        -96.894424         47.669491
        -96.895599         47.672043
        -96.903801         47.670933
        -96.906357         47.673069
        -96.907944         47.679520
        -96.911148         47.682133
        -96.916245         47.681839
        -96.918846         47.688316
        -96.922806         47.689816
        -96.929855         47.690723
        -96.930969         47.694183
        -96.922127         47.699619
        -96.922989         47.701931
        -96.928314         47.703239
        -96.930038         47.707634
        -96.938736         47.709282
        -96.939911         47.711830
        -96.927933         47.718536
        -96.937592         47.725922
        -96.938210         47.731655
        -96.935654         47.739342
        -96.938423         47.743313
        -96.942780         47.744133
        -96.945274         47.747185
        -96.939522         47.752029
        -96.939690         47.754547
        -96.948021         47.756638
        -96.950523         47.759686
        -96.949097         47.765579
        -96.962204         47.777184
        -96.963371         47.779961
        -96.967819         47.780315
        -96.972816         47.780712
        -96.975334         47.783535
        -96.968643         47.787209
        -96.968040         47.791073
        -96.973465         47.796040
        -96.978561         47.795971
        -96.981758         47.793785
        -96.985466         47.794128
        -96.987114         47.799892
        -96.999725         47.803936
        -97.000450         47.808300
        -96.992012         47.812607
        -96.989754         47.815964
        -96.982147         47.818012
        -96.978775         47.822704
        -96.982712         47.824654
        -96.996643         47.824402
        -96.998169         47.826962
        -96.990639         47.832893
        -97.000153         47.837757
        -97.007202         47.848938
        -97.006783         47.865143
        -97.015182         47.871571
        -97.024918         47.873241
        -97.029030         47.882732
        -97.025642         47.887653
        -97.029991         47.893723
        -97.037636         47.931641
        -97.040634         47.932648
        -97.041862         47.935421
        -97.045067         47.942604
        -97.052010         47.945557
        -97.052505         47.953335
        -97.066261         47.961288
        -97.069168         47.968685
        -97.063896         47.976292
        -97.065598         47.981365
        -97.059723         47.987812
        -97.070007         48.000000
        -97.070007         48.000000
        -97.013245         48.000000
        -97.013245         48.000000
        -97.031212         48.017910
        -97.033173         48.023769
        -97.031937         48.028400
        -97.039406         48.038120
        -97.046410         48.043289
        -97.061211         48.047871
        -97.076569         48.044647
        -97.084122         48.048416
        -97.108818         48.072887
        -97.107246         48.087376
        -97.111702         48.097462
        -97.122429         48.105427
        -97.131958         48.134720
        -97.143578         48.141270
        -97.143562         48.147678
        -97.132721         48.155277
        -97.133018         48.161438
        -97.148560         48.159569
        -97.153419         48.170094
        -97.144913         48.177128
        -97.144913         48.177128
        -97.141418         48.179012
        -97.148499         48.184391
        -97.146736         48.199806
        -97.138618         48.207062
        -97.139198         48.209320
        -97.136040         48.211761
        -97.130150         48.207928
        -97.126846         48.212204
        -97.129860         48.218006
        -97.135605         48.220478
        -97.151398         48.220863
        -97.155388         48.222958
        -97.150963         48.226376
        -97.143684         48.225582
        -97.132591         48.224285
        -97.127190         48.224998
        -97.132156         48.229797
        -97.144638         48.231255
        -97.150124         48.234425
        -97.142357         48.235485
        -97.137489         48.238007
        -97.140320         48.241989
        -97.146721         48.240993
        -97.151421         48.243286
        -97.145042         48.247711
        -97.132507         48.249001
        -97.130241         48.253456
        -97.131729         48.257732
        -97.128204         48.263165
        -97.130859         48.265556
        -97.140114         48.265568
        -97.147247         48.268200
        -97.139412         48.271778
        -97.130180         48.271996
        -97.126915         48.273525
        -97.128258         48.276432
        -97.124802         48.282551
        -97.126335         48.287281
        -97.130699         48.289589
        -97.136597         48.290222
        -97.138908         48.292629
        -97.138336         48.293552
        -97.135117         48.298759
        -97.131432         48.299622
        -97.122490         48.296162
        -97.117813         48.297298
        -97.129341         48.305672
        -97.126419         48.310390
        -97.129784         48.312973
        -97.137192         48.311703
        -97.139580         48.314793
        -97.133957         48.319866
        -97.124786         48.320763
        -97.121986         48.323414
        -97.123962         48.325840
        -97.131081         48.328243
        -97.141617         48.327282
        -97.144272         48.329670
        -97.130821         48.341759
        -97.134308         48.345482
        -97.143066         48.343918
        -97.146408         48.346272
        -97.141754         48.350845
        -97.141708         48.353592
        -97.149200         48.359413
        -97.160629         48.366642
        -97.158920         48.369930
        -97.151428         48.370518
        -97.146553         48.373043
        -97.144974         48.377705
        -97.143166         48.383045
        -97.144417         48.383984
        -97.146904         48.385841
        -97.154228         48.383659
        -97.160233         48.385201
        -97.163315         48.391460
        -97.169548         48.395050
        -97.164986         48.397331
        -97.152946         48.397221
        -97.141838         48.402561
        -97.139107         48.405895
        -97.139450         48.415493
        -97.142822         48.418076
        -97.148346         48.418270
        -97.155846         48.414474
        -97.160683         48.417904
        -97.159294         48.420948
        -97.153412         48.423748
        -97.141754         48.424076
        -97.132736         48.420162
        -97.126114         48.419334
        -97.126633         48.424114
        -97.139091         48.431301
        -97.130569         48.431938
        -97.127510         48.435516
        -97.127419         48.441013
        -97.132065         48.445827
        -97.147682         48.440731
        -97.151375         48.443069
        -97.137932         48.452412
        -97.134834         48.458740
        -97.136398         48.463699
        -97.146378         48.466885
        -97.150177         48.470135
        -97.146660         48.475796
        -97.133835         48.471832
        -97.132935         48.476223
        -97.137390         48.479214
        -97.144234         48.478886
        -97.160034         48.475384
        -97.164909         48.479038
        -97.161316         48.484016
        -97.150085         48.485245
        -97.145470         48.487068
        -97.140923         48.495983
        -97.152161         48.504372
        -97.154640         48.508141
        -97.153587         48.511169
        -97.148277         48.513023
        -97.134888         48.513435
        -97.134079         48.518738
        -97.136971         48.523178
        -97.151070         48.519756
        -97.155167         48.522537
        -97.158081         48.527203
        -97.157478         48.531124
        -97.154198         48.532654
        -97.144569         48.532887
        -97.147095         48.537113
        -97.160622         48.541042
        -97.170181         48.549740
        -97.166199         48.554279
        -97.147202         48.550842
        -97.143433         48.554226
        -97.145836         48.557316
        -97.150543         48.559380
        -97.166420         48.559532
        -97.172310         48.562912
        -97.169373         48.567631
        -97.160271         48.572491
        -97.156662         48.574421
        -97.159508         48.578407
        -97.164238         48.580696
        -97.164536         48.583427
        -97.161232         48.584732
        -97.148895         48.582348
        -97.145424         48.591671
        -97.147484         48.594776
        -97.157097         48.597519
        -97.142075         48.602131
        -97.137688         48.606232
        -97.140800         48.609516
        -97.150688         48.608356
        -97.156693         48.609673
        -97.150398         48.615238
        -97.136932         48.615192
        -97.135361         48.616642
        -97.138336         48.623386
        -97.135780         48.624569
        -97.129196         48.619102
        -97.124619         48.618774
        -97.125320         48.623001
        -97.134285         48.632256
        -97.133575         48.635265
        -97.129478         48.635693
        -97.121750         48.631252
        -97.115273         48.632019
        -97.114388         48.636639
        -97.120720         48.644119
        -97.111275         48.649376
        -97.102478         48.660778
        -97.103905         48.664371
        -97.108231         48.666000
        -97.103317         48.671726
        -97.102135         48.680023
        -97.095772         48.685131
        -97.095917         48.686497
        -97.104935         48.689960
        -97.123459         48.701443
        -97.121765         48.704956
        -97.113045         48.707432
        -97.114395         48.710342
        -97.130226         48.719208
        -97.138222         48.725922
        -97.132668         48.732140
        -97.134712         48.735016
        -97.143219         48.736900
        -97.144798         48.738659
        -97.139709         48.745995
        -97.141457         48.749348
        -97.149284         48.751263
        -97.154625         48.755817
        -97.154480         48.760860
        -97.149734         48.764977
        -97.150803         48.768360
        -97.161140         48.774277
        -97.152855         48.780853
        -97.159500         48.784657
        -97.162979         48.791130
        -97.174446         48.800884
        -97.163193         48.805771
        -97.154800         48.811440
        -97.185791         48.812702
        -97.193008         48.815334
        -97.189842         48.818005
        -97.183411         48.819458
        -97.181274         48.822079
        -97.181595         48.825039
        -97.186684         48.830292
        -97.186043         48.833984
        -97.178680         48.833191
        -97.173309         48.834824
        -97.173294         48.841003
        -97.176773         48.844273
        -97.188454         48.846458
        -97.180229         48.850517
        -97.178139         48.853592
        -97.182617         48.862766
        -97.186066         48.863869
        -97.194481         48.866547
        -97.183350         48.872890
END
END
