mississippi
1
        -88.398529         30.343409
        -88.397354         30.340429
        -88.397980         30.340040
        -88.399521         30.341681
        -88.399651         30.346731
        -88.397820         30.350847
        -88.397820         30.350847
        -88.397354         30.340429
END
2
        -89.178978         32.883389
        -88.399200         30.381714
        -88.401833         30.382570
        -88.404266         30.381016
        -88.405121         30.378738
        -88.403427         30.372967
        -88.399254         30.370584
        -88.398659         30.369659
        -88.398659         30.369659
        -88.397820         30.350847
        -88.397820         30.350847
        -88.401543         30.354801
        -88.399612         30.357513
        -88.402626         30.363543
        -88.408714         30.363672
        -88.413849         30.359880
        -88.421265         30.359808
        -88.422379         30.357996
        -88.415672         30.351431
        -88.418358         30.349880
        -88.426834         30.349831
        -88.428841         30.354004
        -88.436562         30.352331
        -88.440765         30.353567
        -88.441231         30.355871
        -88.439034         30.358807
        -88.440300         30.361128
        -88.449310         30.360628
        -88.452400         30.363905
        -88.459465         30.357399
        -88.463417         30.357941
        -88.464272         30.365530
        -88.466606         30.367414
        -88.468437         30.358503
        -88.470894         30.355803
        -88.466530         30.350664
        -88.465652         30.343990
        -88.462280         30.341398
        -88.459831         30.343870
        -88.458260         30.353014
        -88.453758         30.352921
        -88.451836         30.355404
        -88.449196         30.355120
        -88.446739         30.348185
        -88.441353         30.341877
        -88.440956         30.337049
        -88.442390         30.332722
        -88.449722         30.325993
        -88.456665         30.323874
        -88.457466         30.323629
        -88.467201         30.316032
        -88.472519         30.314995
        -88.479645         30.315832
        -88.483124         30.314528
        -88.492065         30.316547
        -88.499596         30.322210
        -88.506165         30.323952
        -88.507675         30.326965
        -88.505989         30.330601
        -88.496780         30.338442
        -88.499138         30.339409
        -88.505058         30.335630
        -88.506577         30.338415
        -88.502411         30.345671
        -88.503036         30.351879
        -88.505356         30.354221
        -88.506935         30.344616
        -88.511330         30.338741
        -88.512527         30.333717
        -88.518333         30.334295
        -88.521225         30.335482
        -88.527763         30.338160
        -88.539360         30.340002
        -88.555244         30.340094
        -88.557068         30.341280
        -88.553291         30.343956
        -88.555351         30.346062
        -88.560349         30.347309
        -88.557587         30.382128
        -88.551529         30.380857
        -88.547508         30.382612
        -88.547699         30.385599
        -88.552597         30.390516
        -88.558739         30.388805
        -88.568573         30.397491
        -88.569962         30.394995
        -88.572876         30.395054
        -88.577545         30.399048
        -88.592850         30.401190
        -88.605019         30.391565
        -88.606911         30.389997
        -88.606323         30.382185
        -88.608124         30.373732
        -88.613258         30.369934
        -88.624268         30.363956
        -88.644310         30.356779
        -88.654938         30.355381
        -88.662025         30.357584
        -88.673241         30.353901
        -88.679626         30.352648
        -88.689117         30.343655
        -88.704613         30.337986
        -88.713638         30.337011
        -88.722313         30.339701
        -88.738426         30.340923
        -88.776535         30.363665
        -88.790886         30.370749
        -88.804543         30.377489
        -88.808701         30.380777
        -88.807312         30.383505
        -88.801559         30.380186
        -88.792015         30.380699
        -88.778175         30.372641
        -88.772705         30.379652
        -88.775291         30.382452
        -88.786659         30.383352
        -88.793396         30.389442
        -88.803734         30.388945
        -88.816803         30.396297
        -88.829414         30.400658
        -88.840515         30.406588
        -88.843185         30.412149
        -88.852081         30.417128
        -88.853096         30.418980
        -88.850121         30.421680
        -88.838326         30.416189
        -88.831459         30.415148
        -88.828232         30.417383
        -88.831596         30.420656
        -88.838966         30.422625
        -88.843910         30.426615
        -88.851051         30.427202
        -88.860931         30.423710
        -88.870926         30.426872
        -88.872276         30.425749
        -88.872124         30.420929
        -88.885422         30.418873
        -88.890442         30.419422
        -88.894348         30.422243
        -88.909653         30.425039
        -88.911819         30.424789
        -88.913109         30.424641
        -88.917961         30.420826
        -88.922607         30.426186
        -88.926041         30.426933
        -88.928986         30.425379
        -88.933357         30.419491
        -88.944733         30.420378
        -88.948471         30.418837
        -88.954033         30.419163
        -88.958229         30.421072
        -88.969902         30.420126
        -88.972679         30.414438
        -88.976158         30.413122
        -88.978455         30.416832
        -88.979370         30.423500
        -88.984566         30.428177
        -88.978584         30.434958
        -88.970329         30.436649
        -88.958740         30.445625
        -88.949455         30.445923
        -88.947289         30.447950
        -88.954887         30.451982
        -88.958069         30.451807
        -88.969940         30.442379
        -88.976570         30.442034
        -88.980347         30.439116
        -88.990990         30.437004
        -88.999641         30.429354
        -89.009590         30.434797
        -89.009979         30.429070
        -89.006386         30.423733
        -89.000313         30.422941
        -88.996017         30.425392
        -88.990997         30.424847
        -88.988976         30.420225
        -88.991211         30.415216
        -88.998299         30.418089
        -89.004112         30.418648
        -89.006950         30.409979
        -89.018486         30.403521
        -89.009193         30.404510
        -89.006653         30.405697
        -88.998756         30.409380
        -88.988235         30.405760
        -88.982079         30.408865
        -88.974945         30.408054
        -88.966370         30.412266
        -88.959801         30.410088
        -88.956825         30.412560
        -88.951340         30.409252
        -88.943344         30.411407
        -88.934113         30.409410
        -88.913338         30.414551
        -88.909393         30.413334
        -88.907356         30.409628
        -88.904198         30.408653
        -88.899071         30.412693
        -88.887543         30.407211
        -88.880089         30.408913
        -88.877762         30.406347
        -88.873604         30.402832
        -88.865608         30.404984
        -88.861206         30.400774
        -88.856178         30.400455
        -88.857071         30.396341
        -88.854561         30.390102
        -88.858841         30.388573
        -88.867577         30.388500
        -88.874687         30.390465
        -88.934830         30.389694
        -88.979172         30.384499
        -88.991096         30.382032
        -88.999657         30.380260
        -89.014214         30.380737
        -89.032059         30.376221
        -89.042671         30.375252
        -89.067734         30.367411
        -89.076027         30.363188
        -89.079742         30.363020
        -89.082169         30.360765
        -89.078880         30.353600
        -89.081596         30.350433
        -89.087334         30.354427
        -89.090897         30.348980
        -89.094505         30.353399
        -89.093636         30.356825
        -89.095459         30.358461
        -89.103416         30.355988
        -89.122108         30.350176
        -89.138672         30.342873
        -89.178871         30.331812
        -89.213531         30.319279
        -89.239761         30.312546
        -89.263275         30.306507
        -89.276344         30.301428
        -89.288239         30.301836
        -89.291611         30.305786
        -89.293823         30.328074
        -89.292725         30.330351
        -89.289024         30.329836
        -89.281776         30.321468
        -89.279610         30.323959
        -89.280602         30.327415
        -89.278969         30.329914
        -89.270462         30.331850
        -89.269318         30.335962
        -89.249443         30.337225
        -89.248909         30.337259
        -89.246483         30.339745
        -89.252235         30.343275
        -89.262589         30.341825
        -89.278152         30.344814
        -89.288818         30.354380
        -89.278465         30.356060
        -89.277084         30.359020
        -89.295006         30.362961
        -89.305939         30.358994
        -89.309906         30.359512
        -89.311180         30.362055
        -89.305534         30.366329
        -89.304672         30.369986
        -89.306458         30.373684
        -89.310135         30.375114
        -89.348175         30.366037
        -89.354065         30.362453
        -89.372704         30.342535
        -89.373543         30.340025
        -89.371986         30.338167
        -89.366409         30.338930
        -89.361374         30.339621
        -89.360367         30.336622
        -89.375778         30.333405
        -89.389221         30.336578
        -89.393654         30.340313
        -89.395309         30.351118
        -89.394333         30.361427
        -89.396759         30.373390
        -89.393227         30.378159
        -89.399368         30.390173
        -89.402550         30.389990
        -89.404839         30.365934
        -89.400734         30.358765
        -89.402542         30.346632
        -89.405273         30.342083
        -89.410912         30.337576
        -89.414627         30.336939
        -89.418701         30.331261
        -89.413689         30.330502
        -89.402222         30.335157
        -89.378250         30.328623
        -89.366859         30.329145
        -89.361275         30.330671
        -89.344666         30.340982
        -89.341240         30.340473
        -89.336784         30.338114
        -89.331123         30.329313
        -89.321487         30.320913
        -89.319496         30.314461
        -89.322029         30.306469
        -89.331970         30.298302
        -89.334930         30.295876
        -89.365669         30.279118
        -89.376457         30.267801
        -89.382607         30.264219
        -89.391617         30.263660
        -89.410027         30.254744
        -89.416458         30.250017
        -89.419975         30.245937
        -89.420036         30.242496
        -89.414131         30.232548
        -89.415527         30.228439
        -89.426239         30.221018
        -89.426613         30.220411
        -89.431686         30.212147
        -89.441658         30.201273
        -89.442276         30.196234
        -89.438713         30.188614
        -89.439316         30.184492
        -89.448647         30.179804
        -89.459381         30.170546
        -89.464081         30.173822
        -89.462700         30.177475
        -89.455971         30.184265
        -89.460373         30.189373
        -89.478096         30.188929
        -89.482361         30.186922
        -89.487206         30.181711
        -89.496193         30.181602
        -89.501198         30.182491
        -89.518593         30.185575
        -89.533195         30.197470
        -89.540337         30.197107
        -89.557457         30.185402
        -89.562233         30.184088
        -89.569359         30.184870
        -89.580612         30.191439
        -89.585014         30.197002
        -89.584114         30.203644
        -89.598038         30.208870
        -89.598038         30.208870
        -89.601112         30.215103
        -89.610191         30.226002
        -89.612213         30.231764
        -89.611572         30.238638
        -89.614655         30.244183
        -89.625679         30.249371
        -89.628510         30.254223
        -89.632103         30.277668
        -89.644432         30.284704
        -89.638718         30.294268
        -89.639420         30.300241
        -89.636971         30.304569
        -89.631470         30.305912
        -89.627136         30.306969
        -89.623886         30.311747
        -89.628677         30.326488
        -89.628677         30.326488
        -89.628799         30.335665
        -89.630844         30.339821
        -89.652550         30.356836
        -89.659164         30.373894
        -89.665710         30.378563
        -89.674965         30.396568
        -89.677887         30.396145
        -89.681480         30.403528
        -89.679832         30.410074
        -89.677803         30.418165
        -89.682617         30.449648
        -89.688904         30.454313
        -89.692245         30.460775
        -89.701469         30.464556
        -89.705841         30.472866
        -89.715034         30.478710
        -89.721535         30.487045
        -89.728874         30.492409
        -89.741783         30.515495
        -89.743065         30.517872
        -89.749008         30.528883
        -89.753204         30.531685
        -89.767227         30.533911
        -89.777489         30.539764
        -89.792328         30.540392
        -89.794937         30.543404
        -89.792229         30.547043
        -89.792992         30.549345
        -89.800034         30.557680
        -89.798157         30.559036
        -89.787811         30.559376
        -89.782982         30.562761
        -89.785316         30.566687
        -89.797523         30.566368
        -89.803329         30.568268
        -89.806465         30.571743
        -89.806595         30.580919
        -89.809242         30.581636
        -89.808144         30.584146
        -89.814690         30.590183
        -89.815140         30.594702
        -89.815849         30.601892
        -89.819954         30.612030
        -89.825714         30.617140
        -89.817902         30.625538
        -89.814087         30.632605
        -89.816383         30.638821
        -89.822685         30.643938
        -89.827080         30.652243
        -89.836876         30.653727
        -89.848724         30.660738
        -89.844978         30.663219
        -89.836205         30.663580
        -89.833511         30.666302
        -89.838707         30.674616
        -89.834900         30.681223
        -89.839073         30.686314
        -89.832886         30.692209
        -89.834938         30.697046
        -89.839905         30.702604
        -89.837097         30.713352
        -89.830200         30.712818
        -89.823975         30.720774
        -89.830330         30.722450
        -89.831360         30.724754
        -89.829468         30.727255
        -89.833122         30.731422
        -89.828056         30.732973
        -89.815071         30.730764
        -89.812126         30.732107
        -89.809669         30.736435
        -89.810677         30.740345
        -89.818390         30.739973
        -89.820168         30.745955
        -89.822227         30.747709
        -89.826729         30.751532
        -89.824570         30.772373
        -89.822647         30.776939
        -89.817589         30.777342
        -89.815704         30.778925
        -89.813423         30.789906
        -89.809311         30.798573
        -89.801575         30.800320
        -89.798004         30.808075
        -89.785210         30.810682
        -89.781685         30.815456
        -89.783463         30.820980
        -89.781006         30.825308
        -89.781219         30.828979
        -89.784912         30.831085
        -89.785065         30.838425
        -89.789719         30.847649
        -89.789719         30.847649
        -89.774986         30.871605
        -89.765709         30.891479
        -89.754616         30.906578
        -89.753105         30.932972
        -89.750961         30.943668
        -89.730850         30.976578
        -89.726746         30.989307
        -89.730873         30.998039
        -89.740234         30.997362
        -90.000000         30.997643
        -90.059303         30.997705
        -91.631744         30.999512
        -91.619194         31.007366
        -91.583832         31.020300
        -91.560196         31.044115
        -91.561798         31.064384
        -91.592850         31.086182
        -91.612976         31.105774
        -91.624664         31.133301
        -91.608597         31.155693
        -91.601837         31.162912
        -91.595001         31.188942
        -91.597466         31.206314
        -91.612587         31.219379
        -91.629395         31.232445
        -91.644531         31.243334
        -91.639412         31.262135
        -91.611580         31.268578
        -91.563553         31.262659
        -91.536568         31.265472
        -91.516289         31.277708
        -91.507751         31.301556
        -91.518623         31.321848
        -91.543022         31.336393
        -91.545448         31.362446
        -91.542854         31.376907
        -91.548752         31.380543
        -91.554657         31.379835
        -91.558052         31.375505
        -91.569023         31.375538
        -91.573196         31.387123
        -91.574821         31.403044
        -91.563812         31.413139
        -91.556168         31.423967
        -91.545189         31.426105
        -91.537605         31.421741
        -91.530067         31.407974
        -91.523399         31.389145
        -91.514191         31.371029
        -91.495659         31.363733
        -91.482986         31.368031
        -91.473663         31.377403
        -91.471909         31.391142
        -91.471832         31.406334
        -91.488647         31.420860
        -91.500412         31.432474
        -91.511299         31.452765
        -91.516273         31.475204
        -91.512817         31.492554
        -91.515312         31.501965
        -91.519501         31.509211
        -91.517784         31.514992
        -91.516785         31.515223
        -91.516785         31.515223
        -91.508484         31.517132
        -91.481422         31.522104
        -91.475487         31.526423
        -91.431465         31.542175
        -91.418716         31.555145
        -91.405952         31.571005
        -91.402489         31.586905
        -91.399040         31.598461
        -91.405777         31.604275
        -91.409111         31.612244
        -91.409111         31.612244
        -91.401451         31.621614
        -91.398857         31.632452
        -91.393707         31.644726
        -91.394424         31.668594
        -91.395996         31.690296
        -91.396744         31.708376
        -91.393288         31.720657
        -91.385612         31.731472
        -91.376205         31.748064
        -91.370155         31.768284
        -91.362457         31.781267
        -91.357277         31.798597
        -91.347855         31.815187
        -91.347855         31.815187
        -91.344429         31.821680
        -91.335831         31.841887
        -91.317131         31.850477
        -91.290802         31.858307
        -91.271324         31.855320
        -91.250114         31.858107
        -91.229691         31.868847
        -91.221947         31.883987
        -91.208298         31.896206
        -91.194611         31.912037
        -91.187630         31.937302
        -91.179794         31.964006
        -91.169533         31.974070
        -91.157585         31.982676
        -91.157585         31.982676
        -91.136421         31.982719
        -91.109688         31.986061
        -91.092110         31.999075
        -91.091492         32.000000
        -91.091492         32.000000
        -91.080406         32.015713
        -91.080406         32.015713
        -91.081230         32.024361
        -91.088608         32.028416
        -91.088608         32.028416
        -91.090919         32.029240
        -91.095543         32.030888
        -91.110344         32.035851
        -91.120987         32.039165
        -91.129387         32.038486
        -91.147461         32.043091
        -91.155319         32.045967
        -91.161781         32.049225
        -91.163094         32.053600
        -91.163918         32.059555
        -91.162834         32.067467
        -91.151100         32.072067
        -91.147797         32.074402
        -91.143608         32.074345
        -91.133797         32.075798
        -91.129143         32.075340
        -91.125443         32.070564
        -91.125443         32.070564
        -91.116760         32.060699
        -91.095078         32.052681
        -91.084007         32.052132
        -91.084007         32.052132
        -91.074577         32.055897
        -91.070480         32.060204
        -91.071159         32.068913
        -91.078583         32.076096
        -91.093781         32.086338
        -91.083679         32.091797
        -91.083679         32.091797
        -91.065666         32.094048
        -91.050232         32.100063
        -91.038750         32.111156
        -91.036545         32.115910
        -91.036545         32.115910
        -91.032906         32.123737
        -91.032906         32.123737
        -91.028999         32.132122
        -91.010384         32.141621
        -91.010384         32.141621
        -91.008087         32.143337
        -91.004723         32.151775
        -91.008774         32.160465
        -91.008774         32.160465
        -91.043915         32.179020
        -91.051437         32.180248
        -91.053619         32.178898
        -91.058067         32.169556
        -91.055084         32.153030
        -91.055840         32.138836
        -91.063103         32.139603
        -91.085281         32.151756
        -91.096596         32.151649
        -91.098686         32.149612
        -91.112175         32.136467
        -91.122452         32.133369
        -91.133507         32.132339
        -91.147774         32.133171
        -91.156357         32.136009
        -91.165428         32.142284
        -91.174850         32.162537
        -91.175301         32.168728
        -91.172165         32.181293
        -91.172348         32.187481
        -91.164253         32.198315
        -91.154503         32.211353
        -91.137970         32.217369
        -91.113159         32.217339
        -91.101509         32.221340
        -91.092262         32.226738
        -91.082253         32.228920
        -91.074715         32.228153
        -91.069939         32.223061
        -91.066849         32.212948
        -91.061325         32.204182
        -91.049110         32.198494
        -91.044189         32.196201
        -91.032883         32.195389
        -91.024490         32.197586
        -91.013191         32.196312
        -91.000214         32.198681
        -90.987930         32.205700
        -90.977989         32.222706
        -90.979820         32.226162
        -90.973328         32.244644
        -90.973145         32.255867
        -90.979240         32.268642
        -90.988052         32.285366
        -90.985718         32.296333
        -90.978600         32.302437
        -90.962448         32.299957
        -90.921181         32.299984
        -90.921181         32.299984
        -90.912888         32.306751
        -90.902031         32.320702
        -90.912407         32.338299
        -90.939087         32.341831
        -90.972816         32.343380
        -90.997574         32.348709
        -91.007767         32.352947
        -91.012566         32.357357
        -91.015701         32.364037
        -91.010979         32.373478
        -91.010124         32.375198
        -91.003288         32.380390
        -90.997704         32.391552
        -90.996696         32.403915
        -91.001694         32.412907
        -91.005951         32.417080
        -91.030380         32.427898
        -91.066177         32.438377
        -91.082283         32.446114
        -91.087341         32.449081
        -91.094612         32.453350
        -91.107414         32.465630
        -91.114296         32.476013
        -91.116608         32.484512
        -91.116158         32.497112
        -91.114967         32.504662
        -91.101685         32.524914
        -91.099075         32.536800
        -91.101028         32.551029
        -91.101028         32.551029
        -91.099083         32.554676
        -91.090439         32.553207
        -91.082245         32.548607
        -91.067863         32.524323
        -91.067863         32.524323
        -91.057602         32.504730
        -91.043999         32.491978
        -91.018982         32.482990
        -91.006805         32.483311
        -90.999741         32.485291
        -90.995857         32.491203
        -90.997345         32.499699
        -91.004730         32.511700
        -91.013908         32.513409
        -91.025116         32.518753
        -91.043457         32.527489
        -91.048531         32.531773
        -91.048531         32.531773
        -91.062431         32.543510
        -91.072899         32.549583
        -91.078476         32.556747
        -91.078636         32.567780
        -91.078636         32.567780
        -91.067505         32.602230
        -91.048088         32.628681
        -91.048088         32.628681
        -91.041435         32.641586
        -91.039970         32.649132
        -91.039970         32.649132
        -91.044212         32.654911
        -91.095100         32.672241
        -91.107628         32.676529
        -91.110405         32.679211
        -91.114021         32.682705
        -91.113686         32.686829
        -91.113686         32.686829
        -91.089035         32.703754
        -91.067436         32.715210
        -91.067436         32.715210
        -91.061607         32.724083
        -91.064590         32.733196
        -91.071884         32.743908
        -91.083183         32.750904
        -91.099823         32.755802
        -91.099823         32.755802
        -91.114616         32.753986
        -91.135231         32.754662
        -91.140366         32.756317
        -91.149185         32.766033
        -91.149467         32.768623
        -91.149467         32.768623
        -91.149872         32.772243
        -91.147141         32.779510
        -91.142723         32.787251
        -91.138206         32.800388
        -91.139145         32.808773
        -91.135971         32.817009
        -91.103012         32.861130
        -91.084854         32.875835
        -91.083275         32.877926
        -91.077644         32.885384
        -91.071640         32.905033
        -91.071266         32.912361
        -91.073540         32.923618
        -91.075912         32.928459
        -91.084778         32.935890
        -91.085426         32.941418
        -91.085426         32.941418
        -91.089081         32.975819
        -91.094131         32.984127
        -91.100586         32.989239
        -91.114426         32.992363
        -91.127762         32.992043
        -91.137085         32.987324
        -91.146034         32.970455
        -91.150101         32.967110
        -91.150101         32.967110
        -91.151817         32.965698
        -91.159676         32.967613
        -91.162575         32.974518
        -91.159035         33.011856
        -91.161804         33.049240
        -91.159401         33.084747
        -91.150833         33.112629
        -91.143326         33.123558
        -91.134209         33.131947
        -91.122948         33.137562
        -91.101318         33.143753
        -91.091118         33.151211
        -91.086082         33.159870
        -91.084496         33.174755
        -91.089890         33.197281
        -91.109299         33.230675
        -91.125298         33.258179
        -91.134178         33.267670
        -91.143120         33.272346
        -91.163078         33.290661
        -91.171120         33.301289
        -91.172783         33.319416
        -91.168015         33.328541
        -91.160294         33.334766
        -91.131790         33.357754
        -91.125938         33.365257
        -91.118027         33.420666
        -91.117126         33.444962
        -91.117447         33.448792
        -91.118988         33.467453
        -91.122383         33.478722
        -91.126671         33.485416
        -91.139694         33.493576
        -91.169426         33.502129
        -91.202309         33.521255
        -91.215874         33.530586
        -91.218864         33.532650
        -91.227768         33.543053
        -91.236862         33.559875
        -91.234306         33.566959
        -91.227638         33.568810
        -91.202522         33.567619
        -91.176430         33.569126
        -91.172600         33.569347
        -91.167641         33.571365
        -91.161263         33.576805
        -91.155884         33.588905
        -91.153496         33.602638
        -91.155685         33.622154
        -91.163422         33.637596
        -91.171265         33.645699
        -91.186783         33.654564
        -91.197983         33.658115
        -91.211494         33.659481
        -91.215523         33.659889
        -91.224243         33.664555
        -91.229355         33.672401
        -91.230858         33.682735
        -91.226875         33.693707
        -91.222153         33.697788
        -91.214966         33.701160
        -91.187248         33.700893
        -91.174026         33.703976
        -91.158813         33.711620
        -91.149918         33.719330
        -91.145561         33.729229
        -91.138847         33.744446
        -91.131287         33.754688
        -91.119354         33.762821
        -91.098328         33.772694
        -91.055023         33.783012
        -91.046135         33.789337
        -91.040161         33.802345
        -91.040596         33.805950
        -91.041138         33.810383
        -91.071800         33.854748
        -91.072746         33.865082
        -91.065971         33.876247
        -91.027779         33.908169
        -91.026535         33.910435
        -91.019272         33.923672
        -91.020195         33.934917
        -91.023911         33.943676
        -91.035095         33.950680
        -91.048561         33.952435
        -91.084366         33.952358
        -91.091759         33.954960
        -91.098289         33.960533
        -91.098473         33.966728
        -91.092010         33.974918
        -91.084023         33.978848
        -91.077858         33.981876
        -91.043602         33.987930
        -91.029465         33.993511
        -91.006355         34.008621
        -90.982269         34.014999
        -90.943245         34.016640
        -90.930969         34.017151
        -90.912399         34.023121
        -90.894272         34.035519
        -90.889603         34.050140
        -90.891876         34.062325
        -90.901016         34.075741
        -90.919571         34.087433
        -90.934189         34.100121
        -90.956558         34.119526
        -90.960831         34.128063
        -90.956856         34.134899
        -90.943680         34.146671
        -90.878273         34.184757
        -90.877296         34.185326
        -90.859344         34.200932
        -90.848808         34.218464
        -90.839371         34.251377
        -90.829338         34.270752
        -90.822899         34.275028
        -90.813477         34.276054
        -90.796913         34.271984
        -90.777977         34.267334
        -90.769409         34.267220
        -90.761292         34.272160
        -90.752106         34.289928
        -90.746475         34.309582
        -90.746788         34.321747
        -90.755371         34.335854
        -90.765945         34.347466
        -90.769394         34.355312
        -90.767807         34.358971
        -90.765633         34.363979
        -90.756714         34.367073
        -90.745644         34.366695
        -90.725014         34.360222
        -90.713409         34.358917
        -90.703987         34.359703
        -90.682800         34.366982
        -90.665459         34.375916
        -90.630173         34.388638
        -90.615540         34.393326
        -90.592041         34.404221
        -90.583580         34.411438
        -90.577469         34.425114
        -90.577553         34.434292
        -90.587082         34.455311
        -90.594643         34.477676
        -90.595131         34.488049
        -90.595215         34.489841
        -90.593452         34.494637
        -90.571678         34.527351
        -90.565765         34.544010
        -90.562256         34.565296
        -90.567940         34.584881
        -90.580040         34.605602
        -90.582130         34.609184
        -90.585915         34.626907
        -90.586922         34.644817
        -90.576431         34.667835
        -90.573051         34.682926
        -90.571350         34.709976
        -90.567726         34.728951
        -90.567589         34.729652
        -90.560173         34.738491
        -90.552612         34.740669
        -90.545662         34.740566
        -90.530991         34.737362
        -90.513351         34.730209
        -90.502289         34.727516
        -90.492004         34.727356
        -90.466805         34.734993
        -90.454918         34.743984
        -90.450279         34.751942
        -90.450394         34.759285
        -90.452797         34.762756
        -90.471939         34.790371
        -90.473892         34.802334
        -90.468361         34.812801
        -90.443436         34.819519
        -90.407761         34.832943
        -90.392784         34.842106
        -90.391129         34.842873
        -90.365463         34.854736
        -90.352592         34.857277
        -90.331795         34.864960
        -90.316154         34.866531
        -90.300415         34.872227
        -90.259834         34.902546
        -90.252983         34.907661
        -90.244911         34.918076
        -90.243217         34.929749
        -90.253098         34.946674
        -90.265076         34.958126
        -90.277740         34.964542
        -90.304611         34.983131
        -90.313545         34.994068
        -90.314255         35.000000
        -90.314255         35.000000
        -90.303619         35.000000
        -90.302612         35.000000
        -90.288277         35.000000
        -90.280930         35.000000
        -90.251900         35.000000
        -90.168602         35.000000
        -90.085297         35.000000
        -90.001999         35.000000
        -90.000000         35.000000
        -88.267227         35.000000
        -88.219398         35.000000
        -88.198189         35.000000
        -88.163567         34.942165
        -88.145264         34.918556
        -88.123032         34.906288
        -88.120583         34.905800
        -88.106194         34.902931
        -88.104118         34.899876
        -88.104218         34.881966
        -88.118057         34.790127
        -88.126816         34.731911
        -88.135536         34.664814
        -88.151772         34.539696
        -88.154434         34.536575
        -88.161613         34.465702
        -88.167671         34.435562
        -88.177956         34.342690
        -88.181519         34.321945
        -88.191505         34.240776
        -88.206902         34.115303
        -88.211220         34.080101
        -88.219040         34.028954
        -88.220337         34.003292
        -88.224884         33.990349
        -88.230919         33.926399
        -88.231293         33.922417
        -88.235382         33.895702
        -88.234978         33.881916
        -88.237297         33.879471
        -88.246635         33.801590
        -88.261627         33.676117
        -88.267937         33.623249
        -88.274376         33.581932
        -88.274261         33.567471
        -88.277695         33.553589
        -88.277916         33.550938
        -88.281731         33.505077
        -88.289764         33.458775
        -88.290054         33.436295
        -88.291397         33.425518
        -88.306992         33.300129
        -88.322540         33.174747
        -88.323875         33.163952
        -88.328430         33.109509
        -88.336311         33.049255
        -88.352669         32.923973
        -88.364281         32.834774
        -88.366707         32.801140
        -88.367043         32.798561
        -88.383247         32.673294
        -88.394653         32.584904
        -88.400658         32.548168
        -88.401138         32.545223
        -88.403275         32.511589
        -88.415710         32.422882
        -88.417877         32.405685
        -88.431824         32.303314
        -88.434158         32.286106
        -88.444962         32.177860
        -88.456955         32.057419
        -88.457558         32.052376
        -88.456985         32.000000
        -88.471237         31.884850
        -88.399200         30.381714
END
END
