monaco
1
     0.7420766E+01     0.4375050E+02
     0.7406805E+01     0.4373196E+02
     0.7401752E+01     0.4373449E+02
     0.7396748E+01     0.4374049E+02
     0.7395747E+01     0.4374450E+02
     0.7404754E+01     0.4375350E+02
     0.7417764E+01     0.4376251E+02
     0.7427772E+01     0.4376751E+02
     0.7436778E+01     0.4376952E+02
     0.7444784E+01     0.4376751E+02
     0.7452286E+01     0.4376189E+02
     0.7452286E+01     0.4376189E+02
     0.7446741E+01     0.4375750E+02
     0.7411071E+01     0.4373668E+02
     0.7406805E+01     0.4373196E+02
END
END
