montserrat
1
    -0.6219762E+02     0.1671692E+02
    -0.6223803E+02     0.1673800E+02
    -0.6223854E+02     0.1674490E+02
    -0.6222738E+02     0.1676019E+02
    -0.6222231E+02     0.1677864E+02
    -0.6221608E+02     0.1678663E+02
    -0.6220969E+02     0.1679482E+02
    -0.6220765E+02     0.1680761E+02
    -0.6220582E+02     0.1681306E+02
    -0.6220236E+02     0.1681733E+02
    -0.6218111E+02     0.1681055E+02
    -0.6217933E+02     0.1680637E+02
    -0.6218246E+02     0.1679682E+02
    -0.6218097E+02     0.1679081E+02
    -0.6217151E+02     0.1678023E+02
    -0.6216966E+02     0.1677031E+02
    -0.6216580E+02     0.1676378E+02
    -0.6215971E+02     0.1676040E+02
    -0.6215404E+02     0.1675060E+02
    -0.6215032E+02     0.1673948E+02
    -0.6215510E+02     0.1673090E+02
    -0.6215620E+02     0.1672588E+02
    -0.6215427E+02     0.1671872E+02
    -0.6215496E+02     0.1671139E+02
    -0.6214749E+02     0.1669811E+02
    -0.6214642E+02     0.1669395E+02
    -0.6214872E+02     0.1668874E+02
    -0.6215581E+02     0.1667989E+02
    -0.6215663E+02     0.1667886E+02
    -0.6216367E+02     0.1667424E+02
    -0.6217233E+02     0.1667150E+02
    -0.6217949E+02     0.1667101E+02
    -0.6218253E+02     0.1667270E+02
    -0.6219180E+02     0.1667318E+02
    -0.6220961E+02     0.1668308E+02
    -0.6221889E+02     0.1669159E+02
    -0.6222316E+02     0.1670043E+02
    -0.6223487E+02     0.1671543E+02
    -0.6224121E+02     0.1671836E+02
    -0.6224258E+02     0.1672046E+02
    -0.6223753E+02     0.1673065E+02
    -0.6223803E+02     0.1673800E+02
END
END
