montana
1
       -110.232918         44.996086
       -116.042007         49.000328
       -115.851143         49.000671
       -115.660278         49.000683
       -115.469421         49.000366
       -115.278557         48.999722
       -115.087708         48.998745
       -115.040405         48.998451
       -115.000000         48.998627
       -114.896858         48.999069
       -114.706001         48.999599
       -114.515137         48.999802
       -114.324280         48.999672
       -114.133423         48.999214
       -114.068619         48.998985
       -114.000000         48.996944
       -113.826416         48.997471
       -113.635643         48.997719
       -113.444870         48.997635
       -113.254089         48.997227
       -113.063324         48.996487
       -112.872559         48.995415
       -112.863899         48.995358
       -112.681801         48.996250
       -112.491028         48.996857
       -112.300255         48.997139
       -112.109482         48.997089
       -111.918709         48.996712
       -111.912773         48.996696
       -111.727943         48.998127
       -111.537170         48.999283
       -111.346382         49.000111
       -111.155602         49.000607
       -110.964806         49.000771
       -110.774017         49.000610
       -110.583229         49.000118
       -110.392448         48.999294
       -110.201675         48.998142
       -110.010910         48.996662
       -110.000000         48.996567
       -109.808678         48.997787
       -109.617897         48.998680
       -109.427116         48.999245
       -109.236328         48.999477
       -109.045547         48.999382
       -108.854759         48.998959
       -108.663979         48.998203
       -108.473206         48.997120
       -108.282516         48.995708
       -108.091675         48.996395
       -107.900902         48.996754
       -107.710121         48.996784
       -107.519348         48.996483
       -107.328575         48.995853
       -107.137810         48.994892
       -106.970345         48.993778
       -106.947052         48.993896
       -106.756287         48.994675
       -106.565514         48.995121
       -106.374741         48.995239
       -106.183975         48.995029
       -106.039101         48.994648
       -105.993202         48.994961
       -105.802437         48.996044
       -105.611664         48.996799
       -105.420883         48.997227
       -105.230103         48.997322
       -105.039322         48.997089
       -105.000000         48.996971
       -104.848541         48.996525
       -104.657776         48.995632
       -104.467010         48.994411
       -104.276260         48.992859
       -104.085518         48.990978
       -104.023682         48.990299
       -104.023682         48.990299
       -104.025162         48.864773
       -104.026634         48.739258
       -104.028099         48.613758
       -104.029549         48.488270
       -104.030998         48.362793
       -104.046890         48.000000
       -104.046883         47.886005
       -104.046883         47.760517
       -104.046883         47.635006
       -104.046875         47.509476
       -104.046875         47.383926
       -104.046867         47.258354
       -104.046867         47.132767
       -104.046867         47.007160
       -104.046860         46.881535
       -104.046860         46.755894
       -104.046860         46.630234
       -104.046852         46.504562
       -104.046852         46.378872
       -104.046844         46.253170
       -104.046844         46.127453
       -104.046844         46.001724
       -104.046837         45.941265
       -104.046837         45.815517
       -104.046837         45.689758
       -104.046829         45.563988
       -104.046829         45.438210
       -104.046829         45.312420
       -104.046822         45.186619
       -104.046822         45.060810
       -104.046822         45.000000
       -104.064842         45.000000
       -104.083702         45.000000
       -104.167000         45.000000
       -104.250298         45.000000
       -104.333603         45.000000
       -104.416901         45.000000
       -104.500198         45.000000
       -104.583504         45.000000
       -104.666801         45.000000
       -104.750099         45.000000
       -104.833397         45.000000
       -104.916702         45.000000
       -105.000000         45.000000
       -105.001999         45.000000
       -105.085297         45.000000
       -105.168602         45.000000
       -105.251900         45.000000
       -105.335197         45.000000
       -105.418503         45.000000
       -105.501801         45.000000
       -105.585098         45.000000
       -105.668404         45.000000
       -105.751701         45.000000
       -105.834999         45.000000
       -105.918297         45.000000
       -106.001602         45.000000
       -106.084900         45.000000
       -106.168198         45.000000
       -106.251503         45.000000
       -106.334801         45.000000
       -106.418098         45.000000
       -106.501404         45.000000
       -106.584702         45.000000
       -106.667999         45.000000
       -106.751297         45.000000
       -106.834602         45.000000
       -106.917900         45.000000
       -107.001198         45.000000
       -107.084503         45.000000
       -107.167801         45.000000
       -107.251099         45.000000
       -107.334396         45.000000
       -107.417702         45.000000
       -107.500999         45.000000
       -107.519287         45.000351
       -107.584297         44.999775
       -107.667603         45.000000
       -107.750900         45.000000
       -107.834198         45.000000
       -107.917503         45.000000
       -108.000801         45.000000
       -108.084099         45.000000
       -108.167397         45.000000
       -108.218948         45.000000
       -108.250702         44.999943
       -108.334000         45.000000
       -108.396423         45.000824
       -108.573906         45.001629
       -108.751396         45.002159
       -108.928886         45.002422
       -109.000000         45.002369
       -109.017662         45.006374
       -109.031494         45.004765
       -109.046539         45.006218
       -109.066681         45.005939
       -109.090515         45.002224
       -109.109543         45.005543
       -109.115646         45.008469
       -109.133575         45.012753
       -109.134201         45.012901
       -109.138298         45.011330
       -109.260849         45.011456
       -109.283974         45.013172
       -109.294235         45.011532
       -109.310120         45.011063
       -109.328728         45.010513
       -109.477364         45.011841
       -109.487503         45.012939
       -109.492401         45.013466
       -109.510513         45.011147
       -109.664688         45.011837
       -109.736305         45.012085
       -109.768570         45.010578
       -109.804932         45.012745
       -109.822357         45.010571
       -109.841698         45.011566
       -109.864288         45.011402
       -110.000000         45.010296
       -110.041809         45.009956
       -110.126419         45.009171
       -110.133934         45.005695
       -110.141586         45.000000
       -110.144539         44.997803
       -110.152649         44.994820
       -110.171524         44.991066
       -110.211296         44.992100
       -110.285507         44.993992
       -110.305862         44.991444
       -110.325706         45.000000
       -110.329674         45.001709
       -110.343590         45.004768
       -110.350914         45.002872
       -110.357651         45.003471
       -110.367477         45.000000
       -110.380508         44.995399
       -110.398727         44.988960
       -110.555840         44.989029
       -110.687141         44.988922
       -110.697006         44.987370
       -110.729889         44.995033
       -110.731323         44.995148
       -110.746262         44.996334
       -110.754974         45.000000
       -110.761162         45.002605
       -110.793732         45.010235
       -110.802513         45.009766
       -110.811630         45.006100
       -110.903183         45.005749
       -111.056755         45.004997
       -111.056831         45.000000
       -111.057022         44.988029
       -111.057991         44.925243
       -111.057449         44.862206
       -111.056374         44.736370
       -111.055305         44.610531
       -111.054237         44.484684
       -111.097855         44.495518
       -111.117157         44.498291
       -111.129356         44.505077
       -111.135666         44.511333
       -111.139328         44.514965
       -111.141151         44.526295
       -111.137581         44.536900
       -111.143990         44.540421
       -111.155006         44.542789
       -111.176476         44.556896
       -111.179199         44.565514
       -111.184700         44.571968
       -111.194656         44.578869
       -111.203331         44.582264
       -111.223976         44.581417
       -111.228836         44.584400
       -111.230179         44.595863
       -111.230804         44.601234
       -111.238823         44.604828
       -111.242203         44.610031
       -111.240456         44.625317
       -111.232246         44.637543
       -111.238747         44.647251
       -111.245918         44.653095
       -111.257004         44.658436
       -111.277138         44.656406
       -111.284126         44.660862
       -111.277405         44.667427
       -111.273552         44.674355
       -111.281685         44.687351
       -111.294655         44.699131
       -111.297127         44.701378
       -111.299553         44.706535
       -111.317482         44.718151
       -111.326080         44.733231
       -111.332863         44.736526
       -111.338936         44.737038
       -111.351448         44.730511
       -111.359673         44.735706
       -111.367142         44.752792
       -111.372002         44.755997
       -111.383041         44.758572
       -111.390869         44.757557
       -111.395714         44.753880
       -111.401619         44.741230
       -111.404099         44.735920
       -111.406395         44.724792
       -111.415024         44.718307
       -111.425842         44.719719
       -111.432907         44.727150
       -111.446655         44.728237
       -111.487000         44.712643
       -111.490112         44.710258
       -111.484398         44.691200
       -111.472626         44.686081
       -111.475609         44.678234
       -111.482292         44.660606
       -111.495445         44.657307
       -111.501274         44.653214
       -111.505783         44.653187
       -111.517014         44.649796
       -111.517075         44.645439
       -111.511238         44.638756
       -111.513962         44.629707
       -111.521271         44.623386
       -111.525558         44.614868
       -111.523102         44.602604
       -111.524582         44.596710
       -111.523407         44.591839
       -111.505524         44.579369
       -111.511436         44.570892
       -111.505745         44.566280
       -111.488411         44.566185
       -111.480263         44.560310
       -111.477989         44.560860
       -111.467468         44.563396
       -111.464493         44.560741
       -111.461525         44.554413
       -111.465530         44.549091
       -111.478020         44.545761
       -111.512215         44.547539
       -111.545921         44.562126
       -111.593262         44.567905
       -111.600037         44.565720
       -111.615723         44.560650
       -111.628998         44.559399
       -111.649689         44.561459
       -111.671173         44.561710
       -111.686081         44.567635
       -111.694695         44.564571
       -111.702988         44.565163
       -111.711693         44.560955
       -111.720215         44.551235
       -111.755127         44.544491
       -111.758598         44.541492
       -111.765511         44.535534
       -111.775040         44.536633
       -111.779541         44.532700
       -111.786507         44.530014
       -111.803131         44.530724
       -111.809868         44.519093
       -111.814537         44.516998
       -111.821625         44.516609
       -111.830780         44.526169
       -111.845299         44.536869
       -111.849304         44.546669
       -111.872581         44.571945
       -111.904541         44.569843
       -111.922867         44.565563
       -111.941360         44.563122
       -111.961060         44.553619
       -111.972069         44.544445
       -111.985046         44.542686
       -112.001320         44.543812
       -112.019806         44.553505
       -112.024895         44.554371
       -112.028671         44.555012
       -112.046516         44.552528
       -112.053024         44.547291
       -112.040932         44.541985
       -112.038399         44.537529
       -112.043678         44.535679
       -112.085091         44.539413
       -112.107300         44.530216
       -112.121696         44.530792
       -112.131233         44.540108
       -112.139641         44.543423
       -112.149490         44.543266
       -112.164375         44.543026
       -112.174919         44.547798
       -112.186447         44.543896
       -112.201248         44.543327
       -112.215202         44.545479
       -112.220787         44.547989
       -112.226112         44.553925
       -112.228828         44.564575
       -112.232346         44.569065
       -112.245117         44.574142
       -112.260445         44.575195
       -112.280640         44.567036
       -112.285172         44.566521
       -112.292992         44.561722
       -112.310265         44.547531
       -112.324402         44.543953
       -112.354729         44.540173
       -112.358749         44.532898
       -112.362259         44.495892
       -112.371239         44.474003
       -112.376671         44.468639
       -112.378838         44.466496
       -112.379059         44.463524
       -112.390182         44.455921
       -112.397850         44.456211
       -112.408989         44.461670
       -112.417206         44.458767
       -112.425224         44.458607
       -112.440765         44.465145
       -112.471184         44.483227
       -112.480522         44.482651
       -112.503433         44.471348
       -112.510773         44.471844
       -112.518478         44.478554
       -112.523140         44.482605
       -112.529121         44.484200
       -112.535866         44.483986
       -112.548325         44.489017
       -112.557945         44.488907
       -112.563347         44.484978
       -112.575081         44.482193
       -112.599312         44.493141
       -112.607819         44.495277
       -112.623848         44.490578
       -112.629631         44.490326
       -112.633072         44.496174
       -112.640968         44.497829
       -112.665024         44.492950
       -112.673599         44.493252
       -112.674614         44.493286
       -112.716568         44.512619
       -112.726501         44.512733
       -112.729301         44.509167
       -112.735580         44.506405
       -112.742729         44.495422
       -112.749519         44.494511
       -112.756157         44.495884
       -112.768127         44.491791
       -112.787338         44.489620
       -112.792915         44.477898
       -112.804482         44.467751
       -112.830330         44.449608
       -112.831413         44.437962
       -112.842072         44.431675
       -112.843636         44.427376
       -112.841209         44.420422
       -112.818565         44.399723
       -112.818336         44.398632
       -112.817833         44.396263
       -112.825142         44.382305
       -112.839203         44.367886
       -112.845490         44.364662
       -112.850609         44.364605
       -112.865997         44.373825
       -112.885002         44.391415
       -112.890350         44.402817
       -112.893089         44.404972
       -112.914345         44.407738
       -112.926857         44.417313
       -112.928986         44.417747
       -112.949600         44.421955
       -113.001892         44.445415
       -113.010132         44.451866
       -113.015968         44.460987
       -113.014069         44.481083
       -113.028786         44.496906
       -113.031586         44.503407
       -113.030472         44.504784
       -113.026718         44.509438
       -113.011581         44.520866
       -113.009758         44.524471
       -113.013206         44.530769
       -113.042656         44.547058
       -113.049591         44.554150
       -113.050323         44.557838
       -113.044479         44.569336
       -113.047035         44.574684
       -113.063652         44.580936
       -113.067200         44.585861
       -113.066765         44.592949
       -113.080246         44.598701
       -113.086464         44.601357
       -113.086838         44.610989
       -113.084312         44.615490
       -113.063492         44.625141
       -113.057304         44.626549
       -113.051651         44.634846
       -113.052185         44.641735
       -113.071098         44.663177
       -113.070526         44.682858
       -113.089661         44.700993
       -113.090271         44.701576
       -113.101654         44.709946
       -113.106049         44.722225
       -113.103981         44.729717
       -113.106522         44.735523
       -113.114090         44.743317
       -113.115051         44.753883
       -113.120895         44.758419
       -113.137627         44.763744
       -113.141724         44.770515
       -113.134338         44.780823
       -113.137665         44.784359
       -113.168137         44.786213
       -113.171227         44.787998
       -113.180275         44.793224
       -113.191788         44.805256
       -113.218788         44.817066
       -113.238441         44.822468
       -113.258972         44.823997
       -113.282509         44.818054
       -113.291885         44.811920
       -113.319611         44.798313
       -113.321388         44.797440
       -113.338753         44.792221
       -113.346390         44.793819
       -113.354706         44.800472
       -113.344856         44.809349
       -113.344276         44.813911
       -113.354591         44.824974
       -113.366890         44.829681
       -113.375526         44.830845
       -113.385117         44.843487
       -113.417946         44.844196
       -113.420692         44.847023
       -113.422562         44.853943
       -113.426384         44.855370
       -113.429878         44.861481
       -113.434166         44.862728
       -113.440346         44.864525
       -113.451218         44.871929
       -113.460320         44.882259
       -113.461082         44.891670
       -113.473396         44.902321
       -113.471169         44.913479
       -113.492928         44.934464
       -113.497833         44.945133
       -113.495300         44.950100
       -113.486099         44.953049
       -113.466713         44.955612
       -113.450325         44.957775
       -113.446571         44.961334
       -113.444824         44.969528
       -113.447823         44.985413
       -113.444519         45.000000
       -113.440964         45.015675
       -113.446030         45.023373
       -113.449913         45.034931
       -113.457848         45.043396
       -113.451134         45.053741
       -113.456116         45.063042
       -113.459938         45.063332
       -113.475113         45.064487
       -113.488220         45.067368
       -113.496910         45.079975
       -113.518814         45.087673
       -113.522392         45.093269
       -113.514084         45.103115
       -113.510193         45.115143
       -113.520416         45.117714
       -113.534714         45.116730
       -113.545067         45.110828
       -113.562927         45.121845
       -113.562927         45.121845
       -113.574829         45.129265
       -113.576187         45.134109
       -113.569893         45.142868
       -113.569275         45.148346
       -113.589371         45.154152
       -113.597008         45.162827
       -113.598045         45.167664
       -113.596542         45.169643
       -113.591072         45.176865
       -113.618340         45.200485
       -113.628136         45.205322
       -113.637115         45.213345
       -113.651596         45.234100
       -113.660561         45.242577
       -113.687073         45.256771
       -113.693756         45.265644
       -113.694153         45.266808
       -113.695732         45.271420
       -113.682037         45.278847
       -113.712166         45.305264
       -113.743752         45.329189
       -113.747650         45.335697
       -113.737465         45.356956
       -113.739296         45.365704
       -113.737984         45.369534
       -113.735481         45.376823
       -113.737183         45.381672
       -113.734512         45.389389
       -113.737465         45.395187
       -113.756111         45.405956
       -113.774109         45.410301
       -113.781670         45.415298
       -113.779488         45.419823
       -113.766441         45.426819
       -113.772697         45.431782
       -113.779716         45.434704
       -113.781960         45.441856
       -113.778656         45.449329
       -113.787376         45.457100
       -113.781258         45.463596
       -113.777061         45.468056
       -113.778061         45.474033
       -113.765945         45.481743
       -113.763123         45.486019
       -113.764847         45.497047
       -113.775635         45.515629
       -113.772430         45.521042
       -113.772568         45.524708
       -113.778999         45.526474
       -113.807106         45.525112
       -113.823875         45.522091
       -113.831535         45.525482
       -113.833298         45.529419
       -113.829185         45.539257
       -113.825531         45.547997
       -113.820335         45.573730
       -113.800209         45.584675
       -113.814941         45.609985
       -113.822952         45.612930
       -113.840157         45.614956
       -113.858849         45.626625
       -113.870911         45.626915
       -113.872017         45.626480
       -113.886230         45.620876
       -113.894753         45.620167
       -113.904709         45.623608
       -113.905579         45.625916
       -113.894470         45.639381
       -113.895592         45.643299
       -113.904297         45.652431
       -113.921432         45.662910
       -113.937683         45.678398
       -113.937798         45.696480
       -113.946594         45.697144
       -113.957199         45.693676
       -113.966187         45.690739
       -113.973915         45.693207
       -113.983162         45.705090
       -113.994843         45.706963
       -114.003242         45.702122
       -114.011139         45.701160
       -114.020821         45.696804
       -114.022888         45.680374
       -114.018890         45.660831
       -114.021759         45.655407
       -114.038010         45.650055
       -114.053352         45.639488
       -114.058922         45.635654
       -114.075935         45.627800
       -114.087807         45.603577
       -114.097725         45.593502
       -114.105408         45.589554
       -114.129120         45.584583
       -114.133926         45.579197
       -114.133453         45.567745
       -114.137222         45.563709
       -114.147369         45.562786
       -114.161407         45.555080
       -114.163986         45.554852
       -114.169594         45.554344
       -114.186119         45.556759
       -114.190613         45.550907
       -114.191185         45.545197
       -114.197678         45.538242
       -114.208389         45.539387
       -114.218361         45.542576
       -114.235611         45.550949
       -114.248085         45.548923
       -114.254234         45.542187
       -114.255295         45.524818
       -114.266335         45.502621
       -114.267151         45.501369
       -114.278160         45.484558
       -114.286446         45.481297
       -114.307411         45.478298
       -114.319641         45.465961
       -114.327461         45.465664
       -114.342300         45.461159
       -114.356346         45.468075
       -114.362915         45.474617
       -114.365135         45.484272
       -114.372597         45.493114
       -114.382408         45.500175
       -114.387276         45.501522
       -114.405609         45.506584
       -114.429604         45.509571
       -114.440239         45.545929
       -114.450127         45.551613
       -114.464645         45.547085
       -114.468651         45.553112
       -114.462151         45.560997
       -114.465981         45.563358
       -114.473076         45.565323
       -114.486801         45.564671
       -114.487572         45.561481
       -114.487572         45.561481
       -114.498108         45.558704
       -114.507217         45.559334
       -114.516479         45.564541
       -114.520836         45.570114
       -114.526276         45.572960
       -114.533836         45.571270
       -114.544594         45.562775
       -114.557747         45.559811
       -114.564087         45.564732
       -114.559639         45.570374
       -114.557747         45.577431
       -114.559166         45.591873
       -114.554977         45.595585
       -114.540947         45.608009
       -114.543594         45.615837
       -114.561745         45.628071
       -114.565941         45.638214
       -114.559891         45.642906
       -114.544754         45.646061
       -114.532257         45.657043
       -114.520897         45.655231
       -114.509125         45.664162
       -114.502060         45.677986
       -114.501518         45.685211
       -114.501404         45.686668
       -114.516609         45.690842
       -114.512520         45.695343
       -114.502182         45.700638
       -114.496979         45.708549
       -114.498024         45.715431
       -114.509567         45.730064
       -114.526192         45.731514
       -114.547745         45.749989
       -114.546394         45.759800
       -114.549797         45.765125
       -114.566353         45.768631
       -114.568230         45.771179
       -114.571655         45.775818
       -114.570244         45.778538
       -114.559486         45.786121
       -114.550476         45.799454
       -114.533882         45.814247
       -114.530228         45.824245
       -114.521309         45.826141
       -114.516190         45.831535
       -114.514725         45.835625
       -114.517227         45.838875
       -114.515945         45.846630
       -114.507210         45.852413
       -114.492683         45.855118
       -114.470581         45.856869
       -114.464737         45.857334
       -114.444435         45.865181
       -114.430992         45.865150
       -114.421043         45.859924
       -114.408356         45.857391
       -114.406921         45.868801
       -114.393303         45.881348
       -114.389450         45.887447
       -114.389824         45.894547
       -114.397476         45.899960
       -114.401199         45.905293
       -114.411491         45.910526
       -114.421181         45.923672
       -114.433914         45.940929
       -114.412743         45.953331
       -114.406761         45.963280
       -114.407158         45.969921
       -114.427147         45.987694
       -114.450264         45.992939
       -114.462524         45.998665
       -114.468414         45.999233
       -114.479988         45.997391
       -114.488640         46.001225
       -114.487915         46.004860
       -114.477409         46.021591
       -114.477745         46.029831
       -114.500435         46.029800
       -114.509224         46.032021
       -114.510757         46.035023
       -114.508888         46.040936
       -114.490593         46.054775
       -114.476662         46.057945
       -114.470192         46.063541
       -114.473244         46.069775
       -114.471626         46.077522
       -114.464188         46.089939
       -114.462822         46.092224
       -114.463890         46.098648
       -114.475250         46.111214
       -114.484932         46.116425
       -114.517578         46.123669
       -114.521049         46.127621
       -114.518761         46.135811
       -114.530289         46.144485
       -114.516083         46.154289
       -114.514351         46.165234
       -114.501846         46.164772
       -114.494804         46.167843
       -114.487137         46.166630
       -114.483337         46.166027
       -114.474640         46.161060
       -114.464172         46.167496
       -114.451271         46.168625
       -114.447540         46.171299
       -114.442886         46.197510
       -114.451424         46.206821
       -114.453514         46.212349
       -114.449135         46.223015
       -114.450432         46.231960
       -114.454964         46.242565
       -114.454422         46.256508
       -114.450966         46.260323
       -114.431633         46.281689
       -114.429123         46.286671
       -114.434334         46.305294
       -114.430878         46.317348
       -114.421104         46.330425
       -114.416138         46.363716
       -114.421974         46.378967
       -114.423630         46.383297
       -114.422791         46.387627
       -114.407585         46.403797
       -114.388832         46.417381
       -114.387146         46.426270
       -114.382156         46.435089
       -114.389183         46.449631
       -114.384232         46.457310
       -114.384636         46.463718
       -114.395386         46.468273
       -114.400177         46.472710
       -114.405479         46.480816
       -114.406837         46.487831
       -114.407127         46.489307
       -114.396591         46.503967
       -114.373482         46.501686
       -114.361755         46.504658
       -114.351746         46.514294
       -114.353676         46.531708
       -114.340637         46.574207
       -114.343544         46.584373
       -114.345566         46.591454
       -114.336029         46.597210
       -114.326836         46.618519
       -114.326996         46.646641
       -114.331985         46.654514
       -114.347031         46.660297
       -114.361015         46.667889
       -114.368965         46.668503
       -114.398628         46.662849
       -114.399460         46.662693
       -114.423721         46.662701
       -114.451828         46.649746
       -114.466431         46.633331
       -114.473877         46.629814
       -114.489426         46.631702
       -114.501099         46.639008
       -114.505379         46.639999
       -114.518013         46.639774
       -114.528893         46.642029
       -114.534378         46.646473
       -114.540939         46.648651
       -114.550316         46.644894
       -114.559502         46.641212
       -114.581093         46.641369
       -114.593651         46.634277
       -114.616058         46.639240
       -114.624466         46.645561
       -114.628258         46.650887
       -114.629654         46.658222
       -114.642334         46.665985
       -114.644829         46.670601
       -114.640526         46.679214
       -114.628105         46.682430
       -114.627815         46.690426
       -114.622429         46.701191
       -114.621353         46.703342
       -114.628059         46.711002
       -114.652603         46.731541
       -114.667725         46.736828
       -114.675995         46.738110
       -114.687439         46.734646
       -114.695923         46.739361
       -114.710373         46.716515
       -114.718796         46.713455
       -114.727760         46.714062
       -114.739227         46.709450
       -114.743721         46.704723
       -114.745903         46.703590
       -114.759972         46.696304
       -114.770279         46.696472
       -114.772446         46.701305
       -114.768219         46.708096
       -114.777870         46.708023
       -114.786942         46.705425
       -114.790024         46.712559
       -114.779465         46.729763
       -114.769516         46.738514
       -114.766258         46.746235
       -114.770149         46.758869
       -114.791252         46.776051
       -114.794785         46.778919
       -114.809036         46.780975
       -114.824722         46.780079
       -114.836868         46.785526
       -114.858345         46.800945
       -114.866684         46.811127
       -114.896645         46.801529
       -114.900856         46.805477
       -114.902046         46.820351
       -114.905968         46.822922
       -114.917877         46.825615
       -114.921051         46.828121
       -114.927315         46.833069
       -114.929169         46.837666
       -114.925919         46.845619
       -114.926750         46.851116
       -114.935570         46.856960
       -114.946198         46.858486
       -114.946327         46.864887
       -114.937508         46.869785
       -114.932281         46.876793
       -114.936394         46.894676
       -114.928490         46.901875
       -114.925636         46.907772
       -114.931694         46.917004
       -114.955070         46.927593
       -114.956718         46.928341
       -114.968521         46.935368
       -114.976677         46.941654
       -114.984367         46.952503
       -115.000000         46.964951
       -115.003944         46.968090
       -115.018173         46.972862
       -115.028831         46.973927
       -115.045303         46.970726
       -115.051285         46.971951
       -115.054703         46.980682
       -115.072922         46.998066
       -115.075035         47.005859
       -115.087196         47.022911
       -115.136124         47.091438
       -115.139099         47.095592
       -115.150032         47.099846
       -115.153282         47.103542
       -115.167953         47.106014
       -115.173553         47.109283
       -115.180908         47.122398
       -115.182793         47.124489
       -115.191971         47.134647
       -115.202545         47.140263
       -115.209892         47.141266
       -115.226799         47.148556
       -115.248123         47.153385
       -115.255333         47.160095
       -115.258598         47.176582
       -115.265892         47.179867
       -115.293968         47.183624
       -115.302948         47.186928
       -115.304840         47.191750
       -115.297958         47.198750
       -115.294388         47.207157
       -115.301079         47.221626
       -115.321297         47.231911
       -115.323540         47.236279
       -115.320831         47.250866
       -115.324753         47.255478
       -115.333755         47.258091
       -115.339828         47.257019
       -115.387398         47.262344
       -115.410500         47.260712
       -115.412628         47.260559
       -115.418579         47.264507
       -115.427223         47.283554
       -115.442528         47.275265
       -115.450951         47.274212
       -115.461914         47.279808
       -115.497490         47.281540
       -115.516144         47.289261
       -115.536880         47.310246
       -115.539764         47.315594
       -115.551132         47.336647
       -115.563042         47.346352
       -115.577698         47.353794
       -115.581871         47.363655
       -115.608215         47.375999
       -115.622986         47.377731
       -115.641846         47.377441
       -115.652222         47.380501
       -115.657799         47.391422
       -115.661781         47.394199
       -115.673943         47.402679
       -115.688812         47.409294
       -115.709259         47.410404
       -115.722763         47.417927
       -115.739082         47.420849
       -115.755547         47.416363
       -115.762260         47.421970
       -115.746933         47.438503
       -115.712578         47.449310
       -115.698463         47.456387
       -115.675865         47.467705
       -115.666954         47.475849
       -115.664154         47.481304
       -115.670135         47.485924
       -115.683670         47.483524
       -115.688370         47.484936
       -115.691589         47.493412
       -115.707932         47.503593
       -115.713173         47.512539
       -115.709663         47.520046
       -115.704231         47.522057
       -115.706131         47.528919
       -115.724991         47.531357
       -115.733109         47.533890
       -115.753525         47.540260
       -115.756454         47.546448
       -115.743141         47.555248
       -115.738564         47.566170
       -115.732506         47.564980
       -115.722328         47.567867
       -115.717476         47.574905
       -115.703140         47.583004
       -115.693489         47.593655
       -115.697090         47.600307
       -115.697472         47.616516
       -115.702690         47.627903
       -115.725151         47.638203
       -115.734123         47.646950
       -115.736389         47.653130
       -115.726273         47.670399
       -115.727814         47.679085
       -115.721878         47.689537
       -115.726135         47.697792
       -115.742203         47.708191
       -115.756325         47.714008
       -115.777618         47.716228
       -115.779800         47.717880
       -115.784309         47.721298
       -115.783310         47.740921
       -115.804405         47.756371
       -115.817047         47.749844
       -115.831932         47.751095
       -115.835938         47.755001
       -115.840759         47.771927
       -115.849419         47.781803
       -115.848755         47.803024
       -115.849609         47.807770
       -115.852509         47.823818
       -115.870827         47.832634
       -115.892456         47.838272
       -115.916702         47.849407
       -115.924675         47.860420
       -115.970306         47.895435
       -115.967476         47.903984
       -115.968452         47.907413
       -116.003212         47.926102
       -116.008392         47.947124
       -116.016075         47.957890
       -116.028564         47.965717
       -116.033340         47.964603
       -116.043167         47.968079
       -116.048203         47.973354
       -116.051170         47.981129
       -116.047806         47.994396
       -116.046890         47.997990
       -116.046898         48.000000
       -116.046898         48.000000
       -116.042091         48.000000
       -116.042091         48.000000
       -116.042084         48.121811
       -116.042068         48.247272
       -116.042061         48.372749
       -116.042053         48.498238
       -116.042038         48.623741
       -116.042030         48.749260
       -116.042015         48.874786
       -116.042007         49.000328
END
END
