nauru
1
     0.1669240E+03    -0.5253394E+00
     0.1668999E+03    -0.5336559E+00
     0.1669041E+03    -0.5258476E+00
     0.1669121E+03    -0.5166681E+00
     0.1669194E+03    -0.5097869E+00
     0.1669245E+03    -0.5049700E+00
     0.1669320E+03    -0.5042966E+00
     0.1669400E+03    -0.5068431E+00
     0.1669446E+03    -0.5107622E+00
     0.1669453E+03    -0.5181210E+00
     0.1669432E+03    -0.5259337E+00
     0.1669395E+03    -0.5321345E+00
     0.1669377E+03    -0.5351190E+00
     0.1669356E+03    -0.5410925E+00
     0.1669335E+03    -0.5456870E+00
     0.1669303E+03    -0.5484389E+00
     0.1669248E+03    -0.5516455E+00
     0.1669189E+03    -0.5523223E+00
     0.1669129E+03    -0.5513894E+00
     0.1669081E+03    -0.5486195E+00
     0.1669040E+03    -0.5456213E+00
     0.1669013E+03    -0.5428558E+00
     0.1668990E+03    -0.5396317E+00
     0.1668999E+03    -0.5336559E+00
END
END
