navassa_island
1
    -0.7501099E+02     0.1841035E+02
    -0.7500000E+02     0.1840828E+02
    -0.7500163E+02     0.1840279E+02
    -0.7500365E+02     0.1839892E+02
    -0.7500709E+02     0.1839670E+02
    -0.7501331E+02     0.1839869E+02
    -0.7501847E+02     0.1840410E+02
    -0.7502306E+02     0.1841341E+02
    -0.7502639E+02     0.1841510E+02
    -0.7502823E+02     0.1841859E+02
    -0.7502721E+02     0.1842064E+02
    -0.7502287E+02     0.1842100E+02
    -0.7501595E+02     0.1841784E+02
    -0.7500560E+02     0.1841737E+02
    -0.7500134E+02     0.1841451E+02
    -0.7500000E+02     0.1840828E+02
END
END
