nepal
1
     0.8265560E+02     0.2864807E+02
     0.8088804E+02     0.3020267E+02
     0.8090338E+02     0.3021821E+02
     0.8091051E+02     0.3021806E+02
     0.8092036E+02     0.3021267E+02
     0.8091987E+02     0.3019248E+02
     0.8092521E+02     0.3018818E+02
     0.8094904E+02     0.3018339E+02
     0.8096249E+02     0.3018446E+02
     0.8099268E+02     0.3019601E+02
     0.8099405E+02     0.3019634E+02
     0.8102031E+02     0.3020250E+02
     0.8104171E+02     0.3020157E+02
     0.8105566E+02     0.3020446E+02
     0.8107307E+02     0.3018560E+02
     0.8108264E+02     0.3018042E+02
     0.8109443E+02     0.3016677E+02
     0.8110255E+02     0.3015056E+02
     0.8109773E+02     0.3013607E+02
     0.8108971E+02     0.3012406E+02
     0.8109052E+02     0.3009562E+02
     0.8109068E+02     0.3008989E+02
     0.8109609E+02     0.3007916E+02
     0.8110434E+02     0.3007374E+02
     0.8111807E+02     0.3007158E+02
     0.8113320E+02     0.3006415E+02
     0.8115711E+02     0.3004901E+02
     0.8117884E+02     0.3004003E+02
     0.8119847E+02     0.3002989E+02
     0.8120523E+02     0.3003082E+02
     0.8121268E+02     0.3003185E+02
     0.8123029E+02     0.3003637E+02
     0.8125587E+02     0.3005770E+02
     0.8125919E+02     0.3006782E+02
     0.8125874E+02     0.3008364E+02
     0.8126518E+02     0.3009723E+02
     0.8126663E+02     0.3010894E+02
     0.8126537E+02     0.3012890E+02
     0.8126438E+02     0.3014448E+02
     0.8129173E+02     0.3015320E+02
     0.8132185E+02     0.3014955E+02
     0.8133845E+02     0.3015198E+02
     0.8134602E+02     0.3015915E+02
     0.8136111E+02     0.3018083E+02
     0.8136819E+02     0.3018759E+02
     0.8138515E+02     0.3020373E+02
     0.8139005E+02     0.3021569E+02
     0.8138902E+02     0.3023885E+02
     0.8139127E+02     0.3025194E+02
     0.8140984E+02     0.3029589E+02
     0.8141119E+02     0.3030419E+02
     0.8141134E+02     0.3030507E+02
     0.8140963E+02     0.3031676E+02
     0.8140421E+02     0.3033093E+02
     0.8138971E+02     0.3035284E+02
     0.8138678E+02     0.3038102E+02
     0.8139111E+02     0.3039688E+02
     0.8139788E+02     0.3040748E+02
     0.8140681E+02     0.3041374E+02
     0.8141421E+02     0.3041528E+02
     0.8143321E+02     0.3041921E+02
     0.8146783E+02     0.3042313E+02
     0.8148265E+02     0.3042278E+02
     0.8148795E+02     0.3042144E+02
     0.8149513E+02     0.3041713E+02
     0.8150857E+02     0.3039452E+02
     0.8151896E+02     0.3038588E+02
     0.8153170E+02     0.3038046E+02
     0.8153562E+02     0.3037952E+02
     0.8156429E+02     0.3037265E+02
     0.8157647E+02     0.3037135E+02
     0.8158091E+02     0.3037711E+02
     0.8157982E+02     0.3041311E+02
     0.8158553E+02     0.3042667E+02
     0.8159448E+02     0.3043109E+02
     0.8160484E+02     0.3042656E+02
     0.8161924E+02     0.3043132E+02
     0.8162251E+02     0.3043241E+02
     0.8163441E+02     0.3043339E+02
     0.8164104E+02     0.3043114E+02
     0.8165621E+02     0.3042022E+02
     0.8167659E+02     0.3041873E+02
     0.8169356E+02     0.3041424E+02
     0.8170417E+02     0.3040948E+02
     0.8172517E+02     0.3039492E+02
     0.8175036E+02     0.3038865E+02
     0.8176491E+02     0.3038503E+02
     0.8182948E+02     0.3037686E+02
     0.8185491E+02     0.3036940E+02
     0.8189223E+02     0.3036209E+02
     0.8190759E+02     0.3035908E+02
     0.8195467E+02     0.3035444E+02
     0.8196287E+02     0.3035218E+02
     0.8198090E+02     0.3034192E+02
     0.8200656E+02     0.3033558E+02
     0.8201950E+02     0.3033998E+02
     0.8203108E+02     0.3034050E+02
     0.8205306E+02     0.3034146E+02
     0.8207079E+02     0.3033876E+02
     0.8208084E+02     0.3033558E+02
     0.8211812E+02     0.3033339E+02
     0.8213054E+02     0.3033388E+02
     0.8214826E+02     0.3032864E+02
     0.8215356E+02     0.3032613E+02
     0.8215886E+02     0.3032110E+02
     0.8215913E+02     0.3031789E+02
     0.8215650E+02     0.3031261E+02
     0.8215502E+02     0.3031147E+02
     0.8214543E+02     0.3030410E+02
     0.8214201E+02     0.3029698E+02
     0.8215912E+02     0.3023028E+02
     0.8216521E+02     0.3022249E+02
     0.8218664E+02     0.3021084E+02
     0.8219239E+02     0.3020510E+02
     0.8219881E+02     0.3019871E+02
     0.8220890E+02     0.3017602E+02
     0.8220921E+02     0.3015699E+02
     0.8219740E+02     0.3013059E+02
     0.8218925E+02     0.3011818E+02
     0.8218665E+02     0.3010648E+02
     0.8218825E+02     0.3010052E+02
     0.8219776E+02     0.3009251E+02
     0.8220010E+02     0.3009183E+02
     0.8225212E+02     0.3007678E+02
     0.8226479E+02     0.3006946E+02
     0.8227956E+02     0.3006351E+02
     0.8229802E+02     0.3006285E+02
     0.8231226E+02     0.3006057E+02
     0.8232255E+02     0.3005577E+02
     0.8232889E+02     0.3004729E+02
     0.8233121E+02     0.3004649E+02
     0.8234418E+02     0.3004202E+02
     0.8237134E+02     0.3003631E+02
     0.8238557E+02     0.3002967E+02
     0.8239585E+02     0.3003105E+02
     0.8240639E+02     0.3003037E+02
     0.8241958E+02     0.3002487E+02
     0.8243092E+02     0.3001432E+02
     0.8243132E+02     0.3001227E+02
     0.8245200E+02     0.3001501E+02
     0.8246043E+02     0.3001272E+02
     0.8246272E+02     0.3001155E+02
     0.8247070E+02     0.3000744E+02
     0.8248132E+02     0.3000492E+02
     0.8249047E+02     0.3000859E+02
     0.8249785E+02     0.3000744E+02
     0.8250381E+02     0.3000000E+02
     0.8251733E+02     0.2998312E+02
     0.8252892E+02     0.2997600E+02
     0.8255552E+02     0.2996888E+02
     0.8256869E+02     0.2996314E+02
     0.8258057E+02     0.2995344E+02
     0.8258842E+02     0.2994270E+02
     0.8259605E+02     0.2993834E+02
     0.8260157E+02     0.2993260E+02
     0.8260287E+02     0.2991906E+02
     0.8260576E+02     0.2991332E+02
     0.8262837E+02     0.2989564E+02
     0.8266122E+02     0.2986348E+02
     0.8266974E+02     0.2985911E+02
     0.8268724E+02     0.2985013E+02
     0.8270064E+02     0.2983956E+02
     0.8272634E+02     0.2980716E+02
     0.8272998E+02     0.2978789E+02
     0.8274519E+02     0.2976996E+02
     0.8274989E+02     0.2976123E+02
     0.8275150E+02     0.2976005E+02
     0.8275829E+02     0.2975502E+02
     0.8278533E+02     0.2974441E+02
     0.8280293E+02     0.2974093E+02
     0.8281632E+02     0.2973631E+02
     0.8282550E+02     0.2972986E+02
     0.8284251E+02     0.2970985E+02
     0.8285406E+02     0.2970432E+02
     0.8287414E+02     0.2970496E+02
     0.8289348E+02     0.2970558E+02
     0.8291107E+02     0.2970415E+02
     0.8291921E+02     0.2970205E+02
     0.8293834E+02     0.2969029E+02
     0.8296954E+02     0.2967527E+02
     0.8297820E+02     0.2967363E+02
     0.8299422E+02     0.2967518E+02
     0.8300235E+02     0.2967194E+02
     0.8300697E+02     0.2966846E+02
     0.8301308E+02     0.2966386E+02
     0.8302201E+02     0.2966337E+02
     0.8303877E+02     0.2965527E+02
     0.8304922E+02     0.2964490E+02
     0.8307645E+02     0.2962987E+02
     0.8310057E+02     0.2962403E+02
     0.8313580E+02     0.2962270E+02
     0.8314231E+02     0.2962246E+02
     0.8314858E+02     0.2961853E+02
     0.8315871E+02     0.2960150E+02
     0.8319022E+02     0.2960203E+02
     0.8321249E+02     0.2959503E+02
     0.8323838E+02     0.2958295E+02
     0.8324725E+02     0.2957510E+02
     0.8325185E+02     0.2956629E+02
     0.8325397E+02     0.2956222E+02
     0.8325008E+02     0.2953103E+02
     0.8325473E+02     0.2952160E+02
     0.8326178E+02     0.2951719E+02
     0.8328747E+02     0.2951498E+02
     0.8332460E+02     0.2950076E+02
     0.8333160E+02     0.2949200E+02
     0.8333215E+02     0.2948825E+02
     0.8333260E+02     0.2948511E+02
     0.8332668E+02     0.2946587E+02
     0.8332764E+02     0.2945553E+02
     0.8333283E+02     0.2944885E+02
     0.8334928E+02     0.2944094E+02
     0.8336022E+02     0.2943284E+02
     0.8336801E+02     0.2942453E+02
     0.8338521E+02     0.2941225E+02
     0.8339400E+02     0.2940003E+02
     0.8339890E+02     0.2938983E+02
     0.8340173E+02     0.2938392E+02
     0.8340397E+02     0.2937036E+02
     0.8342397E+02     0.2935233E+02
     0.8342940E+02     0.2934380E+02
     0.8343463E+02     0.2931438E+02
     0.8344251E+02     0.2928863E+02
     0.8345265E+02     0.2928144E+02
     0.8345615E+02     0.2928017E+02
     0.8347717E+02     0.2927254E+02
     0.8348600E+02     0.2926536E+02
     0.8349611E+02     0.2925496E+02
     0.8350327E+02     0.2923746E+02
     0.8351932E+02     0.2922013E+02
     0.8353332E+02     0.2920786E+02
     0.8354865E+02     0.2919856E+02
     0.8355626E+02     0.2919533E+02
     0.8355855E+02     0.2919435E+02
     0.8357187E+02     0.2919241E+02
     0.8359264E+02     0.2917893E+02
     0.8360593E+02     0.2917378E+02
     0.8362130E+02     0.2916883E+02
     0.8363255E+02     0.2917011E+02
     0.8363941E+02     0.2917533E+02
     0.8364958E+02     0.2919659E+02
     0.8366094E+02     0.2920683E+02
     0.8366847E+02     0.2920948E+02
     0.8367748E+02     0.2921265E+02
     0.8369838E+02     0.2923289E+02
     0.8371236E+02     0.2924241E+02
     0.8371919E+02     0.2924510E+02
     0.8373829E+02     0.2924516E+02
     0.8377692E+02     0.2923792E+02
     0.8378555E+02     0.2923761E+02
     0.8379544E+02     0.2924117E+02
     0.8380290E+02     0.2924387E+02
     0.8381400E+02     0.2925271E+02
     0.8382182E+02     0.2927031E+02
     0.8383270E+02     0.2928283E+02
     0.8387671E+02     0.2930511E+02
     0.8389432E+02     0.2931021E+02
     0.8390629E+02     0.2931182E+02
     0.8391818E+02     0.2931341E+02
     0.8393229E+02     0.2931096E+02
     0.8394923E+02     0.2930597E+02
     0.8396585E+02     0.2931451E+02
     0.8397293E+02     0.2931558E+02
     0.8400191E+02     0.2930565E+02
     0.8399747E+02     0.2929259E+02
     0.8399816E+02     0.2928570E+02
     0.8401421E+02     0.2927721E+02
     0.8401765E+02     0.2927538E+02
     0.8402312E+02     0.2927418E+02
     0.8403477E+02     0.2928323E+02
     0.8404189E+02     0.2928613E+02
     0.8404971E+02     0.2928444E+02
     0.8406812E+02     0.2927252E+02
     0.8407702E+02     0.2927311E+02
     0.8408808E+02     0.2927757E+02
     0.8409618E+02     0.2927633E+02
     0.8410162E+02     0.2927328E+02
     0.8412529E+02     0.2924660E+02
     0.8412965E+02     0.2924347E+02
     0.8413668E+02     0.2923843E+02
     0.8414786E+02     0.2923417E+02
     0.8417476E+02     0.2923109E+02
     0.8419011E+02     0.2922585E+02
     0.8419577E+02     0.2921981E+02
     0.8419720E+02     0.2921153E+02
     0.8419109E+02     0.2920564E+02
     0.8417364E+02     0.2919369E+02
     0.8416854E+02     0.2918571E+02
     0.8416743E+02     0.2916912E+02
     0.8416581E+02     0.2914512E+02
     0.8416183E+02     0.2912497E+02
     0.8416286E+02     0.2910797E+02
     0.8415768E+02     0.2909357E+02
     0.8415234E+02     0.2908675E+02
     0.8413567E+02     0.2907295E+02
     0.8412239E+02     0.2905934E+02
     0.8412090E+02     0.2905630E+02
     0.8411781E+02     0.2904998E+02
     0.8411768E+02     0.2904149E+02
     0.8412402E+02     0.2902901E+02
     0.8415086E+02     0.2900872E+02
     0.8416312E+02     0.2899711E+02
     0.8416748E+02     0.2898717E+02
     0.8416888E+02     0.2897568E+02
     0.8415816E+02     0.2895882E+02
     0.8415496E+02     0.2895057E+02
     0.8415408E+02     0.2894831E+02
     0.8414499E+02     0.2890113E+02
     0.8414559E+02     0.2888964E+02
     0.8415152E+02     0.2888498E+02
     0.8416273E+02     0.2888484E+02
     0.8419845E+02     0.2890024E+02
     0.8421280E+02     0.2890113E+02
     0.8422012E+02     0.2890158E+02
     0.8424138E+02     0.2890980E+02
     0.8425523E+02     0.2891123E+02
     0.8426048E+02     0.2891346E+02
     0.8426746E+02     0.2890947E+02
     0.8426929E+02     0.2891036E+02
     0.8427266E+02     0.2890871E+02
     0.8428094E+02     0.2888978E+02
     0.8428761E+02     0.2888280E+02
     0.8429900E+02     0.2887829E+02
     0.8431281E+02     0.2887742E+02
     0.8432837E+02     0.2886763E+02
     0.8433628E+02     0.2886264E+02
     0.8434483E+02     0.2885885E+02
     0.8437505E+02     0.2885821E+02
     0.8438702E+02     0.2885644E+02
     0.8439972E+02     0.2885236E+02
     0.8441338E+02     0.2884345E+02
     0.8442666E+02     0.2882880E+02
     0.8443275E+02     0.2881999E+02
     0.8443544E+02     0.2881008E+02
     0.8443485E+02     0.2880424E+02
     0.8443353E+02     0.2879128E+02
     0.8442036E+02     0.2876874E+02
     0.8442045E+02     0.2875932E+02
     0.8441602E+02     0.2874515E+02
     0.8441696E+02     0.2873963E+02
     0.8441901E+02     0.2873730E+02
     0.8442419E+02     0.2873608E+02
     0.8443343E+02     0.2874261E+02
     0.8443915E+02     0.2874230E+02
     0.8444883E+02     0.2874491E+02
     0.8446101E+02     0.2874152E+02
     0.8447374E+02     0.2873179E+02
     0.8448181E+02     0.2872561E+02
     0.8451395E+02     0.2871779E+02
     0.8452967E+02     0.2872284E+02
     0.8455728E+02     0.2872335E+02
     0.8457612E+02     0.2872811E+02
     0.8460657E+02     0.2874004E+02
     0.8460854E+02     0.2873978E+02
     0.8462033E+02     0.2873822E+02
     0.8465759E+02     0.2872639E+02
     0.8467281E+02     0.2871903E+02
     0.8467812E+02     0.2871137E+02
     0.8467767E+02     0.2869660E+02
     0.8470055E+02     0.2866002E+02
     0.8470301E+02     0.2865610E+02
     0.8470145E+02     0.2864372E+02
     0.8469129E+02     0.2863057E+02
     0.8468641E+02     0.2862100E+02
     0.8469067E+02     0.2861290E+02
     0.8470883E+02     0.2861077E+02
     0.8473975E+02     0.2859695E+02
     0.8477058E+02     0.2859839E+02
     0.8477230E+02     0.2859847E+02
     0.8482130E+02     0.2859099E+02
     0.8483083E+02     0.2858693E+02
     0.8485825E+02     0.2856832E+02
     0.8488022E+02     0.2858584E+02
     0.8489590E+02     0.2858924E+02
     0.8489643E+02     0.2858965E+02
     0.8491708E+02     0.2860563E+02
     0.8492499E+02     0.2861008E+02
     0.8493835E+02     0.2861421E+02
     0.8495856E+02     0.2861086E+02
     0.8497864E+02     0.2860154E+02
     0.8498903E+02     0.2860089E+02
     0.8499873E+02     0.2860439E+02
     0.8500000E+02     0.2860577E+02
     0.8501633E+02     0.2862358E+02
     0.8503874E+02     0.2864800E+02
     0.8505421E+02     0.2866123E+02
     0.8507108E+02     0.2867033E+02
     0.8509673E+02     0.2867627E+02
     0.8511528E+02     0.2867890E+02
     0.8513140E+02     0.2867791E+02
     0.8513524E+02     0.2867537E+02
     0.8515112E+02     0.2866490E+02
     0.8519314E+02     0.2861815E+02
     0.8519160E+02     0.2860854E+02
     0.8518227E+02     0.2860134E+02
     0.8518278E+02     0.2858896E+02
     0.8518733E+02     0.2857372E+02
     0.8518649E+02     0.2856064E+02
     0.8517591E+02     0.2855396E+02
     0.8515578E+02     0.2849764E+02
     0.8515461E+02     0.2848159E+02
     0.8514041E+02     0.2845782E+02
     0.8513997E+02     0.2845707E+02
     0.8512974E+02     0.2842144E+02
     0.8512338E+02     0.2838505E+02
     0.8512044E+02     0.2838121E+02
     0.8511134E+02     0.2833867E+02
     0.8511356E+02     0.2833529E+02
     0.8511485E+02     0.2833332E+02
     0.8512253E+02     0.2832904E+02
     0.8514060E+02     0.2832547E+02
     0.8515226E+02     0.2832479E+02
     0.8517579E+02     0.2833191E+02
     0.8518973E+02     0.2833921E+02
     0.8519939E+02     0.2834200E+02
     0.8520507E+02     0.2834052E+02
     0.8521349E+02     0.2833484E+02
     0.8522279E+02     0.2832317E+02
     0.8523101E+02     0.2830999E+02
     0.8524671E+02     0.2828480E+02
     0.8525312E+02     0.2828191E+02
     0.8527550E+02     0.2828467E+02
     0.8530197E+02     0.2828528E+02
     0.8531743E+02     0.2829116E+02
     0.8533035E+02     0.2829893E+02
     0.8534232E+02     0.2830075E+02
     0.8534767E+02     0.2829117E+02
     0.8536235E+02     0.2828725E+02
     0.8536674E+02     0.2828592E+02
     0.8537401E+02     0.2828286E+02
     0.8538051E+02     0.2828341E+02
     0.8538814E+02     0.2828739E+02
     0.8541296E+02     0.2831281E+02
     0.8542457E+02     0.2832014E+02
     0.8544210E+02     0.2832987E+02
     0.8546098E+02     0.2833171E+02
     0.8549119E+02     0.2832805E+02
     0.8549779E+02     0.2832973E+02
     0.8549779E+02     0.2832973E+02
     0.8550398E+02     0.2832990E+02
     0.8551801E+02     0.2833028E+02
     0.8553168E+02     0.2832722E+02
     0.8556424E+02     0.2831363E+02
     0.8557498E+02     0.2830701E+02
     0.8557622E+02     0.2830624E+02
     0.8559163E+02     0.2830084E+02
     0.8562258E+02     0.2825926E+02
     0.8562968E+02     0.2825381E+02
     0.8565585E+02     0.2825298E+02
     0.8567677E+02     0.2823251E+02
     0.8567806E+02     0.2823178E+02
     0.8570634E+02     0.2821574E+02
     0.8573094E+02     0.2819794E+02
     0.8574311E+02     0.2819742E+02
     0.8576293E+02     0.2820981E+02
     0.8576994E+02     0.2821033E+02
     0.8577579E+02     0.2820674E+02
     0.8578532E+02     0.2819618E+02
     0.8579488E+02     0.2819074E+02
     0.8579627E+02     0.2818994E+02
     0.8580576E+02     0.2818650E+02
     0.8581538E+02     0.2817937E+02
     0.8584203E+02     0.2815277E+02
     0.8589499E+02     0.2811540E+02
     0.8590031E+02     0.2810770E+02
     0.8590613E+02     0.2809927E+02
     0.8591089E+02     0.2808606E+02
     0.8591206E+02     0.2805801E+02
     0.8594108E+02     0.2801019E+02
     0.8595466E+02     0.2799407E+02
     0.8596400E+02     0.2798297E+02
     0.8596729E+02     0.2797278E+02
     0.8596629E+02     0.2796568E+02
     0.8595360E+02     0.2794901E+02
     0.8595290E+02     0.2794328E+02
     0.8595586E+02     0.2793907E+02
     0.8596091E+02     0.2793527E+02
     0.8597688E+02     0.2793326E+02
     0.8599055E+02     0.2792418E+02
     0.8600408E+02     0.2791901E+02
     0.8602060E+02     0.2791439E+02
     0.8603123E+02     0.2791141E+02
     0.8604537E+02     0.2790898E+02
     0.8606501E+02     0.2790870E+02
     0.8608528E+02     0.2791207E+02
     0.8610183E+02     0.2791967E+02
     0.8611953E+02     0.2793092E+02
     0.8612703E+02     0.2793853E+02
     0.8612487E+02     0.2794364E+02
     0.8611693E+02     0.2795350E+02
     0.8611510E+02     0.2795746E+02
     0.8611308E+02     0.2796187E+02
     0.8611417E+02     0.2797149E+02
     0.8610725E+02     0.2798890E+02
     0.8607933E+02     0.2801261E+02
     0.8607276E+02     0.2804057E+02
     0.8607507E+02     0.2807101E+02
     0.8607644E+02     0.2808894E+02
     0.8607967E+02     0.2810034E+02
     0.8610313E+02     0.2811236E+02
     0.8612951E+02     0.2813440E+02
     0.8615128E+02     0.2815725E+02
     0.8615999E+02     0.2816439E+02
     0.8616701E+02     0.2817015E+02
     0.8617638E+02     0.2816393E+02
     0.8617828E+02     0.2815882E+02
     0.8617659E+02     0.2814738E+02
     0.8621174E+02     0.2810003E+02
     0.8620997E+02     0.2809387E+02
     0.8619830E+02     0.2808569E+02
     0.8619204E+02     0.2807690E+02
     0.8619267E+02     0.2807306E+02
     0.8619311E+02     0.2807044E+02
     0.8619987E+02     0.2805625E+02
     0.8620399E+02     0.2801065E+02
     0.8620851E+02     0.2799928E+02
     0.8621588E+02     0.2798782E+02
     0.8622470E+02     0.2798115E+02
     0.8623856E+02     0.2797801E+02
     0.8625459E+02     0.2797827E+02
     0.8626470E+02     0.2797844E+02
     0.8627614E+02     0.2797996E+02
     0.8632024E+02     0.2797598E+02
     0.8632965E+02     0.2797157E+02
     0.8634867E+02     0.2794646E+02
     0.8635454E+02     0.2794423E+02
     0.8636340E+02     0.2794627E+02
     0.8637723E+02     0.2795341E+02
     0.8638870E+02     0.2795934E+02
     0.8640442E+02     0.2796463E+02
     0.8642081E+02     0.2796715E+02
     0.8642697E+02     0.2796605E+02
     0.8643156E+02     0.2796174E+02
     0.8642300E+02     0.2794939E+02
     0.8640861E+02     0.2793763E+02
     0.8640484E+02     0.2792648E+02
     0.8640614E+02     0.2791956E+02
     0.8641261E+02     0.2791271E+02
     0.8641976E+02     0.2791020E+02
     0.8642767E+02     0.2791014E+02
     0.8643088E+02     0.2791011E+02
     0.8645819E+02     0.2792862E+02
     0.8647394E+02     0.2793505E+02
     0.8648476E+02     0.2793405E+02
     0.8649930E+02     0.2792857E+02
     0.8651164E+02     0.2791971E+02
     0.8651804E+02     0.2791814E+02
     0.8652493E+02     0.2792253E+02
     0.8652822E+02     0.2792749E+02
     0.8653052E+02     0.2794051E+02
     0.8652788E+02     0.2794588E+02
     0.8652657E+02     0.2794688E+02
     0.8652260E+02     0.2794994E+02
     0.8651959E+02     0.2795945E+02
     0.8650126E+02     0.2797423E+02
     0.8650048E+02     0.2798114E+02
     0.8650724E+02     0.2799588E+02
     0.8650673E+02     0.2800990E+02
     0.8651479E+02     0.2802483E+02
     0.8652546E+02     0.2803325E+02
     0.8654193E+02     0.2803758E+02
     0.8654933E+02     0.2804284E+02
     0.8655124E+02     0.2804420E+02
     0.8655660E+02     0.2804909E+02
     0.8656951E+02     0.2806870E+02
     0.8658345E+02     0.2808114E+02
     0.8659293E+02     0.2808499E+02
     0.8660434E+02     0.2808557E+02
     0.8662855E+02     0.2807542E+02
     0.8663582E+02     0.2807589E+02
     0.8666116E+02     0.2808844E+02
     0.8666228E+02     0.2808986E+02
     0.8667261E+02     0.2810303E+02
     0.8667972E+02     0.2810603E+02
     0.8670310E+02     0.2810784E+02
     0.8672089E+02     0.2810545E+02
     0.8673417E+02     0.2810067E+02
     0.8673959E+02     0.2809361E+02
     0.8674521E+02     0.2805255E+02
     0.8674757E+02     0.2804926E+02
     0.8675110E+02     0.2804432E+02
     0.8675665E+02     0.2804070E+02
     0.8677077E+02     0.2804417E+02
     0.8677382E+02     0.2804269E+02
     0.8679822E+02     0.2801894E+02
     0.8680614E+02     0.2801505E+02
     0.8681461E+02     0.2801430E+02
     0.8681983E+02     0.2801528E+02
     0.8683990E+02     0.2802521E+02
     0.8684830E+02     0.2802793E+02
     0.8685269E+02     0.2802779E+02
     0.8685933E+02     0.2802551E+02
     0.8686209E+02     0.2801868E+02
     0.8686732E+02     0.2800573E+02
     0.8688177E+02     0.2799837E+02
     0.8690778E+02     0.2798881E+02
     0.8691864E+02     0.2798225E+02
     0.8692413E+02     0.2797725E+02
     0.8693605E+02     0.2795894E+02
     0.8696133E+02     0.2795099E+02
     0.8697158E+02     0.2795000E+02
     0.8697215E+02     0.2794995E+02
     0.8697688E+02     0.2795163E+02
     0.8701087E+02     0.2795419E+02
     0.8702322E+02     0.2795263E+02
     0.8704464E+02     0.2793905E+02
     0.8705208E+02     0.2793145E+02
     0.8706519E+02     0.2792343E+02
     0.8708821E+02     0.2789842E+02
     0.8709509E+02     0.2789095E+02
     0.8711426E+02     0.2788571E+02
     0.8712771E+02     0.2787996E+02
     0.8713699E+02     0.2787345E+02
     0.8714915E+02     0.2786177E+02
     0.8715096E+02     0.2785574E+02
     0.8714815E+02     0.2785032E+02
     0.8713408E+02     0.2784184E+02
     0.8712810E+02     0.2783492E+02
     0.8713216E+02     0.2782720E+02
     0.8713796E+02     0.2782401E+02
     0.8714608E+02     0.2782818E+02
     0.8715633E+02     0.2782430E+02
     0.8717834E+02     0.2781942E+02
     0.8718967E+02     0.2781880E+02
     0.8721327E+02     0.2782074E+02
     0.8723405E+02     0.2781726E+02
     0.8724206E+02     0.2782319E+02
     0.8724592E+02     0.2782857E+02
     0.8727057E+02     0.2784264E+02
     0.8727574E+02     0.2784255E+02
     0.8728452E+02     0.2784238E+02
     0.8731286E+02     0.2783472E+02
     0.8734415E+02     0.2782925E+02
     0.8735583E+02     0.2783044E+02
     0.8738515E+02     0.2784456E+02
     0.8740429E+02     0.2785054E+02
     0.8741071E+02     0.2785019E+02
     0.8741744E+02     0.2784983E+02
     0.8741936E+02     0.2785152E+02
     0.8742548E+02     0.2785023E+02
     0.8743148E+02     0.2784588E+02
     0.8743119E+02     0.2783969E+02
     0.8742110E+02     0.2783385E+02
     0.8742526E+02     0.2782864E+02
     0.8744100E+02     0.2782256E+02
     0.8746373E+02     0.2782219E+02
     0.8749451E+02     0.2783416E+02
     0.8751310E+02     0.2783734E+02
     0.8751666E+02     0.2783795E+02
     0.8753958E+02     0.2784721E+02
     0.8756025E+02     0.2786345E+02
     0.8758035E+02     0.2786776E+02
     0.8758727E+02     0.2786635E+02
     0.8759136E+02     0.2786000E+02
     0.8759014E+02     0.2783959E+02
     0.8759244E+02     0.2782250E+02
     0.8759332E+02     0.2781835E+02
     0.8759507E+02     0.2781666E+02
     0.8759980E+02     0.2781210E+02
     0.8761325E+02     0.2781027E+02
     0.8763556E+02     0.2782082E+02
     0.8765114E+02     0.2783228E+02
     0.8766465E+02     0.2783178E+02
     0.8769580E+02     0.2784388E+02
     0.8770478E+02     0.2784239E+02
     0.8771604E+02     0.2783483E+02
     0.8771891E+02     0.2783091E+02
     0.8771968E+02     0.2782987E+02
     0.8772222E+02     0.2781828E+02
     0.8772591E+02     0.2781446E+02
     0.8773135E+02     0.2781471E+02
     0.8773451E+02     0.2782654E+02
     0.8774179E+02     0.2783270E+02
     0.8775139E+02     0.2783348E+02
     0.8776024E+02     0.2782946E+02
     0.8777548E+02     0.2781876E+02
     0.8779092E+02     0.2781218E+02
     0.8779533E+02     0.2781247E+02
     0.8779948E+02     0.2781805E+02
     0.8780416E+02     0.2782913E+02
     0.8780931E+02     0.2783399E+02
     0.8781257E+02     0.2783546E+02
     0.8781539E+02     0.2783674E+02
     0.8783236E+02     0.2783493E+02
     0.8784717E+02     0.2783113E+02
     0.8785638E+02     0.2782411E+02
     0.8786979E+02     0.2780795E+02
     0.8787437E+02     0.2780662E+02
     0.8788187E+02     0.2781184E+02
     0.8790456E+02     0.2781094E+02
     0.8791828E+02     0.2781637E+02
     0.8793089E+02     0.2782973E+02
     0.8794067E+02     0.2784007E+02
     0.8795641E+02     0.2788036E+02
     0.8799575E+02     0.2791142E+02
     0.8799960E+02     0.2791609E+02
     0.8800692E+02     0.2791740E+02
     0.8801850E+02     0.2791624E+02
     0.8801918E+02     0.2791609E+02
     0.8803947E+02     0.2791149E+02
     0.8804930E+02     0.2790649E+02
     0.8805901E+02     0.2789920E+02
     0.8807110E+02     0.2788285E+02
     0.8807949E+02     0.2787515E+02
     0.8808829E+02     0.2787042E+02
     0.8811399E+02     0.2786730E+02
     0.8813406E+02     0.2787521E+02
     0.8813596E+02     0.2787923E+02
     0.8816004E+02     0.2786769E+02
     0.8819375E+02     0.2785480E+02
     0.8819933E+02     0.2784285E+02
     0.8818140E+02     0.2782834E+02
     0.8817394E+02     0.2782230E+02
     0.8818957E+02     0.2780004E+02
     0.8819216E+02     0.2779051E+02
     0.8819019E+02     0.2778737E+02
     0.8817513E+02     0.2777628E+02
     0.8817556E+02     0.2776959E+02
     0.8817278E+02     0.2776097E+02
     0.8817200E+02     0.2774629E+02
     0.8815770E+02     0.2774436E+02
     0.8815257E+02     0.2774021E+02
     0.8815102E+02     0.2772940E+02
     0.8814771E+02     0.2770639E+02
     0.8814857E+02     0.2769831E+02
     0.8814358E+02     0.2768679E+02
     0.8814114E+02     0.2767471E+02
     0.8813652E+02     0.2766525E+02
     0.8812714E+02     0.2765851E+02
     0.8811650E+02     0.2764769E+02
     0.8811410E+02     0.2764112E+02
     0.8811597E+02     0.2762243E+02
     0.8810835E+02     0.2761615E+02
     0.8807877E+02     0.2759177E+02
     0.8807477E+02     0.2758412E+02
     0.8807642E+02     0.2757624E+02
     0.8807586E+02     0.2757029E+02
     0.8807292E+02     0.2756328E+02
     0.8806555E+02     0.2756037E+02
     0.8806282E+02     0.2755243E+02
     0.8805304E+02     0.2754272E+02
     0.8805952E+02     0.2752843E+02
     0.8805510E+02     0.2752264E+02
     0.8805348E+02     0.2751320E+02
     0.8805326E+02     0.2751191E+02
     0.8804078E+02     0.2749472E+02
     0.8803955E+02     0.2748581E+02
     0.8805190E+02     0.2747036E+02
     0.8805827E+02     0.2745907E+02
     0.8806416E+02     0.2744320E+02
     0.8806588E+02     0.2743164E+02
     0.8806461E+02     0.2742709E+02
     0.8804476E+02     0.2741158E+02
     0.8804288E+02     0.2740448E+02
     0.8803806E+02     0.2738634E+02
     0.8803702E+02     0.2737099E+02
     0.8803999E+02     0.2736374E+02
     0.8805065E+02     0.2735572E+02
     0.8805610E+02     0.2734148E+02
     0.8805403E+02     0.2733627E+02
     0.8803622E+02     0.2731011E+02
     0.8802866E+02     0.2729295E+02
     0.8802802E+02     0.2729055E+02
     0.8802420E+02     0.2727612E+02
     0.8802102E+02     0.2724913E+02
     0.8801003E+02     0.2723004E+02
     0.8800471E+02     0.2721141E+02
     0.8800620E+02     0.2719526E+02
     0.8800408E+02     0.2718385E+02
     0.8800510E+02     0.2717370E+02
     0.8800302E+02     0.2716836E+02
     0.8799821E+02     0.2715604E+02
     0.8799888E+02     0.2715235E+02
     0.8799681E+02     0.2714691E+02
     0.8798502E+02     0.2712717E+02
     0.8798370E+02     0.2712124E+02
     0.8798431E+02     0.2711317E+02
     0.8798869E+02     0.2710817E+02
     0.8800495E+02     0.2709993E+02
     0.8801341E+02     0.2708947E+02
     0.8801229E+02     0.2707251E+02
     0.8801897E+02     0.2705957E+02
     0.8802514E+02     0.2704762E+02
     0.8803570E+02     0.2703823E+02
     0.8805192E+02     0.2703434E+02
     0.8807082E+02     0.2703265E+02
     0.8807757E+02     0.2702915E+02
     0.8808720E+02     0.2701175E+02
     0.8809584E+02     0.2700518E+02
     0.8810621E+02     0.2699234E+02
     0.8812192E+02     0.2698624E+02
     0.8812808E+02     0.2698385E+02
     0.8811469E+02     0.2696303E+02
     0.8811485E+02     0.2695613E+02
     0.8812202E+02     0.2694112E+02
     0.8812700E+02     0.2693816E+02
     0.8813713E+02     0.2692601E+02
     0.8814078E+02     0.2691713E+02
     0.8814062E+02     0.2689944E+02
     0.8815485E+02     0.2688147E+02
     0.8815485E+02     0.2688147E+02
     0.8816130E+02     0.2687844E+02
     0.8816852E+02     0.2687242E+02
     0.8817133E+02     0.2686764E+02
     0.8817325E+02     0.2685952E+02
     0.8816836E+02     0.2684747E+02
     0.8817373E+02     0.2682461E+02
     0.8818045E+02     0.2681819E+02
     0.8818259E+02     0.2681408E+02
     0.8818262E+02     0.2679716E+02
     0.8818853E+02     0.2676687E+02
     0.8818853E+02     0.2676687E+02
     0.8817906E+02     0.2672866E+02
     0.8817674E+02     0.2671750E+02
     0.8817493E+02     0.2671229E+02
     0.8816349E+02     0.2669392E+02
     0.8816041E+02     0.2667406E+02
     0.8816225E+02     0.2665054E+02
     0.8815987E+02     0.2663914E+02
     0.8813914E+02     0.2661887E+02
     0.8813725E+02     0.2661348E+02
     0.8813524E+02     0.2660777E+02
     0.8812732E+02     0.2659799E+02
     0.8812459E+02     0.2658960E+02
     0.8812513E+02     0.2657533E+02
     0.8810915E+02     0.2657277E+02
     0.8810879E+02     0.2656061E+02
     0.8810483E+02     0.2655824E+02
     0.8810614E+02     0.2654394E+02
     0.8810242E+02     0.2654014E+02
     0.8809756E+02     0.2653120E+02
     0.8810043E+02     0.2652235E+02
     0.8809199E+02     0.2651213E+02
     0.8809278E+02     0.2650940E+02
     0.8810154E+02     0.2647932E+02
     0.8809838E+02     0.2646750E+02
     0.8808900E+02     0.2645870E+02
     0.8809293E+02     0.2645073E+02
     0.8808710E+02     0.2644660E+02
     0.8809052E+02     0.2643359E+02
     0.8808691E+02     0.2642799E+02
     0.8807755E+02     0.2642447E+02
     0.8805531E+02     0.2640719E+02
     0.8804779E+02     0.2640134E+02
     0.8803647E+02     0.2639446E+02
     0.8802606E+02     0.2638041E+02
     0.8802405E+02     0.2636578E+02
     0.8801311E+02     0.2636140E+02
     0.8800177E+02     0.2636394E+02
     0.8799091E+02     0.2637127E+02
     0.8798579E+02     0.2639102E+02
     0.8796627E+02     0.2639968E+02
     0.8793737E+02     0.2641251E+02
     0.8792530E+02     0.2642127E+02
     0.8791337E+02     0.2643278E+02
     0.8792297E+02     0.2644113E+02
     0.8792189E+02     0.2644508E+02
     0.8790875E+02     0.2644768E+02
     0.8789678E+02     0.2644816E+02
     0.8790491E+02     0.2645771E+02
     0.8790337E+02     0.2646283E+02
     0.8789717E+02     0.2647258E+02
     0.8788988E+02     0.2648405E+02
     0.8787717E+02     0.2647491E+02
     0.8785909E+02     0.2646552E+02
     0.8785416E+02     0.2645859E+02
     0.8785419E+02     0.2644871E+02
     0.8784488E+02     0.2644103E+02
     0.8784230E+02     0.2643539E+02
     0.8782740E+02     0.2643851E+02
     0.8782229E+02     0.2644882E+02
     0.8781231E+02     0.2645358E+02
     0.8780779E+02     0.2646019E+02
     0.8780669E+02     0.2646061E+02
     0.8778423E+02     0.2646916E+02
     0.8777984E+02     0.2645762E+02
     0.8776991E+02     0.2644766E+02
     0.8777197E+02     0.2644253E+02
     0.8777095E+02     0.2643751E+02
     0.8777346E+02     0.2643121E+02
     0.8775604E+02     0.2640868E+02
     0.8774489E+02     0.2641555E+02
     0.8773470E+02     0.2641572E+02
     0.8772349E+02     0.2641087E+02
     0.8772235E+02     0.2641199E+02
     0.8770911E+02     0.2642498E+02
     0.8768839E+02     0.2643451E+02
     0.8766972E+02     0.2643363E+02
     0.8767412E+02     0.2641875E+02
     0.8766719E+02     0.2641258E+02
     0.8765183E+02     0.2640605E+02
     0.8764652E+02     0.2640166E+02
     0.8764521E+02     0.2639550E+02
     0.8764227E+02     0.2639263E+02
     0.8762592E+02     0.2639309E+02
     0.8761960E+02     0.2639326E+02
     0.8761313E+02     0.2639121E+02
     0.8760098E+02     0.2638248E+02
     0.8758598E+02     0.2638328E+02
     0.8758556E+02     0.2639088E+02
     0.8756955E+02     0.2639746E+02
     0.8755163E+02     0.2640709E+02
     0.8754517E+02     0.2641629E+02
     0.8752460E+02     0.2642395E+02
     0.8751410E+02     0.2642871E+02
     0.8751146E+02     0.2643072E+02
     0.8750868E+02     0.2643282E+02
     0.8749464E+02     0.2643817E+02
     0.8746609E+02     0.2643876E+02
     0.8744706E+02     0.2643556E+02
     0.8743618E+02     0.2643205E+02
     0.8742236E+02     0.2643095E+02
     0.8740482E+02     0.2642676E+02
     0.8737950E+02     0.2641413E+02
     0.8737878E+02     0.2641354E+02
     0.8736998E+02     0.2640643E+02
     0.8736511E+02     0.2640592E+02
     0.8735576E+02     0.2639063E+02
     0.8735307E+02     0.2636679E+02
     0.8735012E+02     0.2636143E+02
     0.8733897E+02     0.2635724E+02
     0.8732799E+02     0.2635671E+02
     0.8731851E+02     0.2636165E+02
     0.8730822E+02     0.2637098E+02
     0.8728628E+02     0.2637416E+02
     0.8726616E+02     0.2637707E+02
     0.8726354E+02     0.2640155E+02
     0.8724919E+02     0.2641488E+02
     0.8723401E+02     0.2641772E+02
     0.8722111E+02     0.2640852E+02
     0.8721250E+02     0.2640997E+02
     0.8721124E+02     0.2641622E+02
     0.8718712E+02     0.2641727E+02
     0.8718501E+02     0.2641736E+02
     0.8718434E+02     0.2640774E+02
     0.8716161E+02     0.2640692E+02
     0.8715149E+02     0.2640888E+02
     0.8714047E+02     0.2641362E+02
     0.8711008E+02     0.2643695E+02
     0.8708823E+02     0.2645723E+02
     0.8708521E+02     0.2646655E+02
     0.8708349E+02     0.2647186E+02
     0.8708039E+02     0.2650758E+02
     0.8707643E+02     0.2653482E+02
     0.8707133E+02     0.2654694E+02
     0.8706647E+02     0.2658938E+02
     0.8706447E+02     0.2658932E+02
     0.8704114E+02     0.2658862E+02
     0.8703796E+02     0.2656759E+02
     0.8703125E+02     0.2655978E+02
     0.8702791E+02     0.2655300E+02
     0.8702319E+02     0.2654994E+02
     0.8700745E+02     0.2653370E+02
     0.8699192E+02     0.2652793E+02
     0.8696846E+02     0.2652403E+02
     0.8696465E+02     0.2652442E+02
     0.8695506E+02     0.2652539E+02
     0.8694525E+02     0.2652382E+02
     0.8692731E+02     0.2651591E+02
     0.8692435E+02     0.2649350E+02
     0.8689552E+02     0.2649375E+02
     0.8688625E+02     0.2646626E+02
     0.8687331E+02     0.2645958E+02
     0.8687244E+02     0.2645913E+02
     0.8685884E+02     0.2645727E+02
     0.8683815E+02     0.2644393E+02
     0.8682359E+02     0.2644348E+02
     0.8680181E+02     0.2644739E+02
     0.8676279E+02     0.2646081E+02
     0.8675527E+02     0.2644474E+02
     0.8675396E+02     0.2644318E+02
     0.8674511E+02     0.2643265E+02
     0.8673495E+02     0.2642723E+02
     0.8672475E+02     0.2642732E+02
     0.8671824E+02     0.2643051E+02
     0.8671277E+02     0.2644079E+02
     0.8669796E+02     0.2644033E+02
     0.8668995E+02     0.2645092E+02
     0.8668221E+02     0.2645530E+02
     0.8666123E+02     0.2646054E+02
     0.8663944E+02     0.2646866E+02
     0.8662626E+02     0.2647356E+02
     0.8662206E+02     0.2648403E+02
     0.8661378E+02     0.2648796E+02
     0.8657533E+02     0.2649671E+02
     0.8656781E+02     0.2650061E+02
     0.8655116E+02     0.2651949E+02
     0.8654524E+02     0.2653207E+02
     0.8653911E+02     0.2653869E+02
     0.8653505E+02     0.2654032E+02
     0.8652552E+02     0.2654415E+02
     0.8650716E+02     0.2654469E+02
     0.8649905E+02     0.2654631E+02
     0.8645420E+02     0.2656992E+02
     0.8643222E+02     0.2657654E+02
     0.8641824E+02     0.2657832E+02
     0.8640529E+02     0.2658323E+02
     0.8639657E+02     0.2658653E+02
     0.8638831E+02     0.2659849E+02
     0.8636176E+02     0.2660614E+02
     0.8634044E+02     0.2660997E+02
     0.8634086E+02     0.2662190E+02
     0.8630743E+02     0.2662308E+02
     0.8629240E+02     0.2661707E+02
     0.8628986E+02     0.2661744E+02
     0.8628249E+02     0.2661850E+02
     0.8625313E+02     0.2661909E+02
     0.8623704E+02     0.2660438E+02
     0.8623030E+02     0.2659423E+02
     0.8621828E+02     0.2659387E+02
     0.8619973E+02     0.2660403E+02
     0.8619611E+02     0.2661768E+02
     0.8617789E+02     0.2661772E+02
     0.8616903E+02     0.2661773E+02
     0.8614599E+02     0.2661370E+02
     0.8613936E+02     0.2661498E+02
     0.8613419E+02     0.2663016E+02
     0.8611566E+02     0.2663388E+02
     0.8607468E+02     0.2665404E+02
     0.8606813E+02     0.2666034E+02
     0.8606008E+02     0.2666260E+02
     0.8603177E+02     0.2667056E+02
     0.8601531E+02     0.2666754E+02
     0.8599416E+02     0.2665447E+02
     0.8597335E+02     0.2665807E+02
     0.8596555E+02     0.2665390E+02
     0.8595514E+02     0.2663993E+02
     0.8595124E+02     0.2662993E+02
     0.8595213E+02     0.2662448E+02
     0.8595213E+02     0.2662448E+02
     0.8594825E+02     0.2661381E+02
     0.8594423E+02     0.2661307E+02
     0.8593726E+02     0.2661538E+02
     0.8593184E+02     0.2661489E+02
     0.8592695E+02     0.2660910E+02
     0.8592039E+02     0.2660991E+02
     0.8591199E+02     0.2660443E+02
     0.8590375E+02     0.2659662E+02
     0.8589832E+02     0.2659592E+02
     0.8589497E+02     0.2659389E+02
     0.8589089E+02     0.2658407E+02
     0.8588194E+02     0.2658346E+02
     0.8587576E+02     0.2658109E+02
     0.8586624E+02     0.2656993E+02
     0.8585998E+02     0.2657242E+02
     0.8585046E+02     0.2656794E+02
     0.8585046E+02     0.2656794E+02
     0.8584606E+02     0.2657448E+02
     0.8585550E+02     0.2659055E+02
     0.8585724E+02     0.2659739E+02
     0.8585560E+02     0.2660203E+02
     0.8584865E+02     0.2660863E+02
     0.8584063E+02     0.2661366E+02
     0.8583526E+02     0.2661356E+02
     0.8582919E+02     0.2660728E+02
     0.8582204E+02     0.2660746E+02
     0.8580974E+02     0.2661442E+02
     0.8579258E+02     0.2662977E+02
     0.8577534E+02     0.2663482E+02
     0.8577207E+02     0.2663578E+02
     0.8574657E+02     0.2664582E+02
     0.8573978E+02     0.2664988E+02
     0.8573161E+02     0.2665835E+02
     0.8573162E+02     0.2666754E+02
     0.8572742E+02     0.2667246E+02
     0.8572456E+02     0.2667942E+02
     0.8572163E+02     0.2669235E+02
     0.8572472E+02     0.2672741E+02
     0.8572752E+02     0.2673547E+02
     0.8573003E+02     0.2674267E+02
     0.8572714E+02     0.2675744E+02
     0.8573010E+02     0.2677942E+02
     0.8572909E+02     0.2679690E+02
     0.8572680E+02     0.2680737E+02
     0.8572058E+02     0.2682076E+02
     0.8571638E+02     0.2682591E+02
     0.8569705E+02     0.2683854E+02
     0.8568610E+02     0.2684364E+02
     0.8567155E+02     0.2685040E+02
     0.8564608E+02     0.2685490E+02
     0.8564030E+02     0.2685871E+02
     0.8563180E+02     0.2687453E+02
     0.8562429E+02     0.2688045E+02
     0.8561665E+02     0.2688200E+02
     0.8560882E+02     0.2687667E+02
     0.8560045E+02     0.2686170E+02
     0.8559308E+02     0.2685452E+02
     0.8558616E+02     0.2685445E+02
     0.8558216E+02     0.2686024E+02
     0.8558100E+02     0.2686192E+02
     0.8557584E+02     0.2686581E+02
     0.8556930E+02     0.2686471E+02
     0.8555987E+02     0.2684793E+02
     0.8555222E+02     0.2684903E+02
     0.8554668E+02     0.2684318E+02
     0.8553871E+02     0.2684198E+02
     0.8551841E+02     0.2682085E+02
     0.8551196E+02     0.2681916E+02
     0.8550100E+02     0.2682055E+02
     0.8549389E+02     0.2681313E+02
     0.8548304E+02     0.2680947E+02
     0.8547662E+02     0.2680892E+02
     0.8547569E+02     0.2680728E+02
     0.8547017E+02     0.2679758E+02
     0.8545897E+02     0.2679025E+02
     0.8544926E+02     0.2679092E+02
     0.8543300E+02     0.2679495E+02
     0.8540408E+02     0.2679466E+02
     0.8539096E+02     0.2678231E+02
     0.8538035E+02     0.2677771E+02
     0.8536777E+02     0.2676650E+02
     0.8535709E+02     0.2676629E+02
     0.8535651E+02     0.2676628E+02
     0.8533095E+02     0.2674707E+02
     0.8532460E+02     0.2674881E+02
     0.8531503E+02     0.2675452E+02
     0.8529446E+02     0.2676024E+02
     0.8526565E+02     0.2676359E+02
     0.8523538E+02     0.2677041E+02
     0.8522873E+02     0.2676887E+02
     0.8521892E+02     0.2676661E+02
     0.8520665E+02     0.2676708E+02
     0.8517997E+02     0.2680505E+02
     0.8517894E+02     0.2681518E+02
     0.8518798E+02     0.2682900E+02
     0.8519025E+02     0.2683769E+02
     0.8518784E+02     0.2685404E+02
     0.8518884E+02     0.2686366E+02
     0.8518952E+02     0.2687031E+02
     0.8518732E+02     0.2687449E+02
     0.8514253E+02     0.2687492E+02
     0.8511186E+02     0.2687712E+02
     0.8510236E+02     0.2687616E+02
     0.8508996E+02     0.2687135E+02
     0.8508535E+02     0.2687121E+02
     0.8508588E+02     0.2686155E+02
     0.8507917E+02     0.2685915E+02
     0.8507220E+02     0.2685862E+02
     0.8506573E+02     0.2685390E+02
     0.8506171E+02     0.2685719E+02
     0.8505763E+02     0.2685773E+02
     0.8505345E+02     0.2685390E+02
     0.8502763E+02     0.2685546E+02
     0.8502645E+02     0.2687049E+02
     0.8503330E+02     0.2687909E+02
     0.8504929E+02     0.2688407E+02
     0.8505457E+02     0.2689062E+02
     0.8504878E+02     0.2689487E+02
     0.8503347E+02     0.2689700E+02
     0.8501994E+02     0.2689739E+02
     0.8501172E+02     0.2689763E+02
     0.8500000E+02     0.2690105E+02
     0.8499756E+02     0.2690176E+02
     0.8499709E+02     0.2690709E+02
     0.8500000E+02     0.2691001E+02
     0.8500000E+02     0.2691531E+02
     0.8496802E+02     0.2691707E+02
     0.8496922E+02     0.2693126E+02
     0.8497585E+02     0.2694124E+02
     0.8497395E+02     0.2694817E+02
     0.8496020E+02     0.2696289E+02
     0.8494898E+02     0.2696415E+02
     0.8494563E+02     0.2696453E+02
     0.8492887E+02     0.2697103E+02
     0.8491992E+02     0.2697188E+02
     0.8490657E+02     0.2697075E+02
     0.8486564E+02     0.2698548E+02
     0.8484192E+02     0.2701437E+02
     0.8483105E+02     0.2702037E+02
     0.8482774E+02     0.2702220E+02
     0.8482365E+02     0.2702318E+02
     0.8481360E+02     0.2702037E+02
     0.8480802E+02     0.2701128E+02
     0.8479861E+02     0.2700229E+02
     0.8479013E+02     0.2700194E+02
     0.8478482E+02     0.2700525E+02
     0.8478144E+02     0.2701495E+02
     0.8477385E+02     0.2701967E+02
     0.8476894E+02     0.2701815E+02
     0.8475726E+02     0.2701086E+02
     0.8474811E+02     0.2701059E+02
     0.8471806E+02     0.2702258E+02
     0.8466615E+02     0.2704327E+02
     0.8465797E+02     0.2704432E+02
     0.8464421E+02     0.2704913E+02
     0.8464589E+02     0.2705330E+02
     0.8465025E+02     0.2705846E+02
     0.8465025E+02     0.2705846E+02
     0.8465063E+02     0.2706890E+02
     0.8465265E+02     0.2707520E+02
     0.8466052E+02     0.2707929E+02
     0.8466273E+02     0.2708369E+02
     0.8466778E+02     0.2708783E+02
     0.8466985E+02     0.2709645E+02
     0.8467389E+02     0.2709765E+02
     0.8467515E+02     0.2710122E+02
     0.8467292E+02     0.2710718E+02
     0.8467368E+02     0.2710991E+02
     0.8467701E+02     0.2711091E+02
     0.8467873E+02     0.2711426E+02
     0.8468188E+02     0.2713080E+02
     0.8468295E+02     0.2713468E+02
     0.8468404E+02     0.2714121E+02
     0.8468282E+02     0.2715010E+02
     0.8468430E+02     0.2715304E+02
     0.8469002E+02     0.2715547E+02
     0.8468958E+02     0.2715738E+02
     0.8468281E+02     0.2716067E+02
     0.8468021E+02     0.2717149E+02
     0.8468652E+02     0.2717920E+02
     0.8468354E+02     0.2718326E+02
     0.8468645E+02     0.2718871E+02
     0.8468527E+02     0.2719802E+02
     0.8469082E+02     0.2721146E+02
     0.8469082E+02     0.2721146E+02
     0.8469021E+02     0.2721801E+02
     0.8468807E+02     0.2722640E+02
     0.8464318E+02     0.2730612E+02
     0.8464099E+02     0.2730924E+02
     0.8462772E+02     0.2732822E+02
     0.8460269E+02     0.2733867E+02
     0.8456914E+02     0.2734493E+02
     0.8455763E+02     0.2734833E+02
     0.8451573E+02     0.2735387E+02
     0.8451455E+02     0.2735403E+02
     0.8448790E+02     0.2735925E+02
     0.8448180E+02     0.2736324E+02
     0.8447500E+02     0.2735668E+02
     0.8447035E+02     0.2735583E+02
     0.8444487E+02     0.2736860E+02
     0.8442180E+02     0.2737238E+02
     0.8440916E+02     0.2737003E+02
     0.8439577E+02     0.2736976E+02
     0.8438492E+02     0.2737368E+02
     0.8437789E+02     0.2737621E+02
     0.8435650E+02     0.2737376E+02
     0.8433674E+02     0.2737609E+02
     0.8431218E+02     0.2738354E+02
     0.8429909E+02     0.2738510E+02
     0.8428630E+02     0.2738917E+02
     0.8427972E+02     0.2739546E+02
     0.8427668E+02     0.2742214E+02
     0.8427657E+02     0.2742306E+02
     0.8427128E+02     0.2742979E+02
     0.8426310E+02     0.2743311E+02
     0.8425687E+02     0.2744513E+02
     0.8425075E+02     0.2744843E+02
     0.8423534E+02     0.2745070E+02
     0.8422370E+02     0.2744694E+02
     0.8421945E+02     0.2743896E+02
     0.8421074E+02     0.2744114E+02
     0.8421139E+02     0.2744916E+02
     0.8420833E+02     0.2746711E+02
     0.8418494E+02     0.2747195E+02
     0.8418113E+02     0.2747274E+02
     0.8417117E+02     0.2747723E+02
     0.8416766E+02     0.2748347E+02
     0.8415611E+02     0.2748545E+02
     0.8414822E+02     0.2749198E+02
     0.8414785E+02     0.2750071E+02
     0.8415553E+02     0.2751416E+02
     0.8415510E+02     0.2751991E+02
     0.8414789E+02     0.2752023E+02
     0.8413232E+02     0.2751284E+02
     0.8412354E+02     0.2751042E+02
     0.8411160E+02     0.2752090E+02
     0.8410205E+02     0.2752009E+02
     0.8410076E+02     0.2751801E+02
     0.8409836E+02     0.2751416E+02
     0.8409972E+02     0.2750152E+02
     0.8409572E+02     0.2749238E+02
     0.8408998E+02     0.2748786E+02
     0.8406956E+02     0.2748190E+02
     0.8405986E+02     0.2745216E+02
     0.8404892E+02     0.2744310E+02
     0.8403914E+02     0.2744321E+02
     0.8402255E+02     0.2743490E+02
     0.8401903E+02     0.2743625E+02
     0.8399722E+02     0.2744460E+02
     0.8398125E+02     0.2744386E+02
     0.8396481E+02     0.2744611E+02
     0.8395139E+02     0.2744281E+02
     0.8394503E+02     0.2744816E+02
     0.8392702E+02     0.2744881E+02
     0.8388367E+02     0.2743940E+02
     0.8387236E+02     0.2743997E+02
     0.8385775E+02     0.2744448E+02
     0.8385029E+02     0.2744456E+02
     0.8383860E+02     0.2743572E+02
     0.8383417E+02     0.2743094E+02
     0.8383466E+02     0.2742887E+02
     0.8384554E+02     0.2741476E+02
     0.8385860E+02     0.2741072E+02
     0.8386613E+02     0.2739618E+02
     0.8388188E+02     0.2738063E+02
     0.8388232E+02     0.2737443E+02
     0.8388181E+02     0.2737352E+02
     0.8387704E+02     0.2736484E+02
     0.8386402E+02     0.2735188E+02
     0.8382856E+02     0.2737382E+02
     0.8376900E+02     0.2740310E+02
     0.8369576E+02     0.2743478E+02
     0.8362413E+02     0.2746741E+02
     0.8356308E+02     0.2747080E+02
     0.8342171E+02     0.2747855E+02
     0.8338914E+02     0.2748040E+02
     0.8338914E+02     0.2748040E+02
     0.8338641E+02     0.2747108E+02
     0.8339350E+02     0.2746996E+02
     0.8339606E+02     0.2746551E+02
     0.8339985E+02     0.2746527E+02
     0.8340028E+02     0.2746125E+02
     0.8339948E+02     0.2745238E+02
     0.8338638E+02     0.2744298E+02
     0.8338322E+02     0.2743561E+02
     0.8338485E+02     0.2743243E+02
     0.8339008E+02     0.2742788E+02
     0.8339587E+02     0.2742284E+02
     0.8340833E+02     0.2741386E+02
     0.8339440E+02     0.2739412E+02
     0.8338654E+02     0.2738806E+02
     0.8338617E+02     0.2737411E+02
     0.8338188E+02     0.2737140E+02
     0.8337240E+02     0.2736916E+02
     0.8337073E+02     0.2736727E+02
     0.8337209E+02     0.2736155E+02
     0.8336922E+02     0.2735862E+02
     0.8336305E+02     0.2735655E+02
     0.8335900E+02     0.2735257E+02
     0.8335656E+02     0.2734456E+02
     0.8335229E+02     0.2734333E+02
     0.8334894E+02     0.2733871E+02
     0.8334529E+02     0.2733719E+02
     0.8333944E+02     0.2733477E+02
     0.8333259E+02     0.2733524E+02
     0.8332552E+02     0.2733825E+02
     0.8332127E+02     0.2733786E+02
     0.8331719E+02     0.2733219E+02
     0.8331216E+02     0.2733275E+02
     0.8331216E+02     0.2733275E+02
     0.8329418E+02     0.2733515E+02
     0.8329243E+02     0.2734182E+02
     0.8328065E+02     0.2734832E+02
     0.8327250E+02     0.2735755E+02
     0.8327051E+02     0.2736698E+02
     0.8327140E+02     0.2738282E+02
     0.8326708E+02     0.2739019E+02
     0.8326144E+02     0.2739206E+02
     0.8322460E+02     0.2741474E+02
     0.8322379E+02     0.2741523E+02
     0.8321049E+02     0.2742587E+02
     0.8320413E+02     0.2743670E+02
     0.8318958E+02     0.2745376E+02
     0.8315641E+02     0.2745853E+02
     0.8312501E+02     0.2745730E+02
     0.8312090E+02     0.2745893E+02
     0.8310854E+02     0.2745623E+02
     0.8310580E+02     0.2745645E+02
     0.8308744E+02     0.2745794E+02
     0.8307894E+02     0.2745614E+02
     0.8302798E+02     0.2745498E+02
     0.8299684E+02     0.2745741E+02
     0.8297466E+02     0.2746155E+02
     0.8295788E+02     0.2746739E+02
     0.8294670E+02     0.2747833E+02
     0.8293985E+02     0.2749435E+02
     0.8293638E+02     0.2749739E+02
     0.8293102E+02     0.2750208E+02
     0.8292327E+02     0.2750432E+02
     0.8286929E+02     0.2749950E+02
     0.8283556E+02     0.2750150E+02
     0.8281323E+02     0.2749579E+02
     0.8280370E+02     0.2749639E+02
     0.8279905E+02     0.2749841E+02
     0.8279595E+02     0.2749907E+02
     0.8277506E+02     0.2750324E+02
     0.8276977E+02     0.2750607E+02
     0.8276105E+02     0.2750681E+02
     0.8276215E+02     0.2751077E+02
     0.8276080E+02     0.2751446E+02
     0.8275466E+02     0.2753107E+02
     0.8275212E+02     0.2754756E+02
     0.8274766E+02     0.2755602E+02
     0.8274033E+02     0.2756218E+02
     0.8274224E+02     0.2756513E+02
     0.8275098E+02     0.2756024E+02
     0.8275596E+02     0.2755917E+02
     0.8275574E+02     0.2756297E+02
     0.8275053E+02     0.2756573E+02
     0.8274937E+02     0.2756912E+02
     0.8275202E+02     0.2758072E+02
     0.8275677E+02     0.2758557E+02
     0.8275349E+02     0.2759403E+02
     0.8274805E+02     0.2759574E+02
     0.8274805E+02     0.2759574E+02
     0.8274288E+02     0.2760632E+02
     0.8273840E+02     0.2761246E+02
     0.8273893E+02     0.2762576E+02
     0.8273490E+02     0.2762725E+02
     0.8273943E+02     0.2763316E+02
     0.8273470E+02     0.2763676E+02
     0.8273852E+02     0.2764309E+02
     0.8273782E+02     0.2764520E+02
     0.8273190E+02     0.2764902E+02
     0.8272839E+02     0.2765833E+02
     0.8272365E+02     0.2765940E+02
     0.8272034E+02     0.2766216E+02
     0.8271607E+02     0.2766196E+02
     0.8271394E+02     0.2766429E+02
     0.8271848E+02     0.2767378E+02
     0.8271758E+02     0.2768456E+02
     0.8272186E+02     0.2768729E+02
     0.8272186E+02     0.2769025E+02
     0.8271218E+02     0.2770105E+02
     0.8270869E+02     0.2770710E+02
     0.8270869E+02     0.2770710E+02
     0.8270743E+02     0.2771950E+02
     0.8270098E+02     0.2772204E+02
     0.8268188E+02     0.2771495E+02
     0.8266744E+02     0.2771819E+02
     0.8264009E+02     0.2771294E+02
     0.8262977E+02     0.2771227E+02
     0.8261713E+02     0.2770608E+02
     0.8260191E+02     0.2770655E+02
     0.8259468E+02     0.2770174E+02
     0.8258649E+02     0.2770047E+02
     0.8257559E+02     0.2769877E+02
     0.8254335E+02     0.2769076E+02
     0.8253278E+02     0.2769053E+02
     0.8252814E+02     0.2769742E+02
     0.8252117E+02     0.2769329E+02
     0.8249384E+02     0.2768894E+02
     0.8247243E+02     0.2768320E+02
     0.8246108E+02     0.2768251E+02
     0.8245344E+02     0.2768432E+02
     0.8244458E+02     0.2768641E+02
     0.8242240E+02     0.2769536E+02
     0.8239040E+02     0.2771739E+02
     0.8236200E+02     0.2774791E+02
     0.8234055E+02     0.2775623E+02
     0.8232896E+02     0.2776073E+02
     0.8230158E+02     0.2777586E+02
     0.8227962E+02     0.2779328E+02
     0.8222611E+02     0.2782557E+02
     0.8222390E+02     0.2782741E+02
     0.8221732E+02     0.2783290E+02
     0.8221265E+02     0.2783955E+02
     0.8219144E+02     0.2785122E+02
     0.8217956E+02     0.2785487E+02
     0.8217696E+02     0.2785762E+02
     0.8215318E+02     0.2786790E+02
     0.8214674E+02     0.2785938E+02
     0.8211649E+02     0.2786941E+02
     0.8211465E+02     0.2787721E+02
     0.8211227E+02     0.2787943E+02
     0.8210403E+02     0.2788706E+02
     0.8208262E+02     0.2791247E+02
     0.8206747E+02     0.2792438E+02
     0.8201912E+02     0.2792951E+02
     0.8199350E+02     0.2792989E+02
     0.8196642E+02     0.2793028E+02
     0.8193892E+02     0.2789295E+02
     0.8193841E+02     0.2789042E+02
     0.8192735E+02     0.2788004E+02
     0.8192638E+02     0.2786856E+02
     0.8191892E+02     0.2786119E+02
     0.8190525E+02     0.2785860E+02
     0.8189745E+02     0.2785857E+02
     0.8189027E+02     0.2785854E+02
     0.8187887E+02     0.2786492E+02
     0.8186951E+02     0.2787521E+02
     0.8184724E+02     0.2788951E+02
     0.8184306E+02     0.2788896E+02
     0.8182993E+02     0.2789932E+02
     0.8182158E+02     0.2790331E+02
     0.8179903E+02     0.2791093E+02
     0.8170811E+02     0.2798340E+02
     0.8170027E+02     0.2798963E+02
     0.8164256E+02     0.2799618E+02
     0.8162516E+02     0.2800549E+02
     0.8159962E+02     0.2801917E+02
     0.8159550E+02     0.2802246E+02
     0.8159226E+02     0.2802504E+02
     0.8153719E+02     0.2805781E+02
     0.8148895E+02     0.2807414E+02
     0.8148080E+02     0.2807950E+02
     0.8148012E+02     0.2808826E+02
     0.8147929E+02     0.2809900E+02
     0.8148197E+02     0.2811696E+02
     0.8147562E+02     0.2812259E+02
     0.8145490E+02     0.2813414E+02
     0.8145087E+02     0.2813981E+02
     0.8144925E+02     0.2815356E+02
     0.8144546E+02     0.2816038E+02
     0.8142945E+02     0.2816926E+02
     0.8141408E+02     0.2817310E+02
     0.8140424E+02     0.2817291E+02
     0.8138377E+02     0.2817344E+02
     0.8133796E+02     0.2818242E+02
     0.8132991E+02     0.2818676E+02
     0.8132851E+02     0.2818752E+02
     0.8128407E+02     0.2822361E+02
     0.8127358E+02     0.2823553E+02
     0.8123453E+02     0.2827994E+02
     0.8123538E+02     0.2831174E+02
     0.8123269E+02     0.2832524E+02
     0.8122520E+02     0.2833381E+02
     0.8121354E+02     0.2835332E+02
     0.8121262E+02     0.2835836E+02
     0.8120175E+02     0.2836732E+02
     0.8115915E+02     0.2837884E+02
     0.8115273E+02     0.2837618E+02
     0.8114618E+02     0.2837880E+02
     0.8113509E+02     0.2837604E+02
     0.8113117E+02     0.2837782E+02
     0.8110327E+02     0.2838923E+02
     0.8108762E+02     0.2839455E+02
     0.8106288E+02     0.2839746E+02
     0.8106035E+02     0.2839809E+02
     0.8106035E+02     0.2839809E+02
     0.8106100E+02     0.2840171E+02
     0.8104499E+02     0.2840305E+02
     0.8103658E+02     0.2840783E+02
     0.8103409E+02     0.2839661E+02
     0.8102886E+02     0.2839424E+02
     0.8102637E+02     0.2840267E+02
     0.8101649E+02     0.2841081E+02
     0.8101692E+02     0.2841441E+02
     0.8102969E+02     0.2842466E+02
     0.8103036E+02     0.2842847E+02
     0.8102718E+02     0.2843478E+02
     0.8102480E+02     0.2843518E+02
     0.8102344E+02     0.2842862E+02
     0.8102083E+02     0.2842712E+02
     0.8101628E+02     0.2842792E+02
     0.8101073E+02     0.2843209E+02
     0.8100951E+02     0.2843504E+02
     0.8101347E+02     0.2844331E+02
     0.8101270E+02     0.2844732E+02
     0.8100932E+02     0.2845067E+02
     0.8099951E+02     0.2845184E+02
     0.8099263E+02     0.2844840E+02
     0.8098889E+02     0.2844118E+02
     0.8098604E+02     0.2844010E+02
     0.8098098E+02     0.2844385E+02
     0.8097884E+02     0.2844257E+02
     0.8097655E+02     0.2843536E+02
     0.8097418E+02     0.2843365E+02
     0.8096964E+02     0.2843445E+02
     0.8096575E+02     0.2843927E+02
     0.8096571E+02     0.2844244E+02
     0.8096828E+02     0.2844690E+02
     0.8097539E+02     0.2845161E+02
     0.8097655E+02     0.2845479E+02
     0.8097266E+02     0.2845962E+02
     0.8097266E+02     0.2845962E+02
     0.8097028E+02     0.2845896E+02
     0.8096277E+02     0.2844854E+02
     0.8095753E+02     0.2844722E+02
     0.8095251E+02     0.2844780E+02
     0.8094933E+02     0.2845305E+02
     0.8094190E+02     0.2845509E+02
     0.8093349E+02     0.2845966E+02
     0.8092297E+02     0.2845955E+02
     0.8091652E+02     0.2846410E+02
     0.8091360E+02     0.2846453E+02
     0.8090504E+02     0.2846085E+02
     0.8090323E+02     0.2847161E+02
     0.8089985E+02     0.2847453E+02
     0.8090366E+02     0.2849316E+02
     0.8090366E+02     0.2849316E+02
     0.8090241E+02     0.2849779E+02
     0.8089832E+02     0.2850050E+02
     0.8088921E+02     0.2850209E+02
     0.8087453E+02     0.2850913E+02
     0.8086432E+02     0.2850480E+02
     0.8086181E+02     0.2849611E+02
     0.8085919E+02     0.2849524E+02
     0.8085078E+02     0.2849895E+02
     0.8084679E+02     0.2849278E+02
     0.8084441E+02     0.2849213E+02
     0.8083540E+02     0.2850471E+02
     0.8082533E+02     0.2850692E+02
     0.8082240E+02     0.2851238E+02
     0.8081161E+02     0.2851459E+02
     0.8080919E+02     0.2851647E+02
     0.8080696E+02     0.2852193E+02
     0.8080141E+02     0.2852589E+02
     0.8080141E+02     0.2852589E+02
     0.8078968E+02     0.2852724E+02
     0.8078606E+02     0.2852952E+02
     0.8078481E+02     0.2853395E+02
     0.8078613E+02     0.2854199E+02
     0.8078465E+02     0.2854514E+02
     0.8078269E+02     0.2854597E+02
     0.8077551E+02     0.2854905E+02
     0.8076868E+02     0.2855764E+02
     0.8076392E+02     0.2856119E+02
     0.8075312E+02     0.2856978E+02
     0.8073979E+02     0.2857375E+02
     0.8073260E+02     0.2856838E+02
     0.8072004E+02     0.2857350E+02
     0.8070812E+02     0.2857082E+02
     0.8069836E+02     0.2857874E+02
     0.8068882E+02     0.2859009E+02
     0.8069102E+02     0.2859862E+02
     0.8069016E+02     0.2860320E+02
     0.8067500E+02     0.2860759E+02
     0.8067077E+02     0.2861190E+02
     0.8066942E+02     0.2861510E+02
     0.8067168E+02     0.2861972E+02
     0.8067097E+02     0.2862181E+02
     0.8066621E+02     0.2863572E+02
     0.8066148E+02     0.2863887E+02
     0.8065190E+02     0.2863576E+02
     0.8061487E+02     0.2864078E+02
     0.8061121E+02     0.2864188E+02
     0.8060818E+02     0.2865125E+02
     0.8060147E+02     0.2864840E+02
     0.8059185E+02     0.2864781E+02
     0.8058914E+02     0.2865397E+02
     0.8058414E+02     0.2865712E+02
     0.8058163E+02     0.2866696E+02
     0.8058874E+02     0.2867693E+02
     0.8058671E+02     0.2867843E+02
     0.8057713E+02     0.2868550E+02
     0.8056249E+02     0.2868943E+02
     0.8055572E+02     0.2868956E+02
     0.8054977E+02     0.2868764E+02
     0.8054401E+02     0.2868963E+02
     0.8053284E+02     0.2868764E+02
     0.8051302E+02     0.2867588E+02
     0.8050173E+02     0.2866676E+02
     0.8050703E+02     0.2862689E+02
     0.8050746E+02     0.2862368E+02
     0.8051208E+02     0.2861319E+02
     0.8051513E+02     0.2858797E+02
     0.8051922E+02     0.2857770E+02
     0.8052637E+02     0.2857022E+02
     0.8052061E+02     0.2855797E+02
     0.8051575E+02     0.2855400E+02
     0.8051130E+02     0.2855577E+02
     0.8049433E+02     0.2857344E+02
     0.8048486E+02     0.2857973E+02
     0.8047557E+02     0.2858260E+02
     0.8047204E+02     0.2858368E+02
     0.8046420E+02     0.2859964E+02
     0.8046169E+02     0.2860902E+02
     0.8045308E+02     0.2862428E+02
     0.8044279E+02     0.2863216E+02
     0.8042317E+02     0.2863715E+02
     0.8040780E+02     0.2863853E+02
     0.8038275E+02     0.2862851E+02
     0.8037259E+02     0.2862928E+02
     0.8037079E+02     0.2863044E+02
     0.8035731E+02     0.2863915E+02
     0.8035589E+02     0.2864510E+02
     0.8033006E+02     0.2866215E+02
     0.8032236E+02     0.2866961E+02
     0.8031899E+02     0.2868149E+02
     0.8031796E+02     0.2869456E+02
     0.8031579E+02     0.2869889E+02
     0.8030555E+02     0.2870286E+02
     0.8029580E+02     0.2870891E+02
     0.8027737E+02     0.2870638E+02
     0.8027502E+02     0.2870606E+02
     0.8025380E+02     0.2872523E+02
     0.8026197E+02     0.2873317E+02
     0.8026346E+02     0.2873710E+02
     0.8026199E+02     0.2874534E+02
     0.8025767E+02     0.2875262E+02
     0.8024563E+02     0.2875541E+02
     0.8021279E+02     0.2875626E+02
     0.8019303E+02     0.2876672E+02
     0.8018788E+02     0.2877023E+02
     0.8017558E+02     0.2877860E+02
     0.8012273E+02     0.2882501E+02
     0.8011429E+02     0.2882946E+02
     0.8007477E+02     0.2882488E+02
     0.8007252E+02     0.2882722E+02
     0.8006650E+02     0.2883346E+02
     0.8006395E+02     0.2884237E+02
     0.8005628E+02     0.2891686E+02
     0.8007668E+02     0.2894582E+02
     0.8009853E+02     0.2897682E+02
     0.8011652E+02     0.2897781E+02
     0.8013112E+02     0.2900239E+02
     0.8013151E+02     0.2900860E+02
     0.8012492E+02     0.2901147E+02
     0.8012897E+02     0.2902876E+02
     0.8012552E+02     0.2903168E+02
     0.8012949E+02     0.2904282E+02
     0.8014546E+02     0.2908758E+02
     0.8014478E+02     0.2910001E+02
     0.8014607E+02     0.2910276E+02
     0.8014607E+02     0.2910276E+02
     0.8015338E+02     0.2910963E+02
     0.8015933E+02     0.2911247E+02
     0.8016203E+02     0.2911609E+02
     0.8016378E+02     0.2911845E+02
     0.8017254E+02     0.2912534E+02
     0.8017360E+02     0.2913211E+02
     0.8017640E+02     0.2913638E+02
     0.8017977E+02     0.2913622E+02
     0.8020242E+02     0.2912178E+02
     0.8021300E+02     0.2912152E+02
     0.8022243E+02     0.2911807E+02
     0.8022942E+02     0.2911733E+02
     0.8023349E+02     0.2911844E+02
     0.8023887E+02     0.2912592E+02
     0.8024219E+02     0.2912871E+02
     0.8024673E+02     0.2912983E+02
     0.8025359E+02     0.2913585E+02
     0.8026842E+02     0.2913986E+02
     0.8026933E+02     0.2914262E+02
     0.8026781E+02     0.2914598E+02
     0.8025717E+02     0.2916187E+02
     0.8025405E+02     0.2917429E+02
     0.8025458E+02     0.2918422E+02
     0.8025282E+02     0.2918842E+02
     0.8024132E+02     0.2919839E+02
     0.8023933E+02     0.2920195E+02
     0.8024142E+02     0.2921824E+02
     0.8024909E+02     0.2921941E+02
     0.8025225E+02     0.2921777E+02
     0.8025627E+02     0.2920874E+02
     0.8025897E+02     0.2920604E+02
     0.8026189E+02     0.2920460E+02
     0.8027002E+02     0.2920683E+02
     0.8027984E+02     0.2919663E+02
     0.8028371E+02     0.2919542E+02
     0.8028796E+02     0.2919991E+02
     0.8029101E+02     0.2921664E+02
     0.8028916E+02     0.2922527E+02
     0.8028951E+02     0.2923246E+02
     0.8029427E+02     0.2923527E+02
     0.8029588E+02     0.2923909E+02
     0.8029382E+02     0.2924645E+02
     0.8029656E+02     0.2925367E+02
     0.8029642E+02     0.2926149E+02
     0.8030324E+02     0.2926982E+02
     0.8030323E+02     0.2928333E+02
     0.8030628E+02     0.2928739E+02
     0.8030978E+02     0.2929335E+02
     0.8031327E+02     0.2931262E+02
     0.8030858E+02     0.2931910E+02
     0.8029576E+02     0.2932166E+02
     0.8027750E+02     0.2933855E+02
     0.8027537E+02     0.2934311E+02
     0.8027537E+02     0.2934311E+02
     0.8027594E+02     0.2935094E+02
     0.8026901E+02     0.2936055E+02
     0.8026861E+02     0.2936899E+02
     0.8027229E+02     0.2937791E+02
     0.8026858E+02     0.2938314E+02
     0.8027041E+02     0.2938823E+02
     0.8026840E+02     0.2939264E+02
     0.8025406E+02     0.2939876E+02
     0.8024330E+02     0.2940684E+02
     0.8023726E+02     0.2940759E+02
     0.8023553E+02     0.2941010E+02
     0.8023953E+02     0.2941460E+02
     0.8024239E+02     0.2944203E+02
     0.8024638E+02     0.2944700E+02
     0.8025044E+02     0.2944896E+02
     0.8025888E+02     0.2944857E+02
     0.8025888E+02     0.2944857E+02
     0.8026420E+02     0.2944832E+02
     0.8026675E+02     0.2945364E+02
     0.8027060E+02     0.2945411E+02
     0.8027551E+02     0.2944954E+02
     0.8029478E+02     0.2945003E+02
     0.8029693E+02     0.2945154E+02
     0.8029640E+02     0.2945406E+02
     0.8028457E+02     0.2946741E+02
     0.8028230E+02     0.2947244E+02
     0.8028320E+02     0.2947604E+02
     0.8028728E+02     0.2947674E+02
     0.8029037E+02     0.2947953E+02
     0.8029408E+02     0.2948760E+02
     0.8030592E+02     0.2948672E+02
     0.8030865E+02     0.2949478E+02
     0.8032388E+02     0.2950597E+02
     0.8033758E+02     0.2950912E+02
     0.8034209E+02     0.2951256E+02
     0.8034386E+02     0.2951650E+02
     0.8034627E+02     0.2952191E+02
     0.8035174E+02     0.2952621E+02
     0.8035290E+02     0.2952876E+02
     0.8034647E+02     0.2953733E+02
     0.8034283E+02     0.2953791E+02
     0.8034035E+02     0.2954189E+02
     0.8034212E+02     0.2955078E+02
     0.8034667E+02     0.2955253E+02
     0.8035464E+02     0.2955243E+02
     0.8035751E+02     0.2955395E+02
     0.8035911E+02     0.2955841E+02
     0.8036679E+02     0.2956083E+02
     0.8037235E+02     0.2956007E+02
     0.8037498E+02     0.2956158E+02
     0.8037679E+02     0.2956815E+02
     0.8038633E+02     0.2957504E+02
     0.8039529E+02     0.2958635E+02
     0.8040246E+02     0.2959067E+02
     0.8040547E+02     0.2959789E+02
     0.8040468E+02     0.2960168E+02
     0.8040164E+02     0.2960945E+02
     0.8040298E+02     0.2961559E+02
     0.8040697E+02     0.2962240E+02
     0.8041574E+02     0.2963117E+02
     0.8041541E+02     0.2963645E+02
     0.8041065E+02     0.2964588E+02
     0.8041154E+02     0.2965012E+02
     0.8041052E+02     0.2965327E+02
     0.8040199E+02     0.2965780E+02
     0.8039983E+02     0.2965629E+02
     0.8039742E+02     0.2965668E+02
     0.8039566E+02     0.2966025E+02
     0.8038568E+02     0.2966434E+02
     0.8038483E+02     0.2967129E+02
     0.8037991E+02     0.2967566E+02
     0.8038057E+02     0.2967968E+02
     0.8037804E+02     0.2968598E+02
     0.8037741E+02     0.2969378E+02
     0.8037294E+02     0.2970068E+02
     0.8037096E+02     0.2971607E+02
     0.8036433E+02     0.2972168E+02
     0.8036272E+02     0.2973031E+02
     0.8036439E+02     0.2973223E+02
     0.8036317E+02     0.2974552E+02
     0.8036578E+02     0.2974830E+02
     0.8037108E+02     0.2974942E+02
     0.8037592E+02     0.2974907E+02
     0.8038145E+02     0.2975083E+02
     0.8038311E+02     0.2975276E+02
     0.8038231E+02     0.2975697E+02
     0.8038371E+02     0.2975973E+02
     0.8039242E+02     0.2975964E+02
     0.8039409E+02     0.2976093E+02
     0.8039613E+02     0.2976792E+02
     0.8040781E+02     0.2979088E+02
     0.8041353E+02     0.2979602E+02
     0.8042912E+02     0.2980404E+02
     0.8042912E+02     0.2980404E+02
     0.8043539E+02     0.2980497E+02
     0.8044154E+02     0.2979914E+02
     0.8044711E+02     0.2979900E+02
     0.8046325E+02     0.2980259E+02
     0.8047233E+02     0.2979741E+02
     0.8047302E+02     0.2979702E+02
     0.8049117E+02     0.2979641E+02
     0.8049236E+02     0.2979790E+02
     0.8049107E+02     0.2980253E+02
     0.8051125E+02     0.2982516E+02
     0.8052209E+02     0.2982762E+02
     0.8053920E+02     0.2984641E+02
     0.8055222E+02     0.2984953E+02
     0.8055399E+02     0.2985948E+02
     0.8055399E+02     0.2985948E+02
     0.8055898E+02     0.2986481E+02
     0.8055672E+02     0.2987006E+02
     0.8055786E+02     0.2987430E+02
     0.8056902E+02     0.2988774E+02
     0.8057227E+02     0.2989580E+02
     0.8056968E+02     0.2990632E+02
     0.8057124E+02     0.2991457E+02
     0.8058512E+02     0.2993965E+02
     0.8059865E+02     0.2995691E+02
     0.8062444E+02     0.2996503E+02
     0.8063050E+02     0.2996510E+02
     0.8063663E+02     0.2996011E+02
     0.8065680E+02     0.2995654E+02
     0.8067153E+02     0.2995925E+02
     0.8067729E+02     0.2996269E+02
     0.8068803E+02     0.2997400E+02
     0.8070720E+02     0.2998794E+02
     0.8071575E+02     0.2999901E+02
     0.8071770E+02     0.3000000E+02
     0.8072297E+02     0.3000268E+02
     0.8072590E+02     0.3000123E+02
     0.8073268E+02     0.3000152E+02
     0.8075044E+02     0.3001333E+02
     0.8075727E+02     0.3002712E+02
     0.8075706E+02     0.3004126E+02
     0.8076562E+02     0.3005317E+02
     0.8077431E+02     0.3005559E+02
     0.8078031E+02     0.3005987E+02
     0.8078576E+02     0.3006879E+02
     0.8081087E+02     0.3009396E+02
     0.8083985E+02     0.3010250E+02
     0.8084124E+02     0.3010779E+02
     0.8084406E+02     0.3011436E+02
     0.8085080E+02     0.3011823E+02
     0.8086237E+02     0.3012383E+02
     0.8087157E+02     0.3012456E+02
     0.8087614E+02     0.3012777E+02
     0.8087681E+02     0.3013263E+02
     0.8087039E+02     0.3015810E+02
     0.8086076E+02     0.3017046E+02
     0.8086823E+02     0.3017433E+02
     0.8087783E+02     0.3018223E+02
     0.8088354E+02     0.3019073E+02
     0.8088804E+02     0.3020267E+02
END
END
