netherlands
1
     0.4827382E+01     0.5309724E+02
     0.4794034E+01     0.5300435E+02
     0.4793219E+01     0.5300329E+02
     0.4788996E+01     0.5300460E+02
     0.4785655E+01     0.5300317E+02
     0.4782890E+01     0.5299741E+02
     0.4776536E+01     0.5299570E+02
     0.4766305E+01     0.5299599E+02
     0.4763784E+01     0.5299321E+02
     0.4757431E+01     0.5299150E+02
     0.4731158E+01     0.5298694E+02
     0.4723403E+01     0.5299093E+02
     0.4722514E+01     0.5299187E+02
     0.4713843E+01     0.5300106E+02
     0.4708460E+01     0.5301080E+02
     0.4708437E+01     0.5301926E+02
     0.4723827E+01     0.5306228E+02
     0.4734145E+01     0.5307663E+02
     0.4742537E+01     0.5308363E+02
     0.4748520E+01     0.5309357E+02
     0.4764260E+01     0.5310826E+02
     0.4829708E+01     0.5316920E+02
     0.4853017E+01     0.5318329E+02
     0.4859114E+01     0.5318293E+02
     0.4875915E+01     0.5317245E+02
     0.4877703E+01     0.5316630E+02
     0.4883793E+01     0.5315837E+02
     0.4883793E+01     0.5315837E+02
     0.4896858E+01     0.5315380E+02
     0.4909789E+01     0.5313570E+02
     0.4903601E+01     0.5312075E+02
     0.4905921E+01     0.5311095E+02
     0.4903364E+01     0.5310168E+02
     0.4902311E+01     0.5309786E+02
     0.4902293E+01     0.5308071E+02
     0.4883029E+01     0.5307035E+02
     0.4876102E+01     0.5305538E+02
     0.4856668E+01     0.5304067E+02
     0.4843346E+01     0.5303360E+02
     0.4822306E+01     0.5302983E+02
     0.4799653E+01     0.5301163E+02
     0.4794034E+01     0.5300435E+02
END
2
     0.4860148E+01     0.5241290E+02
     0.4850349E+01     0.5241481E+02
     0.4851360E+01     0.5241844E+02
     0.4854307E+01     0.5241849E+02
     0.4857877E+01     0.5241783E+02
     0.4857422E+01     0.5241494E+02
     0.4866262E+01     0.5241509E+02
     0.4867492E+01     0.5241403E+02
     0.4865250E+01     0.5241147E+02
     0.4867118E+01     0.5240934E+02
     0.4873584E+01     0.5240981E+02
     0.4873766E+01     0.5240585E+02
     0.4866695E+01     0.5240572E+02
     0.4850349E+01     0.5241481E+02
END
3
     0.3968278E+01     0.5179864E+02
     0.3974735E+01     0.5179865E+02
     0.3972144E+01     0.5179547E+02
     0.3968479E+01     0.5179515E+02
     0.3961713E+01     0.5179728E+02
     0.3962052E+01     0.5180136E+02
     0.3974735E+01     0.5179865E+02
END
4
     0.3938502E+01     0.5178175E+02
     0.3914000E+01     0.5177118E+02
     0.3910206E+01     0.5177292E+02
     0.3921257E+01     0.5177868E+02
     0.3927795E+01     0.5178593E+02
     0.3934538E+01     0.5178999E+02
     0.3939731E+01     0.5178943E+02
     0.3951977E+01     0.5178217E+02
     0.3969001E+01     0.5177502E+02
     0.3968012E+01     0.5177317E+02
     0.3951559E+01     0.5177713E+02
     0.3931389E+01     0.5177573E+02
     0.3914000E+01     0.5177118E+02
END
5
     0.3923656E+01     0.5168621E+02
     0.3865898E+01     0.5177071E+02
     0.3867553E+01     0.5176616E+02
     0.3863100E+01     0.5176101E+02
     0.3874673E+01     0.5175855E+02
     0.3877438E+01     0.5175564E+02
     0.3875116E+01     0.5175169E+02
     0.3851147E+01     0.5175797E+02
     0.3840164E+01     0.5175701E+02
     0.3834612E+01     0.5175183E+02
     0.3832413E+01     0.5174606E+02
     0.3833995E+01     0.5173877E+02
     0.3833995E+01     0.5173877E+02
     0.3842888E+01     0.5173785E+02
     0.3846314E+01     0.5173611E+02
     0.3885275E+01     0.5174256E+02
     0.3896829E+01     0.5174033E+02
     0.3915446E+01     0.5173117E+02
     0.3928938E+01     0.5173310E+02
     0.3936372E+01     0.5173191E+02
     0.3977479E+01     0.5173358E+02
     0.3987543E+01     0.5172558E+02
     0.3993252E+01     0.5171656E+02
     0.3997151E+01     0.5171299E+02
     0.4002405E+01     0.5171128E+02
     0.4010299E+01     0.5170255E+02
     0.4019288E+01     0.5168789E+02
     0.4026035E+01     0.5168575E+02
     0.4048916E+01     0.5168423E+02
     0.4074016E+01     0.5167634E+02
     0.4079514E+01     0.5167207E+02
     0.4111595E+01     0.5166850E+02
     0.4107151E+01     0.5166291E+02
     0.4106471E+01     0.5165580E+02
     0.4102300E+01     0.5165182E+02
     0.4102436E+01     0.5164953E+02
     0.4097519E+01     0.5164576E+02
     0.4084888E+01     0.5164204E+02
     0.4064446E+01     0.5162784E+02
     0.4051437E+01     0.5163051E+02
     0.4044879E+01     0.5162967E+02
     0.4026941E+01     0.5162285E+02
     0.3974746E+01     0.5161223E+02
     0.3959470E+01     0.5162066E+02
     0.3948896E+01     0.5162648E+02
     0.3942086E+01     0.5163411E+02
     0.3942086E+01     0.5163411E+02
     0.3941370E+01     0.5163523E+02
     0.3934427E+01     0.5162888E+02
     0.3928303E+01     0.5163285E+02
     0.3924487E+01     0.5162933E+02
     0.3924487E+01     0.5162933E+02
     0.3907876E+01     0.5163075E+02
     0.3898067E+01     0.5163486E+02
     0.3895061E+01     0.5163593E+02
     0.3891132E+01     0.5164568E+02
     0.3891059E+01     0.5165254E+02
     0.3883343E+01     0.5165830E+02
     0.3876386E+01     0.5166934E+02
     0.3863894E+01     0.5167498E+02
     0.3855132E+01     0.5167408E+02
     0.3829824E+01     0.5167894E+02
     0.3822627E+01     0.5168219E+02
     0.3822820E+01     0.5169043E+02
     0.3820101E+01     0.5169265E+02
     0.3808144E+01     0.5169556E+02
     0.3784784E+01     0.5168192E+02
     0.3778163E+01     0.5168198E+02
     0.3768042E+01     0.5167943E+02
     0.3761299E+01     0.5167583E+02
     0.3760046E+01     0.5167259E+02
     0.3754283E+01     0.5167084E+02
     0.3726480E+01     0.5166898E+02
     0.3726480E+01     0.5166898E+02
     0.3716957E+01     0.5166850E+02
     0.3697350E+01     0.5167577E+02
     0.3685317E+01     0.5168507E+02
     0.3681480E+01     0.5169275E+02
     0.3680054E+01     0.5170278E+02
     0.3682215E+01     0.5170879E+02
     0.3692384E+01     0.5172141E+02
     0.3700057E+01     0.5172757E+02
     0.3716642E+01     0.5173257E+02
     0.3753056E+01     0.5173832E+02
     0.3772193E+01     0.5174271E+02
     0.3774443E+01     0.5174322E+02
     0.3793169E+01     0.5174393E+02
     0.3820265E+01     0.5174049E+02
     0.3820265E+01     0.5174049E+02
     0.3826758E+01     0.5175370E+02
     0.3825356E+01     0.5175824E+02
     0.3843234E+01     0.5176075E+02
     0.3865898E+01     0.5177071E+02
END
6
     0.4000360E+01     0.5174451E+02
     0.4017243E+01     0.5172720E+02
     0.4009867E+01     0.5172748E+02
     0.4000274E+01     0.5173984E+02
     0.3984680E+01     0.5175389E+02
     0.3985527E+01     0.5175803E+02
     0.3999892E+01     0.5175791E+02
     0.4002551E+01     0.5175660E+02
     0.4004274E+01     0.5174657E+02
     0.4008739E+01     0.5173981E+02
     0.4016384E+01     0.5173518E+02
     0.4019265E+01     0.5173022E+02
     0.4017243E+01     0.5172720E+02
END
7
     0.4305300E+01     0.5174226E+02
     0.4275669E+01     0.5175479E+02
     0.4355996E+01     0.5173511E+02
     0.4356155E+01     0.5173214E+02
     0.4354000E+01     0.5173117E+02
     0.4337663E+01     0.5172718E+02
     0.4323738E+01     0.5172620E+02
     0.4323738E+01     0.5172620E+02
     0.4322002E+01     0.5172771E+02
     0.4296348E+01     0.5173592E+02
     0.4275906E+01     0.5174625E+02
     0.4268273E+01     0.5175112E+02
     0.4269210E+01     0.5175411E+02
     0.4275669E+01     0.5175479E+02
END
8
     0.3951024E+01     0.5174564E+02
     0.3941307E+01     0.5174118E+02
     0.3937033E+01     0.5174474E+02
     0.3938388E+01     0.5174660E+02
     0.3944520E+01     0.5174858E+02
     0.3966940E+01     0.5174912E+02
     0.3966744E+01     0.5174637E+02
     0.3956993E+01     0.5174339E+02
     0.3941307E+01     0.5174118E+02
END
9
     0.3923329E+01     0.5173790E+02
     0.3923038E+01     0.5173372E+02
     0.3921811E+01     0.5173522E+02
     0.3916639E+01     0.5173555E+02
     0.3913907E+01     0.5173800E+02
     0.3915230E+01     0.5174032E+02
     0.3921434E+01     0.5174116E+02
     0.3933057E+01     0.5173778E+02
     0.3934965E+01     0.5173440E+02
     0.3923038E+01     0.5173372E+02
END
10
     0.4349926E+01     0.5171880E+02
     0.4360667E+01     0.5171667E+02
     0.4345581E+01     0.5171682E+02
     0.4339616E+01     0.5171830E+02
     0.4339616E+01     0.5171830E+02
     0.4343814E+01     0.5172227E+02
     0.4348529E+01     0.5172351E+02
     0.4360948E+01     0.5171828E+02
     0.4360667E+01     0.5171667E+02
END
11
     0.3726512E+01     0.5165413E+02
     0.3726567E+01     0.5165685E+02
     0.3732269E+01     0.5165402E+02
     0.3725151E+01     0.5165063E+02
     0.3720245E+01     0.5165257E+02
     0.3721525E+01     0.5165535E+02
     0.3726567E+01     0.5165685E+02
END
12
     0.3705404E+01     0.5163216E+02
     0.3718314E+01     0.5164313E+02
     0.3723617E+01     0.5164075E+02
     0.3720917E+01     0.5163725E+02
     0.3711821E+01     0.5163060E+02
     0.3703360E+01     0.5163084E+02
     0.3698159E+01     0.5162635E+02
     0.3689886E+01     0.5162385E+02
     0.3692288E+01     0.5162094E+02
     0.3685576E+01     0.5161710E+02
     0.3683844E+01     0.5162094E+02
     0.3688264E+01     0.5162609E+02
     0.3713486E+01     0.5164392E+02
     0.3718314E+01     0.5164313E+02
END
13
     0.3784528E+01     0.5132196E+02
     0.4146165E+01     0.5133746E+02
     0.4150285E+01     0.5133777E+02
     0.4150849E+01     0.5133899E+02
     0.4151199E+01     0.5133974E+02
     0.4140833E+01     0.5134516E+02
     0.4132298E+01     0.5135389E+02
     0.4135053E+01     0.5135669E+02
     0.4144097E+01     0.5135804E+02
     0.4148967E+01     0.5135587E+02
     0.4160833E+01     0.5134580E+02
     0.4156665E+01     0.5135196E+02
     0.4158951E+01     0.5135357E+02
     0.4168488E+01     0.5134469E+02
     0.4172926E+01     0.5134544E+02
     0.4170242E+01     0.5134991E+02
     0.4176221E+01     0.5135144E+02
     0.4184565E+01     0.5134591E+02
     0.4188181E+01     0.5134644E+02
     0.4185709E+01     0.5135143E+02
     0.4176907E+01     0.5135421E+02
     0.4176106E+01     0.5135593E+02
     0.4199372E+01     0.5135493E+02
     0.4199568E+01     0.5135791E+02
     0.4185501E+01     0.5135889E+02
     0.4167327E+01     0.5136017E+02
     0.4157979E+01     0.5136407E+02
     0.4155879E+01     0.5136884E+02
     0.4157894E+01     0.5137185E+02
     0.4163608E+01     0.5137404E+02
     0.4170886E+01     0.5137443E+02
     0.4173893E+01     0.5137290E+02
     0.4175355E+01     0.5136652E+02
     0.4181449E+01     0.5136208E+02
     0.4184976E+01     0.5136422E+02
     0.4180679E+01     0.5136916E+02
     0.4180780E+01     0.5137374E+02
     0.4186849E+01     0.5136975E+02
     0.4190416E+01     0.5137120E+02
     0.4188462E+01     0.5137345E+02
     0.4188891E+01     0.5137872E+02
     0.4191352E+01     0.5138038E+02
     0.4209009E+01     0.5137802E+02
     0.4214242E+01     0.5137585E+02
     0.4226862E+01     0.5135919E+02
     0.4238886E+01     0.5135218E+02
     0.4238886E+01     0.5135218E+02
     0.4192048E+01     0.5131517E+02
     0.4117880E+01     0.5126965E+02
     0.4081012E+01     0.5125866E+02
     0.4054939E+01     0.5124680E+02
     0.4031373E+01     0.5124719E+02
     0.4028100E+01     0.5124725E+02
     0.3996337E+01     0.5124084E+02
     0.3987455E+01     0.5123144E+02
     0.3971389E+01     0.5122157E+02
     0.3948777E+01     0.5121566E+02
     0.3939692E+01     0.5121646E+02
     0.3929985E+01     0.5122257E+02
     0.3923254E+01     0.5122085E+02
     0.3913034E+01     0.5120975E+02
     0.3895924E+01     0.5120776E+02
     0.3884904E+01     0.5120884E+02
     0.3882752E+01     0.5121239E+02
     0.3888717E+01     0.5121737E+02
     0.3890972E+01     0.5122465E+02
     0.3885277E+01     0.5122794E+02
     0.3879013E+01     0.5122742E+02
     0.3870539E+01     0.5121981E+02
     0.3864033E+01     0.5121397E+02
     0.3845011E+01     0.5121191E+02
     0.3803222E+01     0.5121457E+02
     0.3790823E+01     0.5121974E+02
     0.3788564E+01     0.5123669E+02
     0.3790832E+01     0.5125154E+02
     0.3794011E+01     0.5125713E+02
     0.3790910E+01     0.5126237E+02
     0.3778818E+01     0.5126686E+02
     0.3768566E+01     0.5126451E+02
     0.3757600E+01     0.5127247E+02
     0.3755910E+01     0.5127257E+02
     0.3741911E+01     0.5127341E+02
     0.3729337E+01     0.5127289E+02
     0.3714146E+01     0.5127454E+02
     0.3692010E+01     0.5128131E+02
     0.3658956E+01     0.5128348E+02
     0.3652379E+01     0.5128724E+02
     0.3641110E+01     0.5128761E+02
     0.3633249E+01     0.5129014E+02
     0.3604026E+01     0.5130357E+02
     0.3593386E+01     0.5130654E+02
     0.3588558E+01     0.5130502E+02
     0.3586085E+01     0.5130134E+02
     0.3586838E+01     0.5129105E+02
     0.3583928E+01     0.5128959E+02
     0.3579270E+01     0.5129165E+02
     0.3568621E+01     0.5129636E+02
     0.3564752E+01     0.5129677E+02
     0.3553523E+01     0.5129283E+02
     0.3543875E+01     0.5128980E+02
     0.3525888E+01     0.5129563E+02
     0.3522356E+01     0.5129519E+02
     0.3520880E+01     0.5129290E+02
     0.3530055E+01     0.5125071E+02
     0.3499144E+01     0.5124635E+02
     0.3459818E+01     0.5124467E+02
     0.3447698E+01     0.5124551E+02
     0.3437677E+01     0.5124761E+02
     0.3432661E+01     0.5124866E+02
     0.3426131E+01     0.5125878E+02
     0.3419618E+01     0.5126151E+02
     0.3402501E+01     0.5127236E+02
     0.3381565E+01     0.5128563E+02
     0.3364625E+01     0.5129886E+02
     0.3364932E+01     0.5130197E+02
     0.3368082E+01     0.5130378E+02
     0.3373062E+01     0.5130325E+02
     0.3374023E+01     0.5130500E+02
     0.3362550E+01     0.5131840E+02
     0.3384041E+01     0.5133144E+02
     0.3386742E+01     0.5133909E+02
     0.3383442E+01     0.5134621E+02
     0.3375598E+01     0.5135526E+02
     0.3369472E+01     0.5137461E+02
     0.3369472E+01     0.5137461E+02
     0.3379923E+01     0.5138132E+02
     0.3428847E+01     0.5139329E+02
     0.3446330E+01     0.5139217E+02
     0.3474797E+01     0.5139756E+02
     0.3511527E+01     0.5141003E+02
     0.3523878E+01     0.5141106E+02
     0.3526927E+01     0.5140932E+02
     0.3564728E+01     0.5140190E+02
     0.3569582E+01     0.5139931E+02
     0.3575358E+01     0.5139624E+02
     0.3594103E+01     0.5138943E+02
     0.3606261E+01     0.5138792E+02
     0.3635727E+01     0.5137911E+02
     0.3656041E+01     0.5137576E+02
     0.3675769E+01     0.5137560E+02
     0.3684293E+01     0.5137377E+02
     0.3718057E+01     0.5135498E+02
     0.3731053E+01     0.5135165E+02
     0.3748328E+01     0.5134982E+02
     0.3769212E+01     0.5134303E+02
     0.3777365E+01     0.5135217E+02
     0.3816110E+01     0.5134561E+02
     0.3819663E+01     0.5134707E+02
     0.3847106E+01     0.5134021E+02
     0.3860961E+01     0.5134033E+02
     0.3870038E+01     0.5134101E+02
     0.3880424E+01     0.5134974E+02
     0.3899341E+01     0.5135638E+02
     0.3914124E+01     0.5136499E+02
     0.3939185E+01     0.5136697E+02
     0.3944159E+01     0.5136915E+02
     0.3955386E+01     0.5137057E+02
     0.3966293E+01     0.5138891E+02
     0.3967450E+01     0.5139969E+02
     0.3975315E+01     0.5140835E+02
     0.3996363E+01     0.5140768E+02
     0.4008259E+01     0.5140730E+02
     0.4017195E+01     0.5140454E+02
     0.4024713E+01     0.5140106E+02
     0.4032017E+01     0.5139505E+02
     0.4048293E+01     0.5137346E+02
     0.4058732E+01     0.5136982E+02
     0.4082155E+01     0.5136876E+02
     0.4091417E+01     0.5136646E+02
     0.4099841E+01     0.5135978E+02
     0.4113837E+01     0.5135759E+02
     0.4122890E+01     0.5135253E+02
     0.4127935E+01     0.5134738E+02
     0.4146165E+01     0.5133746E+02
END
14
     0.4250241E+01     0.5136412E+02
     0.4248818E+01     0.5137622E+02
     0.4258958E+01     0.5135943E+02
     0.4269454E+01     0.5135440E+02
     0.4260144E+01     0.5135122E+02
     0.4244604E+01     0.5134860E+02
     0.4238886E+01     0.5135218E+02
     0.4238886E+01     0.5135218E+02
     0.4247643E+01     0.5135909E+02
     0.4246518E+01     0.5136299E+02
     0.4228956E+01     0.5137212E+02
     0.4230547E+01     0.5137552E+02
     0.4248818E+01     0.5137622E+02
END
15
     0.4132995E+01     0.5136403E+02
     0.4129076E+01     0.5135908E+02
     0.4124218E+01     0.5136103E+02
     0.4122194E+01     0.5136441E+02
     0.4124545E+01     0.5136790E+02
     0.4143320E+01     0.5136512E+02
     0.4144301E+01     0.5136079E+02
     0.4129076E+01     0.5135908E+02
END
16
     0.6708130E+01     0.5359782E+02
     0.6745117E+01     0.5357521E+02
     0.6757379E+01     0.5356994E+02
     0.6754699E+01     0.5356651E+02
     0.6747420E+01     0.5356285E+02
     0.6743199E+01     0.5356811E+02
     0.6733175E+01     0.5357409E+02
     0.6733175E+01     0.5357409E+02
     0.6730159E+01     0.5357542E+02
     0.6725560E+01     0.5357405E+02
     0.6707545E+01     0.5357335E+02
     0.6700654E+01     0.5356947E+02
     0.6674628E+01     0.5358013E+02
     0.6664964E+01     0.5358475E+02
     0.6661842E+01     0.5359405E+02
     0.6663384E+01     0.5360075E+02
     0.6667594E+01     0.5360395E+02
     0.6722813E+01     0.5361609E+02
     0.6737386E+01     0.5362249E+02
     0.6748129E+01     0.5362501E+02
     0.6751284E+01     0.5362506E+02
     0.6761178E+01     0.5362524E+02
     0.6774227E+01     0.5362181E+02
     0.6793030E+01     0.5361289E+02
     0.6812595E+01     0.5360946E+02
     0.6817197E+01     0.5360672E+02
     0.6816428E+01     0.5360374E+02
     0.6791494E+01     0.5360398E+02
     0.6775001E+01     0.5360010E+02
     0.6761961E+01     0.5359941E+02
     0.6753140E+01     0.5359782E+02
     0.6740876E+01     0.5359027E+02
     0.6725540E+01     0.5358776E+02
     0.6724010E+01     0.5358570E+02
     0.6731296E+01     0.5358479E+02
     0.6745117E+01     0.5357521E+02
END
17
     0.6584712E+01     0.5354483E+02
     0.6596749E+01     0.5353661E+02
     0.6584669E+01     0.5353759E+02
     0.6570467E+01     0.5354351E+02
     0.6576188E+01     0.5354877E+02
     0.6585371E+01     0.5355107E+02
     0.6609890E+01     0.5355133E+02
     0.6615551E+01     0.5354857E+02
     0.6602243E+01     0.5354767E+02
     0.6591546E+01     0.5354126E+02
     0.6596749E+01     0.5353661E+02
END
18
     0.6465793E+01     0.5354696E+02
     0.6505011E+01     0.5353653E+02
     0.6499619E+01     0.5354087E+02
     0.6495812E+01     0.5353743E+02
     0.6485859E+01     0.5353672E+02
     0.6475108E+01     0.5354058E+02
     0.6452091E+01     0.5354510E+02
     0.6444843E+01     0.5354119E+02
     0.6439867E+01     0.5354072E+02
     0.6437925E+01     0.5354414E+02
     0.6441308E+01     0.5355215E+02
     0.6444736E+01     0.5355468E+02
     0.6452012E+01     0.5355515E+02
     0.6465068E+01     0.5355130E+02
     0.6494217E+01     0.5354679E+02
     0.6505738E+01     0.5354248E+02
     0.6508440E+01     0.5353928E+02
     0.6505011E+01     0.5353653E+02
END
19
     0.6202135E+01     0.5348678E+02
     0.6162759E+01     0.5347288E+02
     0.6156322E+01     0.5346857E+02
     0.6147183E+01     0.5346601E+02
     0.6146865E+01     0.5346167E+02
     0.6134730E+01     0.5345498E+02
     0.6130915E+01     0.5345451E+02
     0.6128965E+01     0.5345701E+02
     0.6130412E+01     0.5346250E+02
     0.6135688E+01     0.5346756E+02
     0.6134395E+01     0.5347035E+02
     0.6134107E+01     0.5347098E+02
     0.6127669E+01     0.5346683E+02
     0.6125315E+01     0.5347070E+02
     0.6125986E+01     0.5347688E+02
     0.6134616E+01     0.5348789E+02
     0.6145975E+01     0.5349594E+02
     0.6158535E+01     0.5350058E+02
     0.6283165E+01     0.5351142E+02
     0.6287230E+01     0.5351154E+02
     0.6309567E+01     0.5351220E+02
     0.6334854E+01     0.5351001E+02
     0.6339483E+01     0.5350660E+02
     0.6325388E+01     0.5350038E+02
     0.6315066E+01     0.5349942E+02
     0.6305166E+01     0.5349504E+02
     0.6277649E+01     0.5349220E+02
     0.6265885E+01     0.5348415E+02
     0.6245304E+01     0.5347812E+02
     0.6199162E+01     0.5347586E+02
     0.6199162E+01     0.5347586E+02
     0.6178404E+01     0.5347554E+02
     0.6162759E+01     0.5347288E+02
END
20
     0.5755834E+01     0.5345303E+02
     0.5849037E+01     0.5344669E+02
     0.5825302E+01     0.5344454E+02
     0.5808590E+01     0.5343984E+02
     0.5795945E+01     0.5344134E+02
     0.5789083E+01     0.5344060E+02
     0.5762619E+01     0.5344450E+02
     0.5753852E+01     0.5344352E+02
     0.5731599E+01     0.5344698E+02
     0.5725147E+01     0.5344510E+02
     0.5708993E+01     0.5343377E+02
     0.5693045E+01     0.5342974E+02
     0.5668627E+01     0.5342838E+02
     0.5653815E+01     0.5342933E+02
     0.5646811E+01     0.5342978E+02
     0.5625592E+01     0.5343736E+02
     0.5625592E+01     0.5343736E+02
     0.5617723E+01     0.5344574E+02
     0.5616392E+01     0.5345258E+02
     0.5622365E+01     0.5345790E+02
     0.5616933E+01     0.5346082E+02
     0.5618382E+01     0.5346380E+02
     0.5624050E+01     0.5346637E+02
     0.5633504E+01     0.5347034E+02
     0.5645370E+01     0.5347000E+02
     0.5672299E+01     0.5346384E+02
     0.5689567E+01     0.5346148E+02
     0.5723243E+01     0.5346040E+02
     0.5829061E+01     0.5346468E+02
     0.5829761E+01     0.5346473E+02
     0.5922618E+01     0.5347108E+02
     0.5948617E+01     0.5347148E+02
     0.5960501E+01     0.5346996E+02
     0.5974361E+01     0.5346502E+02
     0.5957292E+01     0.5345782E+02
     0.5915538E+01     0.5345934E+02
     0.5914823E+01     0.5345937E+02
     0.5890112E+01     0.5345256E+02
     0.5849037E+01     0.5344669E+02
END
21
     0.6053271E+01     0.5345562E+02
     0.6050385E+01     0.5344675E+02
     0.6045381E+01     0.5344878E+02
     0.6045295E+01     0.5345380E+02
     0.6041752E+01     0.5345972E+02
     0.6045544E+01     0.5346157E+02
     0.6061968E+01     0.5346259E+02
     0.6068169E+01     0.5345759E+02
     0.6066678E+01     0.5345530E+02
     0.6063218E+01     0.5345642E+02
     0.6058314E+01     0.5345251E+02
     0.6054121E+01     0.5345180E+02
     0.6050385E+01     0.5344675E+02
END
22
     0.5141566E+01     0.5330142E+02
     0.5130466E+01     0.5329229E+02
     0.5126925E+01     0.5329521E+02
     0.5127972E+01     0.5329774E+02
     0.5139525E+01     0.5330452E+02
     0.5151947E+01     0.5330857E+02
     0.5153947E+01     0.5330609E+02
     0.5152517E+01     0.5330355E+02
     0.5134999E+01     0.5329326E+02
     0.5130466E+01     0.5329229E+02
END
23
     0.5375610E+01     0.5306922E+02
     0.5383422E+01     0.5305962E+02
     0.5373716E+01     0.5306282E+02
     0.5364283E+01     0.5307322E+02
     0.5365687E+01     0.5307667E+02
     0.5380574E+01     0.5307341E+02
     0.5386158E+01     0.5306479E+02
     0.5383422E+01     0.5305962E+02
END
24
     0.5122912E+01     0.5246240E+02
     0.5102432E+01     0.5245181E+02
     0.5098262E+01     0.5245336E+02
     0.5098157E+01     0.5245610E+02
     0.5104335E+01     0.5246076E+02
     0.5106612E+01     0.5246971E+02
     0.5109958E+01     0.5247021E+02
     0.5120628E+01     0.5246487E+02
     0.5140406E+01     0.5246583E+02
     0.5142342E+01     0.5246403E+02
     0.5140907E+01     0.5246241E+02
     0.5134207E+01     0.5246163E+02
     0.5102432E+01     0.5245181E+02
END
25
     0.5361577E+01     0.5340683E+02
     0.5242081E+01     0.5336734E+02
     0.5225688E+01     0.5336691E+02
     0.5216442E+01     0.5335879E+02
     0.5208873E+01     0.5335709E+02
     0.5205516E+01     0.5335499E+02
     0.5205616E+01     0.5335225E+02
     0.5193218E+01     0.5334706E+02
     0.5184136E+01     0.5334512E+02
     0.5172649E+01     0.5334634E+02
     0.5163346E+01     0.5335033E+02
     0.5155968E+01     0.5336395E+02
     0.5157652E+01     0.5336992E+02
     0.5190572E+01     0.5338795E+02
     0.5200574E+01     0.5339631E+02
     0.5211943E+01     0.5339988E+02
     0.5200236E+01     0.5340064E+02
     0.5209834E+01     0.5340420E+02
     0.5224397E+01     0.5340278E+02
     0.5270102E+01     0.5340632E+02
     0.5299762E+01     0.5341011E+02
     0.5373827E+01     0.5342286E+02
     0.5392033E+01     0.5342635E+02
     0.5538733E+01     0.5345435E+02
     0.5556289E+01     0.5345543E+02
     0.5575929E+01     0.5345037E+02
     0.5577910E+01     0.5344788E+02
     0.5566695E+01     0.5344430E+02
     0.5562377E+01     0.5344292E+02
     0.5553595E+01     0.5344261E+02
     0.5548765E+01     0.5343776E+02
     0.5524157E+01     0.5342974E+02
     0.5515706E+01     0.5343126E+02
     0.5504387E+01     0.5342634E+02
     0.5495636E+01     0.5342511E+02
     0.5488857E+01     0.5342183E+02
     0.5480871E+01     0.5342061E+02
     0.5474664E+01     0.5342374E+02
     0.5469685E+01     0.5342414E+02
     0.5474892E+01     0.5341620E+02
     0.5464287E+01     0.5341659E+02
     0.5454991E+01     0.5342116E+02
     0.5449760E+01     0.5342135E+02
     0.5449822E+01     0.5341953E+02
     0.5468220E+01     0.5340950E+02
     0.5463729E+01     0.5340648E+02
     0.5392740E+01     0.5340487E+02
     0.5392740E+01     0.5340487E+02
     0.5364408E+01     0.5339555E+02
     0.5328266E+01     0.5338028E+02
     0.5318666E+01     0.5338199E+02
     0.5308021E+01     0.5338072E+02
     0.5301279E+01     0.5337698E+02
     0.5291803E+01     0.5337504E+02
     0.5284484E+01     0.5337701E+02
     0.5265409E+01     0.5337678E+02
     0.5252169E+01     0.5337341E+02
     0.5242081E+01     0.5336734E+02
END
26
     0.5735796E+01     0.5227562E+02
     0.6611357E+01     0.5344536E+02
     0.6632858E+01     0.5345012E+02
     0.6643546E+01     0.5345448E+02
     0.6666083E+01     0.5346044E+02
     0.6720741E+01     0.5346915E+02
     0.6747890E+01     0.5347007E+02
     0.6776572E+01     0.5346664E+02
     0.6797602E+01     0.5346138E+02
     0.6809960E+01     0.5346548E+02
     0.6814810E+01     0.5346709E+02
     0.6827426E+01     0.5346434E+02
     0.6827421E+01     0.5345892E+02
     0.6827421E+01     0.5345817E+02
     0.6816329E+01     0.5345178E+02
     0.6822061E+01     0.5344812E+02
     0.6843533E+01     0.5344770E+02
     0.6843528E+01     0.5345035E+02
     0.6835825E+01     0.5345314E+02
     0.6835445E+01     0.5345474E+02
     0.6838891E+01     0.5345976E+02
     0.6845008E+01     0.5345930E+02
     0.6880149E+01     0.5344419E+02
     0.6876311E+01     0.5343642E+02
     0.6877440E+01     0.5342797E+02
     0.6872067E+01     0.5341517E+02
     0.6878368E+01     0.5340964E+02
     0.6887695E+01     0.5340145E+02
     0.6887667E+01     0.5338956E+02
     0.6903221E+01     0.5335344E+02
     0.6926074E+01     0.5334381E+02
     0.6948140E+01     0.5333052E+02
     0.6974039E+01     0.5332545E+02
     0.6981648E+01     0.5332246E+02
     0.6985061E+01     0.5331857E+02
     0.6993122E+01     0.5331779E+02
     0.7001820E+01     0.5331694E+02
     0.7002569E+01     0.5331420E+02
     0.7007127E+01     0.5331144E+02
     0.7019682E+01     0.5330799E+02
     0.7073369E+01     0.5330306E+02
     0.7092465E+01     0.5331010E+02
     0.7093583E+01     0.5330644E+02
     0.7083554E+01     0.5329920E+02
     0.7083554E+01     0.5329920E+02
     0.7082475E+01     0.5329755E+02
     0.7088089E+01     0.5328314E+02
     0.7084186E+01     0.5326921E+02
     0.7103136E+01     0.5325773E+02
     0.7113772E+01     0.5325518E+02
     0.7132783E+01     0.5325330E+02
     0.7158981E+01     0.5324659E+02
     0.7165466E+01     0.5324862E+02
     0.7182922E+01     0.5324353E+02
     0.7213281E+01     0.5323853E+02
     0.7213281E+01     0.5323853E+02
     0.7215339E+01     0.5322507E+02
     0.7219500E+01     0.5322231E+02
     0.7222814E+01     0.5320927E+02
     0.7218892E+01     0.5319278E+02
     0.7220740E+01     0.5318826E+02
     0.7227938E+01     0.5318572E+02
     0.7216483E+01     0.5317867E+02
     0.7205822E+01     0.5317550E+02
     0.7197052E+01     0.5316359E+02
     0.7192390E+01     0.5315726E+02
     0.7183894E+01     0.5313786E+02
     0.7184618E+01     0.5313305E+02
     0.7202677E+01     0.5311312E+02
     0.7204514E+01     0.5310557E+02
     0.7202089E+01     0.5308638E+02
     0.7209929E+01     0.5304240E+02
     0.7216590E+01     0.5300496E+02
     0.7210863E+01     0.5299835E+02
     0.7185874E+01     0.5294425E+02
     0.7165218E+01     0.5292334E+02
     0.7115944E+01     0.5287334E+02
     0.7089423E+01     0.5285077E+02
     0.7094264E+01     0.5283956E+02
     0.7076054E+01     0.5281536E+02
     0.7075584E+01     0.5281382E+02
     0.7071462E+01     0.5280029E+02
     0.7073296E+01     0.5279023E+02
     0.7070054E+01     0.5274131E+02
     0.7062733E+01     0.5268870E+02
     0.7056458E+01     0.5264350E+02
     0.7047043E+01     0.5263551E+02
     0.7034282E+01     0.5263416E+02
     0.7012535E+01     0.5263808E+02
     0.7002422E+01     0.5264335E+02
     0.6988915E+01     0.5264428E+02
     0.6964520E+01     0.5264248E+02
     0.6951380E+01     0.5263929E+02
     0.6936824E+01     0.5263892E+02
     0.6934119E+01     0.5263885E+02
     0.6917239E+01     0.5264206E+02
     0.6911241E+01     0.5264732E+02
     0.6905612E+01     0.5264778E+02
     0.6899986E+01     0.5265144E+02
     0.6870336E+01     0.5265168E+02
     0.6864330E+01     0.5264848E+02
     0.6849694E+01     0.5264871E+02
     0.6835431E+01     0.5265168E+02
     0.6823798E+01     0.5264871E+02
     0.6803531E+01     0.5264962E+02
     0.6792643E+01     0.5265236E+02
     0.6779507E+01     0.5265235E+02
     0.6769381E+01     0.5264846E+02
     0.6755495E+01     0.5264868E+02
     0.6745367E+01     0.5264661E+02
     0.6740493E+01     0.5264501E+02
     0.6734879E+01     0.5263975E+02
     0.6724002E+01     0.5263859E+02
     0.6713900E+01     0.5262989E+02
     0.6725933E+01     0.5262053E+02
     0.6727451E+01     0.5261459E+02
     0.6722265E+01     0.5259447E+02
     0.6723401E+01     0.5259058E+02
     0.6764679E+01     0.5256799E+02
     0.6766183E+01     0.5256502E+02
     0.6763941E+01     0.5256273E+02
     0.6753082E+01     0.5256135E+02
     0.6730225E+01     0.5256453E+02
     0.6727231E+01     0.5256384E+02
     0.6719778E+01     0.5255172E+02
     0.6706927E+01     0.5255283E+02
     0.6683441E+01     0.5255487E+02
     0.6706387E+01     0.5252610E+02
     0.6702403E+01     0.5248906E+02
     0.6708397E+01     0.5248586E+02
     0.6722241E+01     0.5248291E+02
     0.6759336E+01     0.5246600E+02
     0.6760792E+01     0.5246534E+02
     0.6772010E+01     0.5246260E+02
     0.6853107E+01     0.5246308E+02
     0.6856097E+01     0.5246239E+02
     0.6856846E+01     0.5245531E+02
     0.6912511E+01     0.5244637E+02
     0.6942385E+01     0.5243950E+02
     0.6948705E+01     0.5244013E+02
     0.6956962E+01     0.5244360E+02
     0.6967814E+01     0.5245182E+02
     0.6981681E+01     0.5246780E+02
     0.6989919E+01     0.5247282E+02
     0.6997005E+01     0.5246733E+02
     0.7006307E+01     0.5245428E+02
     0.7013337E+01     0.5243393E+02
     0.7024891E+01     0.5242774E+02
     0.7039375E+01     0.5240760E+02
     0.7059519E+01     0.5240505E+02
     0.7066213E+01     0.5239978E+02
     0.7078031E+01     0.5237415E+02
     0.7077338E+01     0.5236781E+02
     0.7076080E+01     0.5235632E+02
     0.7061483E+01     0.5234377E+02
     0.7057714E+01     0.5233418E+02
     0.7040853E+01     0.5231134E+02
     0.7034120E+01     0.5230381E+02
     0.7036669E+01     0.5228917E+02
     0.7032174E+01     0.5228186E+02
     0.7045864E+01     0.5226218E+02
     0.7052904E+01     0.5225531E+02
     0.7064404E+01     0.5224843E+02
     0.7065879E+01     0.5224568E+02
     0.7059159E+01     0.5223998E+02
     0.7041645E+01     0.5223087E+02
     0.7029373E+01     0.5222997E+02
     0.7010417E+01     0.5223137E+02
     0.7002985E+01     0.5223230E+02
     0.6995174E+01     0.5223139E+02
     0.6990335E+01     0.5222911E+02
     0.6982694E+01     0.5222046E+02
     0.6974298E+01     0.5220924E+02
     0.6961266E+01     0.5219713E+02
     0.6957908E+01     0.5219051E+02
     0.6950841E+01     0.5218594E+02
     0.6938208E+01     0.5218298E+02
     0.6916667E+01     0.5218162E+02
     0.6908492E+01     0.5217774E+02
     0.6906631E+01     0.5217317E+02
     0.6897715E+01     0.5216769E+02
     0.6883603E+01     0.5215855E+02
     0.6874694E+01     0.5213614E+02
     0.6856882E+01     0.5212471E+02
     0.6831662E+01     0.5212288E+02
     0.6762679E+01     0.5212217E+02
     0.6757163E+01     0.5210227E+02
     0.6749012E+01     0.5209998E+02
     0.6747537E+01     0.5209724E+02
     0.6751266E+01     0.5208809E+02
     0.6740167E+01     0.5208123E+02
     0.6734136E+01     0.5207965E+02
     0.6733131E+01     0.5207939E+02
     0.6719423E+01     0.5207892E+02
     0.6700540E+01     0.5207524E+02
     0.6697587E+01     0.5207226E+02
     0.6698714E+01     0.5206815E+02
     0.6690231E+01     0.5205854E+02
     0.6692876E+01     0.5204436E+02
     0.6714718E+01     0.5204507E+02
     0.6723988E+01     0.5204074E+02
     0.6753251E+01     0.5203345E+02
     0.6771782E+01     0.5202180E+02
     0.6779927E+01     0.5201975E+02
     0.6791940E+01     0.5201366E+02
     0.6802884E+01     0.5200810E+02
     0.6812882E+01     0.5199896E+02
     0.6813257E+01     0.5199461E+02
     0.6827311E+01     0.5199302E+02
     0.6833602E+01     0.5198547E+02
     0.6832498E+01     0.5197930E+02
     0.6835829E+01     0.5197107E+02
     0.6832137E+01     0.5196512E+02
     0.6828073E+01     0.5196329E+02
     0.6802948E+01     0.5195894E+02
     0.6799270E+01     0.5194682E+02
     0.6787850E+01     0.5192715E+02
     0.6775606E+01     0.5191956E+02
     0.6770147E+01     0.5191617E+02
     0.6757602E+01     0.5191342E+02
     0.6750236E+01     0.5190655E+02
     0.6741013E+01     0.5190472E+02
     0.6732911E+01     0.5189830E+02
     0.6727378E+01     0.5189761E+02
     0.6720733E+01     0.5189829E+02
     0.6711864E+01     0.5190217E+02
     0.6709328E+01     0.5190428E+02
     0.6697056E+01     0.5191450E+02
     0.6680802E+01     0.5191699E+02
     0.6672318E+01     0.5191538E+02
     0.6635838E+01     0.5190206E+02
     0.6585697E+01     0.5189350E+02
     0.6560299E+01     0.5188407E+02
     0.6549590E+01     0.5188564E+02
     0.6532743E+01     0.5187692E+02
     0.6528274E+01     0.5187461E+02
     0.6511333E+01     0.5187136E+02
     0.6507689E+01     0.5186563E+02
     0.6500727E+01     0.5186013E+02
     0.6479381E+01     0.5185549E+02
     0.6467927E+01     0.5185820E+02
     0.6458261E+01     0.5186708E+02
     0.6454567E+01     0.5186776E+02
     0.6442447E+01     0.5186246E+02
     0.6434706E+01     0.5186220E+02
     0.6428011E+01     0.5186812E+02
     0.6420971E+01     0.5187152E+02
     0.6406223E+01     0.5187101E+02
     0.6395110E+01     0.5187577E+02
     0.6393378E+01     0.5186502E+02
     0.6403466E+01     0.5185973E+02
     0.6411542E+01     0.5185549E+02
     0.6412680E+01     0.5185229E+02
     0.6408326E+01     0.5184541E+02
     0.6410210E+01     0.5184130E+02
     0.6409974E+01     0.5182804E+02
     0.6400733E+01     0.5183098E+02
     0.6391459E+01     0.5183689E+02
     0.6370448E+01     0.5183727E+02
     0.6366311E+01     0.5184479E+02
     0.6358873E+01     0.5185071E+02
     0.6352215E+01     0.5185274E+02
     0.6324558E+01     0.5185330E+02
     0.6314043E+01     0.5184921E+02
     0.6314043E+01     0.5184921E+02
     0.6302638E+01     0.5186782E+02
     0.6294034E+01     0.5187182E+02
     0.6280828E+01     0.5187522E+02
     0.6274826E+01     0.5187462E+02
     0.6267023E+01     0.5186962E+02
     0.6260419E+01     0.5186902E+02
     0.6252216E+01     0.5187082E+02
     0.6225404E+01     0.5186822E+02
     0.6214784E+01     0.5187266E+02
     0.6214784E+01     0.5187266E+02
     0.6196580E+01     0.5188148E+02
     0.6191351E+01     0.5188579E+02
     0.6193100E+01     0.5189220E+02
     0.6174109E+01     0.5190353E+02
     0.6167160E+01     0.5189938E+02
     0.6151209E+01     0.5190454E+02
     0.6143355E+01     0.5190250E+02
     0.6123182E+01     0.5190300E+02
     0.6111476E+01     0.5189675E+02
     0.6134074E+01     0.5189140E+02
     0.6149010E+01     0.5188029E+02
     0.6148728E+01     0.5187480E+02
     0.6155435E+01     0.5187049E+02
     0.6162885E+01     0.5186574E+02
     0.6162254E+01     0.5185888E+02
     0.6167259E+01     0.5184518E+02
     0.6142874E+01     0.5184870E+02
     0.6100800E+01     0.5185164E+02
     0.6075947E+01     0.5186250E+02
     0.6068843E+01     0.5186584E+02
     0.6059411E+01     0.5185709E+02
     0.6059481E+01     0.5185320E+02
     0.6054304E+01     0.5185172E+02
     0.6023541E+01     0.5184289E+02
     0.6018480E+01     0.5183760E+02
     0.5999791E+01     0.5183198E+02
     0.5975032E+01     0.5183545E+02
     0.5964746E+01     0.5183378E+02
     0.5956235E+01     0.5183554E+02
     0.5952670E+01     0.5182957E+02
     0.5951712E+01     0.5182225E+02
     0.5953720E+01     0.5181403E+02
     0.5970048E+01     0.5180798E+02
     0.5967929E+01     0.5180339E+02
     0.5976196E+01     0.5179499E+02
     0.5974401E+01     0.5179269E+02
     0.5982589E+01     0.5178818E+02
     0.5990780E+01     0.5178344E+02
     0.5989608E+01     0.5176788E+02
     0.5984170E+01     0.5176372E+02
     0.5960103E+01     0.5175280E+02
     0.5957216E+01     0.5175003E+02
     0.5961080E+01     0.5174068E+02
     0.5996420E+01     0.5173889E+02
     0.6032311E+01     0.5172702E+02
     0.6037498E+01     0.5172287E+02
     0.6040519E+01     0.5172045E+02
     0.6054572E+01     0.5171574E+02
     0.6042109E+01     0.5171383E+02
     0.6035177E+01     0.5171104E+02
     0.6031641E+01     0.5170346E+02
     0.6037269E+01     0.5169710E+02
     0.6032944E+01     0.5169250E+02
     0.6031927E+01     0.5168792E+02
     0.6033627E+01     0.5167535E+02
     0.6055776E+01     0.5166887E+02
     0.6112827E+01     0.5166056E+02
     0.6120595E+01     0.5165694E+02
     0.6121748E+01     0.5165375E+02
     0.6120996E+01     0.5165296E+02
     0.6113451E+01     0.5164501E+02
     0.6104259E+01     0.5162415E+02
     0.6098448E+01     0.5162068E+02
     0.6096731E+01     0.5161381E+02
     0.6098344E+01     0.5160513E+02
     0.6123849E+01     0.5159248E+02
     0.6132456E+01     0.5158156E+02
     0.6161282E+01     0.5156596E+02
     0.6173289E+01     0.5154976E+02
     0.6180353E+01     0.5154023E+02
     0.6202109E+01     0.5152960E+02
     0.6208404E+01     0.5152460E+02
     0.6218888E+01     0.5150797E+02
     0.6219506E+01     0.5149014E+02
     0.6226669E+01     0.5147486E+02
     0.6225495E+01     0.5145427E+02
     0.6217498E+01     0.5145126E+02
     0.6217450E+01     0.5143774E+02
     0.6217425E+01     0.5143068E+02
     0.6210691E+01     0.5141623E+02
     0.6210080E+01     0.5140800E+02
     0.6212361E+01     0.5140161E+02
     0.6232772E+01     0.5140377E+02
     0.6217995E+01     0.5139043E+02
     0.6226643E+01     0.5137219E+02
     0.6225337E+01     0.5136121E+02
     0.6207256E+01     0.5135059E+02
     0.6196131E+01     0.5133841E+02
     0.6180830E+01     0.5133786E+02
     0.6171047E+01     0.5133392E+02
     0.6162820E+01     0.5132381E+02
     0.6160032E+01     0.5131556E+02
     0.6134565E+01     0.5129049E+02
     0.6128196E+01     0.5127901E+02
     0.6101940E+01     0.5125987E+02
     0.6076711E+01     0.5124576E+02
     0.6076459E+01     0.5124509E+02
     0.6075667E+01     0.5124301E+02
     0.6086096E+01     0.5122867E+02
     0.6084688E+01     0.5122591E+02
     0.6075247E+01     0.5122517E+02
     0.6070936E+01     0.5122217E+02
     0.6076252E+01     0.5118790E+02
     0.6085176E+01     0.5117584E+02
     0.6091030E+01     0.5117337E+02
     0.6115298E+01     0.5117741E+02
     0.6125345E+01     0.5118502E+02
     0.6168361E+01     0.5119923E+02
     0.6183401E+01     0.5118971E+02
     0.6150121E+01     0.5118037E+02
     0.6143648E+01     0.5117621E+02
     0.6155707E+01     0.5117148E+02
     0.6171409E+01     0.5116586E+02
     0.6174009E+01     0.5116199E+02
     0.6172235E+01     0.5115923E+02
     0.6157431E+01     0.5115388E+02
     0.6127449E+01     0.5114456E+02
     0.6098506E+01     0.5113889E+02
     0.6094904E+01     0.5113726E+02
     0.6085648E+01     0.5112668E+02
     0.6073743E+01     0.5112271E+02
     0.6064331E+01     0.5112151E+02
     0.6054385E+01     0.5110955E+02
     0.6034979E+01     0.5109959E+02
     0.6019052E+01     0.5109810E+02
     0.6000384E+01     0.5108813E+02
     0.5999200E+01     0.5108698E+02
     0.5984371E+01     0.5107246E+02
     0.5972541E+01     0.5106575E+02
     0.5968506E+01     0.5104971E+02
     0.5956324E+01     0.5104298E+02
     0.5942256E+01     0.5104013E+02
     0.5934977E+01     0.5104190E+02
     0.5922351E+01     0.5105712E+02
     0.5916311E+01     0.5106897E+02
     0.5909756E+01     0.5107051E+02
     0.5887603E+01     0.5105569E+02
     0.5882720E+01     0.5105444E+02
     0.5865627E+01     0.5105002E+02
     0.5881836E+01     0.5103735E+02
     0.5877732E+01     0.5102612E+02
     0.5880393E+01     0.5102019E+02
     0.5896878E+01     0.5101096E+02
     0.5898840E+01     0.5100365E+02
     0.5904710E+01     0.5099981E+02
     0.5905596E+01     0.5099205E+02
     0.5903141E+01     0.5098837E+02
     0.5892068E+01     0.5098164E+02
     0.5900101E+01     0.5097805E+02
     0.5925310E+01     0.5098329E+02
     0.5942518E+01     0.5099097E+02
     0.5951918E+01     0.5099127E+02
     0.5962903E+01     0.5098450E+02
     0.5970168E+01     0.5098295E+02
     0.5997954E+01     0.5098636E+02
     0.6002612E+01     0.5098629E+02
     0.6028347E+01     0.5098589E+02
     0.6033132E+01     0.5098135E+02
     0.6029228E+01     0.5097721E+02
     0.6023102E+01     0.5097602E+02
     0.6013184E+01     0.5096475E+02
     0.6007111E+01     0.5096082E+02
     0.6017720E+01     0.5095403E+02
     0.6017509E+01     0.5094580E+02
     0.6021249E+01     0.5093897E+02
     0.6026357E+01     0.5093626E+02
     0.6056797E+01     0.5093121E+02
     0.6061913E+01     0.5092782E+02
     0.6085093E+01     0.5092432E+02
     0.6087027E+01     0.5091678E+02
     0.6086000E+01     0.5091335E+02
     0.6080297E+01     0.5090897E+02
     0.6079280E+01     0.5090507E+02
     0.6081508E+01     0.5090143E+02
     0.6077034E+01     0.5088955E+02
     0.6088489E+01     0.5088202E+02
     0.6094222E+01     0.5087522E+02
     0.6084918E+01     0.5087058E+02
     0.6079212E+01     0.5086666E+02
     0.6077266E+01     0.5085384E+02
     0.6074401E+01     0.5085268E+02
     0.6066087E+01     0.5085376E+02
     0.6050875E+01     0.5085732E+02
     0.6045871E+01     0.5085477E+02
     0.6033638E+01     0.5085308E+02
     0.6025766E+01     0.5084960E+02
     0.6020935E+01     0.5083767E+02
     0.6028336E+01     0.5082721E+02
     0.6023125E+01     0.5081642E+02
     0.6008936E+01     0.5080420E+02
     0.5998468E+01     0.5080527E+02
     0.5988281E+01     0.5081045E+02
     0.5981106E+01     0.5080880E+02
     0.5978031E+01     0.5080008E+02
     0.5984588E+01     0.5079625E+02
     0.5992186E+01     0.5079448E+02
     0.6019852E+01     0.5077867E+02
     0.6025306E+01     0.5077574E+02
     0.6026129E+01     0.5077003E+02
     0.6023048E+01     0.5076132E+02
     0.6025336E+01     0.5075425E+02
     0.6002635E+01     0.5075568E+02
     0.5983216E+01     0.5075485E+02
     0.5975988E+01     0.5075640E+02
     0.5970453E+01     0.5076344E+02
     0.5959287E+01     0.5076381E+02
     0.5944252E+01     0.5075958E+02
     0.5929898E+01     0.5075741E+02
     0.5922757E+01     0.5075461E+02
     0.5917723E+01     0.5075434E+02
     0.5908316E+01     0.5075678E+02
     0.5901890E+01     0.5075421E+02
     0.5895418E+01     0.5075393E+02
     0.5890682E+01     0.5075663E+02
     0.5888052E+01     0.5076187E+02
     0.5889764E+01     0.5076600E+02
     0.5884979E+01     0.5077099E+02
     0.5876418E+01     0.5076726E+02
     0.5865289E+01     0.5076579E+02
     0.5862970E+01     0.5076458E+02
     0.5852831E+01     0.5075928E+02
     0.5849442E+01     0.5076611E+02
     0.5846162E+01     0.5076791E+02
     0.5816875E+01     0.5075760E+02
     0.5807503E+01     0.5075820E+02
     0.5792415E+01     0.5077246E+02
     0.5782759E+01     0.5076963E+02
     0.5773758E+01     0.5078487E+02
     0.5766202E+01     0.5078457E+02
     0.5750574E+01     0.5077550E+02
     0.5741392E+01     0.5076810E+02
     0.5740136E+01     0.5076054E+02
     0.5732641E+01     0.5076032E+02
     0.5728265E+01     0.5076020E+02
     0.5721635E+01     0.5076630E+02
     0.5708449E+01     0.5076091E+02
     0.5704450E+01     0.5076247E+02
     0.5696654E+01     0.5075760E+02
     0.5691628E+01     0.5075709E+02
     0.5683246E+01     0.5076112E+02
     0.5700408E+01     0.5078004E+02
     0.5700293E+01     0.5078461E+02
     0.5692761E+01     0.5079757E+02
     0.5697607E+01     0.5080540E+02
     0.5695707E+01     0.5080927E+02
     0.5690205E+01     0.5081310E+02
     0.5672067E+01     0.5082819E+02
     0.5652022E+01     0.5083855E+02
     0.5646850E+01     0.5086063E+02
     0.5646503E+01     0.5087315E+02
     0.5650246E+01     0.5087537E+02
     0.5662972E+01     0.5088295E+02
     0.5673647E+01     0.5088211E+02
     0.5681150E+01     0.5088604E+02
     0.5688500E+01     0.5089574E+02
     0.5692757E+01     0.5090734E+02
     0.5721553E+01     0.5091246E+02
     0.5730214E+01     0.5093084E+02
     0.5745173E+01     0.5094159E+02
     0.5750997E+01     0.5095223E+02
     0.5757018E+01     0.5095518E+02
     0.5750702E+01     0.5096378E+02
     0.5749165E+01     0.5096344E+02
     0.5727966E+01     0.5095873E+02
     0.5721745E+01     0.5096348E+02
     0.5735139E+01     0.5097614E+02
     0.5736564E+01     0.5098000E+02
     0.5760642E+01     0.5099276E+02
     0.5767952E+01     0.5100535E+02
     0.5774980E+01     0.5102948E+02
     0.5761122E+01     0.5103416E+02
     0.5761000E+01     0.5103897E+02
     0.5769943E+01     0.5105137E+02
     0.5774282E+01     0.5105739E+02
     0.5775641E+01     0.5106414E+02
     0.5783230E+01     0.5106614E+02
     0.5794040E+01     0.5106144E+02
     0.5801489E+01     0.5106921E+02
     0.5801348E+01     0.5107499E+02
     0.5805744E+01     0.5108273E+02
     0.5799444E+01     0.5109037E+02
     0.5799326E+01     0.5109518E+02
     0.5805369E+01     0.5109813E+02
     0.5820678E+01     0.5109731E+02
     0.5832861E+01     0.5109935E+02
     0.5835736E+01     0.5110708E+02
     0.5814192E+01     0.5111265E+02
     0.5814006E+01     0.5112035E+02
     0.5818386E+01     0.5112906E+02
     0.5836649E+01     0.5113308E+02
     0.5844184E+01     0.5113796E+02
     0.5850147E+01     0.5114476E+02
     0.5850133E+01     0.5114534E+02
     0.5849967E+01     0.5115245E+02
     0.5837474E+01     0.5115855E+02
     0.5828456E+01     0.5115877E+02
     0.5825273E+01     0.5116088E+02
     0.5806073E+01     0.5115926E+02
     0.5803821E+01     0.5116164E+02
     0.5803680E+01     0.5116742E+02
     0.5798448E+01     0.5116830E+02
     0.5800500E+01     0.5117220E+02
     0.5794257E+01     0.5117695E+02
     0.5749508E+01     0.5118998E+02
     0.5726585E+01     0.5118781E+02
     0.5711371E+01     0.5118380E+02
     0.5696208E+01     0.5118562E+02
     0.5674488E+01     0.5118822E+02
     0.5668360E+01     0.5119235E+02
     0.5604710E+01     0.5119893E+02
     0.5594402E+01     0.5120994E+02
     0.5581220E+01     0.5121991E+02
     0.5559061E+01     0.5122794E+02
     0.5555914E+01     0.5124693E+02
     0.5557067E+01     0.5126553E+02
     0.5557220E+01     0.5126800E+02
     0.5537505E+01     0.5127971E+02
     0.5485156E+01     0.5130214E+02
     0.5468176E+01     0.5128775E+02
     0.5446481E+01     0.5127979E+02
     0.5430389E+01     0.5127837E+02
     0.5418489E+01     0.5126728E+02
     0.5400365E+01     0.5126995E+02
     0.5350379E+01     0.5127730E+02
     0.5340505E+01     0.5126421E+02
     0.5326271E+01     0.5126523E+02
     0.5257897E+01     0.5126426E+02
     0.5244501E+01     0.5126002E+02
     0.5235381E+01     0.5126232E+02
     0.5224761E+01     0.5127026E+02
     0.5225321E+01     0.5127136E+02
     0.5242819E+01     0.5130574E+02
     0.5221122E+01     0.5131595E+02
     0.5207333E+01     0.5132182E+02
     0.5166219E+01     0.5131554E+02
     0.5150722E+01     0.5131530E+02
     0.5138374E+01     0.5131713E+02
     0.5140530E+01     0.5132810E+02
     0.5129225E+01     0.5135262E+02
     0.5101112E+01     0.5137647E+02
     0.5095727E+01     0.5137994E+02
     0.5076533E+01     0.5139228E+02
     0.5095932E+01     0.5142497E+02
     0.5087670E+01     0.5145318E+02
     0.5079907E+01     0.5146885E+02
     0.5053327E+01     0.5146883E+02
     0.5046000E+01     0.5147357E+02
     0.5043504E+01     0.5148689E+02
     0.5037688E+01     0.5148639E+02
     0.5031758E+01     0.5148238E+02
     0.5014983E+01     0.5147104E+02
     0.5020742E+01     0.5145737E+02
     0.5016975E+01     0.5145447E+02
     0.5013991E+01     0.5144835E+02
     0.5000000E+01     0.5143974E+02
     0.4929434E+01     0.5139631E+02
     0.4924907E+01     0.5139624E+02
     0.4901496E+01     0.5141324E+02
     0.4898526E+01     0.5141388E+02
     0.4891035E+01     0.5141549E+02
     0.4867202E+01     0.5141264E+02
     0.4851600E+01     0.5141398E+02
     0.4803794E+01     0.5141149E+02
     0.4786877E+01     0.5141321E+02
     0.4775040E+01     0.5141704E+02
     0.4772391E+01     0.5143197E+02
     0.4784633E+01     0.5143341E+02
     0.4829782E+01     0.5142371E+02
     0.4828670E+01     0.5143381E+02
     0.4824711E+01     0.5143536E+02
     0.4823978E+01     0.5143634E+02
     0.4815439E+01     0.5144777E+02
     0.4817688E+01     0.5145734E+02
     0.4828095E+01     0.5146033E+02
     0.4827131E+01     0.5147153E+02
     0.4834146E+01     0.5148007E+02
     0.4832283E+01     0.5148206E+02
     0.4825428E+01     0.5148412E+02
     0.4816741E+01     0.5149554E+02
     0.4786657E+01     0.5150066E+02
     0.4781890E+01     0.5150544E+02
     0.4761375E+01     0.5150019E+02
     0.4751486E+01     0.5148989E+02
     0.4745466E+01     0.5148693E+02
     0.4734377E+01     0.5148147E+02
     0.4730106E+01     0.5147745E+02
     0.4729982E+01     0.5147071E+02
     0.4714938E+01     0.5145697E+02
     0.4713906E+01     0.5145051E+02
     0.4703923E+01     0.5144359E+02
     0.4700611E+01     0.5143792E+02
     0.4685869E+01     0.5142754E+02
     0.4655051E+01     0.5142498E+02
     0.4647518E+01     0.5142315E+02
     0.4589514E+01     0.5143175E+02
     0.4577472E+01     0.5143353E+02
     0.4561154E+01     0.5142815E+02
     0.4556704E+01     0.5142750E+02
     0.4547040E+01     0.5144076E+02
     0.4540606E+01     0.5146081E+02
     0.4542592E+01     0.5147431E+02
     0.4540372E+01     0.5148240E+02
     0.4485394E+01     0.5147761E+02
     0.4476812E+01     0.5147855E+02
     0.4468296E+01     0.5146996E+02
     0.4454842E+01     0.5146967E+02
     0.4440645E+01     0.5146657E+02
     0.4423976E+01     0.5145948E+02
     0.4378135E+01     0.5144447E+02
     0.4383982E+01     0.5143618E+02
     0.4386587E+01     0.5142166E+02
     0.4399104E+01     0.5140623E+02
     0.4432970E+01     0.5137725E+02
     0.4429513E+01     0.5137493E+02
     0.4432626E+01     0.5136715E+02
     0.4415902E+01     0.5136174E+02
     0.4388291E+01     0.5135889E+02
     0.4380978E+01     0.5136153E+02
     0.4376152E+01     0.5136159E+02
     0.4363947E+01     0.5136172E+02
     0.4353884E+01     0.5136542E+02
     0.4345229E+01     0.5137589E+02
     0.4339637E+01     0.5137968E+02
     0.4248818E+01     0.5137622E+02
     0.4248818E+01     0.5137622E+02
     0.4245615E+01     0.5138271E+02
     0.4248034E+01     0.5139169E+02
     0.4239470E+01     0.5140277E+02
     0.4230397E+01     0.5140664E+02
     0.4211100E+01     0.5140553E+02
     0.4206528E+01     0.5140886E+02
     0.4206528E+01     0.5140886E+02
     0.4200938E+01     0.5141079E+02
     0.4190423E+01     0.5140942E+02
     0.4179805E+01     0.5140346E+02
     0.4168524E+01     0.5140275E+02
     0.4153415E+01     0.5139875E+02
     0.4142068E+01     0.5139919E+02
     0.4128736E+01     0.5140232E+02
     0.4128736E+01     0.5140232E+02
     0.4118646E+01     0.5140620E+02
     0.4077791E+01     0.5141249E+02
     0.4077791E+01     0.5141249E+02
     0.4057983E+01     0.5141877E+02
     0.4050362E+01     0.5143003E+02
     0.4037792E+01     0.5143843E+02
     0.4033438E+01     0.5143787E+02
     0.4020832E+01     0.5144078E+02
     0.4009938E+01     0.5144556E+02
     0.3979713E+01     0.5146132E+02
     0.3976047E+01     0.5146146E+02
     0.3967115E+01     0.5145804E+02
     0.3951076E+01     0.5145720E+02
     0.3932153E+01     0.5144987E+02
     0.3927666E+01     0.5144564E+02
     0.3930945E+01     0.5144000E+02
     0.3923506E+01     0.5143044E+02
     0.3921851E+01     0.5142565E+02
     0.3921034E+01     0.5142328E+02
     0.3914098E+01     0.5141739E+02
     0.3901496E+01     0.5139717E+02
     0.3882810E+01     0.5139809E+02
     0.3879396E+01     0.5140006E+02
     0.3857153E+01     0.5139378E+02
     0.3813606E+01     0.5138948E+02
     0.3790401E+01     0.5140354E+02
     0.3779505E+01     0.5140807E+02
     0.3778199E+01     0.5141124E+02
     0.3770455E+01     0.5141285E+02
     0.3756707E+01     0.5141572E+02
     0.3751707E+01     0.5141399E+02
     0.3733253E+01     0.5141671E+02
     0.3727108E+01     0.5142113E+02
     0.3726465E+01     0.5142523E+02
     0.3718504E+01     0.5143486E+02
     0.3683649E+01     0.5145271E+02
     0.3689636E+01     0.5145608E+02
     0.3695175E+01     0.5145531E+02
     0.3699867E+01     0.5146161E+02
     0.3694397E+01     0.5146673E+02
     0.3690248E+01     0.5146319E+02
     0.3676466E+01     0.5146145E+02
     0.3674082E+01     0.5145887E+02
     0.3667050E+01     0.5146006E+02
     0.3660667E+01     0.5145714E+02
     0.3660172E+01     0.5145369E+02
     0.3657927E+01     0.5145348E+02
     0.3649997E+01     0.5145274E+02
     0.3643115E+01     0.5144705E+02
     0.3634204E+01     0.5144316E+02
     0.3629015E+01     0.5144416E+02
     0.3615177E+01     0.5144333E+02
     0.3607464E+01     0.5144381E+02
     0.3603858E+01     0.5144829E+02
     0.3588451E+01     0.5144375E+02
     0.3588451E+01     0.5144375E+02
     0.3579354E+01     0.5144250E+02
     0.3577948E+01     0.5144231E+02
     0.3561953E+01     0.5145126E+02
     0.3552299E+01     0.5145329E+02
     0.3530622E+01     0.5146481E+02
     0.3514979E+01     0.5148384E+02
     0.3493677E+01     0.5149995E+02
     0.3466912E+01     0.5151041E+02
     0.3446597E+01     0.5152265E+02
     0.3436056E+01     0.5152647E+02
     0.3436758E+01     0.5153679E+02
     0.3445240E+01     0.5154593E+02
     0.3470961E+01     0.5155516E+02
     0.3492881E+01     0.5156631E+02
     0.3502930E+01     0.5157037E+02
     0.3526376E+01     0.5157983E+02
     0.3535463E+01     0.5158100E+02
     0.3553879E+01     0.5159021E+02
     0.3571782E+01     0.5159642E+02
     0.3581605E+01     0.5159760E+02
     0.3590938E+01     0.5159534E+02
     0.3608167E+01     0.5159558E+02
     0.3627180E+01     0.5159128E+02
     0.3659645E+01     0.5159398E+02
     0.3672625E+01     0.5159730E+02
     0.3688678E+01     0.5159864E+02
     0.3702136E+01     0.5160037E+02
     0.3714472E+01     0.5159703E+02
     0.3719878E+01     0.5159305E+02
     0.3719878E+01     0.5159305E+02
     0.3727218E+01     0.5159301E+02
     0.3743896E+01     0.5159596E+02
     0.3749131E+01     0.5159449E+02
     0.3755142E+01     0.5159785E+02
     0.3769351E+01     0.5159937E+02
     0.3781500E+01     0.5159876E+02
     0.3784172E+01     0.5159922E+02
     0.3817417E+01     0.5160493E+02
     0.3824834E+01     0.5160375E+02
     0.3840101E+01     0.5160596E+02
     0.3859844E+01     0.5160142E+02
     0.3870029E+01     0.5159710E+02
     0.3875451E+01     0.5159266E+02
     0.3886234E+01     0.5157896E+02
     0.3893733E+01     0.5157640E+02
     0.3904024E+01     0.5156452E+02
     0.3901343E+01     0.5156057E+02
     0.3879940E+01     0.5155706E+02
     0.3872902E+01     0.5154682E+02
     0.3872902E+01     0.5154682E+02
     0.3871337E+01     0.5154266E+02
     0.3871337E+01     0.5154266E+02
     0.3883381E+01     0.5154342E+02
     0.3898132E+01     0.5154195E+02
     0.3907076E+01     0.5154538E+02
     0.3925369E+01     0.5154582E+02
     0.3930299E+01     0.5154319E+02
     0.3944726E+01     0.5152936E+02
     0.3966149E+01     0.5153239E+02
     0.3981345E+01     0.5152955E+02
     0.4007144E+01     0.5152101E+02
     0.4015638E+01     0.5151984E+02
     0.4027380E+01     0.5151348E+02
     0.4034194E+01     0.5151090E+02
     0.4053609E+01     0.5150356E+02
     0.4064075E+01     0.5148779E+02
     0.4060668E+01     0.5148359E+02
     0.4068606E+01     0.5147325E+02
     0.4091355E+01     0.5145981E+02
     0.4102555E+01     0.5144977E+02
     0.4123838E+01     0.5144225E+02
     0.4132289E+01     0.5144152E+02
     0.4143601E+01     0.5143560E+02
     0.4154253E+01     0.5143470E+02
     0.4157732E+01     0.5143775E+02
     0.4166897E+01     0.5144003E+02
     0.4166897E+01     0.5144003E+02
     0.4172867E+01     0.5144152E+02
     0.4182758E+01     0.5144682E+02
     0.4188473E+01     0.5144987E+02
     0.4194290E+01     0.5145046E+02
     0.4198437E+01     0.5144827E+02
     0.4208635E+01     0.5144895E+02
     0.4210720E+01     0.5144442E+02
     0.4222770E+01     0.5144468E+02
     0.4231060E+01     0.5144723E+02
     0.4238956E+01     0.5144938E+02
     0.4242397E+01     0.5144671E+02
     0.4253033E+01     0.5145266E+02
     0.4258511E+01     0.5145277E+02
     0.4262642E+01     0.5145081E+02
     0.4271356E+01     0.5145191E+02
     0.4274492E+01     0.5144809E+02
     0.4287337E+01     0.5145385E+02
     0.4297487E+01     0.5145544E+02
     0.4295928E+01     0.5147050E+02
     0.4287639E+01     0.5148154E+02
     0.4288356E+01     0.5148651E+02
     0.4288433E+01     0.5148705E+02
     0.4288433E+01     0.5148705E+02
     0.4285232E+01     0.5149202E+02
     0.4272777E+01     0.5149884E+02
     0.4261984E+01     0.5150204E+02
     0.4253911E+01     0.5150896E+02
     0.4221634E+01     0.5151650E+02
     0.4212150E+01     0.5150943E+02
     0.4206691E+01     0.5150885E+02
     0.4192130E+01     0.5151379E+02
     0.4188303E+01     0.5151669E+02
     0.4162946E+01     0.5152459E+02
     0.4155371E+01     0.5152259E+02
     0.4143195E+01     0.5152415E+02
     0.4138632E+01     0.5152702E+02
     0.4126790E+01     0.5152286E+02
     0.4076938E+01     0.5152973E+02
     0.4064628E+01     0.5153952E+02
     0.4062510E+01     0.5154427E+02
     0.4055164E+01     0.5154903E+02
     0.4049544E+01     0.5155267E+02
     0.4033261E+01     0.5155526E+02
     0.4023613E+01     0.5156922E+02
     0.4001789E+01     0.5157721E+02
     0.3994888E+01     0.5157724E+02
     0.3989212E+01     0.5158008E+02
     0.3986337E+01     0.5158504E+02
     0.3988548E+01     0.5159082E+02
     0.3993872E+01     0.5159369E+02
     0.4000044E+01     0.5159442E+02
     0.4020374E+01     0.5159821E+02
     0.4028531E+01     0.5159680E+02
     0.4071910E+01     0.5161359E+02
     0.4088428E+01     0.5161352E+02
     0.4101064E+01     0.5161083E+02
     0.4115042E+01     0.5160405E+02
     0.4122415E+01     0.5160357E+02
     0.4122415E+01     0.5160357E+02
     0.4160436E+01     0.5160576E+02
     0.4180080E+01     0.5160500E+02
     0.4183599E+01     0.5160490E+02
     0.4178607E+01     0.5161158E+02
     0.4182539E+01     0.5161279E+02
     0.4182539E+01     0.5161279E+02
     0.4183254E+01     0.5161589E+02
     0.4161137E+01     0.5161264E+02
     0.4152208E+01     0.5161473E+02
     0.4127234E+01     0.5161509E+02
     0.4121538E+01     0.5162457E+02
     0.4115823E+01     0.5162810E+02
     0.4108030E+01     0.5162952E+02
     0.4105206E+01     0.5163381E+02
     0.4107527E+01     0.5164265E+02
     0.4116794E+01     0.5164894E+02
     0.4139752E+01     0.5165198E+02
     0.4148989E+01     0.5165104E+02
     0.4170765E+01     0.5164283E+02
     0.4202094E+01     0.5163437E+02
     0.4202094E+01     0.5163437E+02
     0.4215030E+01     0.5163282E+02
     0.4220374E+01     0.5163568E+02
     0.4233350E+01     0.5163345E+02
     0.4255767E+01     0.5163301E+02
     0.4274909E+01     0.5163205E+02
     0.4285492E+01     0.5163319E+02
     0.4310087E+01     0.5163989E+02
     0.4336721E+01     0.5164296E+02
     0.4343150E+01     0.5164630E+02
     0.4355095E+01     0.5164890E+02
     0.4355095E+01     0.5164890E+02
     0.4363358E+01     0.5165289E+02
     0.4377849E+01     0.5165662E+02
     0.4387047E+01     0.5166321E+02
     0.4402852E+01     0.5168390E+02
     0.4405321E+01     0.5168981E+02
     0.4405321E+01     0.5168981E+02
     0.4403079E+01     0.5169351E+02
     0.4391718E+01     0.5168596E+02
     0.4389124E+01     0.5168636E+02
     0.4396410E+01     0.5169452E+02
     0.4387121E+01     0.5169639E+02
     0.4383656E+01     0.5169243E+02
     0.4375700E+01     0.5168998E+02
     0.4367280E+01     0.5167704E+02
     0.4367280E+01     0.5167704E+02
     0.4360187E+01     0.5167090E+02
     0.4351546E+01     0.5166873E+02
     0.4333366E+01     0.5166417E+02
     0.4320419E+01     0.5165910E+02
     0.4269894E+01     0.5165620E+02
     0.4254686E+01     0.5165885E+02
     0.4229145E+01     0.5166882E+02
     0.4223589E+01     0.5166962E+02
     0.4212228E+01     0.5167555E+02
     0.4197785E+01     0.5167752E+02
     0.4191742E+01     0.5168036E+02
     0.4176234E+01     0.5168162E+02
     0.4167842E+01     0.5168693E+02
     0.4156557E+01     0.5169766E+02
     0.4139346E+01     0.5170277E+02
     0.4109251E+01     0.5170804E+02
     0.4098343E+01     0.5170596E+02
     0.4092005E+01     0.5170742E+02
     0.4075888E+01     0.5170636E+02
     0.4068475E+01     0.5170733E+02
     0.4060133E+01     0.5171149E+02
     0.4056870E+01     0.5171073E+02
     0.4056870E+01     0.5171073E+02
     0.4053780E+01     0.5171317E+02
     0.4053024E+01     0.5171956E+02
     0.4045732E+01     0.5173061E+02
     0.4037840E+01     0.5173935E+02
     0.4036659E+01     0.5174664E+02
     0.4027950E+01     0.5174461E+02
     0.4024899E+01     0.5174637E+02
     0.4021510E+01     0.5175361E+02
     0.4024979E+01     0.5176307E+02
     0.4024800E+01     0.5177200E+02
     0.4020971E+01     0.5178037E+02
     0.4010180E+01     0.5178813E+02
     0.4002526E+01     0.5179870E+02
     0.3990745E+01     0.5179988E+02
     0.3990745E+01     0.5179988E+02
     0.3983717E+01     0.5179895E+02
     0.3975566E+01     0.5179967E+02
     0.3969153E+01     0.5180203E+02
     0.3952212E+01     0.5180186E+02
     0.3946512E+01     0.5179874E+02
     0.3916162E+01     0.5179504E+02
     0.3911289E+01     0.5179057E+02
     0.3911289E+01     0.5179057E+02
     0.3905785E+01     0.5179021E+02
     0.3889525E+01     0.5177951E+02
     0.3883259E+01     0.5177959E+02
     0.3876491E+01     0.5178171E+02
     0.3875463E+01     0.5177482E+02
     0.3869727E+01     0.5177239E+02
     0.3868795E+01     0.5177489E+02
     0.3866605E+01     0.5178078E+02
     0.3871811E+01     0.5178571E+02
     0.3862565E+01     0.5179761E+02
     0.3859733E+01     0.5180716E+02
     0.3863028E+01     0.5181319E+02
     0.3869695E+01     0.5181839E+02
     0.3884064E+01     0.5182423E+02
     0.3921736E+01     0.5182904E+02
     0.3948846E+01     0.5183770E+02
     0.3979779E+01     0.5184439E+02
     0.3986465E+01     0.5184459E+02
     0.4014756E+01     0.5184544E+02
     0.4012134E+01     0.5184012E+02
     0.4024652E+01     0.5183446E+02
     0.4036967E+01     0.5182605E+02
     0.4040621E+01     0.5182660E+02
     0.4040808E+01     0.5182957E+02
     0.4046164E+01     0.5183244E+02
     0.4048784E+01     0.5183182E+02
     0.4051125E+01     0.5182364E+02
     0.4046040E+01     0.5182237E+02
     0.4049958E+01     0.5181857E+02
     0.4055341E+01     0.5182099E+02
     0.4062010E+01     0.5182045E+02
     0.4074190E+01     0.5181410E+02
     0.4106472E+01     0.5180431E+02
     0.4115631E+01     0.5179902E+02
     0.4124277E+01     0.5179688E+02
     0.4131710E+01     0.5179504E+02
     0.4156281E+01     0.5178437E+02
     0.4156281E+01     0.5178437E+02
     0.4189969E+01     0.5177505E+02
     0.4189969E+01     0.5177505E+02
     0.4198323E+01     0.5177707E+02
     0.4206917E+01     0.5176702E+02
     0.4206917E+01     0.5176702E+02
     0.4214370E+01     0.5176048E+02
     0.4221854E+01     0.5175836E+02
     0.4228428E+01     0.5175278E+02
     0.4248047E+01     0.5174428E+02
     0.4259334E+01     0.5173331E+02
     0.4276532E+01     0.5172178E+02
     0.4307757E+01     0.5171580E+02
     0.4315886E+01     0.5171187E+02
     0.4315886E+01     0.5171187E+02
     0.4321355E+01     0.5170922E+02
     0.4341070E+01     0.5170506E+02
     0.4357964E+01     0.5170540E+02
     0.4373621E+01     0.5170824E+02
     0.4379352E+01     0.5171110E+02
     0.4383772E+01     0.5171096E+02
     0.4389928E+01     0.5170583E+02
     0.4397741E+01     0.5171102E+02
     0.4400704E+01     0.5171062E+02
     0.4401857E+01     0.5169873E+02
     0.4405489E+01     0.5169769E+02
     0.4409363E+01     0.5169981E+02
     0.4415238E+01     0.5169993E+02
     0.4421621E+01     0.5170441E+02
     0.4427166E+01     0.5170383E+02
     0.4415371E+01     0.5169742E+02
     0.4416701E+01     0.5169390E+02
     0.4416701E+01     0.5169390E+02
     0.4419295E+01     0.5169269E+02
     0.4428283E+01     0.5169653E+02
     0.4438493E+01     0.5169811E+02
     0.4443789E+01     0.5169752E+02
     0.4443789E+01     0.5169752E+02
     0.4447863E+01     0.5169463E+02
     0.4463063E+01     0.5169080E+02
     0.4483236E+01     0.5168572E+02
     0.4500216E+01     0.5168422E+02
     0.4569913E+01     0.5168669E+02
     0.4597517E+01     0.5169338E+02
     0.4600197E+01     0.5169114E+02
     0.4605371E+01     0.5169055E+02
     0.4603726E+01     0.5169418E+02
     0.4616013E+01     0.5169852E+02
     0.4630881E+01     0.5171046E+02
     0.4640399E+01     0.5171132E+02
     0.4640399E+01     0.5171132E+02
     0.4631063E+01     0.5172410E+02
     0.4631063E+01     0.5172410E+02
     0.4614031E+01     0.5171679E+02
     0.4598673E+01     0.5171431E+02
     0.4598673E+01     0.5171431E+02
     0.4563104E+01     0.5170555E+02
     0.4525744E+01     0.5170278E+02
     0.4512958E+01     0.5170848E+02
     0.4480512E+01     0.5171746E+02
     0.4451429E+01     0.5171804E+02
     0.4439286E+01     0.5171965E+02
     0.4439286E+01     0.5171965E+02
     0.4421504E+01     0.5172065E+02
     0.4408845E+01     0.5172360E+02
     0.4372754E+01     0.5173819E+02
     0.4360845E+01     0.5174070E+02
     0.4352488E+01     0.5174556E+02
     0.4348444E+01     0.5174548E+02
     0.4335686E+01     0.5175002E+02
     0.4308218E+01     0.5175425E+02
     0.4275455E+01     0.5176252E+02
     0.4275455E+01     0.5176252E+02
     0.4255205E+01     0.5176754E+02
     0.4237932E+01     0.5177998E+02
     0.4237777E+01     0.5178273E+02
     0.4248038E+01     0.5178363E+02
     0.4254125E+01     0.5178674E+02
     0.4252867E+01     0.5178946E+02
     0.4245283E+01     0.5178678E+02
     0.4234091E+01     0.5178928E+02
     0.4226039E+01     0.5179483E+02
     0.4208681E+01     0.5180200E+02
     0.4200545E+01     0.5180251E+02
     0.4182841E+01     0.5180759E+02
     0.4182841E+01     0.5180759E+02
     0.4175948E+01     0.5181364E+02
     0.4156721E+01     0.5182100E+02
     0.4144257E+01     0.5181980E+02
     0.4135695E+01     0.5182121E+02
     0.4135695E+01     0.5182121E+02
     0.4129382E+01     0.5182198E+02
     0.4126494E+01     0.5182718E+02
     0.4121857E+01     0.5182456E+02
     0.4113921E+01     0.5182782E+02
     0.4100215E+01     0.5182888E+02
     0.4089986E+01     0.5183345E+02
     0.4081827E+01     0.5184036E+02
     0.4059387E+01     0.5183939E+02
     0.4059958E+01     0.5184214E+02
     0.4069640E+01     0.5184671E+02
     0.4071630E+01     0.5185042E+02
     0.4067407E+01     0.5185925E+02
     0.4058322E+01     0.5186911E+02
     0.4035160E+01     0.5188573E+02
     0.4033448E+01     0.5188958E+02
     0.4035791E+01     0.5189353E+02
     0.4038797E+01     0.5189535E+02
     0.4043270E+01     0.5189805E+02
     0.4056352E+01     0.5191368E+02
     0.4060041E+01     0.5191377E+02
     0.4061636E+01     0.5191792E+02
     0.4048236E+01     0.5192562E+02
     0.4043920E+01     0.5192369E+02
     0.4042354E+01     0.5191908E+02
     0.4039062E+01     0.5191854E+02
     0.4031972E+01     0.5192570E+02
     0.4034218E+01     0.5193125E+02
     0.4029284E+01     0.5193937E+02
     0.4028961E+01     0.5194463E+02
     0.4024577E+01     0.5194979E+02
     0.4021401E+01     0.5195932E+02
     0.4014458E+01     0.5196397E+02
     0.4020612E+01     0.5197212E+02
     0.4025956E+01     0.5197545E+02
     0.4031866E+01     0.5197559E+02
     0.4035664E+01     0.5198002E+02
     0.4040862E+01     0.5198231E+02
     0.4047193E+01     0.5198509E+02
     0.4064656E+01     0.5198389E+02
     0.4078589E+01     0.5197986E+02
     0.4084352E+01     0.5197633E+02
     0.4087678E+01     0.5197023E+02
     0.4084232E+01     0.5196603E+02
     0.4076445E+01     0.5197249E+02
     0.4066911E+01     0.5197113E+02
     0.4070415E+01     0.5196824E+02
     0.4059324E+01     0.5196581E+02
     0.4036274E+01     0.5196674E+02
     0.4037336E+01     0.5196433E+02
     0.4045563E+01     0.5196341E+02
     0.4039738E+01     0.5195991E+02
     0.4040763E+01     0.5195807E+02
     0.4058259E+01     0.5196354E+02
     0.4066112E+01     0.5196373E+02
     0.4077505E+01     0.5196107E+02
     0.4079612E+01     0.5195522E+02
     0.4081504E+01     0.5194995E+02
     0.4078060E+01     0.5194576E+02
     0.4074179E+01     0.5194270E+02
     0.4047852E+01     0.5193797E+02
     0.4043512E+01     0.5194245E+02
     0.4039918E+01     0.5194076E+02
     0.4045178E+01     0.5193333E+02
     0.4054460E+01     0.5193263E+02
     0.4074127E+01     0.5193743E+02
     0.4097805E+01     0.5193887E+02
     0.4097805E+01     0.5193887E+02
     0.4099446E+01     0.5194052E+02
     0.4099446E+01     0.5194052E+02
     0.4089738E+01     0.5194213E+02
     0.4089108E+01     0.5194646E+02
     0.4089791E+01     0.5194740E+02
     0.4097695E+01     0.5194506E+02
     0.4098898E+01     0.5194966E+02
     0.4091978E+01     0.5195408E+02
     0.4098418E+01     0.5197002E+02
     0.4103863E+01     0.5197174E+02
     0.4120429E+01     0.5196685E+02
     0.4120429E+01     0.5196685E+02
     0.4127125E+01     0.5197867E+02
     0.4127125E+01     0.5197867E+02
     0.4098526E+01     0.5198672E+02
     0.4132147E+01     0.5200006E+02
     0.4153015E+01     0.5201795E+02
     0.4161751E+01     0.5202543E+02
     0.4265980E+01     0.5210136E+02
     0.4280837E+01     0.5211425E+02
     0.4282263E+01     0.5211506E+02
     0.4310340E+01     0.5213089E+02
     0.4339552E+01     0.5215322E+02
     0.4372147E+01     0.5218225E+02
     0.4403450E+01     0.5221537E+02
     0.4428134E+01     0.5224079E+02
     0.4495549E+01     0.5232751E+02
     0.4511230E+01     0.5234763E+02
     0.4546855E+01     0.5240297E+02
     0.4568079E+01     0.5244490E+02
     0.4568947E+01     0.5244661E+02
     0.4575097E+01     0.5246571E+02
     0.4581447E+01     0.5246582E+02
     0.4585342E+01     0.5246270E+02
     0.4590980E+01     0.5246211E+02
     0.4594478E+01     0.5246698E+02
     0.4601848E+01     0.5246917E+02
     0.4603818E+01     0.5246715E+02
     0.4610225E+01     0.5246612E+02
     0.4645064E+01     0.5246766E+02
     0.4639297E+01     0.5247297E+02
     0.4634989E+01     0.5247205E+02
     0.4625515E+01     0.5247463E+02
     0.4617679E+01     0.5247426E+02
     0.4606323E+01     0.5247703E+02
     0.4588782E+01     0.5247625E+02
     0.4586292E+01     0.5247369E+02
     0.4579940E+01     0.5247358E+02
     0.4579487E+01     0.5247517E+02
     0.4605777E+01     0.5253374E+02
     0.4610929E+01     0.5255142E+02
     0.4618925E+01     0.5257881E+02
     0.4623593E+01     0.5261366E+02
     0.4629073E+01     0.5263206E+02
     0.4630483E+01     0.5265701E+02
     0.4635633E+01     0.5267595E+02
     0.4640678E+01     0.5269448E+02
     0.4645107E+01     0.5272617E+02
     0.4645107E+01     0.5272617E+02
     0.4654982E+01     0.5276403E+02
     0.4659178E+01     0.5276758E+02
     0.4659178E+01     0.5276758E+02
     0.4665472E+01     0.5277290E+02
     0.4677463E+01     0.5278981E+02
     0.4707398E+01     0.5285779E+02
     0.4714958E+01     0.5288147E+02
     0.4715925E+01     0.5288765E+02
     0.4718439E+01     0.5290372E+02
     0.4721842E+01     0.5295180E+02
     0.4730426E+01     0.5296223E+02
     0.4736711E+01     0.5296531E+02
     0.4782380E+01     0.5296721E+02
     0.4782197E+01     0.5296622E+02
     0.4782197E+01     0.5296622E+02
     0.4781179E+01     0.5296066E+02
     0.4787334E+01     0.5295867E+02
     0.4792233E+01     0.5295846E+02
     0.4803360E+01     0.5296321E+02
     0.4807180E+01     0.5296236E+02
     0.4807960E+01     0.5295345E+02
     0.4799789E+01     0.5294189E+02
     0.4799282E+01     0.5293639E+02
     0.4817078E+01     0.5291038E+02
     0.4830215E+01     0.5290373E+02
     0.4848570E+01     0.5289854E+02
     0.4854797E+01     0.5289429E+02
     0.4878069E+01     0.5288871E+02
     0.4883947E+01     0.5288927E+02
     0.4901379E+01     0.5289091E+02
     0.4906543E+01     0.5289373E+02
     0.4938274E+01     0.5290222E+02
     0.4957372E+01     0.5291508E+02
     0.4965259E+01     0.5292526E+02
     0.4973036E+01     0.5292904E+02
     0.5000000E+01     0.5293512E+02
     0.5005608E+01     0.5293638E+02
     0.5019701E+01     0.5293361E+02
     0.5032376E+01     0.5293791E+02
     0.5041540E+01     0.5293552E+02
     0.5046349E+01     0.5293811E+02
     0.5052875E+01     0.5293285E+02
     0.5056107E+01     0.5293024E+02
     0.5051352E+01     0.5292629E+02
     0.5058679E+01     0.5292250E+02
     0.5077725E+01     0.5289899E+02
     0.5083528E+01     0.5289542E+02
     0.5086324E+01     0.5289088E+02
     0.5093595E+01     0.5287909E+02
     0.5121982E+01     0.5284702E+02
     0.5122635E+01     0.5283971E+02
     0.5110135E+01     0.5278191E+02
     0.5111019E+01     0.5277849E+02
     0.5120249E+01     0.5277336E+02
     0.5126390E+01     0.5277024E+02
     0.5129178E+01     0.5276616E+02
     0.5128606E+01     0.5276136E+02
     0.5132173E+01     0.5275660E+02
     0.5142498E+01     0.5275217E+02
     0.5149608E+01     0.5274312E+02
     0.5155742E+01     0.5274000E+02
     0.5173406E+01     0.5274046E+02
     0.5181535E+01     0.5274446E+02
     0.5197293E+01     0.5275610E+02
     0.5204014E+01     0.5275756E+02
     0.5264901E+01     0.5275568E+02
     0.5276632E+01     0.5275372E+02
     0.5278147E+01     0.5275094E+02
     0.5279994E+01     0.5274754E+02
     0.5286826E+01     0.5274580E+02
     0.5291940E+01     0.5273923E+02
     0.5290978E+01     0.5272321E+02
     0.5295407E+01     0.5271458E+02
     0.5303100E+01     0.5270941E+02
     0.5302832E+01     0.5270621E+02
     0.5298501E+01     0.5270090E+02
     0.5287394E+01     0.5269596E+02
     0.5289418E+01     0.5269167E+02
     0.5295261E+01     0.5269104E+02
     0.5295339E+01     0.5268892E+02
     0.5281771E+01     0.5267812E+02
     0.5278203E+01     0.5268019E+02
     0.5273403E+01     0.5268755E+02
     0.5253905E+01     0.5268639E+02
     0.5246817E+01     0.5267288E+02
     0.5245451E+01     0.5267028E+02
     0.5246050E+01     0.5266388E+02
     0.5239192E+01     0.5265602E+02
     0.5197860E+01     0.5263605E+02
     0.5181347E+01     0.5263606E+02
     0.5164820E+01     0.5262624E+02
     0.5137239E+01     0.5262130E+02
     0.5131947E+01     0.5262236E+02
     0.5130182E+01     0.5262943E+02
     0.5122125E+01     0.5263412E+02
     0.5106302E+01     0.5263573E+02
     0.5096811E+01     0.5263858E+02
     0.5094438E+01     0.5264174E+02
     0.5086560E+01     0.5264163E+02
     0.5070615E+01     0.5263661E+02
     0.5052843E+01     0.5264001E+02
     0.5030178E+01     0.5263420E+02
     0.5025082E+01     0.5263024E+02
     0.5022667E+01     0.5262494E+02
     0.5027411E+01     0.5260946E+02
     0.5025700E+01     0.5260532E+02
     0.5028470E+01     0.5260170E+02
     0.5027161E+01     0.5259688E+02
     0.5042196E+01     0.5257697E+02
     0.5039425E+01     0.5257121E+02
     0.5047836E+01     0.5256699E+02
     0.5052508E+01     0.5256248E+02
     0.5053061E+01     0.5256130E+02
     0.5058643E+01     0.5254930E+02
     0.5062538E+01     0.5254548E+02
     0.5064757E+01     0.5253659E+02
     0.5076888E+01     0.5252304E+02
     0.5084590E+01     0.5251743E+02
     0.5089396E+01     0.5250926E+02
     0.5088822E+01     0.5250468E+02
     0.5084171E+01     0.5249913E+02
     0.5079816E+01     0.5249564E+02
     0.5068758E+01     0.5249136E+02
     0.5067965E+01     0.5248289E+02
     0.5075429E+01     0.5247362E+02
     0.5071433E+01     0.5247059E+02
     0.5066237E+01     0.5246960E+02
     0.5042394E+01     0.5246743E+02
     0.5044405E+01     0.5246380E+02
     0.5045163E+01     0.5246386E+02
     0.5057073E+01     0.5246490E+02
     0.5055081E+01     0.5245846E+02
     0.5058559E+01     0.5244593E+02
     0.5089291E+01     0.5244363E+02
     0.5097247E+01     0.5244077E+02
     0.5083337E+01     0.5243325E+02
     0.5079173E+01     0.5242496E+02
     0.5067607E+01     0.5241496E+02
     0.5059797E+01     0.5241416E+02
     0.5043496E+01     0.5240135E+02
     0.5036088E+01     0.5239987E+02
     0.5025784E+01     0.5238668E+02
     0.5023255E+01     0.5238581E+02
     0.5018587E+01     0.5238419E+02
     0.5018587E+01     0.5238419E+02
     0.5017497E+01     0.5237925E+02
     0.5013541E+01     0.5237553E+02
     0.5001780E+01     0.5238039E+02
     0.5000000E+01     0.5237996E+02
     0.4987738E+01     0.5237698E+02
     0.4983254E+01     0.5237714E+02
     0.4963078E+01     0.5238689E+02
     0.4941752E+01     0.5238817E+02
     0.4914306E+01     0.5238409E+02
     0.4910499E+01     0.5238586E+02
     0.4906319E+01     0.5238762E+02
     0.4900327E+01     0.5239691E+02
     0.4903824E+01     0.5240245E+02
     0.4902991E+01     0.5240450E+02
     0.4896038E+01     0.5240118E+02
     0.4882854E+01     0.5241264E+02
     0.4872021E+01     0.5241270E+02
     0.4870438E+01     0.5241586E+02
     0.4861393E+01     0.5242230E+02
     0.4851779E+01     0.5242213E+02
     0.4848426E+01     0.5242528E+02
     0.4842263E+01     0.5242709E+02
     0.4838578E+01     0.5242386E+02
     0.4825101E+01     0.5242522E+02
     0.4821227E+01     0.5242972E+02
     0.4814650E+01     0.5242641E+02
     0.4770374E+01     0.5243071E+02
     0.4770374E+01     0.5243071E+02
     0.4771401E+01     0.5242455E+02
     0.4771401E+01     0.5242455E+02
     0.4774978E+01     0.5241981E+02
     0.4777858E+01     0.5240568E+02
     0.4781237E+01     0.5240527E+02
     0.4783186E+01     0.5241171E+02
     0.4795116E+01     0.5241204E+02
     0.4793532E+01     0.5241468E+02
     0.4784514E+01     0.5241539E+02
     0.4778493E+01     0.5242467E+02
     0.4779892E+01     0.5242675E+02
     0.4784642E+01     0.5242711E+02
     0.4797403E+01     0.5242534E+02
     0.4803635E+01     0.5242212E+02
     0.4812542E+01     0.5242340E+02
     0.4818899E+01     0.5241482E+02
     0.4823146E+01     0.5240322E+02
     0.4820162E+01     0.5240018E+02
     0.4814638E+01     0.5239991E+02
     0.4814431E+01     0.5239812E+02
     0.4826071E+01     0.5239618E+02
     0.4836002E+01     0.5239797E+02
     0.4835312E+01     0.5240028E+02
     0.4832649E+01     0.5240112E+02
     0.4831682E+01     0.5240930E+02
     0.4826191E+01     0.5241036E+02
     0.4820956E+01     0.5241897E+02
     0.4823140E+01     0.5242226E+02
     0.4841849E+01     0.5242052E+02
     0.4839312E+01     0.5241442E+02
     0.4850700E+01     0.5241350E+02
     0.4872220E+01     0.5239944E+02
     0.4876304E+01     0.5239996E+02
     0.4879878E+01     0.5240368E+02
     0.4886936E+01     0.5239578E+02
     0.4896389E+01     0.5239296E+02
     0.4900458E+01     0.5238502E+02
     0.4909201E+01     0.5238126E+02
     0.4916910E+01     0.5238083E+02
     0.4931948E+01     0.5238296E+02
     0.4941329E+01     0.5238157E+02
     0.4949916E+01     0.5238029E+02
     0.4951672E+01     0.5237857E+02
     0.4948573E+01     0.5237620E+02
     0.4958012E+01     0.5237350E+02
     0.4960470E+01     0.5236863E+02
     0.4962290E+01     0.5236973E+02
     0.4957114E+01     0.5237766E+02
     0.4958101E+01     0.5238087E+02
     0.4962501E+01     0.5238277E+02
     0.4981585E+01     0.5237231E+02
     0.4970045E+01     0.5237168E+02
     0.4965329E+01     0.5236840E+02
     0.4965329E+01     0.5236840E+02
     0.4980093E+01     0.5236314E+02
     0.4994575E+01     0.5236473E+02
     0.4996513E+01     0.5236293E+02
     0.4995234E+01     0.5235765E+02
     0.5000000E+01     0.5235276E+02
     0.5008627E+01     0.5234915E+02
     0.5014980E+01     0.5234879E+02
     0.5029406E+01     0.5235175E+02
     0.5034651E+01     0.5235114E+02
     0.5041557E+01     0.5234620E+02
     0.5035348E+01     0.5234291E+02
     0.5035519E+01     0.5233857E+02
     0.5063356E+01     0.5234172E+02
     0.5073478E+01     0.5234026E+02
     0.5087142E+01     0.5234365E+02
     0.5101727E+01     0.5234249E+02
     0.5119228E+01     0.5233313E+02
     0.5134211E+01     0.5232935E+02
     0.5138752E+01     0.5232928E+02
     0.5139668E+01     0.5233097E+02
     0.5145568E+01     0.5233646E+02
     0.5141708E+01     0.5234007E+02
     0.5134179E+01     0.5234202E+02
     0.5136482E+01     0.5235028E+02
     0.5136363E+01     0.5236355E+02
     0.5134625E+01     0.5237016E+02
     0.5125741E+01     0.5237827E+02
     0.5125622E+01     0.5238147E+02
     0.5129215E+01     0.5238518E+02
     0.5156464E+01     0.5239515E+02
     0.5162681E+01     0.5239867E+02
     0.5164777E+01     0.5240258E+02
     0.5204481E+01     0.5241980E+02
     0.5211135E+01     0.5242172E+02
     0.5213021E+01     0.5242155E+02
     0.5215631E+01     0.5242132E+02
     0.5228066E+01     0.5242880E+02
     0.5249186E+01     0.5243603E+02
     0.5262770E+01     0.5244068E+02
     0.5288846E+01     0.5245404E+02
     0.5313579E+01     0.5246326E+02
     0.5317584E+01     0.5246651E+02
     0.5353381E+01     0.5248089E+02
     0.5377323E+01     0.5249237E+02
     0.5391797E+01     0.5249597E+02
     0.5414245E+01     0.5250957E+02
     0.5424114E+01     0.5251555E+02
     0.5430179E+01     0.5252522E+02
     0.5443379E+01     0.5253428E+02
     0.5464874E+01     0.5255418E+02
     0.5483890E+01     0.5255713E+02
     0.5500728E+01     0.5255777E+02
     0.5556634E+01     0.5259249E+02
     0.5567019E+01     0.5259893E+02
     0.5626449E+01     0.5260591E+02
     0.5639802E+01     0.5261152E+02
     0.5647665E+01     0.5261205E+02
     0.5651871E+01     0.5260889E+02
     0.5661525E+01     0.5261264E+02
     0.5633825E+01     0.5263936E+02
     0.5625451E+01     0.5264385E+02
     0.5610846E+01     0.5265675E+02
     0.5607461E+01     0.5265694E+02
     0.5602454E+01     0.5266170E+02
     0.5597187E+01     0.5266210E+02
     0.5591839E+01     0.5266548E+02
     0.5595488E+01     0.5266940E+02
     0.5597038E+01     0.5268154E+02
     0.5598589E+01     0.5273551E+02
     0.5596776E+01     0.5274693E+02
     0.5605134E+01     0.5277193E+02
     0.5607299E+01     0.5277391E+02
     0.5669143E+01     0.5283037E+02
     0.5683062E+01     0.5283141E+02
     0.5693550E+01     0.5283402E+02
     0.5715762E+01     0.5283513E+02
     0.5719120E+01     0.5283653E+02
     0.5717528E+01     0.5283995E+02
     0.5699330E+01     0.5284413E+02
     0.5678229E+01     0.5284372E+02
     0.5664324E+01     0.5284199E+02
     0.5660674E+01     0.5285202E+02
     0.5651431E+01     0.5285947E+02
     0.5645009E+01     0.5285987E+02
     0.5635744E+01     0.5285361E+02
     0.5618858E+01     0.5285048E+02
     0.5607531E+01     0.5285106E+02
     0.5593286E+01     0.5284795E+02
     0.5583441E+01     0.5283574E+02
     0.5560146E+01     0.5283259E+02
     0.5560146E+01     0.5283259E+02
     0.5547699E+01     0.5283332E+02
     0.5471316E+01     0.5285402E+02
     0.5462255E+01     0.5285438E+02
     0.5462255E+01     0.5285438E+02
     0.5450547E+01     0.5285493E+02
     0.5428124E+01     0.5284829E+02
     0.5406845E+01     0.5285353E+02
     0.5387203E+01     0.5286397E+02
     0.5381141E+01     0.5286719E+02
     0.5373540E+01     0.5286893E+02
     0.5361256E+01     0.5288708E+02
     0.5365184E+01     0.5289399E+02
     0.5379600E+01     0.5290353E+02
     0.5390820E+01     0.5290686E+02
     0.5398746E+01     0.5290695E+02
     0.5406565E+01     0.5291047E+02
     0.5410203E+01     0.5291485E+02
     0.5408546E+01     0.5293152E+02
     0.5399877E+01     0.5294286E+02
     0.5401700E+01     0.5294493E+02
     0.5411058E+01     0.5294778E+02
     0.5413175E+01     0.5295261E+02
     0.5410693E+01     0.5295944E+02
     0.5414399E+01     0.5296143E+02
     0.5414399E+01     0.5296143E+02
     0.5414927E+01     0.5296909E+02
     0.5402765E+01     0.5299501E+02
     0.5406295E+01     0.5301334E+02
     0.5406295E+01     0.5301334E+02
     0.5404082E+01     0.5302521E+02
     0.5397503E+01     0.5302971E+02
     0.5405271E+01     0.5303551E+02
     0.5403378E+01     0.5304482E+02
     0.5393925E+01     0.5304085E+02
     0.5386823E+01     0.5304399E+02
     0.5380442E+01     0.5305398E+02
     0.5383422E+01     0.5305962E+02
     0.5383422E+01     0.5305962E+02
     0.5398569E+01     0.5305578E+02
     0.5400012E+01     0.5305809E+02
     0.5394743E+01     0.5306623E+02
     0.5383268E+01     0.5308396E+02
     0.5379677E+01     0.5310129E+02
     0.5383963E+01     0.5310957E+02
     0.5399526E+01     0.5312118E+02
     0.5408654E+01     0.5313248E+02
     0.5415402E+01     0.5315931E+02
     0.5413782E+01     0.5317461E+02
     0.5417077E+01     0.5317853E+02
     0.5427158E+01     0.5317942E+02
     0.5421341E+01     0.5318795E+02
     0.5432148E+01     0.5320704E+02
     0.5444668E+01     0.5322021E+02
     0.5471197E+01     0.5323581E+02
     0.5499701E+01     0.5324960E+02
     0.5501293E+01     0.5325032E+02
     0.5509464E+01     0.5325404E+02
     0.5521558E+01     0.5325753E+02
     0.5528335E+01     0.5325949E+02
     0.5559724E+01     0.5328015E+02
     0.5561105E+01     0.5328519E+02
     0.5569258E+01     0.5329327E+02
     0.5598211E+01     0.5330704E+02
     0.5614805E+01     0.5331337E+02
     0.5664346E+01     0.5332040E+02
     0.5664346E+01     0.5332040E+02
     0.5677897E+01     0.5331989E+02
     0.5685801E+01     0.5332385E+02
     0.5696824E+01     0.5332509E+02
     0.5735639E+01     0.5333967E+02
     0.5765968E+01     0.5335105E+02
     0.5788747E+01     0.5335558E+02
     0.5796297E+01     0.5335906E+02
     0.5821708E+01     0.5336566E+02
     0.5830386E+01     0.5337007E+02
     0.5861923E+01     0.5337625E+02
     0.5882742E+01     0.5338440E+02
     0.5894135E+01     0.5338723E+02
     0.5925267E+01     0.5338604E+02
     0.5925267E+01     0.5338604E+02
     0.5965713E+01     0.5339686E+02
     0.5986637E+01     0.5340088E+02
     0.6006596E+01     0.5340247E+02
     0.6006596E+01     0.5340247E+02
     0.6034626E+01     0.5340780E+02
     0.6051044E+01     0.5340790E+02
     0.6074677E+01     0.5341055E+02
     0.6090734E+01     0.5340950E+02
     0.6090734E+01     0.5340950E+02
     0.6096789E+01     0.5341296E+02
     0.6143468E+01     0.5340726E+02
     0.6169568E+01     0.5341426E+02
     0.6183415E+01     0.5341797E+02
     0.6195292E+01     0.5341528E+02
     0.6201717E+01     0.5341069E+02
     0.6233021E+01     0.5341602E+02
     0.6236525E+01     0.5341661E+02
     0.6247942E+01     0.5341986E+02
     0.6283178E+01     0.5341177E+02
     0.6300063E+01     0.5340453E+02
     0.6312379E+01     0.5339566E+02
     0.6312379E+01     0.5339566E+02
     0.6335568E+01     0.5340511E+02
     0.6382072E+01     0.5341655E+02
     0.6382072E+01     0.5341655E+02
     0.6388900E+01     0.5341877E+02
     0.6435468E+01     0.5342256E+02
     0.6459504E+01     0.5342651E+02
     0.6483556E+01     0.5342862E+02
     0.6502287E+01     0.5342706E+02
     0.6502287E+01     0.5342706E+02
     0.6548872E+01     0.5343127E+02
     0.6566420E+01     0.5343633E+02
     0.6597357E+01     0.5343957E+02
     0.6611357E+01     0.5344536E+02
END
27

     0.4941486E+01     0.5143175E+02
     0.4935766E+01     0.5142922E+02
     0.4925197E+01     0.5143390E+02
     0.4923812E+01     0.5143589E+02
     0.4928256E+01     0.5143800E+02
     0.4928149E+01     0.5144043E+02
     0.4923474E+01     0.5144358E+02
     0.4924645E+01     0.5144644E+02
     0.4954222E+01     0.5145180E+02
END
28
     0.4928705E+01     0.5323761E+02
     0.5000000E+01     0.5328809E+02
     0.5001843E+01     0.5328889E+02
     0.5037541E+01     0.5330106E+02
     0.5062794E+01     0.5330804E+02
     0.5071527E+01     0.5330885E+02
     0.5099474E+01     0.5330558E+02
     0.5101529E+01     0.5330172E+02
     0.5096737E+01     0.5329754E+02
     0.5068179E+01     0.5329715E+02
     0.5055913E+01     0.5328943E+02
     0.5038666E+01     0.5328256E+02
     0.5036335E+01     0.5328208E+02
     0.5011093E+01     0.5327691E+02
     0.5000000E+01     0.5327388E+02
     0.4973814E+01     0.5326676E+02
     0.4970513E+01     0.5326374E+02
     0.4979654E+01     0.5325450E+02
     0.4985379E+01     0.5325413E+02
     0.4987356E+01     0.5325233E+02
     0.4985549E+01     0.5325001E+02
     0.4964669E+01     0.5323965E+02
     0.4945820E+01     0.5323548E+02
     0.4921187E+01     0.5321544E+02
     0.4905624E+01     0.5321475E+02
     0.4895234E+01     0.5321756E+02
     0.4888909E+01     0.5321719E+02
     0.4873991E+01     0.5321632E+02
     0.4863218E+01     0.5321912E+02
     0.4859498E+01     0.5321724E+02
     0.4854704E+01     0.5322242E+02
     0.4859905E+01     0.5322524E+02
     0.4879712E+01     0.5323333E+02
     0.4900104E+01     0.5323684E+02
     0.4918793E+01     0.5324467E+02
     0.4938484E+01     0.5325594E+02
     0.4958441E+01     0.5327019E+02
     0.4986631E+01     0.5328234E+02
     0.5000000E+01     0.5328809E+02
END
END
