nevada
1
       -116.212143         37.855633
       -114.630966         35.005684
       -115.000000         35.289032
       -115.193787         35.437824
       -116.659538         36.588902
       -118.126228         37.691349
       -120.000000         38.999191
       -120.000000         39.081699
       -120.000000         39.165001
       -120.000000         39.248299
       -120.000000         39.331600
       -120.000000         39.414902
       -120.000000         39.498199
       -120.000000         39.581501
       -120.000000         39.664799
       -120.000000         39.748100
       -120.000000         39.831402
       -120.000000         39.914703
       -119.999840         39.998001
       -120.000000         40.000000
       -119.989693         40.061192
       -119.987595         40.066746
       -119.987839         40.072605
       -119.988815         40.095982
       -119.986687         40.100849
       -119.988319         40.109261
       -119.987907         40.197910
       -119.989120         40.273911
       -119.986328         40.283375
       -119.986687         40.285507
       -119.988930         40.298847
       -119.989517         40.350300
       -119.986855         40.373940
       -119.989906         40.386429
       -119.990173         40.410793
       -119.991371         40.517700
       -119.990219         40.535809
       -119.989914         40.536442
       -119.987778         40.540916
       -119.990593         40.560276
       -119.990837         40.650875
       -119.988708         40.656200
       -119.989441         40.661495
       -119.991135         40.673748
       -119.989449         40.687527
       -119.991196         40.715160
       -119.989105         40.721172
       -119.992447         40.733200
       -119.991051         40.741020
       -119.990967         40.786533
       -119.990944         40.796402
       -119.989067         40.812248
       -119.991257         40.819504
       -119.992043         40.868912
       -119.988777         40.911961
       -119.990974         40.951790
       -119.989815         40.964184
       -119.992104         40.967545
       -119.992363         41.025047
       -119.992935         41.150822
       -119.992989         41.162067
       -119.990952         41.175179
       -119.992783         41.186794
       -119.992584         41.276436
       -119.992538         41.296909
       -119.994003         41.301670
       -119.991089         41.326939
       -119.994049         41.336922
       -119.993439         41.401764
       -119.993179         41.429436
       -119.994972         41.474712
       -119.994850         41.527546
       -119.994675         41.606598
       -119.991051         41.618839
       -119.991020         41.653065
       -119.995056         41.694050
       -119.995331         41.716480
       -119.993027         41.730515
       -119.993896         41.748741
       -119.995766         41.787678
       -119.994591         41.845875
       -119.995834         41.874920
       -119.994392         41.882290
       -119.996017         41.924145
       -119.995438         42.000259
       -119.927856         42.005844
       -119.913818         42.005005
       -119.891785         42.003685
       -119.882660         42.005550
       -119.745384         42.005882
       -119.686592         42.005970
       -119.650253         42.004425
       -119.643562         42.005978
       -119.576904         42.005970
       -119.478836         42.005882
       -119.451981         42.003345
       -119.447418         42.004375
       -119.408577         42.002377
       -119.387886         42.003082
       -119.363815         42.003899
       -119.358505         42.001965
       -119.259186         42.000179
       -119.247261         42.001598
       -119.219856         42.001797
       -119.144669         42.002308
       -119.100624         41.999607
       -119.094864         42.001564
       -119.073059         42.001804
       -119.051743         42.001804
       -118.882904         42.001686
       -118.878265         42.001678
       -118.869308         42.000252
       -118.842941         42.001907
       -118.769241         42.002850
       -118.714371         42.003384
       -118.545540         42.004860
       -118.376694         42.006081
       -118.207848         42.007038
       -118.038994         42.007740
       -117.870132         42.008186
       -117.701279         42.008373
       -117.532417         42.008301
       -117.363564         42.007969
       -117.194710         42.007381
       -117.025856         42.006538
       -116.995285         42.006657
       -116.826431         42.007160
       -116.657578         42.007404
       -116.488716         42.007393
       -116.319862         42.007122
       -116.151009         42.006592
       -116.058632         42.006195
       -115.982170         42.005096
       -115.813362         42.002487
       -115.693428         42.005733
       -115.644585         42.005611
       -115.561974         42.005363
       -115.554932         42.004147
       -115.509758         42.005268
       -115.475952         42.004963
       -115.357399         42.003826
       -115.316269         42.003914
       -115.307312         42.005859
       -115.301224         42.003494
       -115.254837         42.003811
       -115.189751         42.001968
       -115.168198         42.001350
       -115.072113         42.001942
       -115.051254         42.000946
       -115.000000         42.003304
       -114.999496         42.003326
       -114.924217         42.006748
       -114.830780         42.006596
       -114.770927         42.006458
       -114.687111         42.001839
       -114.627823         42.004543
       -114.518394         42.002930
       -114.378487         42.000713
       -114.349609         41.999748
       -114.301201         41.998119
       -114.183479         41.998489
       -114.164688         41.999660
       -114.159836         41.998173
       -114.132828         41.998314
       -114.087303         41.998539
       -114.080925         41.996784
       -114.056076         41.995960
       -114.036346         41.997936
       -114.036156         41.872105
       -114.035957         41.746281
       -114.035851         41.675667
       -114.035645         41.666279
       -114.034424         41.666248
       -114.035683         41.658268
       -114.034592         41.626881
       -114.035789         41.621490
       -114.036110         41.620052
       -114.034439         41.595062
       -114.035316         41.495735
       -114.035385         41.487965
       -114.033684         41.484947
       -114.035698         41.473553
       -114.035156         41.370296
       -114.035095         41.357559
       -114.035919         41.231773
       -114.036743         41.105995
       -114.037560         40.980232
       -114.038376         40.854477
       -114.039139         40.736816
       -114.042580         40.694817
       -114.042847         40.611164
       -114.043243         40.485447
       -114.043648         40.359741
       -114.044037         40.234051
       -114.044434         40.108376
       -114.044495         40.088135
       -114.060295         40.000000
       -114.050163         37.001751
       -114.044380         37.001804
       -114.051605         36.196590
       -114.051605         36.196590
       -114.058563         36.181492
       -114.069344         36.162872
       -114.079773         36.151226
       -114.099106         36.133884
       -114.099106         36.133884
       -114.109474         36.123234
       -114.118469         36.115536
       -114.121368         36.106640
       -114.117088         36.093521
       -114.128540         36.085899
       -114.134476         36.065121
       -114.141037         36.031376
       -114.154785         36.026825
       -114.154785         36.026825
       -114.170647         36.029331
       -114.194397         36.021099
       -114.224144         36.016048
       -114.224144         36.016048
       -114.237694         36.015476
       -114.261627         36.029205
       -114.272018         36.043510
       -114.291382         36.050102
       -114.314011         36.065777
       -114.308311         36.082577
       -114.319572         36.104893
       -114.346954         36.124702
       -114.374542         36.140518
       -114.406273         36.146465
       -114.421211         36.142918
       -114.439095         36.128471
       -114.447701         36.128727
       -114.463280         36.138172
       -114.470650         36.138390
       -114.494278         36.133091
       -114.507973         36.129498
       -114.512802         36.131634
       -114.501343         36.140285
       -114.503448         36.148338
       -114.567299         36.152172
       -114.594780         36.142975
       -114.612335         36.135483
       -114.625771         36.137856
       -114.649338         36.133526
       -114.668495         36.117085
       -114.697060         36.110882
       -114.731796         36.103848
       -114.749290         36.097332
       -114.754738         36.084503
       -114.748962         36.075359
       -114.748962         36.075359
       -114.735168         36.052021
       -114.721092         36.035660
       -114.721504         36.025688
       -114.729080         36.020901
       -114.734276         36.014053
       -114.740623         36.009235
       -114.739807         35.999229
       -114.740257         35.988258
       -114.733467         35.974094
       -114.726646         35.960930
       -114.727303         35.944973
       -114.717781         35.937721
       -114.704544         35.931366
       -114.705078         35.918400
       -114.700546         35.909290
       -114.691368         35.894058
       -114.675934         35.881649
       -114.659241         35.870201
       -114.676773         35.861702
       -114.685432         35.859943
       -114.695610         35.851242
       -114.701942         35.846424
       -114.692680         35.833187
       -114.691620         35.829166
       -114.698326         35.815369
       -114.703636         35.805534
       -114.693451         35.785282
       -114.696228         35.777370
       -114.691917         35.763271
       -114.692459         35.750305
       -114.693001         35.737339
       -114.696106         35.721451
       -114.696480         35.712475
       -114.696480         35.712475
       -114.693268         35.701401
       -114.689812         35.696316
       -114.682808         35.688133
       -114.678123         35.683006
       -114.678337         35.678020
       -114.683640         35.668182
       -114.685280         35.658245
       -114.685280         35.658245
       -114.685654         35.649269
       -114.677269         35.645039
       -114.657539         35.619530
       -114.654045         35.615433
       -114.651901         35.608383
       -114.651268         35.594387
       -114.656487         35.586548
       -114.673866         35.580044
       -114.665535         35.574818
       -114.658073         35.548649
       -114.665390         35.519894
       -114.674179         35.514149
       -114.672569         35.494133
       -114.672569         35.494133
       -114.662971         35.460915
       -114.646622         35.443478
       -114.635780         35.411221
       -114.616341         35.380711
       -114.616341         35.380711
       -114.607277         35.364475
       -114.598267         35.347244
       -114.594757         35.315193
       -114.594757         35.315193
       -114.591255         35.283138
       -114.574783         35.212765
       -114.574783         35.212765
       -114.571609         35.201687
       -114.567780         35.177612
       -114.569717         35.160694
       -114.571579         35.145767
       -114.577118         35.129955
       -114.589592         35.122326
       -114.607925         35.119854
       -114.620026         35.121201
       -114.633583         35.116592
       -114.638855         35.106758
       -114.639153         35.099777
       -114.639153         35.099777
       -114.620117         35.090248
       -114.606979         35.084877
       -114.600128         35.074699
       -114.603020         35.063797
       -114.625397         35.051456
       -114.632919         35.045681
       -114.632919         35.045681
       -114.636856         35.038803
       -114.639610         35.030891
       -114.635269         35.018784
       -114.630966         35.005684
END
END
