new_jersey
1
        -74.346191         39.473858
        -74.327209         39.446777
        -74.331909         39.447392
        -74.334015         39.449532
        -74.334709         39.450233
        -74.333725         39.452034
        -74.329910         39.451450
        -74.325951         39.453381
        -74.331505         39.465485
        -74.335152         39.469044
        -74.340439         39.469906
        -74.360466         39.466213
        -74.365509         39.471424
        -74.360054         39.479263
        -74.348175         39.474518
        -74.340736         39.475189
        -74.334282         39.479557
        -74.331650         39.479012
        -74.327156         39.469234
        -74.318916         39.463001
        -74.316780         39.458805
        -74.324165         39.448280
        -74.327209         39.446777
END
2
        -74.355347         39.455746
        -74.372490         39.441170
        -74.373795         39.444420
        -74.370926         39.453495
        -74.372726         39.458595
        -74.379654         39.461803
        -74.381569         39.464619
        -74.378700         39.468418
        -74.373703         39.467796
        -74.366310         39.462280
        -74.358955         39.461349
        -74.347816         39.464878
        -74.340195         39.463482
        -74.335976         39.459446
        -74.340508         39.452488
        -74.358261         39.447117
        -74.366531         39.447392
        -74.369507         39.441528
        -74.372490         39.441170
END
3
        -74.352478         39.438557
        -74.366257         39.430649
        -74.368164         39.433693
        -74.366821         39.436626
        -74.361046         39.439415
        -74.353302         39.440308
        -74.346245         39.444885
        -74.337120         39.444126
        -74.335739         39.442245
        -74.336754         39.439987
        -74.352989         39.435253
        -74.360596         39.431381
        -74.366257         39.430649
END
4
        -74.395187         39.390366
        -74.410889         39.371143
        -74.414268         39.373940
        -74.424469         39.382359
        -74.431076         39.391514
        -74.428322         39.393257
        -74.423347         39.392178
        -74.416924         39.385323
        -74.413651         39.385674
        -74.410240         39.388542
        -74.419724         39.399166
        -74.419579         39.401913
        -74.407677         39.408630
        -74.400261         39.409077
        -74.385170         39.403767
        -74.384392         39.396408
        -74.381462         39.395851
        -74.377991         39.399864
        -74.381248         39.405243
        -74.381332         39.409142
        -74.378845         39.411354
        -74.373161         39.412540
        -74.367912         39.410419
        -74.363899         39.408798
        -74.360001         39.409813
        -74.356812         39.414062
        -74.357185         39.423473
        -74.355087         39.429363
        -74.343391         39.432186
        -74.339615         39.430916
        -74.337395         39.428318
        -74.337837         39.425583
        -74.349281         39.411064
        -74.361679         39.400703
        -74.405251         39.371418
        -74.410889         39.371143
END
5
        -74.385994         39.419739
        -74.393089         39.410446
        -74.393814         39.413448
        -74.391182         39.418404
        -74.392715         39.422810
        -74.387192         39.426525
        -74.382133         39.427048
        -74.380150         39.425377
        -74.381790         39.422451
        -74.379112         39.417320
        -74.379860         39.414364
        -74.383110         39.414471
        -74.387726         39.411186
        -74.393089         39.410446
END
6
        -74.436386         39.412975
        -74.437401         39.405930
        -74.440880         39.407188
        -74.438896         39.411022
        -74.438789         39.418583
        -74.434715         39.417301
        -74.433426         39.413822
        -74.437401         39.405930
END
7
        -74.453415         39.413544
        -74.449684         39.408390
        -74.460106         39.412624
        -74.459656         39.415588
        -74.449211         39.417313
        -74.446777         39.413109
        -74.449684         39.408390
END
8
        -74.448807         39.402042
        -74.449684         39.408390
        -74.445908         39.407124
        -74.439758         39.395004
        -74.440720         39.393661
        -74.445686         39.394737
        -74.457840         39.405216
        -74.449684         39.408390
END
9
        -74.470383         39.342777
        -74.537720         39.297058
        -74.539650         39.299641
        -74.534416         39.303829
        -74.523354         39.317692
        -74.523773         39.320911
        -74.534592         39.323090
        -74.536201         39.326118
        -74.533913         39.330402
        -74.525116         39.334709
        -74.517059         39.336288
        -74.518791         39.325798
        -74.515587         39.325008
        -74.510880         39.330132
        -74.509087         39.330994
        -74.499672         39.335503
        -74.492538         39.341923
        -74.464706         39.354092
        -74.449043         39.354046
        -74.446274         39.356018
        -74.446686         39.359470
        -74.455132         39.367310
        -74.454361         39.370720
        -74.444511         39.377968
        -74.439423         39.379177
        -74.432747         39.376900
        -74.431145         39.373638
        -74.431969         39.363808
        -74.429955         39.362823
        -74.426094         39.363159
        -74.419861         39.369144
        -74.414146         39.365631
        -74.413567         39.365273
        -74.410446         39.357376
        -74.412354         39.354916
        -74.456558         39.340534
        -74.479370         39.328205
        -74.507095         39.317860
        -74.537720         39.297058
END
10
        -74.177422         39.645229
        -74.290710         39.496441
        -74.293442         39.500656
        -74.291748         39.504494
        -74.282730         39.510700
        -74.272758         39.521046
        -74.266022         39.535488
        -74.251122         39.547588
        -74.243767         39.562466
        -74.238472         39.567101
        -74.234703         39.576138
        -74.215469         39.596340
        -74.212021         39.604931
        -74.205856         39.609074
        -74.201988         39.617496
        -74.200775         39.620129
        -74.193588         39.626530
        -74.180939         39.650616
        -74.166428         39.660431
        -74.161545         39.668053
        -74.146660         39.684269
        -74.134941         39.707233
        -74.137489         39.714428
        -74.136093         39.718044
        -74.126961         39.724323
        -74.123718         39.726551
        -74.122299         39.730625
        -74.121643         39.736790
        -74.126694         39.747047
        -74.124420         39.750408
        -74.125221         39.762119
        -74.121635         39.762455
        -74.118294         39.758671
        -74.118347         39.742405
        -74.115997         39.741863
        -74.110321         39.752666
        -74.105858         39.752739
        -74.105934         39.746326
        -74.124550         39.717415
        -74.127365         39.711483
        -74.139427         39.686077
        -74.186874         39.624695
        -74.203339         39.600483
        -74.236038         39.552349
        -74.249649         39.542267
        -74.263580         39.526237
        -74.271957         39.508873
        -74.290710         39.496441
END
11
        -74.278725         39.545753
        -74.281700         39.541286
        -74.284294         39.542519
        -74.281136         39.546082
        -74.278809         39.555859
        -74.274796         39.548161
        -74.278114         39.541855
        -74.281700         39.541286
END
12
        -74.306366         39.539627
        -74.301933         39.534401
        -74.310982         39.536766
        -74.313751         39.540298
        -74.311378         39.550987
        -74.297318         39.537457
        -74.298950         39.534760
        -74.301933         39.534401
END
13
        -74.738869         39.092926
        -74.784172         39.015549
        -74.786987         39.018154
        -74.782730         39.026966
        -74.771553         39.044975
        -74.762352         39.052494
        -74.758499         39.059029
        -74.760292         39.064587
        -74.766541         39.069130
        -74.767876         39.071918
        -74.761765         39.082512
        -74.763992         39.091061
        -74.762672         39.094002
        -74.753807         39.094654
        -74.745872         39.100376
        -74.735443         39.102814
        -74.727669         39.108582
        -74.721207         39.110638
        -74.716812         39.110271
        -74.710548         39.105957
        -74.707863         39.100601
        -74.710167         39.095856
        -74.739571         39.072903
        -74.745132         39.061607
        -74.772820         39.031029
        -74.784172         39.015549
END
14
        -74.806419         39.040344
        -74.812294         39.036102
        -74.816948         39.043346
        -74.816475         39.047001
        -74.808960         39.044254
        -74.806190         39.052887
        -74.801506         39.052288
        -74.796150         39.035393
        -74.790337         39.033844
        -74.786415         39.029831
        -74.788010         39.027355
        -74.795235         39.023903
        -74.800499         39.024517
        -74.806488         39.034554
        -74.812294         39.036102
END
15
        -74.879814         38.966557
        -74.885498         38.963043
        -74.888092         38.964035
        -74.888550         38.966801
        -74.886108         38.968792
        -74.878975         38.970421
        -74.870216         38.975208
        -74.864594         38.975964
        -74.857933         38.973934
        -74.856316         38.970905
        -74.858475         38.968674
        -74.885498         38.963043
END
16
        -75.024788         40.011059
        -73.905739         41.000408
        -73.902679         40.996387
        -73.915878         40.949223
        -73.939156         40.884937
        -73.942429         40.879173
        -73.956566         40.854267
        -73.970146         40.823189
        -74.011124         40.765079
        -74.018700         40.754330
        -74.030785         40.704327
        -74.030785         40.704327
        -74.033157         40.706467
        -74.033157         40.706467
        -74.046478         40.703548
        -74.054871         40.695591
        -74.058098         40.694523
        -74.061584         40.689316
        -74.070190         40.695095
        -74.075035         40.691658
        -74.080093         40.694626
        -74.083061         40.694027
        -74.086212         40.688381
        -74.076103         40.682671
        -74.074867         40.678604
        -74.077927         40.675480
        -74.082405         40.675041
        -74.086472         40.676910
        -74.106560         40.675724
        -74.108528         40.674026
        -74.107101         40.671345
        -74.100952         40.668980
        -74.083504         40.668556
        -74.075424         40.666508
        -74.072830         40.663612
        -74.074242         40.661438
        -74.086800         40.665096
        -74.110817         40.668533
        -74.113922         40.667793
        -74.106781         40.660133
        -74.095963         40.660419
        -74.092606         40.656223
        -74.095551         40.651730
        -74.095551         40.651730
        -74.087196         40.648918
        -74.086578         40.648502
        -74.086578         40.648502
        -74.089142         40.647079
        -74.114517         40.643063
        -74.145309         40.643448
        -74.174477         40.646671
        -74.188515         40.642574
        -74.199348         40.636326
        -74.206429         40.630249
        -74.208855         40.622662
        -74.208794         40.613293
        -74.208733         40.601955
        -74.217453         40.561184
        -74.237091         40.557922
        -74.254135         40.547981
        -74.252655         40.525043
        -74.261589         40.512337
        -74.262680         40.508385
        -74.264511         40.501743
        -74.261185         40.499355
        -74.261185         40.499355
        -74.278885         40.492065
        -74.278885         40.492065
        -74.276955         40.476349
        -74.268349         40.474022
        -74.265007         40.466396
        -74.260887         40.463852
        -74.236298         40.457039
        -74.217239         40.448120
        -74.212692         40.443989
        -74.215973         40.436497
        -74.209976         40.436562
        -74.207291         40.440357
        -74.199524         40.440735
        -74.196083         40.442734
        -74.185257         40.460445
        -74.175621         40.452892
        -74.166428         40.450588
        -74.154137         40.450726
        -74.144928         40.455521
        -74.140709         40.455269
        -74.129066         40.448723
        -74.119476         40.445290
        -74.094276         40.441685
        -74.086510         40.438389
        -74.083015         40.436150
        -74.066566         40.425591
        -74.055382         40.420853
        -74.031563         40.415562
        -74.018318         40.415039
        -74.010506         40.411057
        -73.999062         40.410446
        -73.992264         40.408016
        -73.992264         40.408016
        -73.984734         40.409023
        -73.984734         40.409023
        -73.986198         40.418381
        -73.992249         40.430237
        -73.995255         40.430325
        -73.998978         40.424423
        -74.001945         40.427723
        -74.000511         40.436188
        -73.998894         40.445732
        -74.001839         40.448803
        -74.008728         40.448708
        -74.011322         40.451107
        -74.010658         40.457783
        -74.014481         40.464245
        -74.022438         40.469830
        -74.023384         40.474136
        -74.020630         40.477245
        -74.010307         40.472004
        -74.002213         40.472153
        -73.999710         40.470894
        -73.990875         40.458023
        -73.984764         40.445477
        -73.983322         40.420555
        -73.979370         40.404266
        -73.976242         40.391354
        -73.975891         40.371899
        -73.976105         40.354488
        -73.977104         40.342064
        -73.979599         40.313316
        -73.980209         40.309879
        -73.984764         40.284214
        -74.000916         40.224361
        -74.008415         40.213474
        -74.017738         40.188068
        -74.034653         40.116039
        -74.041725         40.107460
        -74.041725         40.107460
        -74.038063         40.102825
        -74.038940         40.098888
        -74.038940         40.098888
        -74.040215         40.092415
        -74.047226         40.079487
        -74.049683         40.069294
        -74.048210         40.058372
        -74.055649         40.043362
        -74.055649         40.043362
        -74.058846         40.038628
        -74.058846         40.038628
        -74.057991         40.031799
        -74.053520         40.000000
        -74.064964         39.968044
        -74.068863         39.937256
        -74.078316         39.905678
        -74.079247         39.902569
        -74.084648         39.871368
        -74.083054         39.858025
        -74.092300         39.811840
        -74.090637         39.794598
        -74.095047         39.781254
        -74.098579         39.770588
        -74.100792         39.758060
        -74.102684         39.756294
        -74.118355         39.767838
        -74.119347         39.776352
        -74.123016         39.779686
        -74.123352         39.784054
        -74.122032         39.786297
        -74.117332         39.785446
        -74.113617         39.782799
        -74.109863         39.775791
        -74.105782         39.774506
        -74.103783         39.778099
        -74.107086         39.787838
        -74.102707         39.796623
        -74.097992         39.817768
        -74.094643         39.832771
        -74.090401         39.869740
        -74.092323         39.887676
        -74.089180         39.895584
        -74.089928         39.903172
        -74.083961         39.918541
        -74.084763         39.925213
        -74.081200         39.930126
        -74.082062         39.941383
        -74.082718         39.949883
        -74.073830         39.974308
        -74.070915         39.978333
        -74.070763         39.985886
        -74.063843         40.000000
        -74.063843         40.000000
        -74.083702         40.000000
        -74.099998         40.000000
        -74.106171         40.000000
        -74.106171         40.000000
        -74.106033         39.999485
        -74.108276         39.996815
        -74.124527         39.994171
        -74.143616         39.988876
        -74.146423         39.986683
        -74.145653         39.984592
        -74.139023         39.980701
        -74.125992         39.979332
        -74.123566         39.985207
        -74.119614         39.986443
        -74.115776         39.985851
        -74.113945         39.981434
        -74.114449         39.978165
        -74.115387         39.972095
        -74.111389         39.963940
        -74.115250         39.953991
        -74.113350         39.945679
        -74.116982         39.939621
        -74.125648         39.933964
        -74.139267         39.930313
        -74.149940         39.931137
        -74.166458         39.939037
        -74.173264         39.939957
        -74.181534         39.935890
        -74.191010         39.936901
        -74.192665         39.933979
        -74.187859         39.929462
        -74.181335         39.929008
        -74.171730         39.932487
        -74.169777         39.933197
        -74.152390         39.924809
        -74.134567         39.918926
        -74.124733         39.919044
        -74.115631         39.921932
        -74.109390         39.921719
        -74.106697         39.916813
        -74.110649         39.910309
        -74.128052         39.897854
        -74.136703         39.882114
        -74.139748         39.865498
        -74.144684         39.862461
        -74.146034         39.858612
        -74.135162         39.857319
        -74.133659         39.852455
        -74.146172         39.831581
        -74.156860         39.821640
        -74.160141         39.816254
        -74.158936         39.811401
        -74.168015         39.803467
        -74.171173         39.795097
        -74.181084         39.788105
        -74.185051         39.781139
        -74.187241         39.768841
        -74.194550         39.755344
        -74.194321         39.754322
        -74.191940         39.743797
        -74.198372         39.735310
        -74.197304         39.733212
        -74.193604         39.730335
        -74.189171         39.729954
        -74.186729         39.736286
        -74.164886         39.728664
        -74.165771         39.723652
        -74.168861         39.721470
        -74.167465         39.714775
        -74.169388         39.712318
        -74.175369         39.711609
        -74.183502         39.714867
        -74.186592         39.712681
        -74.180977         39.706989
        -74.173111         39.704430
        -74.166512         39.705578
        -74.164886         39.702770
        -74.174599         39.693939
        -74.179474         39.692696
        -74.180931         39.692322
        -74.181168         39.688206
        -74.179977         39.688164
        -74.190651         39.677990
        -74.196846         39.678661
        -74.199905         39.677162
        -74.202507         39.673126
        -74.201157         39.670788
        -74.194923         39.670803
        -74.193840         39.668934
        -74.196365         39.666271
        -74.212921         39.662251
        -74.217766         39.655312
        -74.221519         39.636192
        -74.225754         39.634731
        -74.239670         39.635204
        -74.249039         39.632084
        -74.254913         39.617386
        -74.258713         39.615524
        -74.264977         39.612457
        -74.267639         39.607273
        -74.263184         39.602081
        -74.263077         39.598640
        -74.267380         39.596035
        -74.271530         39.595947
        -74.276955         39.599796
        -74.286407         39.600342
        -74.316582         39.585537
        -74.319450         39.581966
        -74.319756         39.576477
        -74.328003         39.571938
        -74.330872         39.568367
        -74.336525         39.567867
        -74.339661         39.564762
        -74.341095         39.560226
        -74.338478         39.553951
        -74.323586         39.543598
        -74.322212         39.542641
        -74.317566         39.535610
        -74.308540         39.532787
        -74.302521         39.529148
        -74.300087         39.524944
        -74.300003         39.515774
        -74.302925         39.505787
        -74.307137         39.499279
        -74.312920         39.496494
        -74.322990         39.496372
        -74.330757         39.500526
        -74.334679         39.504555
        -74.334541         39.507069
        -74.333549         39.514370
        -74.329697         39.519745
        -74.332520         39.527630
        -74.337410         39.530312
        -74.350410         39.530972
        -74.359642         39.533249
        -74.389244         39.530415
        -74.393631         39.531475
        -74.400230         39.540859
        -74.405937         39.544941
        -74.411903         39.544220
        -74.411903         39.544220
        -74.417900         39.537308
        -74.417900         39.537308
        -74.410805         39.526077
        -74.409920         39.520550
        -74.412956         39.508270
        -74.412697         39.502075
        -74.408020         39.490005
        -74.394058         39.481487
        -74.392540         39.480560
        -74.386292         39.475773
        -74.385262         39.472988
        -74.390884         39.467445
        -74.400330         39.467983
        -74.403748         39.470387
        -74.404045         39.475895
        -74.406067         39.476879
        -74.415634         39.469627
        -74.414902         39.466625
        -74.412331         39.464935
        -74.403603         39.462132
        -74.398643         39.455322
        -74.400642         39.451260
        -74.408775         39.454048
        -74.411018         39.450912
        -74.401688         39.442814
        -74.398163         39.436970
        -74.399254         39.433109
        -74.406174         39.425541
        -74.407478         39.412910
        -74.410431         39.412388
        -74.415207         39.417126
        -74.416489         39.426338
        -74.428658         39.442089
        -74.435402         39.448727
        -74.442749         39.449650
        -74.446648         39.448631
        -74.454361         39.442692
        -74.461891         39.434685
        -74.465965         39.419228
        -74.471931         39.412773
        -74.479362         39.412094
        -74.487053         39.406384
        -74.489372         39.396145
        -74.485985         39.390717
        -74.485283         39.389595
        -74.478867         39.388016
        -74.466042         39.390121
        -74.448402         39.388180
        -74.445045         39.384632
        -74.449875         39.382725
        -74.460953         39.369102
        -74.459389         39.365154
        -74.453186         39.359451
        -74.454208         39.356964
        -74.473778         39.361263
        -74.476486         39.360432
        -74.474365         39.355782
        -74.476219         39.354233
        -74.494812         39.349102
        -74.498978         39.343044
        -74.504509         39.344597
        -74.501961         39.348904
        -74.499313         39.353371
        -74.496918         39.365211
        -74.506538         39.373314
        -74.513283         39.374443
        -74.521950         39.372658
        -74.524475         39.369530
        -74.525002         39.365192
        -74.519836         39.356544
        -74.523895         39.346817
        -74.514687         39.347672
        -74.514206         39.345592
        -74.514931         39.343094
        -74.520012         39.341881
        -74.530075         39.336014
        -74.539299         39.340431
        -74.542023         39.339142
        -74.541710         39.328129
        -74.537994         39.318298
        -74.535225         39.310963
        -74.537453         39.307823
        -74.552849         39.301434
        -74.557892         39.300903
        -74.561043         39.302837
        -74.558739         39.307350
        -74.559402         39.311726
        -74.564812         39.309834
        -74.570244         39.296249
        -74.573761         39.296818
        -74.583130         39.303989
        -74.588051         39.305977
        -74.596626         39.305786
        -74.609055         39.299526
        -74.615929         39.297905
        -74.624466         39.298401
        -74.633369         39.303261
        -74.645859         39.301582
        -74.645859         39.301582
        -74.652672         39.295372
        -74.652466         39.293533
        -74.652466         39.293533
        -74.651779         39.289616
        -74.653351         39.287830
        -74.656555         39.288616
        -74.656555         39.288616
        -74.659439         39.284119
        -74.659439         39.284119
        -74.654205         39.282585
        -74.645531         39.284840
        -74.635246         39.285351
        -74.631325         39.285545
        -74.621346         39.278591
        -74.619751         39.275101
        -74.625099         39.268620
        -74.630692         39.257332
        -74.632256         39.249817
        -74.629677         39.248360
        -74.619812         39.256535
        -74.617661         39.264034
        -74.611710         39.270725
        -74.606850         39.273327
        -74.604576         39.271648
        -74.607178         39.266918
        -74.604561         39.266148
        -74.595314         39.268150
        -74.574783         39.282639
        -74.565369         39.287033
        -74.564194         39.287579
        -74.555115         39.286144
        -74.554375         39.283371
        -74.557289         39.278419
        -74.564682         39.272465
        -74.601707         39.252762
        -74.624496         39.234215
        -74.645416         39.211483
        -74.653061         39.205986
        -74.658485         39.204147
        -74.662369         39.202835
        -74.672813         39.194443
        -74.683327         39.196598
        -74.695702         39.190784
        -74.700417         39.184971
        -74.712578         39.177544
        -74.714188         39.174843
        -74.708023         39.162506
        -74.689636         39.164696
        -74.683487         39.169781
        -74.697083         39.175011
        -74.698959         39.178734
        -74.678406         39.188866
        -74.677498         39.189312
        -74.669853         39.188850
        -74.657097         39.196255
        -74.652374         39.196335
        -74.690781         39.153728
        -74.704163         39.133503
        -74.712975         39.116348
        -74.717102         39.116241
        -74.719040         39.118824
        -74.717690         39.122326
        -74.716331         39.125847
        -74.719048         39.130516
        -74.720856         39.129654
        -74.728447         39.113148
        -74.740883         39.105957
        -74.754082         39.101082
        -74.757881         39.101654
        -74.760368         39.110897
        -74.762917         39.113037
        -74.767342         39.112942
        -74.788857         39.094555
        -74.798561         39.088654
        -74.799591         39.085705
        -74.797958         39.082905
        -74.792259         39.085026
        -74.788475         39.084229
        -74.786957         39.079140
        -74.787262         39.077213
        -74.788231         39.071152
        -74.784599         39.067146
        -74.772614         39.065414
        -74.767487         39.061821
        -74.765610         39.058094
        -74.768166         39.054047
        -74.778534         39.046562
        -74.785698         39.038521
        -74.790085         39.039108
        -74.794548         39.044056
        -74.796631         39.055813
        -74.803032         39.063339
        -74.811241         39.064041
        -74.827499         39.050304
        -74.826820         39.046158
        -74.818123         39.037418
        -74.811661         39.031036
        -74.810692         39.026653
        -74.816399         39.024300
        -74.821663         39.012764
        -74.827919         39.011112
        -74.833061         39.002090
        -74.840706         39.008278
        -74.843925         39.008602
        -74.849625         39.006248
        -74.853477         38.999481
        -74.851860         38.996452
        -74.847267         38.994026
        -74.843834         38.985901
        -74.844971         38.980659
        -74.852661         38.973549
        -74.853096         38.970581
        -74.849182         38.966339
        -74.845299         38.967602
        -74.841286         38.971611
        -74.835075         38.996880
        -74.831154         38.998825
        -74.823273         38.997677
        -74.819069         38.999386
        -74.809517         39.014465
        -74.812798         39.019608
        -74.808823         39.022701
        -74.804161         39.021873
        -74.800842         39.017418
        -74.790802         39.000153
        -74.789398         38.992775
        -74.797638         38.986599
        -74.822060         38.974026
        -74.832718         38.966316
        -74.838997         38.958015
        -74.864014         38.938801
        -74.867867         38.938225
        -74.874199         38.940933
        -74.875175         38.942284
        -74.879440         38.948193
        -74.882607         38.949661
        -74.897591         38.949638
        -74.903572         38.947517
        -74.906425         38.943012
        -74.905655         38.940697
        -74.901901         38.939213
        -74.881012         38.939754
        -74.880257         38.937210
        -74.883057         38.933853
        -74.891624         38.932957
        -74.927063         38.922741
        -74.944962         38.923256
        -74.964447         38.926952
        -74.969139         38.927841
        -74.973396         38.930943
        -74.974541         38.938084
        -74.966217         38.959171
        -74.961395         38.993423
        -74.945480         39.025757
        -74.932167         39.042068
        -74.927376         39.047935
        -74.920425         39.064472
        -74.904709         39.085567
        -74.897766         39.101646
        -74.896042         39.119476
        -74.891586         39.132645
        -74.890427         39.144760
        -74.895134         39.157272
        -74.898071         39.160038
        -74.901909         39.163658
        -74.915436         39.170467
        -74.945457         39.177742
        -74.957611         39.182671
        -74.974869         39.185452
        -75.000000         39.185547
        -75.003166         39.185558
        -75.026543         39.190109
        -75.028221         39.192219
        -75.024979         39.198547
        -75.029877         39.207623
        -75.029877         39.207623
        -75.033264         39.210922
        -75.033264         39.210922
        -75.036865         39.213932
        -75.038940         39.215668
        -75.046638         39.208546
        -75.066002         39.204266
        -75.088829         39.201454
        -75.096489         39.201660
        -75.103172         39.203907
        -75.109406         39.202930
        -75.114853         39.199867
        -75.122597         39.184723
        -75.133270         39.176758
        -75.141808         39.176987
        -75.148987         39.181305
        -75.162323         39.193123
        -75.163139         39.194633
        -75.165596         39.199169
        -75.169212         39.224247
        -75.174126         39.233318
        -75.180069         39.238976
        -75.197746         39.246319
        -75.211998         39.257927
        -75.230072         39.262981
        -75.238129         39.267776
        -75.241203         39.271755
        -75.239868         39.275387
        -75.249596         39.289246
        -75.251831         39.292427
        -75.256721         39.295532
        -75.273712         39.298492
        -75.277992         39.295166
        -75.283310         39.295071
        -75.285751         39.286198
        -75.291977         39.285442
        -75.300041         39.290230
        -75.310501         39.301270
        -75.326355         39.331692
        -75.330322         39.335686
        -75.340477         39.340069
        -75.356712         39.340248
        -75.359322         39.334354
        -75.361122         39.333714
        -75.369827         39.339882
        -75.388962         39.353428
        -75.400894         39.372284
        -75.416832         39.380009
        -75.427711         39.381424
        -75.441933         39.395061
        -75.459732         39.422989
        -75.468040         39.429604
        -75.472519         39.431019
        -75.480598         39.433571
        -75.511589         39.450123
        -75.532997         39.454987
        -75.537926         39.457394
        -75.542763         39.462318
        -75.544884         39.468781
        -75.542992         39.479275
        -75.544456         39.487328
        -75.542191         39.492317
        -75.538651         39.492004
        -75.535271         39.480011
        -75.529991         39.471180
        -75.525963         39.468334
        -75.522980         39.468552
        -75.521217         39.468681
        -75.519241         39.473675
        -75.525543         39.486652
        -75.529076         39.502087
        -75.528107         39.511684
        -75.525085         39.520775
        -75.519066         39.523380
        -75.511948         39.523670
        -75.508301         39.526104
        -75.509392         39.528419
        -75.525215         39.532692
        -75.527992         39.537338
        -75.517517         39.547626
        -75.512703         39.557133
        -75.497459         39.560665
        -75.497459         39.560665
        -75.500908         39.563267
        -75.500908         39.563267
        -75.519035         39.576756
        -75.520645         39.581146
        -75.517395         39.588398
        -75.519936         39.591663
        -75.524948         39.592243
        -75.525650         39.591824
        -75.533752         39.586952
        -75.538811         39.586384
        -75.542610         39.587620
        -75.562012         39.599300
        -75.568466         39.608612
        -75.570320         39.614384
        -75.568962         39.618931
        -75.558090         39.623943
        -75.551605         39.630665
        -75.531876         39.642338
        -75.524506         39.648808
        -75.512886         39.665024
        -75.510880         39.670929
        -75.510880         39.670929
        -75.526230         39.671417
        -75.526230         39.671417
        -75.516617         39.681084
        -75.500107         39.703281
        -75.488998         39.724033
        -75.482605         39.733467
        -75.468315         39.752289
        -75.461533         39.763313
        -75.446060         39.775913
        -75.428291         39.786835
        -75.390343         39.802879
        -75.382156         39.806416
        -75.375458         39.809303
        -75.372261         39.813789
        -75.357460         39.824333
        -75.344597         39.831734
        -75.344551         39.832645
        -75.322830         39.838856
        -75.315987         39.838875
        -75.304947         39.839680
        -75.263748         39.842987
        -75.240723         39.845474
        -75.216576         39.852276
        -75.207092         39.857246
        -75.192726         39.864582
        -75.188499         39.866238
        -75.175415         39.871365
        -75.166420         39.872681
        -75.151031         39.876770
        -75.142387         39.882679
        -75.134315         39.894333
        -75.131165         39.914158
        -75.136536         39.941589
        -75.132439         39.951309
        -75.121002         39.958958
        -75.109215         39.962242
        -75.094971         39.966820
        -75.083878         39.973560
        -75.073235         39.977566
        -75.061150         39.986107
        -75.059875         40.000000
        -75.059875         40.000000
        -75.054886         40.009060
        -75.020927         40.021851
        -75.017815         40.023880
        -75.000000         40.035480
        -74.965523         40.057934
        -74.949623         40.065407
        -74.930626         40.071766
        -74.876396         40.081650
        -74.867638         40.083241
        -74.851898         40.092010
        -74.842155         40.101456
        -74.835640         40.117638
        -74.825363         40.127110
        -74.800629         40.122711
        -74.785347         40.123501
        -74.777725         40.127144
        -74.765289         40.136314
        -74.755943         40.138420
        -74.751175         40.137764
        -74.747368         40.137238
        -74.731659         40.145355
        -74.726669         40.154953
        -74.731689         40.164036
        -74.757561         40.181393
        -74.771309         40.193275
        -74.782570         40.213005
        -74.806778         40.228569
        -74.811226         40.231426
        -74.836189         40.242023
        -74.853378         40.252384
        -74.866272         40.278118
        -74.881744         40.302898
        -74.896530         40.313904
        -74.907883         40.316151
        -74.911125         40.317535
        -74.920578         40.321575
        -74.935944         40.332951
        -74.943008         40.340702
        -74.946838         40.347813
        -74.954010         40.374249
        -74.975273         40.403591
        -74.990494         40.407249
        -74.997818         40.411736
        -75.000000         40.411526
        -75.003029         40.411236
        -75.017326         40.409878
        -75.030106         40.404312
        -75.058968         40.417385
        -75.069267         40.431053
        -75.074493         40.458809
        -75.070274         40.492691
        -75.068687         40.505451
        -75.068733         40.529022
        -75.072723         40.543438
        -75.097931         40.568081
        -75.116234         40.575623
        -75.137756         40.577702
        -75.151764         40.575188
        -75.151764         40.575188
        -75.161247         40.573727
        -75.171089         40.566738
        -75.177002         40.565708
        -75.186966         40.569035
        -75.199425         40.576340
        -75.202209         40.580078
        -75.198250         40.594753
        -75.197739         40.598682
        -75.205681         40.617947
        -75.197174         40.623257
        -75.193321         40.631092
        -75.193321         40.631092
        -75.195335         40.642422
        -75.203918         40.651295
        -75.199982         40.660458
        -75.187935         40.671486
        -75.184990         40.677662
        -75.184990         40.677662
        -75.189674         40.681030
        -75.205505         40.685619
        -75.207619         40.688705
        -75.208725         40.690708
        -75.204628         40.704018
        -75.196129         40.718971
        -75.196129         40.718971
        -75.192490         40.722454
        -75.188301         40.734680
        -75.192070         40.743416
        -75.200455         40.750069
        -75.196014         40.756817
        -75.183022         40.763630
        -75.175667         40.776432
        -75.168961         40.779034
        -75.139229         40.775780
        -75.127083         40.785995
        -75.112206         40.795006
        -75.106064         40.798721
        -75.098640         40.813759
        -75.088989         40.819363
        -75.087646         40.827972
        -75.098801         40.844238
        -75.093925         40.849380
        -75.068375         40.848118
        -75.058167         40.862282
        -75.059898         40.878044
        -75.068779         40.885139
        -75.076103         40.890995
        -75.078918         40.895317
        -75.083420         40.911945
        -75.089333         40.918427
        -75.089333         40.918427
        -75.099220         40.923599
        -75.099220         40.923599
        -75.123215         40.964680
        -75.134399         40.972408
        -75.138367         40.977478
        -75.139267         40.982574
        -75.139267         40.982574
        -75.136131         40.987572
        -75.136131         40.987572
        -75.133804         40.994598
        -75.104507         41.008030
        -75.090050         41.014648
        -75.067833         41.021130
        -75.046730         41.031002
        -75.027618         41.045029
        -75.026093         41.051819
        -75.020691         41.060238
        -75.010246         41.069332
        -75.000000         41.074577
        -74.979843         41.084896
        -74.979843         41.084896
        -74.971558         41.090172
        -74.970375         41.093678
        -74.973984         41.096458
        -74.989471         41.090324
        -74.993416         41.090336
        -74.996330         41.092239
        -74.992470         41.099335
        -74.983200         41.110172
        -74.966225         41.116615
        -74.958580         41.122314
        -74.958580         41.122314
        -74.947922         41.131367
        -74.936127         41.135021
        -74.936127         41.135021
        -74.915718         41.150135
        -74.902443         41.170128
        -74.889244         41.181400
        -74.882538         41.190712
        -74.866081         41.222111
        -74.867676         41.226154
        -74.873688         41.231792
        -74.859093         41.250935
        -74.850319         41.254623
        -74.848137         41.257263
        -74.848587         41.262054
        -74.848587         41.262054
        -74.846428         41.274559
        -74.846428         41.274559
        -74.842087         41.280071
        -74.842087         41.280071
        -74.816910         41.300236
        -74.814018         41.302155
        -74.810898         41.304230
        -74.799408         41.308285
        -74.793777         41.313175
        -74.800156         41.319485
        -74.795547         41.325466
        -74.772667         41.328293
        -74.759743         41.345554
        -74.716728         41.352135
        -74.709160         41.355972
        -74.695953         41.358044
        -74.692818         41.361782
        -74.606590         41.319252
        -74.552216         41.293987
        -74.410362         41.227856
        -74.271599         41.162857
        -74.268723         41.161648
        -74.156082         41.114231
        -74.123932         41.099667
        -73.981407         41.034916
        -73.905739         41.000408
END
17

        -74.885498         38.963043
        -74.858475         38.968674
        -74.856316         38.970905
        -74.857933         38.973934
        -74.864594         38.975964
        -74.870216         38.975208
        -74.878975         38.970421
        -74.886108         38.968792
        -74.888550         38.966801
        -74.888092         38.964035
        -74.885498         38.963043
END
END
