niger
1
     0.7500000E+01     0.1780864E+02
     0.2293513E+00     0.1498967E+02
     0.2314969E+00     0.1498981E+02
     0.2685920E+00     0.1498966E+02
     0.2844366E+00     0.1498795E+02
     0.2953218E+00     0.1498597E+02
     0.3052499E+00     0.1498537E+02
     0.3194547E+00     0.1498204E+02
     0.3369599E+00     0.1497942E+02
     0.3525852E+00     0.1497564E+02
     0.3653591E+00     0.1497368E+02
     0.4017758E+00     0.1496960E+02
     0.4185174E+00     0.1497340E+02
     0.4413755E+00     0.1498046E+02
     0.4701259E+00     0.1498940E+02
     0.4995999E+00     0.1499674E+02
     0.5043016E+00     0.1500000E+02
     0.5054256E+00     0.1500000E+02
     0.5120850E+00     0.1500142E+02
     0.5138707E+00     0.1500000E+02
     0.5377634E+00     0.1498095E+02
     0.5601900E+00     0.1498318E+02
     0.5727395E+00     0.1497959E+02
     0.5885831E+00     0.1497764E+02
     0.5940412E+00     0.1497446E+02
     0.6094297E+00     0.1497021E+02
     0.6198323E+00     0.1496914E+02
     0.6278902E+00     0.1496575E+02
     0.6425689E+00     0.1496149E+02
     0.6598336E+00     0.1495885E+02
     0.6650507E+00     0.1495613E+02
     0.6721507E+00     0.1495434E+02
     0.6941708E+00     0.1494737E+02
     0.7031584E+00     0.1494583E+02
     0.7078710E+00     0.1494746E+02
     0.7191270E+00     0.1495902E+02
     0.7486355E+00     0.1496197E+02
     0.7625691E+00     0.1496252E+02
     0.7857085E+00     0.1496427E+02
     0.8069639E+00     0.1496510E+02
     0.8145173E+00     0.1496606E+02
     0.8329369E+00     0.1496709E+02
     0.8478102E+00     0.1496856E+02
     0.8851243E+00     0.1497040E+02
     0.8924311E+00     0.1497297E+02
     0.9042470E+00     0.1497235E+02
     0.9236199E+00     0.1497223E+02
     0.9316429E+00     0.1497366E+02
     0.9569147E+00     0.1497472E+02
     0.9731892E+00     0.1497895E+02
     0.9981145E+00     0.1500000E+02
     0.1029838E+01     0.1502679E+02
     0.1048418E+01     0.1504136E+02
     0.1058524E+01     0.1505082E+02
     0.1079222E+01     0.1506746E+02
     0.1126969E+01     0.1510766E+02
     0.1151204E+01     0.1512752E+02
     0.1176145E+01     0.1514854E+02
     0.1201345E+01     0.1516611E+02
     0.1210983E+01     0.1517648E+02
     0.1246530E+01     0.1520580E+02
     0.1265844E+01     0.1522035E+02
     0.1268903E+01     0.1522335E+02
     0.1285846E+01     0.1523950E+02
     0.1311050E+01     0.1525958E+02
     0.1324030E+01     0.1526515E+02
     0.1381483E+01     0.1526861E+02
     0.1389276E+01     0.1527117E+02
     0.1406543E+01     0.1527055E+02
     0.1423796E+01     0.1527315E+02
     0.1435622E+01     0.1527320E+02
     0.1475814E+01     0.1527634E+02
     0.1517428E+01     0.1527926E+02
     0.1549828E+01     0.1527984E+02
     0.1557625E+01     0.1528170E+02
     0.1604681E+01     0.1528439E+02
     0.1689805E+01     0.1529041E+02
     0.1708485E+01     0.1529208E+02
     0.1741826E+01     0.1529471E+02
     0.1757434E+01     0.1529544E+02
     0.1771148E+01     0.1529663E+02
     0.1873307E+01     0.1530402E+02
     0.1890809E+01     0.1530475E+02
     0.1912565E+01     0.1530618E+02
     0.1918947E+01     0.1530826E+02
     0.1939289E+01     0.1530831E+02
     0.2004797E+01     0.1531396E+02
     0.2026552E+01     0.1531653E+02
     0.2049966E+01     0.1531795E+02
     0.2063210E+01     0.1531935E+02
     0.2143386E+01     0.1532661E+02
     0.2156868E+01     0.1532732E+02
     0.2189270E+01     0.1533058E+02
     0.2203462E+01     0.1533151E+02
     0.2231371E+01     0.1533454E+02
     0.2246747E+01     0.1533524E+02
     0.2300204E+01     0.1533943E+02
     0.2345619E+01     0.1534453E+02
     0.2365016E+01     0.1534546E+02
     0.2396478E+01     0.1534801E+02
     0.2456090E+01     0.1535355E+02
     0.2477381E+01     0.1535494E+02
     0.2492994E+01     0.1535724E+02
     0.2499145E+01     0.1535793E+02
     0.2512157E+01     0.1535816E+02
     0.2537943E+01     0.1536115E+02
     0.2548826E+01     0.1536138E+02
     0.2585732E+01     0.1536437E+02
     0.2628790E+01     0.1536712E+02
     0.2651266E+01     0.1536528E+02
     0.2691249E+01     0.1536320E+02
     0.2724370E+01     0.1536090E+02
     0.2775470E+01     0.1535743E+02
     0.2797235E+01     0.1535695E+02
     0.2830354E+01     0.1535486E+02
     0.2841236E+01     0.1535301E+02
     0.2851882E+01     0.1535323E+02
     0.2896592E+01     0.1535090E+02
     0.2918121E+01     0.1535110E+02
     0.2956916E+01     0.1534853E+02
     0.2989088E+01     0.1534665E+02
     0.3006593E+01     0.1534594E+02
     0.3057925E+01     0.1534379E+02
     0.3097902E+01     0.1534166E+02
     0.3131493E+01     0.1534114E+02
     0.3154204E+01     0.1534155E+02
     0.3221624E+01     0.1534118E+02
     0.3221623E+01     0.1534026E+02
     0.3235109E+01     0.1534115E+02
     0.3261132E+01     0.1534155E+02
     0.3307499E+01     0.1534167E+02
     0.3376575E+01     0.1534080E+02
     0.3382490E+01     0.1534147E+02
     0.3403073E+01     0.1534210E+02
     0.3409929E+01     0.1534047E+02
     0.3435481E+01     0.1534132E+02
     0.3527506E+01     0.1534149E+02
     0.3525903E+01     0.1535779E+02
     0.3525722E+01     0.1537431E+02
     0.3531704E+01     0.1539471E+02
     0.3536990E+01     0.1541833E+02
     0.3537739E+01     0.1543003E+02
     0.3534957E+01     0.1544748E+02
     0.3531494E+01     0.1547342E+02
     0.3533420E+01     0.1548328E+02
     0.3538171E+01     0.1548831E+02
     0.3565924E+01     0.1550543E+02
     0.3592703E+01     0.1551382E+02
     0.3607660E+01     0.1552616E+02
     0.3617178E+01     0.1553943E+02
     0.3640962E+01     0.1556872E+02
     0.3674010E+01     0.1560415E+02
     0.3685175E+01     0.1561329E+02
     0.3706119E+01     0.1563936E+02
     0.3721549E+01     0.1564825E+02
     0.3731751E+01     0.1565279E+02
     0.3739815E+01     0.1565528E+02
     0.3756642E+01     0.1565820E+02
     0.3791946E+01     0.1566103E+02
     0.3822273E+01     0.1566343E+02
     0.3837933E+01     0.1566955E+02
     0.3850763E+01     0.1567844E+02
     0.3854796E+01     0.1567980E+02
     0.3865250E+01     0.1568664E+02
     0.3868109E+01     0.1569030E+02
     0.3872143E+01     0.1569188E+02
     0.3883098E+01     0.1570445E+02
     0.3889080E+01     0.1571704E+02
     0.3893897E+01     0.1573399E+02
     0.3905696E+01     0.1577408E+02
     0.3905726E+01     0.1578027E+02
     0.3906481E+01     0.1578967E+02
     0.3911131E+01     0.1582062E+02
     0.3911720E+01     0.1584493E+02
     0.3915860E+01     0.1586807E+02
     0.3925675E+01     0.1588798E+02
     0.3929572E+01     0.1590952E+02
     0.3942026E+01     0.1593537E+02
     0.3947273E+01     0.1594154E+02
     0.3964421E+01     0.1595705E+02
     0.3974167E+01     0.1596182E+02
     0.3998435E+01     0.1597798E+02
     0.4004404E+01     0.1598598E+02
     0.4004453E+01     0.1599561E+02
     0.4003334E+01     0.1600000E+02
     0.4001544E+01     0.1601380E+02
     0.3995772E+01     0.1603372E+02
     0.3990445E+01     0.1604964E+02
     0.3987741E+01     0.1606065E+02
     0.3989248E+01     0.1606599E+02
     0.3992095E+01     0.1607421E+02
     0.3996643E+01     0.1608797E+02
     0.4009955E+01     0.1612487E+02
     0.4023042E+01     0.1616444E+02
     0.4031979E+01     0.1618986E+02
     0.4037668E+01     0.1620745E+02
     0.4045656E+01     0.1623038E+02
     0.4050793E+01     0.1624510E+02
     0.4055173E+01     0.1625734E+02
     0.4057452E+01     0.1626422E+02
     0.4065061E+01     0.1628640E+02
     0.4069467E+01     0.1629673E+02
     0.4075166E+01     0.1631412E+02
     0.4076468E+01     0.1632042E+02
     0.4076926E+01     0.1633109E+02
     0.4077137E+01     0.1634575E+02
     0.4077902E+01     0.1636346E+02
     0.4077676E+01     0.1639735E+02
     0.4077804E+01     0.1641868E+02
     0.4078138E+01     0.1643925E+02
     0.4078902E+01     0.1645716E+02
     0.4078528E+01     0.1647124E+02
     0.4079368E+01     0.1648306E+02
     0.4079048E+01     0.1649276E+02
     0.4079098E+01     0.1650457E+02
     0.4079481E+01     0.1653714E+02
     0.4079286E+01     0.1655275E+02
     0.4078955E+01     0.1657922E+02
     0.4078914E+01     0.1659826E+02
     0.4079742E+01     0.1661103E+02
     0.4079227E+01     0.1662054E+02
     0.4078785E+01     0.1664016E+02
     0.4078556E+01     0.1667424E+02
     0.4077935E+01     0.1672375E+02
     0.4077823E+01     0.1673270E+02
     0.4077460E+01     0.1676165E+02
     0.4076917E+01     0.1678926E+02
     0.4076537E+01     0.1680373E+02
     0.4075841E+01     0.1687496E+02
     0.4076758E+01     0.1691231E+02
     0.4090920E+01     0.1691971E+02
     0.4122035E+01     0.1693341E+02
     0.4166743E+01     0.1695335E+02
     0.4229003E+01     0.1698071E+02
     0.4240816E+01     0.1698693E+02
     0.4241203E+01     0.1698770E+02
     0.4241637E+01     0.1701876E+02
     0.4241024E+01     0.1705476E+02
     0.4240425E+01     0.1707228E+02
     0.4240366E+01     0.1709457E+02
     0.4240989E+01     0.1710924E+02
     0.4239858E+01     0.1715572E+02
     0.4239583E+01     0.1717953E+02
     0.4239623E+01     0.1721040E+02
     0.4239389E+01     0.1723059E+02
     0.4240068E+01     0.1724051E+02
     0.4239147E+01     0.1728584E+02
     0.4239254E+01     0.1732815E+02
     0.4239170E+01     0.1736969E+02
     0.4238905E+01     0.1739255E+02
     0.4239704E+01     0.1740933E+02
     0.4239331E+01     0.1742438E+02
     0.4239490E+01     0.1744496E+02
     0.4239243E+01     0.1746630E+02
     0.4239104E+01     0.1749546E+02
     0.4239392E+01     0.1753929E+02
     0.4239758E+01     0.1755911E+02
     0.4239224E+01     0.1757092E+02
     0.4239511E+01     0.1761476E+02
     0.4239485E+01     0.1765135E+02
     0.4239781E+01     0.1767728E+02
     0.4240988E+01     0.1769330E+02
     0.4240761E+01     0.1771293E+02
     0.4240337E+01     0.1776667E+02
     0.4240862E+01     0.1780728E+02
     0.4240814E+01     0.1783598E+02
     0.4241039E+01     0.1786578E+02
     0.4240590E+01     0.1792918E+02
     0.4241073E+01     0.1798603E+02
     0.4240264E+01     0.1800652E+02
     0.4240869E+01     0.1803006E+02
     0.4240547E+01     0.1808060E+02
     0.4241651E+01     0.1813337E+02
     0.4241688E+01     0.1822876E+02
     0.4241822E+01     0.1824189E+02
     0.4241609E+01     0.1826020E+02
     0.4241706E+01     0.1832581E+02
     0.4241538E+01     0.1834029E+02
     0.4241627E+01     0.1835724E+02
     0.4242346E+01     0.1836928E+02
     0.4241542E+01     0.1838923E+02
     0.4242214E+01     0.1842996E+02
     0.4242536E+01     0.1852565E+02
     0.4243241E+01     0.1856366E+02
     0.4242062E+01     0.1859098E+02
     0.4243096E+01     0.1862544E+02
     0.4243429E+01     0.1867083E+02
     0.4243881E+01     0.1873071E+02
     0.4243717E+01     0.1879414E+02
     0.4244968E+01     0.1881001E+02
     0.4244261E+01     0.1882148E+02
     0.4244338E+01     0.1891362E+02
     0.4243981E+01     0.1894424E+02
     0.4244228E+01     0.1897241E+02
     0.4243287E+01     0.1900384E+02
     0.4243737E+01     0.1908860E+02
     0.4242961E+01     0.1913043E+02
     0.4242888E+01     0.1913672E+02
     0.4336151E+01     0.1915659E+02
     0.4447796E+01     0.1917840E+02
     0.4562340E+01     0.1920133E+02
     0.4672813E+01     0.1922298E+02
     0.4724980E+01     0.1923317E+02
     0.4824817E+01     0.1925230E+02
     0.4964968E+01     0.1927750E+02
     0.5000000E+01     0.1928405E+02
     0.5098989E+01     0.1930255E+02
     0.5182460E+01     0.1931904E+02
     0.5288579E+01     0.1933833E+02
     0.5391018E+01     0.1935753E+02
     0.5477021E+01     0.1937350E+02
     0.5510767E+01     0.1937987E+02
     0.5550279E+01     0.1938743E+02
     0.5675837E+01     0.1941084E+02
     0.5817081E+01     0.1943771E+02
     0.5881686E+01     0.1949485E+02
     0.5943866E+01     0.1955039E+02
     0.6030825E+01     0.1962898E+02
     0.6120347E+01     0.1970675E+02
     0.6197976E+01     0.1977471E+02
     0.6230205E+01     0.1980477E+02
     0.6289321E+01     0.1985824E+02
     0.6369583E+01     0.1992964E+02
     0.6449070E+01     0.2000000E+02
     0.6452401E+01     0.2000295E+02
     0.6502543E+01     0.2004699E+02
     0.6541515E+01     0.2008089E+02
     0.6568472E+01     0.2010426E+02
     0.6611622E+01     0.2014165E+02
     0.6646069E+01     0.2017007E+02
     0.6690506E+01     0.2021017E+02
     0.6751578E+01     0.2026153E+02
     0.6805210E+01     0.2030782E+02
     0.6829333E+01     0.2032842E+02
     0.6838063E+01     0.2033464E+02
     0.6865951E+01     0.2036070E+02
     0.6893845E+01     0.2038636E+02
     0.6941730E+01     0.2042755E+02
     0.6964232E+01     0.2044854E+02
     0.6994238E+01     0.2047535E+02
     0.7070120E+01     0.2054098E+02
     0.7129778E+01     0.2059143E+02
     0.7147322E+01     0.2060657E+02
     0.7151070E+01     0.2061045E+02
     0.7160677E+01     0.2061938E+02
     0.7170684E+01     0.2062596E+02
     0.7184031E+01     0.2063525E+02
     0.7189048E+01     0.2064030E+02
     0.7191981E+01     0.2064419E+02
     0.7218291E+01     0.2066590E+02
     0.7273007E+01     0.2070930E+02
     0.7335687E+01     0.2075771E+02
     0.7375403E+01     0.2078829E+02
     0.7413041E+01     0.2081693E+02
     0.7445678E+01     0.2084247E+02
     0.7479531E+01     0.2086331E+02
     0.7493300E+01     0.2087156E+02
     0.7511551E+01     0.2088299E+02
     0.7535346E+01     0.2089772E+02
     0.7559147E+01     0.2091276E+02
     0.7603166E+01     0.2093949E+02
     0.7640020E+01     0.2096171E+02
     0.7677538E+01     0.2098422E+02
     0.7706913E+01     0.2100253E+02
     0.7745105E+01     0.2102563E+02
     0.7757174E+01     0.2103192E+02
     0.7776440E+01     0.2104361E+02
     0.7831330E+01     0.2107841E+02
     0.7888180E+01     0.2111226E+02
     0.7945060E+01     0.2114639E+02
     0.8002944E+01     0.2118110E+02
     0.8031081E+01     0.2119816E+02
     0.8051373E+01     0.2121073E+02
     0.8058896E+01     0.2121491E+02
     0.8069043E+01     0.2122119E+02
     0.8119461E+01     0.2125199E+02
     0.8181688E+01     0.2128964E+02
     0.8252461E+01     0.2133203E+02
     0.8334101E+01     0.2138127E+02
     0.8376093E+01     0.2140692E+02
     0.8390866E+01     0.2141648E+02
     0.8408271E+01     0.2142782E+02
     0.8448299E+01     0.2145105E+02
     0.8501500E+01     0.2148383E+02
     0.8558657E+01     0.2151837E+02
     0.8601714E+01     0.2154487E+02
     0.8652661E+01     0.2157520E+02
     0.8674028E+01     0.2158769E+02
     0.8696730E+01     0.2160197E+02
     0.8739823E+01     0.2162783E+02
     0.8790177E+01     0.2165843E+02
     0.8866552E+01     0.2170385E+02
     0.8920259E+01     0.2173680E+02
     0.8970678E+01     0.2176705E+02
     0.9005285E+01     0.2178750E+02
     0.9030025E+01     0.2180292E+02
     0.9071902E+01     0.2182750E+02
     0.9126025E+01     0.2186069E+02
     0.9186761E+01     0.2189709E+02
     0.9256769E+01     0.2193879E+02
     0.9320872E+01     0.2197723E+02
     0.9334396E+01     0.2198398E+02
     0.9342661E+01     0.2198901E+02
     0.9364805E+01     0.2200200E+02
     0.9382690E+01     0.2201415E+02
     0.9398895E+01     0.2202390E+02
     0.9425037E+01     0.2204016E+02
     0.9461749E+01     0.2206169E+02
     0.9516030E+01     0.2209445E+02
     0.9575288E+01     0.2212954E+02
     0.9627928E+01     0.2215986E+02
     0.9663723E+01     0.2218167E+02
     0.9672982E+01     0.2218636E+02
     0.9682584E+01     0.2219165E+02
     0.9731968E+01     0.2222079E+02
     0.9746888E+01     0.2222961E+02
     0.9765113E+01     0.2223989E+02
     0.9800270E+01     0.2226078E+02
     0.9856007E+01     0.2229371E+02
     0.9896145E+01     0.2231661E+02
     0.9988437E+01     0.2237033E+02
     0.1000000E+02     0.2237770E+02
     0.1000507E+02     0.2238092E+02
     0.1001572E+02     0.2238799E+02
     0.1005188E+02     0.2240729E+02
     0.1007116E+02     0.2241873E+02
     0.1013964E+02     0.2245860E+02
     0.1021118E+02     0.2250140E+02
     0.1024444E+02     0.2252042E+02
     0.1030771E+02     0.2255820E+02
     0.1035466E+02     0.2258570E+02
     0.1038632E+02     0.2260443E+02
     0.1042229E+02     0.2262487E+02
     0.1045169E+02     0.2264454E+02
     0.1048300E+02     0.2266204E+02
     0.1053670E+02     0.2269359E+02
     0.1057770E+02     0.2271661E+02
     0.1059776E+02     0.2272950E+02
     0.1063380E+02     0.2275050E+02
     0.1067918E+02     0.2277613E+02
     0.1070324E+02     0.2279073E+02
     0.1071761E+02     0.2279949E+02
     0.1073431E+02     0.2280910E+02
     0.1076506E+02     0.2282747E+02
     0.1082421E+02     0.2286183E+02
     0.1091351E+02     0.2291423E+02
     0.1097207E+02     0.2294856E+02
     0.1102027E+02     0.2297646E+02
     0.1105944E+02     0.2299911E+02
     0.1112008E+02     0.2303455E+02
     0.1119916E+02     0.2308009E+02
     0.1127259E+02     0.2312242E+02
     0.1134169E+02     0.2316210E+02
     0.1138902E+02     0.2318961E+02
     0.1139810E+02     0.2319513E+02
     0.1143202E+02     0.2321481E+02
     0.1150521E+02     0.2325613E+02
     0.1155963E+02     0.2328674E+02
     0.1162348E+02     0.2332282E+02
     0.1166922E+02     0.2334879E+02
     0.1169987E+02     0.2336731E+02
     0.1170627E+02     0.2336996E+02
     0.1173702E+02     0.2338729E+02
     0.1177732E+02     0.2341043E+02
     0.1181542E+02     0.2343164E+02
     0.1185992E+02     0.2345732E+02
     0.1189209E+02     0.2347530E+02
     0.1190104E+02     0.2348057E+02
     0.1191714E+02     0.2348974E+02
     0.1192571E+02     0.2349520E+02
     0.1194676E+02     0.2350672E+02
     0.1195885E+02     0.2351279E+02
     0.1197955E+02     0.2352503E+02
     0.1198314E+02     0.2352222E+02
     0.1200000E+02     0.2351517E+02
     0.1200000E+02     0.2351517E+02
     0.1200067E+02     0.2351530E+02
     0.1207869E+02     0.2349906E+02
     0.1210716E+02     0.2349092E+02
     0.1210963E+02     0.2349021E+02
     0.1212185E+02     0.2348946E+02
     0.1215302E+02     0.2348107E+02
     0.1215848E+02     0.2348147E+02
     0.1223068E+02     0.2346682E+02
     0.1224037E+02     0.2346472E+02
     0.1237336E+02     0.2343578E+02
     0.1237712E+02     0.2343497E+02
     0.1238483E+02     0.2343497E+02
     0.1243478E+02     0.2342207E+02
     0.1250617E+02     0.2340727E+02
     0.1256780E+02     0.2339447E+02
     0.1257603E+02     0.2339380E+02
     0.1258436E+02     0.2339038E+02
     0.1261437E+02     0.2338531E+02
     0.1262269E+02     0.2338189E+02
     0.1263885E+02     0.2337922E+02
     0.1264620E+02     0.2337800E+02
     0.1272861E+02     0.2335978E+02
     0.1274508E+02     0.2335774E+02
     0.1275565E+02     0.2335392E+02
     0.1276641E+02     0.2335193E+02
     0.1276951E+02     0.2334835E+02
     0.1278969E+02     0.2334710E+02
     0.1290338E+02     0.2332250E+02
     0.1300694E+02     0.2330003E+02
     0.1301866E+02     0.2329875E+02
     0.1302947E+02     0.2329491E+02
     0.1303611E+02     0.2329380E+02
     0.1304945E+02     0.2329156E+02
     0.1316895E+02     0.2326494E+02
     0.1318805E+02     0.2326068E+02
     0.1319899E+02     0.2326028E+02
     0.1322279E+02     0.2325357E+02
     0.1324148E+02     0.2325154E+02
     0.1330148E+02     0.2323652E+02
     0.1331031E+02     0.2323431E+02
     0.1337500E+02     0.2322176E+02
     0.1338332E+02     0.2321784E+02
     0.1339797E+02     0.2321753E+02
     0.1340778E+02     0.2321342E+02
     0.1341161E+02     0.2321008E+02
     0.1343142E+02     0.2320321E+02
     0.1348059E+02     0.2318613E+02
     0.1352360E+02     0.2316680E+02
     0.1353999E+02     0.2315803E+02
     0.1354474E+02     0.2315700E+02
     0.1355503E+02     0.2315091E+02
     0.1363183E+02     0.2310547E+02
     0.1366813E+02     0.2308063E+02
     0.1368040E+02     0.2307224E+02
     0.1369365E+02     0.2305971E+02
     0.1374339E+02     0.2301892E+02
     0.1374877E+02     0.2301263E+02
     0.1376979E+02     0.2299705E+02
     0.1377636E+02     0.2299218E+02
     0.1387071E+02     0.2291241E+02
     0.1387960E+02     0.2290489E+02
     0.1391737E+02     0.2287272E+02
     0.1392223E+02     0.2286687E+02
     0.1393991E+02     0.2285397E+02
     0.1397102E+02     0.2282743E+02
     0.1400172E+02     0.2280122E+02
     0.1402647E+02     0.2278250E+02
     0.1406093E+02     0.2275160E+02
     0.1407164E+02     0.2274264E+02
     0.1412718E+02     0.2269615E+02
     0.1413344E+02     0.2269284E+02
     0.1414634E+02     0.2268188E+02
     0.1415169E+02     0.2267557E+02
     0.1416146E+02     0.2267073E+02
     0.1417239E+02     0.2265899E+02
     0.1417569E+02     0.2265544E+02
     0.1418932E+02     0.2264448E+02
     0.1429127E+02     0.2268946E+02
     0.1437710E+02     0.2272726E+02
     0.1438197E+02     0.2273080E+02
     0.1441137E+02     0.2274331E+02
     0.1441319E+02     0.2274487E+02
     0.1441550E+02     0.2274684E+02
     0.1445109E+02     0.2275970E+02
     0.1451748E+02     0.2279035E+02
     0.1452088E+02     0.2279340E+02
     0.1453563E+02     0.2279877E+02
     0.1454347E+02     0.2280163E+02
     0.1458931E+02     0.2282223E+02
     0.1460553E+02     0.2282804E+02
     0.1461236E+02     0.2283252E+02
     0.1465811E+02     0.2285340E+02
     0.1468569E+02     0.2286599E+02
     0.1469872E+02     0.2287058E+02
     0.1470335E+02     0.2287411E+02
     0.1478089E+02     0.2290746E+02
     0.1481187E+02     0.2292078E+02
     0.1486144E+02     0.2294412E+02
     0.1486590E+02     0.2294442E+02
     0.1487769E+02     0.2294967E+02
     0.1488264E+02     0.2294976E+02
     0.1489762E+02     0.2295644E+02
     0.1490150E+02     0.2296063E+02
     0.1490273E+02     0.2296116E+02
     0.1496121E+02     0.2298664E+02
     0.1497249E+02     0.2299302E+02
     0.1499587E+02     0.2300189E+02
     0.1499790E+02     0.2299918E+02
     0.1500000E+02     0.2299098E+02
     0.1500649E+02     0.2296561E+02
     0.1500535E+02     0.2296055E+02
     0.1502250E+02     0.2287894E+02
     0.1502964E+02     0.2284492E+02
     0.1502897E+02     0.2284101E+02
     0.1504549E+02     0.2275485E+02
     0.1505044E+02     0.2272898E+02
     0.1506985E+02     0.2263075E+02
     0.1509434E+02     0.2250666E+02
     0.1511442E+02     0.2240475E+02
     0.1511963E+02     0.2238272E+02
     0.1512220E+02     0.2237184E+02
     0.1512369E+02     0.2235810E+02
     0.1513807E+02     0.2228812E+02
     0.1514233E+02     0.2225839E+02
     0.1514374E+02     0.2224852E+02
     0.1514788E+02     0.2223826E+02
     0.1515030E+02     0.2221374E+02
     0.1516507E+02     0.2213427E+02
     0.1518813E+02     0.2200990E+02
     0.1519187E+02     0.2198974E+02
     0.1519059E+02     0.2197871E+02
     0.1519300E+02     0.2188407E+02
     0.1519400E+02     0.2184519E+02
     0.1519295E+02     0.2178068E+02
     0.1519438E+02     0.2176945E+02
     0.1519452E+02     0.2175793E+02
     0.1519602E+02     0.2163169E+02
     0.1519720E+02     0.2153215E+02
     0.1519482E+02     0.2152798E+02
     0.1519752E+02     0.2151448E+02
     0.1519784E+02     0.2150623E+02
     0.1519843E+02     0.2149131E+02
     0.1528858E+02     0.2143232E+02
     0.1529305E+02     0.2142507E+02
     0.1530121E+02     0.2141185E+02
     0.1532154E+02     0.2138530E+02
     0.1533013E+02     0.2137096E+02
     0.1536729E+02     0.2131981E+02
     0.1544305E+02     0.2121541E+02
     0.1545512E+02     0.2119876E+02
     0.1547292E+02     0.2117376E+02
     0.1547371E+02     0.2117033E+02
     0.1548418E+02     0.2115945E+02
     0.1549950E+02     0.2113625E+02
     0.1551793E+02     0.2111098E+02
     0.1559390E+02     0.2100677E+02
     0.1562559E+02     0.2096324E+02
     0.1562005E+02     0.2095766E+02
     0.1557603E+02     0.2092515E+02
     0.1556637E+02     0.2091536E+02
     0.1556110E+02     0.2091002E+02
     0.1555202E+02     0.2089611E+02
     0.1554616E+02     0.2088042E+02
     0.1554881E+02     0.2086691E+02
     0.1555646E+02     0.2084727E+02
     0.1557826E+02     0.2080011E+02
     0.1559010E+02     0.2077447E+02
     0.1561796E+02     0.2074270E+02
     0.1564050E+02     0.2072279E+02
     0.1566375E+02     0.2070519E+02
     0.1569683E+02     0.2068013E+02
     0.1572706E+02     0.2065021E+02
     0.1574567E+02     0.2062955E+02
     0.1575653E+02     0.2061478E+02
     0.1579098E+02     0.2056788E+02
     0.1581439E+02     0.2053464E+02
     0.1581616E+02     0.2053007E+02
     0.1583161E+02     0.2051034E+02
     0.1583628E+02     0.2050437E+02
     0.1586516E+02     0.2046246E+02
     0.1588787E+02     0.2044184E+02
     0.1591972E+02     0.2041663E+02
     0.1592361E+02     0.2041355E+02
     0.1599564E+02     0.2034847E+02
     0.1598135E+02     0.2032455E+02
     0.1591561E+02     0.2021447E+02
     0.1591126E+02     0.2020717E+02
     0.1589395E+02     0.2017792E+02
     0.1583727E+02     0.2008204E+02
     0.1582837E+02     0.2006779E+02
     0.1578610E+02     0.2000000E+02
     0.1576049E+02     0.1995893E+02
     0.1575355E+02     0.1994778E+02
     0.1574978E+02     0.1992293E+02
     0.1574582E+02     0.1991071E+02
     0.1574692E+02     0.1990177E+02
     0.1574022E+02     0.1984380E+02
     0.1573901E+02     0.1983568E+02
     0.1573137E+02     0.1978443E+02
     0.1572863E+02     0.1977200E+02
     0.1572462E+02     0.1976368E+02
     0.1572762E+02     0.1975820E+02
     0.1572161E+02     0.1971198E+02
     0.1571910E+02     0.1969263E+02
     0.1571534E+02     0.1968455E+02
     0.1571690E+02     0.1967722E+02
     0.1571583E+02     0.1966756E+02
     0.1571096E+02     0.1965188E+02
     0.1571318E+02     0.1964938E+02
     0.1570806E+02     0.1961762E+02
     0.1570494E+02     0.1958869E+02
     0.1570059E+02     0.1954839E+02
     0.1569806E+02     0.1953871E+02
     0.1569740E+02     0.1951780E+02
     0.1568997E+02     0.1947911E+02
     0.1568820E+02     0.1946359E+02
     0.1567924E+02     0.1938504E+02
     0.1567630E+02     0.1937122E+02
     0.1567623E+02     0.1935904E+02
     0.1567346E+02     0.1933816E+02
     0.1565838E+02     0.1922445E+02
     0.1565496E+02     0.1921318E+02
     0.1565446E+02     0.1921153E+02
     0.1565356E+02     0.1919085E+02
     0.1565587E+02     0.1918170E+02
     0.1565035E+02     0.1916256E+02
     0.1564025E+02     0.1909398E+02
     0.1563988E+02     0.1908858E+02
     0.1563867E+02     0.1907054E+02
     0.1563428E+02     0.1904085E+02
     0.1563127E+02     0.1903162E+02
     0.1562519E+02     0.1896999E+02
     0.1562435E+02     0.1896333E+02
     0.1561527E+02     0.1889131E+02
     0.1561184E+02     0.1887863E+02
     0.1561199E+02     0.1886876E+02
     0.1560788E+02     0.1883818E+02
     0.1560245E+02     0.1879767E+02
     0.1560087E+02     0.1877422E+02
     0.1559834E+02     0.1876615E+02
     0.1559606E+02     0.1874177E+02
     0.1559380E+02     0.1873187E+02
     0.1559296E+02     0.1871293E+02
     0.1558967E+02     0.1863880E+02
     0.1558591E+02     0.1861671E+02
     0.1558767E+02     0.1861214E+02
     0.1558767E+02     0.1859629E+02
     0.1558726E+02     0.1858728E+02
     0.1558388E+02     0.1851288E+02
     0.1558114E+02     0.1846110E+02
     0.1557446E+02     0.1833496E+02
     0.1557361E+02     0.1831893E+02
     0.1556968E+02     0.1821441E+02
     0.1556929E+02     0.1820876E+02
     0.1556496E+02     0.1814638E+02
     0.1556244E+02     0.1808265E+02
     0.1555943E+02     0.1800625E+02
     0.1555675E+02     0.1795649E+02
     0.1555513E+02     0.1792629E+02
     0.1555340E+02     0.1791456E+02
     0.1555339E+02     0.1788380E+02
     0.1555118E+02     0.1785622E+02
     0.1555307E+02     0.1784247E+02
     0.1555106E+02     0.1783073E+02
     0.1555043E+02     0.1782705E+02
     0.1554442E+02     0.1771907E+02
     0.1554508E+02     0.1770761E+02
     0.1554488E+02     0.1770469E+02
     0.1553844E+02     0.1760996E+02
     0.1553932E+02     0.1759987E+02
     0.1553825E+02     0.1757869E+02
     0.1553187E+02     0.1745259E+02
     0.1552550E+02     0.1732650E+02
     0.1552467E+02     0.1731002E+02
     0.1552495E+02     0.1729212E+02
     0.1552024E+02     0.1724134E+02
     0.1552155E+02     0.1723378E+02
     0.1551983E+02     0.1720065E+02
     0.1551843E+02     0.1717362E+02
     0.1552063E+02     0.1717021E+02
     0.1551838E+02     0.1716122E+02
     0.1551406E+02     0.1710173E+02
     0.1551350E+02     0.1707548E+02
     0.1551282E+02     0.1704298E+02
     0.1550977E+02     0.1700943E+02
     0.1551059E+02     0.1698696E+02
     0.1550818E+02     0.1697362E+02
     0.1550924E+02     0.1696675E+02
     0.1550833E+02     0.1694972E+02
     0.1550555E+02     0.1689787E+02
     0.1545322E+02     0.1684328E+02
     0.1536441E+02     0.1675048E+02
     0.1533044E+02     0.1671496E+02
     0.1532883E+02     0.1671103E+02
     0.1527554E+02     0.1665821E+02
     0.1525996E+02     0.1664275E+02
     0.1525835E+02     0.1663928E+02
     0.1521906E+02     0.1659806E+02
     0.1518739E+02     0.1656521E+02
     0.1509836E+02     0.1647276E+02
     0.1500943E+02     0.1638028E+02
     0.1500000E+02     0.1637046E+02
     0.1495665E+02     0.1632533E+02
     0.1492222E+02     0.1628638E+02
     0.1491362E+02     0.1627664E+02
     0.1483400E+02     0.1619338E+02
     0.1481725E+02     0.1617584E+02
     0.1481055E+02     0.1616609E+02
     0.1479911E+02     0.1615648E+02
     0.1474636E+02     0.1610024E+02
     0.1469386E+02     0.1604423E+02
     0.1464668E+02     0.1600000E+02
     0.1464668E+02     0.1600000E+02
     0.1463840E+02     0.1599137E+02
     0.1463461E+02     0.1598449E+02
     0.1462227E+02     0.1597256E+02
     0.1462132E+02     0.1596935E+02
     0.1461041E+02     0.1595604E+02
     0.1459428E+02     0.1594228E+02
     0.1455538E+02     0.1590373E+02
     0.1454258E+02     0.1589042E+02
     0.1452480E+02     0.1587045E+02
     0.1451484E+02     0.1586219E+02
     0.1450441E+02     0.1585140E+02
     0.1445346E+02     0.1580044E+02
     0.1443877E+02     0.1578598E+02
     0.1441626E+02     0.1576279E+02
     0.1439258E+02     0.1573776E+02
     0.1438476E+02     0.1573155E+02
     0.1435707E+02     0.1569366E+02
     0.1432820E+02     0.1565738E+02
     0.1432441E+02     0.1565140E+02
     0.1431849E+02     0.1564405E+02
     0.1431164E+02     0.1563418E+02
     0.1430880E+02     0.1562614E+02
     0.1430620E+02     0.1562453E+02
     0.1430644E+02     0.1562246E+02
     0.1429957E+02     0.1561856E+02
     0.1427923E+02     0.1559191E+02
     0.1427787E+02     0.1559011E+02
     0.1427592E+02     0.1558823E+02
     0.1424139E+02     0.1554113E+02
     0.1423572E+02     0.1553539E+02
     0.1422887E+02     0.1552367E+02
     0.1421563E+02     0.1550414E+02
     0.1418610E+02     0.1546255E+02
     0.1415964E+02     0.1542577E+02
     0.1412564E+02     0.1537705E+02
     0.1412304E+02     0.1537543E+02
     0.1411974E+02     0.1536854E+02
     0.1411431E+02     0.1536210E+02
     0.1410557E+02     0.1534969E+02
     0.1410345E+02     0.1534348E+02
     0.1409637E+02     0.1533636E+02
     0.1409212E+02     0.1533015E+02
     0.1405106E+02     0.1527221E+02
     0.1404752E+02     0.1527013E+02
     0.1404705E+02     0.1526715E+02
     0.1403761E+02     0.1525381E+02
     0.1403573E+02     0.1524853E+02
     0.1402818E+02     0.1524047E+02
     0.1401285E+02     0.1521840E+02
     0.1400813E+02     0.1521219E+02
     0.1400743E+02     0.1520966E+02
     0.1397018E+02     0.1515653E+02
     0.1395485E+02     0.1513973E+02
     0.1394401E+02     0.1512570E+02
     0.1393315E+02     0.1511626E+02
     0.1393103E+02     0.1511258E+02
     0.1391760E+02     0.1509624E+02
     0.1391854E+02     0.1509624E+02
     0.1390887E+02     0.1508680E+02
     0.1386951E+02     0.1504284E+02
     0.1386221E+02     0.1503134E+02
     0.1386222E+02     0.1502835E+02
     0.1385140E+02     0.1500926E+02
     0.1384880E+02     0.1500000E+02
     0.1384766E+02     0.1499592E+02
     0.1384389E+02     0.1499178E+02
     0.1383919E+02     0.1498051E+02
     0.1383004E+02     0.1495660E+02
     0.1382417E+02     0.1494578E+02
     0.1379671E+02     0.1488437E+02
     0.1379649E+02     0.1487771E+02
     0.1379226E+02     0.1486851E+02
     0.1378968E+02     0.1486321E+02
     0.1379066E+02     0.1485426E+02
     0.1378973E+02     0.1484667E+02
     0.1379144E+02     0.1482990E+02
     0.1379100E+02     0.1482071E+02
     0.1379223E+02     0.1480233E+02
     0.1379414E+02     0.1479728E+02
     0.1379915E+02     0.1478006E+02
     0.1380941E+02     0.1474585E+02
     0.1381159E+02     0.1472725E+02
     0.1380996E+02     0.1472173E+02
     0.1379724E+02     0.1471273E+02
     0.1379512E+02     0.1470882E+02
     0.1378875E+02     0.1470650E+02
     0.1378853E+02     0.1470398E+02
     0.1378145E+02     0.1470235E+02
     0.1377037E+02     0.1469565E+02
     0.1376873E+02     0.1469197E+02
     0.1375218E+02     0.1469744E+02
     0.1374557E+02     0.1469834E+02
     0.1370649E+02     0.1466330E+02
     0.1370227E+02     0.1465686E+02
     0.1369402E+02     0.1465132E+02
     0.1367731E+02     0.1463656E+02
     0.1367686E+02     0.1463173E+02
     0.1367900E+02     0.1462645E+02
     0.1369250E+02     0.1461294E+02
     0.1369182E+02     0.1460696E+02
     0.1369143E+02     0.1458260E+02
     0.1369602E+02     0.1455112E+02
     0.1367342E+02     0.1453543E+02
     0.1366589E+02     0.1452989E+02
     0.1366282E+02     0.1452942E+02
     0.1365906E+02     0.1452527E+02
     0.1364094E+02     0.1451372E+02
     0.1363316E+02     0.1451048E+02
     0.1360087E+02     0.1450233E+02
     0.1359284E+02     0.1450276E+02
     0.1358647E+02     0.1450435E+02
     0.1357207E+02     0.1450568E+02
     0.1354451E+02     0.1449479E+02
     0.1351977E+02     0.1448596E+02
     0.1349975E+02     0.1447785E+02
     0.1349339E+02     0.1447461E+02
     0.1347883E+02     0.1446007E+02
     0.1347509E+02     0.1445201E+02
     0.1347348E+02     0.1444281E+02
     0.1347622E+02     0.1440789E+02
     0.1347964E+02     0.1437963E+02
     0.1348108E+02     0.1437504E+02
     0.1348563E+02     0.1435827E+02
     0.1348804E+02     0.1434541E+02
     0.1349380E+02     0.1432152E+02
     0.1349929E+02     0.1430476E+02
     0.1350100E+02     0.1429259E+02
     0.1351852E+02     0.1421564E+02
     0.1352859E+02     0.1417338E+02
     0.1353267E+02     0.1415684E+02
     0.1353508E+02     0.1414213E+02
     0.1355115E+02     0.1407299E+02
     0.1355713E+02     0.1404841E+02
     0.1356073E+02     0.1403187E+02
     0.1356363E+02     0.1401417E+02
     0.1356769E+02     0.1399947E+02
     0.1357847E+02     0.1395260E+02
     0.1358589E+02     0.1392090E+02
     0.1359067E+02     0.1390206E+02
     0.1359453E+02     0.1387954E+02
     0.1360193E+02     0.1385174E+02
     0.1361461E+02     0.1379590E+02
     0.1361845E+02     0.1377752E+02
     0.1362082E+02     0.1377132E+02
     0.1362300E+02     0.1375591E+02
     0.1362609E+02     0.1374604E+02
     0.1362801E+02     0.1373707E+02
     0.1363351E+02     0.1371364E+02
     0.1363455E+02     0.1371068E+02
     0.1361658E+02     0.1371059E+02
     0.1361282E+02     0.1370874E+02
     0.1360717E+02     0.1370987E+02
     0.1359211E+02     0.1371074E+02
     0.1358694E+02     0.1370934E+02
     0.1358153E+02     0.1371002E+02
     0.1356130E+02     0.1371018E+02
     0.1355494E+02     0.1371130E+02
     0.1354295E+02     0.1371034E+02
     0.1347496E+02     0.1371056E+02
     0.1346531E+02     0.1371029E+02
     0.1346532E+02     0.1370937E+02
     0.1345684E+02     0.1371118E+02
     0.1344320E+02     0.1371043E+02
     0.1343097E+02     0.1370947E+02
     0.1341615E+02     0.1370918E+02
     0.1340885E+02     0.1371030E+02
     0.1339238E+02     0.1371184E+02
     0.1337615E+02     0.1371040E+02
     0.1337049E+02     0.1371359E+02
     0.1336250E+02     0.1371172E+02
     0.1335378E+02     0.1371444E+02
     0.1334910E+02     0.1371005E+02
     0.1334110E+02     0.1371002E+02
     0.1333877E+02     0.1370656E+02
     0.1333574E+02     0.1369470E+02
     0.1333574E+02     0.1369470E+02
     0.1333479E+02     0.1369330E+02
     0.1333126E+02     0.1369147E+02
     0.1331785E+02     0.1369104E+02
     0.1331479E+02     0.1368944E+02
     0.1331360E+02     0.1368300E+02
     0.1330865E+02     0.1368118E+02
     0.1330628E+02     0.1367474E+02
     0.1329946E+02     0.1367430E+02
     0.1329781E+02     0.1367269E+02
     0.1329874E+02     0.1367062E+02
     0.1330037E+02     0.1366418E+02
     0.1329848E+02     0.1365797E+02
     0.1329331E+02     0.1365937E+02
     0.1328317E+02     0.1365157E+02
     0.1327446E+02     0.1364745E+02
     0.1327116E+02     0.1364309E+02
     0.1327515E+02     0.1363963E+02
     0.1327538E+02     0.1363825E+02
     0.1326996E+02     0.1363573E+02
     0.1326501E+02     0.1363115E+02
     0.1326146E+02     0.1362241E+02
     0.1325722E+02     0.1361783E+02
     0.1324992E+02     0.1361508E+02
     0.1324827E+02     0.1361302E+02
     0.1325226E+02     0.1360956E+02
     0.1325414E+02     0.1360633E+02
     0.1325482E+02     0.1359690E+02
     0.1326211E+02     0.1359872E+02
     0.1326516E+02     0.1359412E+02
     0.1326421E+02     0.1359251E+02
     0.1325691E+02     0.1358792E+02
     0.1325714E+02     0.1358447E+02
     0.1325478E+02     0.1358149E+02
     0.1325172E+02     0.1358058E+02
     0.1323975E+02     0.1358636E+02
     0.1323551E+02     0.1358476E+02
     0.1323243E+02     0.1357349E+02
     0.1323313E+02     0.1357165E+02
     0.1323854E+02     0.1357210E+02
     0.1324135E+02     0.1357048E+02
     0.1324205E+02     0.1356703E+02
     0.1324110E+02     0.1356358E+02
     0.1323756E+02     0.1355830E+02
     0.1323215E+02     0.1355532E+02
     0.1322156E+02     0.1355282E+02
     0.1322014E+02     0.1354661E+02
     0.1321849E+02     0.1354615E+02
     0.1321568E+02     0.1355145E+02
     0.1321427E+02     0.1355030E+02
     0.1320930E+02     0.1353421E+02
     0.1320834E+02     0.1352663E+02
     0.1320010E+02     0.1352250E+02
     0.1319868E+02     0.1351883E+02
     0.1319985E+02     0.1351514E+02
     0.1320008E+02     0.1351146E+02
     0.1319866E+02     0.1351032E+02
     0.1319490E+02     0.1351079E+02
     0.1319162E+02     0.1351493E+02
     0.1318648E+02     0.1353012E+02
     0.1318390E+02     0.1353220E+02
     0.1317920E+02     0.1353244E+02
     0.1316532E+02     0.1352833E+02
     0.1316273E+02     0.1352627E+02
     0.1316296E+02     0.1352189E+02
     0.1316178E+02     0.1352144E+02
     0.1315801E+02     0.1351776E+02
     0.1315941E+02     0.1351408E+02
     0.1315800E+02     0.1351293E+02
     0.1315518E+02     0.1351271E+02
     0.1314954E+02     0.1351548E+02
     0.1314319E+02     0.1351480E+02
     0.1314202E+02     0.1351803E+02
     0.1314534E+02     0.1352975E+02
     0.1314441E+02     0.1353665E+02
     0.1314984E+02     0.1354492E+02
     0.1314820E+02     0.1354769E+02
     0.1314561E+02     0.1354723E+02
     0.1313901E+02     0.1354011E+02
     0.1313313E+02     0.1353921E+02
     0.1312984E+02     0.1353921E+02
     0.1312420E+02     0.1353968E+02
     0.1312255E+02     0.1353624E+02
     0.1312864E+02     0.1352840E+02
     0.1312653E+02     0.1352726E+02
     0.1312535E+02     0.1352473E+02
     0.1312746E+02     0.1352151E+02
     0.1312745E+02     0.1351898E+02
     0.1312298E+02     0.1351968E+02
     0.1310562E+02     0.1353535E+02
     0.1310067E+02     0.1353076E+02
     0.1309359E+02     0.1351628E+02
     0.1309077E+02     0.1351468E+02
     0.1308678E+02     0.1352043E+02
     0.1308325E+02     0.1351952E+02
     0.1307973E+02     0.1352160E+02
     0.1307198E+02     0.1352322E+02
     0.1306705E+02     0.1352714E+02
     0.1306752E+02     0.1353105E+02
     0.1307153E+02     0.1353495E+02
     0.1307529E+02     0.1353495E+02
     0.1308189E+02     0.1354367E+02
     0.1308142E+02     0.1354574E+02
     0.1307977E+02     0.1354667E+02
     0.1307554E+02     0.1354737E+02
     0.1306496E+02     0.1354715E+02
     0.1305766E+02     0.1354027E+02
     0.1305484E+02     0.1353935E+02
     0.1304920E+02     0.1354258E+02
     0.1304755E+02     0.1354143E+02
     0.1304495E+02     0.1353201E+02
     0.1304599E+02     0.1352901E+02
     0.1304599E+02     0.1352901E+02
     0.1304671E+02     0.1352441E+02
     0.1304176E+02     0.1352553E+02
     0.1303021E+02     0.1353214E+02
     0.1302622E+02     0.1353097E+02
     0.1301198E+02     0.1351387E+02
     0.1300776E+02     0.1351109E+02
     0.1300447E+02     0.1351107E+02
     0.1300116E+02     0.1351404E+02
     0.1299505E+02     0.1351378E+02
     0.1298614E+02     0.1350982E+02
     0.1297580E+02     0.1350953E+02
     0.1297413E+02     0.1351390E+02
     0.1297059E+02     0.1351548E+02
     0.1296640E+02     0.1350948E+02
     0.1296117E+02     0.1349722E+02
     0.1295820E+02     0.1350438E+02
     0.1295417E+02     0.1350964E+02
     0.1294693E+02     0.1350293E+02
     0.1293778E+02     0.1350012E+02
     0.1293053E+02     0.1349341E+02
     0.1292401E+02     0.1348325E+02
     0.1290616E+02     0.1348108E+02
     0.1290120E+02     0.1348519E+02
     0.1289250E+02     0.1348560E+02
     0.1289151E+02     0.1349302E+02
     0.1289151E+02     0.1349302E+02
     0.1287706E+02     0.1349705E+02
     0.1287376E+02     0.1349498E+02
     0.1287258E+02     0.1348808E+02
     0.1287352E+02     0.1348394E+02
     0.1287939E+02     0.1347749E+02
     0.1287986E+02     0.1347335E+02
     0.1287844E+02     0.1347013E+02
     0.1287445E+02     0.1347037E+02
     0.1286576E+02     0.1347705E+02
     0.1285847E+02     0.1348004E+02
     0.1285612E+02     0.1347591E+02
     0.1285212E+02     0.1347407E+02
     0.1284930E+02     0.1347039E+02
     0.1285117E+02     0.1346855E+02
     0.1285376E+02     0.1346832E+02
     0.1286128E+02     0.1346785E+02
     0.1286245E+02     0.1346555E+02
     0.1286104E+02     0.1346325E+02
     0.1285704E+02     0.1345497E+02
     0.1285539E+02     0.1344945E+02
     0.1285633E+02     0.1344669E+02
     0.1286173E+02     0.1344117E+02
     0.1286220E+02     0.1343887E+02
     0.1286125E+02     0.1343657E+02
     0.1285444E+02     0.1343841E+02
     0.1284786E+02     0.1343911E+02
     0.1284175E+02     0.1344372E+02
     0.1283776E+02     0.1344257E+02
     0.1283540E+02     0.1343797E+02
     0.1283869E+02     0.1343176E+02
     0.1283798E+02     0.1342900E+02
     0.1283445E+02     0.1342900E+02
     0.1283211E+02     0.1343084E+02
     0.1282976E+02     0.1343062E+02
     0.1282764E+02     0.1342625E+02
     0.1281683E+02     0.1342557E+02
     0.1281518E+02     0.1342327E+02
     0.1281612E+02     0.1342120E+02
     0.1282904E+02     0.1341981E+02
     0.1283162E+02     0.1341727E+02
     0.1283397E+02     0.1340439E+02
     0.1283161E+02     0.1339795E+02
     0.1282785E+02     0.1339680E+02
     0.1282621E+02     0.1339980E+02
     0.1282691E+02     0.1340348E+02
     0.1282527E+02     0.1340716E+02
     0.1282222E+02     0.1340555E+02
     0.1281916E+02     0.1340072E+02
     0.1282104E+02     0.1339658E+02
     0.1281962E+02     0.1339313E+02
     0.1280552E+02     0.1338440E+02
     0.1280035E+02     0.1338096E+02
     0.1279753E+02     0.1338073E+02
     0.1279706E+02     0.1337981E+02
     0.1279423E+02     0.1337498E+02
     0.1279541E+02     0.1337176E+02
     0.1279423E+02     0.1336877E+02
     0.1278741E+02     0.1336118E+02
     0.1278200E+02     0.1335820E+02
     0.1278059E+02     0.1335774E+02
     0.1277237E+02     0.1335406E+02
     0.1276297E+02     0.1335177E+02
     0.1275475E+02     0.1335201E+02
     0.1275334E+02     0.1335362E+02
     0.1274041E+02     0.1334028E+02
     0.1273759E+02     0.1333499E+02
     0.1273853E+02     0.1333177E+02
     0.1274299E+02     0.1332878E+02
     0.1274205E+02     0.1332510E+02
     0.1273829E+02     0.1332142E+02
     0.1273053E+02     0.1331889E+02
     0.1271456E+02     0.1331683E+02
     0.1271385E+02     0.1331453E+02
     0.1272066E+02     0.1330901E+02
     0.1272160E+02     0.1330671E+02
     0.1271761E+02     0.1330464E+02
     0.1271432E+02     0.1330418E+02
     0.1270939E+02     0.1330832E+02
     0.1270375E+02     0.1331339E+02
     0.1269811E+02     0.1331224E+02
     0.1269295E+02     0.1331316E+02
     0.1269060E+02     0.1330879E+02
     0.1269388E+02     0.1330051E+02
     0.1268918E+02     0.1329039E+02
     0.1267649E+02     0.1327429E+02
     0.1267367E+02     0.1327291E+02
     0.1266968E+02     0.1327314E+02
     0.1266827E+02     0.1327383E+02
     0.1266710E+02     0.1327866E+02
     0.1266381E+02     0.1328465E+02
     0.1265982E+02     0.1328557E+02
     0.1265512E+02     0.1328350E+02
     0.1265089E+02     0.1328373E+02
     0.1264831E+02     0.1328603E+02
     0.1264877E+02     0.1328707E+02
     0.1264877E+02     0.1328707E+02
     0.1264709E+02     0.1329408E+02
     0.1264704E+02     0.1330052E+02
     0.1264352E+02     0.1330026E+02
     0.1264026E+02     0.1329702E+02
     0.1263381E+02     0.1327972E+02
     0.1262611E+02     0.1327231E+02
     0.1261813E+02     0.1327180E+02
     0.1260940E+02     0.1327657E+02
     0.1259767E+02     0.1327580E+02
     0.1258919E+02     0.1327781E+02
     0.1258874E+02     0.1327597E+02
     0.1259233E+02     0.1326748E+02
     0.1259142E+02     0.1326333E+02
     0.1258103E+02     0.1327016E+02
     0.1257893E+02     0.1326831E+02
     0.1257715E+02     0.1325610E+02
     0.1257461E+02     0.1324988E+02
     0.1256599E+02     0.1324015E+02
     0.1256625E+02     0.1323740E+02
     0.1257240E+02     0.1323123E+02
     0.1256821E+02     0.1322614E+02
     0.1255744E+02     0.1322261E+02
     0.1255347E+02     0.1321913E+02
     0.1255289E+02     0.1320372E+02
     0.1255009E+02     0.1320094E+02
     0.1254704E+02     0.1320115E+02
     0.1254061E+02     0.1321283E+02
     0.1253655E+02     0.1321306E+02
     0.1253655E+02     0.1321306E+02
     0.1253606E+02     0.1321243E+02
     0.1253747E+02     0.1320736E+02
     0.1253676E+02     0.1320368E+02
     0.1254029E+02     0.1319586E+02
     0.1254358E+02     0.1319241E+02
     0.1254827E+02     0.1319057E+02
     0.1255320E+02     0.1319103E+02
     0.1255907E+02     0.1319724E+02
     0.1256142E+02     0.1319816E+02
     0.1256518E+02     0.1319310E+02
     0.1255555E+02     0.1318137E+02
     0.1255344E+02     0.1317608E+02
     0.1255297E+02     0.1316780E+02
     0.1255415E+02     0.1316136E+02
     0.1255885E+02     0.1315767E+02
     0.1255321E+02     0.1315422E+02
     0.1254993E+02     0.1315330E+02
     0.1254617E+02     0.1314916E+02
     0.1254242E+02     0.1314042E+02
     0.1253960E+02     0.1313927E+02
     0.1253796E+02     0.1314042E+02
     0.1253702E+02     0.1314617E+02
     0.1253208E+02     0.1314686E+02
     0.1252622E+02     0.1314617E+02
     0.1251870E+02     0.1314985E+02
     0.1251213E+02     0.1314317E+02
     0.1250439E+02     0.1313903E+02
     0.1249477E+02     0.1312891E+02
     0.1249078E+02     0.1312085E+02
     0.1249078E+02     0.1311970E+02
     0.1249454E+02     0.1311280E+02
     0.1249642E+02     0.1310981E+02
     0.1249173E+02     0.1310176E+02
     0.1249243E+02     0.1309831E+02
     0.1249689E+02     0.1309371E+02
     0.1249056E+02     0.1309002E+02
     0.1249173E+02     0.1308819E+02
     0.1249643E+02     0.1308704E+02
     0.1249690E+02     0.1308382E+02
     0.1249596E+02     0.1308290E+02
     0.1248422E+02     0.1308404E+02
     0.1248094E+02     0.1308358E+02
     0.1247930E+02     0.1308105E+02
     0.1248259E+02     0.1307070E+02
     0.1248048E+02     0.1306472E+02
     0.1247672E+02     0.1306241E+02
     0.1247086E+02     0.1306333E+02
     0.1246123E+02     0.1306954E+02
     0.1245278E+02     0.1307184E+02
     0.1244269E+02     0.1307160E+02
     0.1243353E+02     0.1307114E+02
     0.1241804E+02     0.1307596E+02
     0.1240982E+02     0.1307872E+02
     0.1240701E+02     0.1307895E+02
     0.1240490E+02     0.1307756E+02
     0.1240044E+02     0.1307411E+02
     0.1240208E+02     0.1307733E+02
     0.1239645E+02     0.1307779E+02
     0.1237814E+02     0.1307594E+02
     0.1237039E+02     0.1307662E+02
     0.1236875E+02     0.1307846E+02
     0.1236945E+02     0.1308490E+02
     0.1236874E+02     0.1308697E+02
     0.1236569E+02     0.1308973E+02
     0.1236240E+02     0.1309019E+02
     0.1236170E+02     0.1308812E+02
     0.1236171E+02     0.1308076E+02
     0.1235537E+02     0.1307845E+02
     0.1235209E+02     0.1307937E+02
     0.1234339E+02     0.1308649E+02
     0.1234081E+02     0.1308419E+02
     0.1233965E+02     0.1307315E+02
     0.1233684E+02     0.1307176E+02
     0.1233402E+02     0.1307429E+02
     0.1233284E+02     0.1307774E+02
     0.1233471E+02     0.1308303E+02
     0.1232978E+02     0.1308487E+02
     0.1232321E+02     0.1308578E+02
     0.1232227E+02     0.1308647E+02
     0.1231663E+02     0.1308900E+02
     0.1231123E+02     0.1309383E+02
     0.1230724E+02     0.1309566E+02
     0.1229738E+02     0.1309611E+02
     0.1229433E+02     0.1309542E+02
     0.1228706E+02     0.1309196E+02
     0.1228049E+02     0.1308620E+02
     0.1228237E+02     0.1308368E+02
     0.1228801E+02     0.1308230E+02
     0.1228848E+02     0.1308115E+02
     0.1228707E+02     0.1308000E+02
     0.1227768E+02     0.1308091E+02
     0.1227486E+02     0.1308321E+02
     0.1227251E+02     0.1308873E+02
     0.1227297E+02     0.1309540E+02
     0.1227038E+02     0.1310322E+02
     0.1226815E+02     0.1310599E+02
     0.1226520E+02     0.1310965E+02
     0.1225698E+02     0.1311448E+02
     0.1224125E+02     0.1311469E+02
     0.1223820E+02     0.1311330E+02
     0.1223375E+02     0.1310732E+02
     0.1223023E+02     0.1310777E+02
     0.1221848E+02     0.1311397E+02
     0.1221097E+02     0.1311488E+02
     0.1220721E+02     0.1312040E+02
     0.1220274E+02     0.1312269E+02
     0.1219476E+02     0.1312222E+02
     0.1218843E+02     0.1312037E+02
     0.1218397E+02     0.1312106E+02
     0.1217856E+02     0.1312519E+02
     0.1217692E+02     0.1312036E+02
     0.1217928E+02     0.1311530E+02
     0.1218751E+02     0.1310657E+02
     0.1218024E+02     0.1310380E+02
     0.1217743E+02     0.1309827E+02
     0.1217320E+02     0.1310057E+02
     0.1217038E+02     0.1310378E+02
     0.1216358E+02     0.1310216E+02
     0.1216193E+02     0.1310331E+02
     0.1215770E+02     0.1310814E+02
     0.1215089E+02     0.1310858E+02
     0.1214902E+02     0.1310559E+02
     0.1215114E+02     0.1309846E+02
     0.1214927E+02     0.1309685E+02
     0.1214222E+02     0.1309914E+02
     0.1213940E+02     0.1309937E+02
     0.1213470E+02     0.1310419E+02
     0.1213142E+02     0.1310096E+02
     0.1212985E+02     0.1309115E+02
     0.1212985E+02     0.1309115E+02
     0.1212303E+02     0.1309155E+02
     0.1211810E+02     0.1309220E+02
     0.1211413E+02     0.1309033E+02
     0.1210424E+02     0.1309346E+02
     0.1207355E+02     0.1311183E+02
     0.1204735E+02     0.1312655E+02
     0.1204545E+02     0.1312975E+02
     0.1204097E+02     0.1313086E+02
     0.1202703E+02     0.1314086E+02
     0.1201472E+02     0.1315133E+02
     0.1201160E+02     0.1315821E+02
     0.1199502E+02     0.1317324E+02
     0.1198911E+02     0.1317687E+02
     0.1193517E+02     0.1321778E+02
     0.1192878E+02     0.1322278E+02
     0.1191060E+02     0.1323250E+02
     0.1188464E+02     0.1324537E+02
     0.1188463E+02     0.1324652E+02
     0.1187543E+02     0.1324966E+02
     0.1181965E+02     0.1326132E+02
     0.1181023E+02     0.1326399E+02
     0.1178575E+02     0.1326858E+02
     0.1177706E+02     0.1326849E+02
     0.1177186E+02     0.1327189E+02
     0.1176457E+02     0.1327251E+02
     0.1175115E+02     0.1327537E+02
     0.1174387E+02     0.1327553E+02
     0.1173891E+02     0.1327778E+02
     0.1172832E+02     0.1327997E+02
     0.1169559E+02     0.1328701E+02
     0.1167179E+02     0.1329459E+02
     0.1166566E+02     0.1329590E+02
     0.1166140E+02     0.1329931E+02
     0.1165198E+02     0.1330174E+02
     0.1163761E+02     0.1330528E+02
     0.1162557E+02     0.1331044E+02
     0.1160975E+02     0.1331718E+02
     0.1160151E+02     0.1331917E+02
     0.1159064E+02     0.1332526E+02
     0.1153963E+02     0.1334796E+02
     0.1152220E+02     0.1335214E+02
     0.1152219E+02     0.1335306E+02
     0.1151725E+02     0.1335278E+02
     0.1148549E+02     0.1335681E+02
     0.1148009E+02     0.1335606E+02
     0.1146880E+02     0.1335777E+02
     0.1146430E+02     0.1336003E+02
     0.1145089E+02     0.1336195E+02
     0.1143701E+02     0.1336364E+02
     0.1139558E+02     0.1337008E+02
     0.1136759E+02     0.1337207E+02
     0.1132646E+02     0.1337321E+02
     0.1130225E+02     0.1337339E+02
     0.1130226E+02     0.1337247E+02
     0.1129590E+02     0.1337378E+02
     0.1128391E+02     0.1337410E+02
     0.1121271E+02     0.1337488E+02
     0.1121270E+02     0.1337580E+02
     0.1120565E+02     0.1337526E+02
     0.1118099E+02     0.1337473E+02
     0.1117463E+02     0.1337604E+02
     0.1116688E+02     0.1337503E+02
     0.1114408E+02     0.1337613E+02
     0.1113258E+02     0.1337507E+02
     0.1106868E+02     0.1337406E+02
     0.1106513E+02     0.1337563E+02
     0.1105928E+02     0.1337395E+02
     0.1103485E+02     0.1337342E+02
     0.1102499E+02     0.1337237E+02
     0.1102498E+02     0.1337329E+02
     0.1098550E+02     0.1337372E+02
     0.1097729E+02     0.1337223E+02
     0.1092352E+02     0.1336925E+02
     0.1091156E+02     0.1336818E+02
     0.1090145E+02     0.1336828E+02
     0.1088103E+02     0.1336640E+02
     0.1086035E+02     0.1336659E+02
     0.1084909E+02     0.1336529E+02
     0.1082185E+02     0.1336425E+02
     0.1079156E+02     0.1336269E+02
     0.1075518E+02     0.1336014E+02
     0.1073756E+02     0.1335990E+02
     0.1070422E+02     0.1335807E+02
     0.1068731E+02     0.1335738E+02
     0.1066923E+02     0.1335690E+02
     0.1065470E+02     0.1335417E+02
     0.1061707E+02     0.1334077E+02
     0.1060049E+02     0.1333364E+02
     0.1058669E+02     0.1332930E+02
     0.1057221E+02     0.1332381E+02
     0.1056146E+02     0.1332020E+02
     0.1054653E+02     0.1331309E+02
     0.1053343E+02     0.1330923E+02
     0.1048438E+02     0.1329081E+02
     0.1046642E+02     0.1328250E+02
     0.1045187E+02     0.1328183E+02
     0.1043920E+02     0.1328026E+02
     0.1043192E+02     0.1328062E+02
     0.1041363E+02     0.1327851E+02
     0.1040331E+02     0.1327744E+02
     0.1038547E+02     0.1327672E+02
     0.1033571E+02     0.1327414E+02
     0.1032538E+02     0.1327398E+02
     0.1030074E+02     0.1327246E+02
     0.1028806E+02     0.1327181E+02
     0.1026929E+02     0.1327061E+02
     0.1025777E+02     0.1327135E+02
     0.1025051E+02     0.1326986E+02
     0.1020709E+02     0.1326782E+02
     0.1019681E+02     0.1326398E+02
     0.1016136E+02     0.1324871E+02
     0.1014552E+02     0.1324110E+02
     0.1012546E+02     0.1323273E+02
     0.1012291E+02     0.1323039E+02
     0.1010006E+02     0.1322083E+02
     0.1006089E+02     0.1320342E+02
     0.1004951E+02     0.1319610E+02
     0.1003952E+02     0.1318973E+02
     0.1003329E+02     0.1318342E+02
     0.1001629E+02     0.1317510E+02
     0.1000000E+02     0.1316536E+02
     0.9996532E+01     0.1316328E+02
     0.9991483E+01     0.1315652E+02
     0.9985451E+01     0.1315228E+02
     0.9983855E+01     0.1314950E+02
     0.9981909E+01     0.1314960E+02
     0.9979029E+01     0.1314344E+02
     0.9941012E+01     0.1310164E+02
     0.9912680E+01     0.1307057E+02
     0.9901128E+01     0.1306003E+02
     0.9886539E+01     0.1304875E+02
     0.9872683E+01     0.1303586E+02
     0.9869398E+01     0.1303581E+02
     0.9846766E+01     0.1301495E+02
     0.9832785E+01     0.1299608E+02
     0.9816587E+01     0.1297004E+02
     0.9811966E+01     0.1296605E+02
     0.9803278E+01     0.1295325E+02
     0.9794328E+01     0.1294206E+02
     0.9790373E+01     0.1294015E+02
     0.9776782E+01     0.1292612E+02
     0.9769899E+01     0.1291749E+02
     0.9762962E+01     0.1291185E+02
     0.9710216E+01     0.1285825E+02
     0.9695457E+01     0.1284443E+02
     0.9688586E+01     0.1283533E+02
     0.9665973E+01     0.1281515E+02
     0.9650239E+01     0.1280361E+02
     0.9617138E+01     0.1280556E+02
     0.9590634E+01     0.1280578E+02
     0.9580746E+01     0.1280791E+02
     0.9572783E+01     0.1280731E+02
     0.9553791E+01     0.1280720E+02
     0.9546732E+01     0.1280846E+02
     0.9531234E+01     0.1280956E+02
     0.9513890E+01     0.1280902E+02
     0.9489236E+01     0.1281065E+02
     0.9435132E+01     0.1281934E+02
     0.9429696E+01     0.1282154E+02
     0.9416324E+01     0.1282176E+02
     0.9390265E+01     0.1282312E+02
     0.9381880E+01     0.1282021E+02
     0.9365284E+01     0.1281737E+02
     0.9353328E+01     0.1281715E+02
     0.9346109E+01     0.1281449E+02
     0.9327387E+01     0.1281253E+02
     0.9305603E+01     0.1281120E+02
     0.9291965E+01     0.1281302E+02
     0.9287998E+01     0.1281203E+02
     0.9280433E+01     0.1281511E+02
     0.9258296E+01     0.1281975E+02
     0.9251415E+01     0.1282377E+02
     0.9243417E+01     0.1282500E+02
     0.9229824E+01     0.1282451E+02
     0.9226023E+01     0.1282697E+02
     0.9220364E+01     0.1282847E+02
     0.9178864E+01     0.1282791E+02
     0.9169425E+01     0.1283073E+02
     0.9166579E+01     0.1283228E+02
     0.9159983E+01     0.1283377E+02
     0.9147079E+01     0.1283398E+02
     0.9143355E+01     0.1283253E+02
     0.9138161E+01     0.1283427E+02
     0.9107416E+01     0.1283529E+02
     0.9101775E+01     0.1283587E+02
     0.9093321E+01     0.1283639E+02
     0.9081153E+01     0.1283501E+02
     0.9073364E+01     0.1283739E+02
     0.9060474E+01     0.1283691E+02
     0.9014701E+01     0.1283877E+02
     0.8997539E+01     0.1284073E+02
     0.8983735E+01     0.1283908E+02
     0.8975410E+01     0.1283339E+02
     0.8969789E+01     0.1283305E+02
     0.8956510E+01     0.1283992E+02
     0.8948964E+01     0.1284184E+02
     0.8939524E+01     0.1284465E+02
     0.8934302E+01     0.1284753E+02
     0.8922517E+01     0.1285029E+02
     0.8882372E+01     0.1286306E+02
     0.8870721E+01     0.1287042E+02
     0.8860634E+01     0.1287045E+02
     0.8852833E+01     0.1287328E+02
     0.8830379E+01     0.1288111E+02
     0.8824523E+01     0.1288076E+02
     0.8809592E+01     0.1288782E+02
     0.8787895E+01     0.1289313E+02
     0.8781250E+01     0.1289667E+02
     0.8772569E+01     0.1289673E+02
     0.8760316E+01     0.1289923E+02
     0.8725773E+01     0.1291256E+02
     0.8714941E+01     0.1291441E+02
     0.8709797E+01     0.1291361E+02
     0.8703639E+01     0.1291624E+02
     0.8696354E+01     0.1291678E+02
     0.8690895E+01     0.1291966E+02
     0.8678100E+01     0.1292537E+02
     0.8678120E+01     0.1292446E+02
     0.8671686E+01     0.1292892E+02
     0.8661516E+01     0.1293262E+02
     0.8648480E+01     0.1293856E+02
     0.8644794E+01     0.1294608E+02
     0.8644581E+01     0.1295574E+02
     0.8640002E+01     0.1296116E+02
     0.8631670E+01     0.1297710E+02
     0.8621287E+01     0.1299022E+02
     0.8601826E+01     0.1301052E+02
     0.8598751E+01     0.1301161E+02
     0.8592987E+01     0.1301747E+02
     0.8585561E+01     0.1302421E+02
     0.8564825E+01     0.1303827E+02
     0.8544619E+01     0.1304958E+02
     0.8531079E+01     0.1305665E+02
     0.8515918E+01     0.1306277E+02
     0.8499373E+01     0.1306771E+02
     0.8486417E+01     0.1306973E+02
     0.8468829E+01     0.1306889E+02
     0.8441998E+01     0.1306164E+02
     0.8421723E+01     0.1305521E+02
     0.8415628E+01     0.1305485E+02
     0.8400722E+01     0.1307017E+02
     0.8388062E+01     0.1307956E+02
     0.8388036E+01     0.1308071E+02
     0.8381157E+01     0.1308378E+02
     0.8376576E+01     0.1308897E+02
     0.8365809E+01     0.1309771E+02
     0.8356262E+01     0.1311453E+02
     0.8347680E+01     0.1312009E+02
     0.8327896E+01     0.1313277E+02
     0.8316080E+01     0.1314608E+02
     0.8311187E+01     0.1315449E+02
     0.8307510E+01     0.1316108E+02
     0.8293985E+01     0.1316699E+02
     0.8287535E+01     0.1317168E+02
     0.8272805E+01     0.1318884E+02
     0.8262424E+01     0.1320080E+02
     0.8255923E+01     0.1320756E+02
     0.8211730E+01     0.1321900E+02
     0.8199587E+01     0.1322585E+02
     0.8196688E+01     0.1322924E+02
     0.8191206E+01     0.1323257E+02
     0.8184484E+01     0.1323863E+02
     0.8176075E+01     0.1324649E+02
     0.8164508E+01     0.1325865E+02
     0.8158108E+01     0.1326104E+02
     0.8156404E+01     0.1326353E+02
     0.8145410E+01     0.1327134E+02
     0.8126409E+01     0.1327988E+02
     0.8106680E+01     0.1328932E+02
     0.8078508E+01     0.1329811E+02
     0.8067595E+01     0.1330246E+02
     0.8062417E+01     0.1330280E+02
     0.8046348E+01     0.1330657E+02
     0.8042606E+01     0.1330579E+02
     0.8036954E+01     0.1330635E+02
     0.8033605E+01     0.1330881E+02
     0.8025838E+01     0.1330932E+02
     0.8022975E+01     0.1331109E+02
     0.8006692E+01     0.1331394E+02
     0.7986553E+01     0.1331723E+02
     0.7947474E+01     0.1332360E+02
     0.7916383E+01     0.1332655E+02
     0.7910712E+01     0.1332780E+02
     0.7904125E+01     0.1332810E+02
     0.7891621E+01     0.1333011E+02
     0.7881763E+01     0.1332965E+02
     0.7874877E+01     0.1333247E+02
     0.7848527E+01     0.1333369E+02
     0.7840467E+01     0.1333649E+02
     0.7832929E+01     0.1333723E+02
     0.7824880E+01     0.1333957E+02
     0.7815503E+01     0.1333865E+02
     0.7804099E+01     0.1333424E+02
     0.7780453E+01     0.1332148E+02
     0.7770742E+01     0.1331526E+02
     0.7757230E+01     0.1330602E+02
     0.7752958E+01     0.1330310E+02
     0.7748990E+01     0.1330208E+02
     0.7748367E+01     0.1329885E+02
     0.7746248E+01     0.1329903E+02
     0.7741616E+01     0.1329638E+02
     0.7719626E+01     0.1328343E+02
     0.7710158E+01     0.1327699E+02
     0.7661357E+01     0.1324704E+02
     0.7653294E+01     0.1324086E+02
     0.7650465E+01     0.1324125E+02
     0.7649586E+01     0.1323892E+02
     0.7645853E+01     0.1323791E+02
     0.7640079E+01     0.1323409E+02
     0.7631794E+01     0.1322744E+02
     0.7622995E+01     0.1322400E+02
     0.7621614E+01     0.1322144E+02
     0.7618797E+01     0.1322137E+02
     0.7613722E+01     0.1321780E+02
     0.7602159E+01     0.1321084E+02
     0.7594267E+01     0.1320719E+02
     0.7584588E+01     0.1320005E+02
     0.7578997E+01     0.1319830E+02
     0.7560260E+01     0.1318725E+02
     0.7519777E+01     0.1316370E+02
     0.7505889E+01     0.1315598E+02
     0.7502232E+01     0.1315221E+02
     0.7493170E+01     0.1314853E+02
     0.7484410E+01     0.1314233E+02
     0.7474182E+01     0.1313839E+02
     0.7457819E+01     0.1312671E+02
     0.7453187E+01     0.1312429E+02
     0.7448993E+01     0.1312303E+02
     0.7426315E+01     0.1311049E+02
     0.7400719E+01     0.1310179E+02
     0.7383417E+01     0.1309905E+02
     0.7370752E+01     0.1309850E+02
     0.7357341E+01     0.1309954E+02
     0.7331469E+01     0.1310118E+02
     0.7310251E+01     0.1310431E+02
     0.7272114E+01     0.1310793E+02
     0.7244560E+01     0.1311090E+02
     0.7227887E+01     0.1311093E+02
     0.7221741E+01     0.1310386E+02
     0.7217574E+01     0.1310168E+02
     0.7212329E+01     0.1309602E+02
     0.7211936E+01     0.1309325E+02
     0.7208910E+01     0.1309225E+02
     0.7198656E+01     0.1308094E+02
     0.7193107E+01     0.1307780E+02
     0.7187184E+01     0.1307121E+02
     0.7179252E+01     0.1306087E+02
     0.7151635E+01     0.1303230E+02
     0.7142653E+01     0.1302608E+02
     0.7136395E+01     0.1302316E+02
     0.7124724E+01     0.1302078E+02
     0.7100554E+01     0.1301209E+02
     0.7086108E+01     0.1300825E+02
     0.7063073E+01     0.1300097E+02
     0.7050206E+01     0.1299947E+02
     0.7039052E+01     0.1299759E+02
     0.7010058E+01     0.1299150E+02
     0.7000000E+01     0.1299098E+02
     0.6946560E+01     0.1299141E+02
     0.6934086E+01     0.1298861E+02
     0.6928008E+01     0.1298985E+02
     0.6913483E+01     0.1300571E+02
     0.6904776E+01     0.1301872E+02
     0.6891612E+01     0.1303180E+02
     0.6888870E+01     0.1303644E+02
     0.6818586E+01     0.1311797E+02
     0.6807368E+01     0.1313607E+02
     0.6791992E+01     0.1315860E+02
     0.6789283E+01     0.1316554E+02
     0.6764575E+01     0.1320729E+02
     0.6750848E+01     0.1323071E+02
     0.6736914E+01     0.1325598E+02
     0.6729097E+01     0.1326690E+02
     0.6717456E+01     0.1328891E+02
     0.6714724E+01     0.1329355E+02
     0.6709672E+01     0.1330213E+02
     0.6699371E+01     0.1331975E+02
     0.6685136E+01     0.1334133E+02
     0.6677834E+01     0.1335546E+02
     0.6664393E+01     0.1336761E+02
     0.6655151E+01     0.1337786E+02
     0.6636146E+01     0.1339491E+02
     0.6579209E+01     0.1345273E+02
     0.6571773E+01     0.1345836E+02
     0.6564827E+01     0.1346535E+02
     0.6499004E+01     0.1352833E+02
     0.6451248E+01     0.1357450E+02
     0.6433632E+01     0.1359198E+02
     0.6421309E+01     0.1360157E+02
     0.6419183E+01     0.1360198E+02
     0.6414744E+01     0.1360281E+02
     0.6411431E+01     0.1360461E+02
     0.6344281E+01     0.1364100E+02
     0.6314389E+01     0.1365564E+02
     0.6309697E+01     0.1365639E+02
     0.6304566E+01     0.1365945E+02
     0.6299068E+01     0.1366120E+02
     0.6283037E+01     0.1366686E+02
     0.6268926E+01     0.1366658E+02
     0.6260491E+01     0.1366876E+02
     0.6225431E+01     0.1366669E+02
     0.6205618E+01     0.1366189E+02
     0.6195920E+01     0.1365741E+02
     0.6175155E+01     0.1365170E+02
     0.6156960E+01     0.1364458E+02
     0.6149414E+01     0.1364283E+02
     0.6138203E+01     0.1364849E+02
     0.6123974E+01     0.1365718E+02
     0.6084768E+01     0.1367996E+02
     0.6042864E+01     0.1369449E+02
     0.6026016E+01     0.1370090E+02
     0.6007516E+01     0.1370710E+02
     0.5990904E+01     0.1371374E+02
     0.5982697E+01     0.1371568E+02
     0.5917357E+01     0.1373760E+02
     0.5885732E+01     0.1374785E+02
     0.5882453E+01     0.1374904E+02
     0.5844750E+01     0.1376258E+02
     0.5800002E+01     0.1377734E+02
     0.5753158E+01     0.1379442E+02
     0.5741482E+01     0.1379961E+02
     0.5733031E+01     0.1380338E+02
     0.5627216E+01     0.1384912E+02
     0.5606129E+01     0.1385693E+02
     0.5583428E+01     0.1386797E+02
     0.5526512E+01     0.1389201E+02
     0.5494654E+01     0.1388337E+02
     0.5486635E+01     0.1388162E+02
     0.5459260E+01     0.1387385E+02
     0.5454797E+01     0.1387459E+02
     0.5449136E+01     0.1387327E+02
     0.5444396E+01     0.1386987E+02
     0.5411600E+01     0.1386101E+02
     0.5354970E+01     0.1384479E+02
     0.5339509E+01     0.1382794E+02
     0.5310226E+01     0.1379283E+02
     0.5293337E+01     0.1377369E+02
     0.5286664E+01     0.1376479E+02
     0.5270488E+01     0.1374610E+02
     0.5233791E+01     0.1374507E+02
     0.5202507E+01     0.1374444E+02
     0.5184392E+01     0.1374369E+02
     0.5179937E+01     0.1374511E+02
     0.5171715E+01     0.1374610E+02
     0.5164646E+01     0.1374456E+02
     0.5147967E+01     0.1374655E+02
     0.5135069E+01     0.1375057E+02
     0.5128710E+01     0.1374948E+02
     0.5105925E+01     0.1375244E+02
     0.5089449E+01     0.1375098E+02
     0.5053895E+01     0.1374624E+02
     0.5030365E+01     0.1374483E+02
     0.5011289E+01     0.1374178E+02
     0.5001877E+01     0.1374117E+02
     0.5000000E+01     0.1374139E+02
     0.5000000E+01     0.1374139E+02
     0.4987077E+01     0.1374291E+02
     0.4974385E+01     0.1374370E+02
     0.4944071E+01     0.1374649E+02
     0.4909519E+01     0.1374861E+02
     0.4898281E+01     0.1375445E+02
     0.4876111E+01     0.1377531E+02
     0.4870761E+01     0.1378248E+02
     0.4853327E+01     0.1377894E+02
     0.4787136E+01     0.1376637E+02
     0.4773007E+01     0.1376418E+02
     0.4750159E+01     0.1375976E+02
     0.4742614E+01     0.1375729E+02
     0.4727074E+01     0.1375488E+02
     0.4698811E+01     0.1374934E+02
     0.4672434E+01     0.1374449E+02
     0.4626286E+01     0.1373701E+02
     0.4616155E+01     0.1373432E+02
     0.4594721E+01     0.1372965E+02
     0.4583890E+01     0.1372766E+02
     0.4567405E+01     0.1372433E+02
     0.4554936E+01     0.1372350E+02
     0.4550214E+01     0.1372077E+02
     0.4531615E+01     0.1371768E+02
     0.4480051E+01     0.1370769E+02
     0.4478151E+01     0.1370495E+02
     0.4464738E+01     0.1370343E+02
     0.4459294E+01     0.1369818E+02
     0.4434698E+01     0.1367674E+02
     0.4411062E+01     0.1365759E+02
     0.4402544E+01     0.1364914E+02
     0.4349368E+01     0.1360466E+02
     0.4324300E+01     0.1358022E+02
     0.4321239E+01     0.1357932E+02
     0.4307296E+01     0.1356699E+02
     0.4293125E+01     0.1355536E+02
     0.4248242E+01     0.1351655E+02
     0.4212103E+01     0.1348413E+02
     0.4197474E+01     0.1347318E+02
     0.4197481E+01     0.1347433E+02
     0.4181960E+01     0.1347166E+02
     0.4173043E+01     0.1347332E+02
     0.4130281E+01     0.1347263E+02
     0.4130014E+01     0.1346666E+02
     0.4127575E+01     0.1345035E+02
     0.4128689E+01     0.1343954E+02
     0.4129953E+01     0.1337058E+02
     0.4128839E+01     0.1333910E+02
     0.4129250E+01     0.1332829E+02
     0.4129066E+01     0.1320991E+02
     0.4128230E+01     0.1318601E+02
     0.4129665E+01     0.1314830E+02
     0.4127745E+01     0.1314050E+02
     0.4121840E+01     0.1310801E+02
     0.4115944E+01     0.1308516E+02
     0.4112102E+01     0.1306886E+02
     0.4101741E+01     0.1301811E+02
     0.4096463E+01     0.1299607E+02
     0.4068109E+01     0.1295599E+02
     0.4051561E+01     0.1293032E+02
     0.4049681E+01     0.1292941E+02
     0.4030797E+01     0.1290468E+02
     0.4024644E+01     0.1289345E+02
     0.4018497E+01     0.1288313E+02
     0.4006470E+01     0.1286894E+02
     0.4000326E+01     0.1285909E+02
     0.3971263E+01     0.1281187E+02
     0.3964878E+01     0.1280018E+02
     0.3942208E+01     0.1276419E+02
     0.3932326E+01     0.1275573E+02
     0.3927609E+01     0.1274932E+02
     0.3876125E+01     0.1271139E+02
     0.3866493E+01     0.1270546E+02
     0.3862726E+01     0.1270133E+02
     0.3833344E+01     0.1267871E+02
     0.3817841E+01     0.1266866E+02
     0.3771068E+01     0.1263000E+02
     0.3745216E+01     0.1260781E+02
     0.3732294E+01     0.1259728E+02
     0.3721725E+01     0.1258951E+02
     0.3714434E+01     0.1258149E+02
     0.3702212E+01     0.1256981E+02
     0.3695875E+01     0.1256593E+02
     0.3688825E+01     0.1255929E+02
     0.3642556E+01     0.1252015E+02
     0.3641325E+01     0.1250383E+02
     0.3643380E+01     0.1248980E+02
     0.3644232E+01     0.1246703E+02
     0.3647192E+01     0.1244495E+02
     0.3647330E+01     0.1243415E+02
     0.3647374E+01     0.1243069E+02
     0.3647659E+01     0.1242586E+02
     0.3649795E+01     0.1238975E+02
     0.3649706E+01     0.1236584E+02
     0.3654019E+01     0.1233064E+02
     0.3655239E+01     0.1228166E+02
     0.3657529E+01     0.1226855E+02
     0.3649250E+01     0.1224329E+02
     0.3636930E+01     0.1220034E+02
     0.3638063E+01     0.1219044E+02
     0.3635165E+01     0.1216539E+02
     0.3634377E+01     0.1214148E+02
     0.3630781E+01     0.1211712E+02
     0.3642553E+01     0.1207684E+02
     0.3647177E+01     0.1206325E+02
     0.3657086E+01     0.1202573E+02
     0.3667939E+01     0.1199166E+02
     0.3668822E+01     0.1197786E+02
     0.3666701E+01     0.1197327E+02
     0.3647236E+01     0.1195334E+02
     0.3625425E+01     0.1192974E+02
     0.3619336E+01     0.1192539E+02
     0.3617670E+01     0.1191689E+02
     0.3621233E+01     0.1186859E+02
     0.3622576E+01     0.1185249E+02
     0.3626731E+01     0.1183936E+02
     0.3634174E+01     0.1183129E+02
     0.3650014E+01     0.1182111E+02
     0.3665852E+01     0.1181047E+02
     0.3671180E+01     0.1179942E+02
     0.3671396E+01     0.1179459E+02
     0.3679448E+01     0.1176351E+02
     0.3679195E+01     0.1175845E+02
     0.3654612E+01     0.1173923E+02
     0.3632544E+01     0.1171960E+02
     0.3610128E+01     0.1170215E+02
     0.3606263E+01     0.1169819E+02
     0.3606263E+01     0.1169819E+02
     0.3605074E+01     0.1169697E+02
     0.3599156E+01     0.1170127E+02
     0.3570249E+01     0.1171727E+02
     0.3555143E+01     0.1173040E+02
     0.3549799E+01     0.1173800E+02
     0.3548418E+01     0.1174376E+02
     0.3550311E+01     0.1175134E+02
     0.3559461E+01     0.1176510E+02
     0.3560646E+01     0.1177016E+02
     0.3558566E+01     0.1177660E+02
     0.3551412E+01     0.1178024E+02
     0.3541423E+01     0.1178000E+02
     0.3526306E+01     0.1178344E+02
     0.3522668E+01     0.1179219E+02
     0.3519669E+01     0.1180433E+02
     0.3514377E+01     0.1182462E+02
     0.3502963E+01     0.1183704E+02
     0.3495971E+01     0.1184166E+02
     0.3485037E+01     0.1185434E+02
     0.3476878E+01     0.1185942E+02
     0.3476026E+01     0.1185978E+02
     0.3476026E+01     0.1185978E+02
     0.3468482E+01     0.1186290E+02
     0.3455161E+01     0.1185972E+02
     0.3439984E+01     0.1186046E+02
     0.3427391E+01     0.1186647E+02
     0.3412005E+01     0.1188076E+02
     0.3412005E+01     0.1188076E+02
     0.3404769E+01     0.1188395E+02
     0.3383986E+01     0.1188452E+02
     0.3370941E+01     0.1189103E+02
     0.3352032E+01     0.1188754E+02
     0.3339382E+01     0.1188521E+02
     0.3325382E+01     0.1188780E+02
     0.3321868E+01     0.1188575E+02
     0.3307631E+01     0.1188766E+02
     0.3302058E+01     0.1189413E+02
     0.3291025E+01     0.1193143E+02
     0.3283335E+01     0.1193515E+02
     0.3283335E+01     0.1193515E+02
     0.3277509E+01     0.1193816E+02
     0.3275652E+01     0.1194070E+02
     0.3272485E+01     0.1196256E+02
     0.3268795E+01     0.1197293E+02
     0.3262532E+01     0.1198239E+02
     0.3248569E+01     0.1199418E+02
     0.3260566E+01     0.1201160E+02
     0.3261755E+01     0.1201619E+02
     0.3255231E+01     0.1201990E+02
     0.3235210E+01     0.1203632E+02
     0.3229118E+01     0.1204439E+02
     0.3229118E+01     0.1204439E+02
     0.3228655E+01     0.1204500E+02
     0.3224758E+01     0.1205017E+02
     0.3216843E+01     0.1205687E+02
     0.3209383E+01     0.1206104E+02
     0.3189834E+01     0.1207976E+02
     0.3178916E+01     0.1209475E+02
     0.3168912E+01     0.1210560E+02
     0.3168912E+01     0.1210560E+02
     0.3152385E+01     0.1212154E+02
     0.3143296E+01     0.1212802E+02
     0.3124865E+01     0.1213637E+02
     0.3120908E+01     0.1214053E+02
     0.3119998E+01     0.1214674E+02
     0.3121195E+01     0.1215341E+02
     0.3110925E+01     0.1215736E+02
     0.3105336E+01     0.1216267E+02
     0.3105814E+01     0.1216520E+02
     0.3085741E+01     0.1217333E+02
     0.3082167E+01     0.1217525E+02
     0.3082167E+01     0.1217525E+02
     0.3061244E+01     0.1218653E+02
     0.3056818E+01     0.1219069E+02
     0.3053335E+01     0.1219691E+02
     0.3048947E+01     0.1221072E+02
     0.3033424E+01     0.1222463E+02
     0.3033424E+01     0.1222463E+02
     0.3019818E+01     0.1223682E+02
     0.3015117E+01     0.1225111E+02
     0.3001497E+01     0.1227234E+02
     0.2995654E+01     0.1227534E+02
     0.2981400E+01     0.1228594E+02
     0.2971814E+01     0.1228894E+02
     0.2958489E+01     0.1229448E+02
     0.2941201E+01     0.1231427E+02
     0.2916432E+01     0.1233914E+02
     0.2890490E+01     0.1236722E+02
     0.2866644E+01     0.1238977E+02
     0.2857290E+01     0.1239553E+02
     0.2836003E+01     0.1240521E+02
     0.2832495E+01     0.1240751E+02
     0.2819161E+01     0.1241373E+02
     0.2805825E+01     0.1241742E+02
     0.2794593E+01     0.1241835E+02
     0.2792252E+01     0.1241651E+02
     0.2775167E+01     0.1241100E+02
     0.2755970E+01     0.1239009E+02
     0.2732930E+01     0.1236217E+02
     0.2732930E+01     0.1236217E+02
     0.2728783E+01     0.1236264E+02
     0.2723381E+01     0.1235507E+02
     0.2715879E+01     0.1234934E+02
     0.2705270E+01     0.1231810E+02
     0.2695822E+01     0.1229863E+02
     0.2695822E+01     0.1229863E+02
     0.2688104E+01     0.1228273E+02
     0.2686227E+01     0.1228067E+02
     0.2682014E+01     0.1227953E+02
     0.2679704E+01     0.1229103E+02
     0.2675976E+01     0.1229656E+02
     0.2670984E+01     0.1230044E+02
     0.2670984E+01     0.1230044E+02
     0.2669439E+01     0.1230164E+02
     0.2663131E+01     0.1230418E+02
     0.2652836E+01     0.1230329E+02
     0.2624982E+01     0.1229485E+02
     0.2616564E+01     0.1229579E+02
     0.2608623E+01     0.1230087E+02
     0.2601837E+01     0.1229996E+02
     0.2595984E+01     0.1229722E+02
     0.2587803E+01     0.1229976E+02
     0.2577957E+01     0.1228967E+02
     0.2577330E+01     0.1228860E+02
     0.2573497E+01     0.1228209E+02
     0.2569986E+01     0.1228049E+02
     0.2561803E+01     0.1228235E+02
     0.2559175E+01     0.1228170E+02
     0.2559175E+01     0.1228170E+02
     0.2542380E+01     0.1227756E+02
     0.2536060E+01     0.1227458E+02
     0.2530227E+01     0.1228172E+02
     0.2522516E+01     0.1228542E+02
     0.2514347E+01     0.1229440E+02
     0.2511071E+01     0.1229372E+02
     0.2511071E+01     0.1229372E+02
     0.2508021E+01     0.1228867E+02
     0.2505661E+01     0.1227740E+02
     0.2499577E+01     0.1227581E+02
     0.2494419E+01     0.1226869E+02
     0.2482729E+01     0.1227078E+02
     0.2475476E+01     0.1226988E+02
     0.2470101E+01     0.1227196E+02
     0.2464488E+01     0.1227220E+02
     0.2462147E+01     0.1227013E+02
     0.2458616E+01     0.1225726E+02
     0.2456039E+01     0.1225451E+02
     0.2452530E+01     0.1225405E+02
     0.2451946E+01     0.1225428E+02
     0.2446687E+01     0.1225636E+02
     0.2438279E+01     0.1226281E+02
     0.2434553E+01     0.1226323E+02
     0.2434553E+01     0.1226323E+02
     0.2430599E+01     0.1225535E+02
     0.2425458E+01     0.1225144E+02
     0.2403710E+01     0.1224936E+02
     0.2387346E+01     0.1224222E+02
     0.2385481E+01     0.1223555E+02
     0.2388070E+01     0.1221853E+02
     0.2392545E+01     0.1218267E+02
     0.2399829E+01     0.1214266E+02
     0.2412012E+01     0.1211117E+02
     0.2422781E+01     0.1208956E+02
     0.2437289E+01     0.1206681E+02
     0.2445012E+01     0.1205163E+02
     0.2449924E+01     0.1204566E+02
     0.2455539E+01     0.1203646E+02
     0.2459982E+01     0.1203210E+02
     0.2463726E+01     0.1202382E+02
     0.2466772E+01     0.1201095E+02
     0.2468418E+01     0.1199462E+02
     0.2466087E+01     0.1198817E+02
     0.2465710E+01     0.1198461E+02
     0.2460944E+01     0.1197948E+02
     0.2460944E+01     0.1197948E+02
     0.2458836E+01     0.1197627E+02
     0.2455098E+01     0.1197581E+02
     0.2446464E+01     0.1198204E+02
     0.2442726E+01     0.1198228E+02
     0.2437109E+01     0.1197654E+02
     0.2432669E+01     0.1197516E+02
     0.2431025E+01     0.1197011E+02
     0.2433577E+01     0.1195884E+02
     0.2431235E+01     0.1195539E+02
     0.2420022E+01     0.1195518E+02
     0.2412538E+01     0.1194944E+02
     0.2407866E+01     0.1194991E+02
     0.2401563E+01     0.1195291E+02
     0.2397815E+01     0.1194579E+02
     0.2396739E+01     0.1194139E+02
     0.2396739E+01     0.1194139E+02
     0.2395230E+01     0.1193522E+02
     0.2390557E+01     0.1193407E+02
     0.2390085E+01     0.1193085E+02
     0.2398478E+01     0.1192072E+02
     0.2399169E+01     0.1191382E+02
     0.2404769E+01     0.1190968E+02
     0.2406164E+01     0.1190599E+02
     0.2405395E+01     0.1190161E+02
     0.2395829E+01     0.1191203E+02
     0.2382029E+01     0.1193180E+02
     0.2371742E+01     0.1194144E+02
     0.2362384E+01     0.1195454E+02
     0.2346709E+01     0.1197684E+02
     0.2339457E+01     0.1198534E+02
     0.2320736E+01     0.1201061E+02
     0.2258939E+01     0.1208988E+02
     0.2248636E+01     0.1210274E+02
     0.2184215E+01     0.1218773E+02
     0.2155157E+01     0.1222471E+02
     0.2148356E+01     0.1223504E+02
     0.2135467E+01     0.1224997E+02
     0.2130539E+01     0.1225870E+02
     0.2112018E+01     0.1228166E+02
     0.2101463E+01     0.1229705E+02
     0.2089505E+01     0.1231105E+02
     0.2071905E+01     0.1233792E+02
     0.2064868E+01     0.1234642E+02
     0.2062524E+01     0.1234848E+02
     0.2059467E+01     0.1235238E+02
     0.2059467E+01     0.1235238E+02
     0.2060600E+01     0.1235359E+02
     0.2061913E+01     0.1235874E+02
     0.2063176E+01     0.1236370E+02
     0.2067623E+01     0.1236991E+02
     0.2066221E+01     0.1237658E+02
     0.2066924E+01     0.1238003E+02
     0.2069264E+01     0.1238163E+02
     0.2070670E+01     0.1238922E+02
     0.2073011E+01     0.1239198E+02
     0.2087987E+01     0.1239565E+02
     0.2091730E+01     0.1239381E+02
     0.2104125E+01     0.1237978E+02
     0.2107401E+01     0.1237909E+02
     0.2110452E+01     0.1238032E+02
     0.2110452E+01     0.1238032E+02
     0.2111379E+01     0.1238069E+02
     0.2113253E+01     0.1238598E+02
     0.2117467E+01     0.1239173E+02
     0.2126127E+01     0.1239862E+02
     0.2135021E+01     0.1240160E+02
     0.2143448E+01     0.1240896E+02
     0.2152112E+01     0.1241861E+02
     0.2155155E+01     0.1241998E+02
     0.2164515E+01     0.1241929E+02
     0.2174112E+01     0.1242434E+02
     0.2181601E+01     0.1242410E+02
     0.2186512E+01     0.1242157E+02
     0.2189915E+01     0.1242176E+02
     0.2189915E+01     0.1242176E+02
     0.2202192E+01     0.1242247E+02
     0.2215523E+01     0.1241418E+02
     0.2223955E+01     0.1242268E+02
     0.2227231E+01     0.1242291E+02
     0.2248290E+01     0.1242013E+02
     0.2253199E+01     0.1241530E+02
     0.2257178E+01     0.1241667E+02
     0.2261163E+01     0.1242448E+02
     0.2272632E+01     0.1242631E+02
     0.2274273E+01     0.1242838E+02
     0.2274273E+01     0.1242838E+02
     0.2266876E+01     0.1243616E+02
     0.2262411E+01     0.1244995E+02
     0.2261221E+01     0.1246329E+02
     0.2260971E+01     0.1247479E+02
     0.2254404E+01     0.1248420E+02
     0.2228148E+01     0.1251107E+02
     0.2216421E+01     0.1252508E+02
     0.2217357E+01     0.1252508E+02
     0.2216621E+01     0.1254716E+02
     0.2217051E+01     0.1257130E+02
     0.2216313E+01     0.1259383E+02
     0.2216765E+01     0.1260441E+02
     0.2214413E+01     0.1261107E+02
     0.2205261E+01     0.1262347E+02
     0.2195647E+01     0.1263013E+02
     0.2168694E+01     0.1264250E+02
     0.2148302E+01     0.1265121E+02
     0.2148304E+01     0.1265029E+02
     0.2140565E+01     0.1265557E+02
     0.2122747E+01     0.1266519E+02
     0.2119690E+01     0.1267139E+02
     0.2111449E+01     0.1269299E+02
     0.2098688E+01     0.1272653E+02
     0.2098688E+01     0.1272653E+02
     0.2084583E+01     0.1271640E+02
     0.2079899E+01     0.1271755E+02
     0.2070999E+01     0.1272422E+02
     0.2062966E+01     0.1272673E+02
     0.2062966E+01     0.1272673E+02
     0.2061394E+01     0.1272722E+02
     0.2039424E+01     0.1272775E+02
     0.2039424E+01     0.1272775E+02
     0.2033683E+01     0.1272789E+02
     0.2013135E+01     0.1272838E+02
     0.2005169E+01     0.1273045E+02
     0.1987598E+01     0.1273896E+02
     0.1986293E+01     0.1273878E+02
     0.1986293E+01     0.1273878E+02
     0.1977840E+01     0.1272906E+02
     0.1968030E+01     0.1271708E+02
     0.1960081E+01     0.1271086E+02
     0.1948870E+01     0.1269750E+02
     0.1931051E+01     0.1270366E+02
     0.1924723E+01     0.1270457E+02
     0.1922387E+01     0.1270180E+02
     0.1910964E+01     0.1268131E+02
     0.1873899E+01     0.1261822E+02
     0.1870152E+01     0.1261821E+02
     0.1863835E+01     0.1261636E+02
     0.1857979E+01     0.1261680E+02
     0.1846029E+01     0.1261907E+02
     0.1827997E+01     0.1261902E+02
     0.1805981E+01     0.1261988E+02
     0.1794500E+01     0.1262169E+02
     0.1776232E+01     0.1262209E+02
     0.1745548E+01     0.1262361E+02
     0.1710186E+01     0.1262373E+02
     0.1700112E+01     0.1262485E+02
     0.1689569E+01     0.1262597E+02
     0.1683251E+01     0.1262457E+02
     0.1664978E+01     0.1262635E+02
     0.1570111E+01     0.1263130E+02
     0.1563295E+01     0.1263749E+02
     0.1544265E+01     0.1265190E+02
     0.1531570E+01     0.1266381E+02
     0.1524288E+01     0.1266884E+02
     0.1509480E+01     0.1268120E+02
     0.1454000E+01     0.1272673E+02
     0.1433308E+01     0.1274343E+02
     0.1410491E+01     0.1276334E+02
     0.1405090E+01     0.1276607E+02
     0.1388158E+01     0.1277934E+02
     0.1372156E+01     0.1279375E+02
     0.1340164E+01     0.1281913E+02
     0.1327212E+01     0.1283195E+02
     0.1317807E+01     0.1283811E+02
     0.1302736E+01     0.1285253E+02
     0.1292625E+01     0.1285892E+02
     0.1274028E+01     0.1287469E+02
     0.1226476E+01     0.1291332E+02
     0.1210228E+01     0.1292680E+02
     0.1201973E+01     0.1293596E+02
     0.1190678E+01     0.1294372E+02
     0.1190683E+01     0.1294280E+02
     0.1174661E+01     0.1295720E+02
     0.1166413E+01     0.1296475E+02
     0.1100217E+01     0.1301820E+02
     0.1095042E+01     0.1302093E+02
     0.1065802E+01     0.1304790E+02
     0.1051905E+01     0.1305794E+02
     0.1037828E+01     0.1305832E+02
     0.9927856E+00     0.1305922E+02
     0.9925047E+00     0.1306680E+02
     0.9915498E+00     0.1310795E+02
     0.9920980E+00     0.1313347E+02
     0.9921462E+00     0.1320243E+02
     0.9915465E+00     0.1326219E+02
     0.9917016E+00     0.1331368E+02
     0.9907019E+00     0.1332356E+02
     0.9918215E+00     0.1337092E+02
     0.9988524E+00     0.1337326E+02
     0.1018820E+01     0.1337222E+02
     0.1028715E+01     0.1336699E+02
     0.1035095E+01     0.1336036E+02
     0.1042877E+01     0.1335489E+02
     0.1055356E+01     0.1334921E+02
     0.1069227E+01     0.1334630E+02
     0.1087124E+01     0.1333743E+02
     0.1093257E+01     0.1333263E+02
     0.1104339E+01     0.1332540E+02
     0.1104339E+01     0.1332540E+02
     0.1110174E+01     0.1332348E+02
     0.1112508E+01     0.1332762E+02
     0.1116256E+01     0.1333039E+02
     0.1122122E+01     0.1333156E+02
     0.1132923E+01     0.1333136E+02
     0.1137633E+01     0.1332701E+02
     0.1141155E+01     0.1332679E+02
     0.1144663E+01     0.1333139E+02
     0.1148683E+01     0.1332221E+02
     0.1176629E+01     0.1332022E+02
     0.1178767E+01     0.1331897E+02
     0.1178767E+01     0.1331897E+02
     0.1182509E+01     0.1331679E+02
     0.1186500E+01     0.1331703E+02
     0.1193986E+01     0.1332601E+02
     0.1194173E+01     0.1332975E+02
     0.1194651E+01     0.1333935E+02
     0.1201205E+01     0.1334649E+02
     0.1197389E+01     0.1336648E+02
     0.1198315E+01     0.1337085E+02
     0.1202298E+01     0.1337385E+02
     0.1210752E+01     0.1337387E+02
     0.1216867E+01     0.1337067E+02
     0.1220653E+01     0.1336079E+02
     0.1220917E+01     0.1335045E+02
     0.1231296E+01     0.1333370E+02
     0.1236464E+01     0.1333325E+02
     0.1236464E+01     0.1333325E+02
     0.1252470E+01     0.1333950E+02
     0.1279153E+01     0.1334991E+02
     0.1282974E+01     0.1335220E+02
     0.1282974E+01     0.1335220E+02
     0.1280971E+01     0.1335863E+02
     0.1269155E+01     0.1337328E+02
     0.1265363E+01     0.1338016E+02
     0.1245755E+01     0.1340236E+02
     0.1241758E+01     0.1340326E+02
     0.1230541E+01     0.1339240E+02
     0.1221644E+01     0.1338730E+02
     0.1213665E+01     0.1338612E+02
     0.1197896E+01     0.1339247E+02
     0.1177909E+01     0.1339674E+02
     0.1167345E+01     0.1339600E+02
     0.1153274E+01     0.1339225E+02
     0.1143640E+01     0.1339312E+02
     0.1134441E+01     0.1340020E+02
     0.1115816E+01     0.1341274E+02
     0.1076902E+01     0.1344012E+02
     0.1058802E+01     0.1344232E+02
     0.1037644E+01     0.1344519E+02
     0.1043603E+01     0.1347027E+02
     0.1045178E+01     0.1348201E+02
     0.1044918E+01     0.1348614E+02
     0.1042297E+01     0.1349233E+02
     0.1024357E+01     0.1350648E+02
     0.1019139E+01     0.1351450E+02
     0.1014810E+01     0.1353102E+02
     0.1010004E+01     0.1354869E+02
     0.1005950E+01     0.1355832E+02
     0.9981479E+00     0.1356609E+02
     0.9877740E+00     0.1357155E+02
     0.9736467E+00     0.1357584E+02
     0.9585760E+00     0.1358058E+02
     0.9408950E+00     0.1358921E+02
     0.9127753E+00     0.1361271E+02
     0.9070961E+00     0.1361865E+02
     0.8974231E+00     0.1362411E+02
     0.8757939E+00     0.1362467E+02
     0.8621563E+00     0.1362528E+02
     0.8565226E+00     0.1362409E+02
     0.8464171E+00     0.1362380E+02
     0.8325427E+00     0.1362463E+02
     0.8273577E+00     0.1362667E+02
     0.7816448E+00     0.1364270E+02
     0.7794480E+00     0.1365440E+02
     0.7784397E+00     0.1366428E+02
     0.7844886E+00     0.1367351E+02
     0.7969235E+00     0.1367727E+02
     0.7877184E+00     0.1368250E+02
     0.7726046E+00     0.1369205E+02
     0.7725983E+00     0.1369297E+02
     0.7683727E+00     0.1369202E+02
     0.7420355E+00     0.1369254E+02
     0.6903077E+00     0.1369266E+02
     0.6677287E+00     0.1369365E+02
     0.6559746E+00     0.1369334E+02
     0.6355183E+00     0.1369343E+02
     0.6190174E+00     0.1369906E+02
     0.6052990E+00     0.1370976E+02
     0.6002917E+00     0.1371892E+02
     0.5997344E+00     0.1373041E+02
     0.6211784E+00     0.1375584E+02
     0.6255758E+00     0.1376529E+02
     0.6252963E+00     0.1377126E+02
     0.6193683E+00     0.1377766E+02
     0.6209973E+00     0.1377997E+02
     0.6204770E+00     0.1378663E+02
     0.6136582E+00     0.1378635E+02
     0.6132138E+00     0.1377885E+02
     0.6021738E+00     0.1378098E+02
     0.5894226E+00     0.1378756E+02
     0.5846628E+00     0.1379488E+02
     0.5819651E+00     0.1380934E+02
     0.5781733E+00     0.1381299E+02
     0.5642178E+00     0.1382300E+02
     0.5550066E+00     0.1382776E+02
     0.5512146E+00     0.1383140E+02
     0.5403725E+00     0.1383408E+02
     0.5304404E+00     0.1384068E+02
     0.5268611E+00     0.1384708E+02
     0.5262391E+00     0.1386638E+02
     0.5207685E+00     0.1387393E+02
     0.5046697E+00     0.1388644E+02
     0.4973488E+00     0.1388984E+02
     0.4919027E+00     0.1389416E+02
     0.4764779E+00     0.1391036E+02
     0.4733594E+00     0.1391769E+02
     0.4716144E+00     0.1392986E+02
     0.4734377E+00     0.1393722E+02
     0.4804549E+00     0.1394256E+02
     0.4832090E+00     0.1395131E+02
     0.4805040E+00     0.1396577E+02
     0.4725595E+00     0.1395859E+02
     0.4634352E+00     0.1395185E+02
     0.4552134E+00     0.1394995E+02
     0.4507197E+00     0.1395268E+02
     0.4504522E+00     0.1395658E+02
     0.4534055E+00     0.1396970E+02
     0.4502805E+00     0.1397772E+02
     0.4434042E+00     0.1398387E+02
     0.4220906E+00     0.1399956E+02
     0.4104620E+00     0.1401096E+02
     0.3987863E+00     0.1402787E+02
     0.3874610E+00     0.1405904E+02
     0.3840685E+00     0.1407050E+02
     0.3843275E+00     0.1409577E+02
     0.3819149E+00     0.1410265E+02
     0.3633481E+00     0.1412617E+02
     0.3573497E+00     0.1413921E+02
     0.3570361E+00     0.1414840E+02
     0.3592372E+00     0.1416657E+02
     0.3630778E+00     0.1418590E+02
     0.3670331E+00     0.1419167E+02
     0.3781458E+00     0.1421473E+02
     0.3906226E+00     0.1424401E+02
     0.3913821E+00     0.1426584E+02
     0.3822783E+00     0.1428369E+02
     0.3700538E+00     0.1430817E+02
     0.3673549E+00     0.1432078E+02
     0.3629861E+00     0.1433568E+02
     0.3517942E+00     0.1434914E+02
     0.3401730E+00     0.1435755E+02
     0.3307136E+00     0.1436115E+02
     0.3229278E+00     0.1436201E+02
     0.2889680E+00     0.1436403E+02
     0.2754060E+00     0.1437839E+02
     0.2665769E+00     0.1439049E+02
     0.2241787E+00     0.1443907E+02
     0.2015564E+00     0.1446369E+02
     0.1912917E+00     0.1447738E+02
     0.1822581E+00     0.1448534E+02
     0.1767692E+00     0.1449242E+02
     0.1679945E+00     0.1452335E+02
     0.1662505E+00     0.1453344E+02
     0.1775918E+00     0.1458269E+02
     0.1800181E+00     0.1460108E+02
     0.1843932E+00     0.1461283E+02
     0.1888449E+00     0.1464204E+02
     0.1987221E+00     0.1472342E+02
     0.2005912E+00     0.1475145E+02
     0.2024360E+00     0.1475629E+02
     0.2026135E+00     0.1476272E+02
     0.1963445E+00     0.1477713E+02
     0.1931437E+00     0.1479157E+02
     0.1908805E+00     0.1480671E+02
     0.1970349E+00     0.1483087E+02
     0.2040096E+00     0.1484287E+02
     0.2280938E+00     0.1486925E+02
     0.2357362E+00     0.1488607E+02
     0.2344625E+00     0.1489639E+02
     0.2290038E+00     0.1497808E+02
     0.2293513E+00     0.1498967E+02
END
END
