norfolk_island
1
     0.1680467E+03    -0.2902234E+02
     0.1680168E+03    -0.2900263E+02
     0.1680080E+03    -0.2900141E+02
     0.1680106E+03    -0.2899792E+02
     0.1680159E+03    -0.2899599E+02
     0.1680241E+03    -0.2899493E+02
     0.1680427E+03    -0.2899689E+02
     0.1680571E+03    -0.2900305E+02
     0.1680630E+03    -0.2901097E+02
     0.1680813E+03    -0.2901202E+02
     0.1680853E+03    -0.2901538E+02
     0.1680916E+03    -0.2902788E+02
     0.1680839E+03    -0.2903811E+02
     0.1680783E+03    -0.2903913E+02
     0.1680775E+03    -0.2904281E+02
     0.1680797E+03    -0.2904749E+02
     0.1680801E+03    -0.2904827E+02
     0.1680766E+03    -0.2905154E+02
     0.1680664E+03    -0.2905173E+02
     0.1680604E+03    -0.2905528E+02
     0.1680422E+03    -0.2904735E+02
     0.1680366E+03    -0.2904860E+02
     0.1680338E+03    -0.2905232E+02
     0.1680286E+03    -0.2905172E+02
     0.1680276E+03    -0.2904807E+02
     0.1680221E+03    -0.2904588E+02
     0.1680113E+03    -0.2904584E+02
     0.1680152E+03    -0.2904233E+02
     0.1680130E+03    -0.2903457E+02
     0.1680130E+03    -0.2902357E+02
     0.1680190E+03    -0.2900557E+02
     0.1680191E+03    -0.2900259E+02
     0.1680168E+03    -0.2900263E+02
END
2
     0.1680551E+03    -0.2906641E+02
     0.1680536E+03    -0.2906538E+02
     0.1680579E+03    -0.2906507E+02
     0.1680570E+03    -0.2906738E+02
     0.1680547E+03    -0.2906834E+02
     0.1680531E+03    -0.2906654E+02
     0.1680536E+03    -0.2906538E+02
END
3
     0.1680438E+03    -0.2911095E+02
     0.1680383E+03    -0.2910956E+02
     0.1680404E+03    -0.2910677E+02
     0.1680470E+03    -0.2910436E+02
     0.1680543E+03    -0.2910652E+02
     0.1680571E+03    -0.2910991E+02
     0.1680545E+03    -0.2911088E+02
     0.1680501E+03    -0.2911004E+02
     0.1680444E+03    -0.2911885E+02
     0.1680414E+03    -0.2911937E+02
     0.1680403E+03    -0.2911343E+02
     0.1680366E+03    -0.2911166E+02
     0.1680383E+03    -0.2910956E+02
END
END
