ohio
1
        -81.918228         41.678112
        -83.070175         41.864059
        -83.024788         41.842381
        -82.882988         41.774433
        -82.741501         41.706306
        -82.682610         41.677849
        -82.584610         41.677254
        -82.416542         41.676029
        -82.410301         41.675980
        -82.270668         41.737370
        -82.125366         41.800941
        -81.979759         41.864326
        -81.833847         41.927517
        -81.833076         41.927853
        -81.691620         41.995392
        -81.549095         42.063110
        -81.408943         42.133705
        -81.268471         42.204121
        -81.247139         42.214787
        -81.105988         42.235439
        -80.939476         42.259556
        -80.772842         42.283417
        -80.606079         42.307034
        -80.512596         42.320152
        -80.512596         42.320152
        -80.515747         42.194237
        -80.516266         41.975266
        -80.516266         41.975266
        -80.521400         41.972752
        -80.524155         41.971935
        -80.546188         41.965420
        -80.593735         41.948608
        -80.620911         41.942036
        -80.625542         41.941746
        -80.631485         41.944942
        -80.644958         41.945663
        -80.656487         41.943329
        -80.685997         41.933849
        -80.701653         41.927120
        -80.702744         41.926655
        -80.725037         41.924011
        -80.744133         41.918499
        -80.779282         41.911713
        -80.792702         41.913330
        -80.798042         41.911453
        -80.818756         41.903358
        -80.870750         41.883022
        -80.893494         41.872566
        -80.919411         41.870468
        -80.940353         41.864296
        -80.969902         41.862995
        -80.974777         41.862034
        -80.999718         41.857109
        -81.071220         41.836079
        -81.099403         41.826218
        -81.129929         41.813778
        -81.157799         41.802414
        -81.169220         41.795670
        -81.197952         41.786263
        -81.229134         41.771194
        -81.244415         41.766396
        -81.262688         41.762833
        -81.280800         41.762245
        -81.282814         41.764599
        -81.290192         41.764137
        -81.308960         41.751415
        -81.395920         41.705669
        -81.414871         41.692917
        -81.442543         41.674271
        -81.456528         41.664139
        -81.460770         41.659634
        -81.468498         41.651424
        -81.494400         41.629261
        -81.532051         41.616127
        -81.543747         41.608440
        -81.577957         41.578014
        -81.582970         41.577488
        -81.586548         41.577110
        -81.590073         41.573772
        -81.588188         41.568676
        -81.626549         41.546143
        -81.632042         41.546066
        -81.640556         41.540573
        -81.641937         41.537174
        -81.654366         41.532703
        -81.660988         41.528301
        -81.669228         41.528297
        -81.680809         41.522194
        -81.689781         41.519688
        -81.691574         41.514011
        -81.698616         41.513512
        -81.707817         41.507988
        -81.727821         41.495968
        -81.734215         41.496136
        -81.738045         41.492573
        -81.744324         41.495262
        -81.765617         41.496510
        -81.793686         41.502972
        -81.803123         41.503448
        -81.822853         41.498917
        -81.839417         41.496822
        -81.848083         41.494068
        -81.863083         41.492050
        -81.865273         41.491756
        -81.880844         41.491234
        -81.916451         41.493046
        -81.928291         41.494255
        -81.939728         41.497746
        -81.957329         41.506886
        -81.982262         41.515968
        -82.021034         41.515301
        -82.022865         41.514866
        -82.095909         41.497372
        -82.139824         41.482353
        -82.168114         41.476357
        -82.179596         41.471348
        -82.190414         41.467468
        -82.199829         41.460579
        -82.247643         41.438046
        -82.261536         41.433311
        -82.297455         41.426071
        -82.330856         41.427357
        -82.337608         41.427616
        -82.358810         41.422565
        -82.397415         41.411636
        -82.404045         41.409760
        -82.421982         41.402111
        -82.445312         41.388157
        -82.465309         41.382145
        -82.489410         41.380562
        -82.512161         41.382839
        -82.529350         41.387527
        -82.547775         41.397678
        -82.554756         41.401527
        -82.571678         41.405514
        -82.598053         41.427307
        -82.626167         41.443405
        -82.643448         41.455402
        -82.671608         41.479816
        -82.679337         41.486511
        -82.686409         41.484577
        -82.689873         41.481205
        -82.674042         41.470844
        -82.667915         41.462257
        -82.655029         41.455383
        -82.631561         41.436634
        -82.623421         41.434193
        -82.606155         41.421734
        -82.593231         41.416683
        -82.586517         41.409935
        -82.585564         41.408981
        -82.589539         41.408600
        -82.621384         41.421787
        -82.623695         41.425724
        -82.631577         41.426785
        -82.639389         41.430138
        -82.644737         41.434357
        -82.649902         41.434681
        -82.650154         41.436516
        -82.645500         41.438950
        -82.646667         41.440575
        -82.649666         41.442234
        -82.660347         41.441509
        -82.664856         41.443424
        -82.659210         41.448589
        -82.662788         41.450943
        -82.675941         41.449352
        -82.684456         41.449963
        -82.698013         41.454784
        -82.706650         41.452648
        -82.716133         41.450294
        -82.726662         41.444756
        -82.742805         41.445038
        -82.761887         41.448803
        -82.787872         41.466194
        -82.795723         41.468616
        -82.803322         41.469204
        -82.806725         41.467659
        -82.811172         41.461552
        -82.818443         41.463047
        -82.822144         41.461506
        -82.826973         41.452656
        -82.836929         41.445492
        -82.842400         41.443104
        -82.853592         41.438210
        -82.868187         41.439137
        -82.921875         41.414577
        -82.933731         41.415222
        -82.950569         41.423271
        -82.958862         41.431870
        -82.965782         41.446175
        -82.975121         41.450211
        -82.975121         41.450211
        -82.976624         41.462372
        -82.976624         41.462372
        -82.969231         41.465233
        -82.957199         41.481995
        -82.937271         41.486034
        -82.924767         41.486298
        -82.901672         41.483414
        -82.884888         41.484287
        -82.872597         41.486416
        -82.863129         41.488056
        -82.839371         41.497974
        -82.831139         41.497837
        -82.815437         41.492538
        -82.806412         41.498798
        -82.799652         41.500515
        -82.782570         41.500683
        -82.758240         41.498436
        -82.744896         41.506218
        -82.730568         41.505970
        -82.720284         41.503269
        -82.718697         41.502224
        -82.709229         41.495975
        -82.707001         41.498913
        -82.713341         41.510704
        -82.706718         41.527534
        -82.707214         41.531208
        -82.711914         41.537018
        -82.717331         41.539402
        -82.746277         41.540825
        -82.754242         41.539589
        -82.769699         41.532982
        -82.792725         41.528336
        -82.803902         41.527454
        -82.804649         41.527393
        -82.810066         41.530003
        -82.811485         41.533463
        -82.808617         41.537766
        -82.799568         41.544483
        -82.794701         41.543941
        -82.779991         41.535679
        -82.776321         41.536076
        -82.804291         41.559906
        -82.815605         41.559181
        -82.818428         41.556709
        -82.820267         41.546204
        -82.824974         41.541702
        -82.823959         41.534588
        -82.826492         41.531651
        -82.835991         41.530205
        -82.840919         41.527718
        -82.849609         41.523331
        -82.859749         41.520977
        -82.863998         41.521507
        -82.861809         41.523533
        -82.853210         41.525452
        -82.844803         41.531498
        -82.834328         41.534760
        -82.830566         41.538361
        -82.832603         41.541599
        -82.839256         41.543774
        -82.839211         41.545376
        -82.826523         41.551346
        -82.815376         41.566963
        -82.826256         41.581345
        -82.829628         41.591248
        -82.831436         41.591965
        -82.835503         41.584805
        -82.835945         41.584023
        -82.842979         41.583679
        -82.854797         41.576317
        -82.855247         41.571285
        -82.850105         41.559063
        -82.851875         41.550621
        -82.858604         41.539509
        -82.875229         41.523521
        -82.880508         41.520172
        -82.893425         41.516483
        -82.924004         41.513763
        -82.936638         41.508926
        -82.936638         41.508926
        -82.945923         41.515251
        -82.945923         41.515251
        -82.949165         41.519196
        -82.984222         41.531414
        -82.994553         41.532944
        -83.011391         41.542355
        -83.029327         41.556820
        -83.054543         41.584900
        -83.057961         41.587605
        -83.071007         41.597961
        -83.094528         41.609974
        -83.103912         41.613312
        -83.117722         41.610760
        -83.129303         41.611835
        -83.155075         41.619976
        -83.176659         41.624390
        -83.182396         41.627213
        -83.208000         41.633560
        -83.214600         41.635197
        -83.222534         41.635757
        -83.230873         41.631744
        -83.240623         41.633015
        -83.242996         41.636021
        -83.240211         41.637817
        -83.243187         41.641293
        -83.240685         41.643780
        -83.230621         41.642731
        -83.229958         41.645016
        -83.263237         41.660324
        -83.302734         41.685547
        -83.311806         41.690281
        -83.333282         41.701488
        -83.338142         41.703152
        -83.336792         41.694889
        -83.338066         41.692387
        -83.347046         41.687225
        -83.352898         41.685005
        -83.374947         41.683659
        -83.410645         41.687733
        -83.422211         41.690609
        -83.431076         41.690479
        -83.439209         41.696980
        -83.451790         41.695057
        -83.451790         41.695057
        -83.461746         41.702263
        -83.461746         41.702263
        -83.458710         41.716888
        -83.449394         41.723885
        -83.446205         41.730492
        -83.447021         41.735767
        -83.450317         41.739697
        -83.453690         41.739506
        -83.462578         41.733700
        -83.473053         41.734905
        -83.472832         41.735630
        -83.472832         41.735630
        -83.449265         41.745728
        -83.425575         41.731171
        -83.409943         41.735497
        -83.070175         41.864059
END
2

        -82.808098         41.668526
        -82.802567         41.669350
        -82.797470         41.676361
        -82.794762         41.685020
        -82.790970         41.689079
        -82.782372         41.690308
        -82.774879         41.695217
        -82.776352         41.697075
        -82.783699         41.696972
        -82.801987         41.688805
        -82.811150         41.689419
        -82.813980         41.686718
        -82.808098         41.668526
END
3

        -82.836311         41.623878
        -82.826225         41.623940
        -82.809242         41.640144
        -82.796799         41.647495
        -82.793823         41.655003
        -82.789078         41.660419
        -82.790558         41.662048
        -82.795403         41.663502
        -82.806335         41.655899
        -82.809540         41.650913
        -82.816559         41.651260
        -82.822212         41.656395
        -82.838989         41.647282
        -82.834160         41.634605
        -82.838417         41.626915
        -82.838676         41.626434
        -82.836311         41.623878
END
4

        -82.690636         41.582901
        -82.681328         41.587543
        -82.673492         41.593815
        -82.673767         41.604355
        -82.666283         41.618649
        -82.667145         41.620495
        -82.671127         41.620110
        -82.680618         41.609745
        -82.685249         41.608227
        -82.692253         41.609035
        -82.704292         41.614746
        -82.709457         41.615757
        -82.715012         41.614021
        -82.720558         41.602440
        -82.728516         41.602119
        -82.729507         41.599617
        -82.726540         41.596817
        -82.720459         41.595795
        -82.714188         41.591335
        -82.712105         41.591228
        -82.707176         41.590981
        -82.694290         41.583195
        -82.690636         41.582901
END
5

        -82.734871         41.484978
        -82.731796         41.485840
        -82.728004         41.490124
        -82.726707         41.492619
        -82.728714         41.496777
        -82.735558         41.492546
        -82.738922         41.492146
        -82.739029         41.488712
        -82.734871         41.484978
END
6

        -82.802757         41.704163
        -82.800285         41.704811
        -82.807037         41.714542
        -82.806007         41.718418
        -82.808640         41.722355
        -82.814095         41.724281
        -82.819016         41.723446
        -82.826729         41.710747
        -82.824081         41.707268
        -82.808472         41.707466
        -82.802757         41.704163
END
7
        -82.815269         41.715557
        -82.802757         41.704163
        -82.808472         41.707466
        -82.824081         41.707268
        -82.826729         41.710747
        -82.819016         41.723446
        -82.814095         41.724281
        -82.808640         41.722355
        -82.806007         41.718418
        -82.807037         41.714542
        -82.800285         41.704811
        -82.802757         41.704163
END
8
        -82.804138         41.684776
        -82.808098         41.668526
        -82.813980         41.686718
        -82.811150         41.689419
        -82.801987         41.688805
        -82.783699         41.696972
        -82.776352         41.697075
        -82.774879         41.695217
        -82.782372         41.690308
        -82.790970         41.689079
        -82.794762         41.685020
        -82.797470         41.676361
        -82.802567         41.669350
        -82.808098         41.668526
END
9
        -82.819077         41.646225
        -82.836311         41.623878
        -82.838676         41.626434
        -82.838417         41.626915
        -82.834160         41.634605
        -82.838989         41.647282
        -82.822212         41.656395
        -82.816559         41.651260
        -82.809540         41.650913
        -82.806335         41.655899
        -82.795403         41.663502
        -82.790558         41.662048
        -82.789078         41.660419
        -82.793823         41.655003
        -82.796799         41.647495
        -82.809242         41.640144
        -82.826225         41.623940
        -82.836311         41.623878
END
10
        -82.696617         41.604332
        -82.690636         41.582901
        -82.694290         41.583195
        -82.707176         41.590981
        -82.712105         41.591228
        -82.714188         41.591335
        -82.720459         41.595795
        -82.726540         41.596817
        -82.729507         41.599617
        -82.728516         41.602119
        -82.720558         41.602440
        -82.715012         41.614021
        -82.709457         41.615757
        -82.704292         41.614746
        -82.692253         41.609035
        -82.685249         41.608227
        -82.680618         41.609745
        -82.671127         41.620110
        -82.667145         41.620495
        -82.666283         41.618649
        -82.673767         41.604355
        -82.673492         41.593815
        -82.681328         41.587543
        -82.690636         41.582901
END
11
        -82.733101         41.491631
        -82.734871         41.484978
        -82.739029         41.488712
        -82.738922         41.492146
        -82.735558         41.492546
        -82.728714         41.496777
        -82.726707         41.492619
        -82.728004         41.490124
        -82.731796         41.485840
        -82.734871         41.484978
END
12
        -82.698807         40.534714
        -80.516266         41.975266
        -80.516289         41.883175
        -80.516319         41.757256
        -80.516357         41.631348
        -80.516388         41.505447
        -80.516418         41.379559
        -80.515945         41.253113
        -80.516785         41.083778
        -80.516243         40.957920
        -80.515709         40.832077
        -80.515175         40.706245
        -80.514900         40.630112
        -80.514900         40.630112
        -80.536346         40.623169
        -80.549187         40.616871
        -80.560249         40.610508
        -80.569366         40.606781
        -80.581612         40.609928
        -80.593857         40.613075
        -80.602554         40.616096
        -80.615051         40.615192
        -80.631676         40.604961
        -80.646767         40.590614
        -80.661942         40.574913
        -80.658974         40.565338
        -80.648842         40.556858
        -80.637184         40.544266
        -80.622658         40.520748
        -80.614807         40.504227
        -80.600296         40.480705
        -80.595909         40.465664
        -80.598938         40.445477
        -80.603645         40.426704
        -80.610283         40.405296
        -80.614479         40.394627
        -80.623817         40.386845
        -80.620781         40.378616
        -80.610680         40.370136
        -80.607819         40.359211
        -80.608978         40.340313
        -80.599220         40.326431
        -80.598541         40.308823
        -80.606522         40.294228
        -80.613060         40.274170
        -80.615570         40.262089
        -80.628662         40.250381
        -80.643173         40.244141
        -80.656174         40.233784
        -80.662445         40.217773
        -80.669121         40.195015
        -80.678993         40.177784
        -80.692459         40.159325
        -80.707916         40.136875
        -80.708809         40.122028
        -80.708664         40.094975
        -80.712669         40.087002
        -80.734734         40.071545
        -80.733856         40.056641
        -80.731308         40.040321
        -80.744919         40.000000
        -80.744667         39.989910
        -80.743225         39.977772
        -80.743629         39.971249
        -80.745796         39.967743
        -80.748024         39.966404
        -80.751343         39.963749
        -80.754684         39.961960
        -80.758003         39.959305
        -80.762413         39.954891
        -80.765121         39.950504
        -80.767212         39.943958
        -80.768265         39.940903
        -80.763855         39.923161
        -80.761345         39.913208
        -80.761238         39.908867
        -80.763977         39.905785
        -80.771271         39.903934
        -80.774055         39.902588
        -80.780869         39.904221
        -80.787163         39.907597
        -80.791153         39.909271
        -80.794029         39.911400
        -80.796852         39.911354
        -80.803055         39.911259
        -80.807579         39.911621
        -80.810333         39.908970
        -80.811394         39.906345
        -80.812363         39.900249
        -80.811661         39.895050
        -80.808701         39.889885
        -80.804008         39.883007
        -80.799973         39.879597
        -80.794731         39.873161
        -80.793465         39.867970
        -80.795067         39.864468
        -80.796120         39.861412
        -80.802231         39.857841
        -80.811119         39.852921
        -80.826660         39.843552
        -80.827652         39.838322
        -80.830849         39.831322
        -80.830162         39.826553
        -80.828354         39.822239
        -80.825935         39.815762
        -80.824631         39.809265
        -80.826706         39.802280
        -80.828835         39.797470
        -80.831558         39.793949
        -80.838173         39.788631
        -80.860855         39.773056
        -80.864174         39.770832
        -80.870255         39.766388
        -80.872292         39.758533
        -80.872704         39.752880
        -80.872589         39.748535
        -80.846581         39.723324
        -80.843109         39.719906
        -80.839577         39.713879
        -80.834961         39.709610
        -80.834854         39.705700
        -80.838074         39.699566
        -80.843613         39.696434
        -80.855843         39.690590
        -80.861374         39.687023
        -80.869034         39.679077
        -80.869957         39.671673
        -80.871552         39.668171
        -80.869682         39.661251
        -80.871864         39.637753
        -80.874886         39.624664
        -80.876953         39.618114
        -80.883041         39.614536
        -80.889137         39.611393
        -80.896996         39.610828
        -80.914925         39.608791
        -80.925522         39.606007
        -80.933876         39.603260
        -80.941673         39.600521
        -80.954926         39.592041
        -81.007881         39.557663
        -81.018898         39.550083
        -81.034821         39.537632
        -81.073242         39.507393
        -81.082062         39.502018
        -81.090279         39.495350
        -81.096298         39.490025
        -81.103416         39.484245
        -81.120689         39.461327
        -81.127609         39.449028
        -81.131920         39.443298
        -81.136353         39.441479
        -81.142464         39.439625
        -81.165848         39.433975
        -81.176971         39.431156
        -81.183594         39.427555
        -81.188545         39.424419
        -81.192902         39.420425
        -81.198372         39.415974
        -81.203842         39.411522
        -81.208145         39.405788
        -81.214745         39.401749
        -81.220444         39.386860
        -81.223709         39.383755
        -81.230911         39.381008
        -81.240486         39.382561
        -81.247208         39.382431
        -81.254456         39.381420
        -81.270645         39.379368
        -81.283356         39.373901
        -81.295563         39.370182
        -81.309898         39.362942
        -81.325867         39.354362
        -81.358444         39.340225
        -81.362854         39.337963
        -81.369537         39.336956
        -81.376259         39.336819
        -81.385803         39.337494
        -81.392632         39.340832
        -81.399513         39.345474
        -81.404198         39.351463
        -81.409073         39.363098
        -81.410370         39.368290
        -81.413902         39.373432
        -81.415749         39.378178
        -81.418091         39.381172
        -81.422112         39.384132
        -81.426727         39.387947
        -81.431374         39.392632
        -81.435471         39.397762
        -81.439491         39.400723
        -81.446274         39.402321
        -81.454147         39.403023
        -81.459160         39.402050
        -81.468590         39.399242
        -81.477310         39.392101
        -81.487152         39.384933
        -81.494141         39.376526
        -81.503403         39.368935
        -81.503883         39.368511
        -81.503883         39.368511
        -81.509926         39.363144
        -81.533119         39.353512
        -81.544731         39.349346
        -81.550766         39.345737
        -81.556267         39.343010
        -81.562134         39.334621
        -81.564583         39.325001
        -81.565002         39.321079
        -81.565689         39.308887
        -81.569260         39.299244
        -81.570717         39.293125
        -81.570358         39.283134
        -81.569069         39.278378
        -81.569473         39.274021
        -81.573616         39.264801
        -81.577454         39.262543
        -81.580215         39.261612
        -81.603287         39.265011
        -81.620438         39.266483
        -81.620438         39.266483
        -81.651558         39.269142
        -81.661102         39.269798
        -81.669487         39.269608
        -81.678940         39.268085
        -81.685585         39.266193
        -81.689896         39.261745
        -81.694206         39.257298
        -81.696182         39.250298
        -81.699272         39.243267
        -81.699043         39.237186
        -81.699745         39.221661
        -81.699745         39.221661
        -81.700104         39.220638
        -81.702255         39.218414
        -81.706070         39.215717
        -81.707153         39.214821
        -81.714333         39.212479
        -81.721008         39.211456
        -81.727066         39.209141
        -81.731476         39.207298
        -81.735840         39.204586
        -81.737961         39.201492
        -81.742149         39.194000
        -81.744728         39.188290
        -81.749092         39.185577
        -81.754547         39.181969
        -81.762268         39.179180
        -81.764336         39.174782
        -81.765335         39.171715
        -81.762901         39.166550
        -81.761093         39.163116
        -81.758064         39.157097
        -81.755142         39.153687
        -81.750862         39.144222
        -81.748955         39.138176
        -81.748459         39.125141
        -81.748268         39.105576
        -81.751678         39.092449
        -81.753204         39.088497
        -81.758087         39.084904
        -81.762436         39.081757
        -81.769501         39.076805
        -81.776665         39.074459
        -81.779961         39.073078
        -81.783836         39.072113
        -81.797813         39.072651
        -81.806259         39.074623
        -81.809082         39.075424
        -81.813019         39.076202
        -81.818039         39.076080
        -81.821320         39.074261
        -81.823425         39.071167
        -81.823364         39.069427
        -81.822006         39.063370
        -81.820099         39.057327
        -81.817665         39.052166
        -81.812439         39.047073
        -81.808907         39.042374
        -81.803169         39.038162
        -81.798553         39.034359
        -81.792900         39.032318
        -81.786072         39.029003
        -81.782005         39.024750
        -81.777939         39.020496
        -81.774338         39.014057
        -81.771881         39.008026
        -81.772621         38.998440
        -81.775108         38.990551
        -81.777710         38.985703
        -81.780884         38.981277
        -81.786797         38.975483
        -81.789833         38.967579
        -81.790810         38.964077
        -81.790611         38.958862
        -81.788841         38.956295
        -81.785294         38.951160
        -81.781754         38.946022
        -81.778229         38.941322
        -81.774757         38.937923
        -81.770134         38.933685
        -81.767776         38.930260
        -81.767662         38.927219
        -81.768654         38.924149
        -81.770782         38.921490
        -81.772942         38.919697
        -81.777328         38.917854
        -81.784019         38.918129
        -81.793617         38.921379
        -81.799927         38.926014
        -81.806755         38.929764
        -81.810753         38.932278
        -81.815361         38.936081
        -81.818871         38.940350
        -81.823380         38.941544
        -81.828384         38.941425
        -81.836700         38.940353
        -81.840988         38.935898
        -81.845238         38.930576
        -81.848389         38.925713
        -81.850441         38.921310
        -81.852463         38.916042
        -81.853371         38.910801
        -81.853127         38.904716
        -81.854019         38.899040
        -81.854958         38.894665
        -81.857567         38.890251
        -81.878242         38.877998
        -81.889191         38.873379
        -81.894653         38.870632
        -81.900215         38.870495
        -81.907478         38.871185
        -81.917038         38.873558
        -81.927170         38.876350
        -81.931175         38.878860
        -81.935242         38.883106
        -81.936966         38.884369
        -81.938324         38.890427
        -81.937904         38.893917
        -81.934708         38.897476
        -81.932091         38.901459
        -81.924004         38.908188
        -81.921349         38.911297
        -81.919189         38.913090
        -81.915451         38.917099
        -81.913368         38.920631
        -81.912338         38.922832
        -81.911942         38.926758
        -81.912605         38.929352
        -81.914444         38.933655
        -81.916847         38.937946
        -81.920418         38.943512
        -81.924576         38.949936
        -81.929817         38.955460
        -81.933441         38.962330
        -81.937096         38.970066
        -81.941818         38.976475
        -81.944244         38.981197
        -81.946632         38.985054
        -81.951767         38.987968
        -81.951767         38.987968
        -81.955681         38.988304
        -81.960693         38.988178
        -81.970757         38.988792
        -81.979691         38.989002
        -81.984772         38.990612
        -81.988762         38.992687
        -81.994583         38.998627
        -81.999924         39.006321
        -82.004692         39.013596
        -82.007767         39.020477
        -82.012405         39.024708
        -82.017494         39.026318
        -82.029770         39.026436
        -82.038559         39.023163
        -82.041779         39.020035
        -82.043770         39.014328
        -82.058487         38.993065
        -82.063797         38.986839
        -82.069778         38.983204
        -82.075775         38.980000
        -82.081238         38.977245
        -82.083389         38.975449
        -82.088791         38.971394
        -82.091499         38.969582
        -82.110245         38.938633
        -82.115936         38.928478
        -82.139816         38.900867
        -82.145699         38.895054
        -82.146675         38.891983
        -82.148003         38.884117
        -82.146378         38.859360
        -82.144966         38.852436
        -82.146904         38.845860
        -82.149864         38.837078
        -82.158897         38.827263
        -82.164787         38.821880
        -82.174469         38.814224
        -82.184319         38.810474
        -82.192024         38.808525
        -82.197502         38.806637
        -82.204651         38.804703
        -82.209557         38.802391
        -82.214325         38.797039
        -82.220284         38.793396
        -82.223343         38.787220
        -82.225914         38.782364
        -82.225601         38.775410
        -82.222000         38.769417
        -82.219551         38.764263
        -82.211510         38.758392
        -82.206398         38.755920
        -82.203445         38.752083
        -82.201630         38.748650
        -82.197418         38.728748
        -82.194801         38.719681
        -82.191734         38.713238
        -82.190323         38.706314
        -82.191055         38.697590
        -82.192818         38.687099
        -82.195930         38.682228
        -82.194237         38.668781
        -82.181999         38.643005
        -82.181183         38.636932
        -82.177383         38.626156
        -82.176483         38.618347
        -82.179146         38.603043
        -82.185417         38.594170
        -82.193024         38.590481
        -82.200630         38.586792
        -82.210602         38.586517
        -82.230034         38.586853
        -82.242897         38.589111
        -82.254051         38.590542
        -82.266281         38.591072
        -82.272934         38.590889
        -82.278931         38.588543
        -82.282097         38.584972
        -82.287361         38.578732
        -82.293739         38.572460
        -82.298683         38.559265
        -82.298393         38.552742
        -82.297821         38.540138
        -82.299286         38.535744
        -82.304298         38.523849
        -82.309059         38.518929
        -82.308708         38.511105
        -82.307999         38.495453
        -82.310371         38.486679
        -82.314445         38.478729
        -82.316780         38.469090
        -82.318665         38.462128
        -82.318665         38.462128
        -82.319626         38.458561
        -82.321663         38.454586
        -82.329460         38.443481
        -82.335823         38.437206
        -82.340126         38.434471
        -82.348419         38.434235
        -82.356735         38.434433
        -82.362740         38.432518
        -82.365440         38.431137
        -82.373718         38.430462
        -82.398598         38.429745
        -82.409698         38.430294
        -82.417519         38.431805
        -82.424049         38.429440
        -82.432220         38.426590
        -82.448586         38.421322
        -82.468277         38.416386
        -82.493454         38.410416
        -82.521904         38.403469
        -82.533386         38.400513
        -82.542084         38.397205
        -82.548164         38.397022
        -82.562614         38.398327
        -82.580360         38.399094
        -82.584183         38.399788
        -82.584183         38.399788
        -82.586502         38.400211
        -82.595688         38.406895
        -82.602043         38.412361
        -82.610123         38.430397
        -82.612679         38.437286
        -82.617020         38.446732
        -82.619789         38.457962
        -82.624557         38.464783
        -82.629707         38.468105
        -82.639961         38.473885
        -82.648514         38.478844
        -82.662163         38.485821
        -82.668533         38.491283
        -82.699692         38.526875
        -82.707878         38.535324
        -82.712570         38.540401
        -82.718880         38.544556
        -82.725121         38.547405
        -82.735222         38.549698
        -82.744217         38.552025
        -82.759209         38.552422
        -82.775352         38.553646
        -82.785919         38.554180
        -82.799187         38.553318
        -82.811546         38.556400
        -82.820633         38.560463
        -82.826927         38.564175
        -82.833824         38.568741
        -82.844177         38.575806
        -82.859467         38.592285
        -82.865967         38.599911
        -82.866653         38.612946
        -82.870110         38.625893
        -82.870262         38.649830
        -82.872406         38.658901
        -82.883141         38.672913
        -82.885635         38.678055
        -82.887527         38.692795
        -82.882645         38.716026
        -82.880280         38.723938
        -82.879959         38.728298
        -82.884857         38.736847
        -82.886818         38.742439
        -82.891495         38.746639
        -82.894958         38.749138
        -82.902267         38.750637
        -82.908302         38.749134
        -82.925301         38.744652
        -82.938393         38.739868
        -82.948288         38.737797
        -82.964012         38.730309
        -82.974777         38.723854
        -82.979675         38.721947
        -82.982964         38.720966
        -82.989616         38.720745
        -83.000854         38.722977
        -83.012047         38.724342
        -83.023170         38.724400
        -83.029732         38.722435
        -83.036636         38.716541
        -83.051170         38.697765
        -83.056984         38.692341
        -83.065544         38.686390
        -83.083481         38.679245
        -83.096695         38.677048
        -83.109810         38.673111
        -83.116196         38.668102
        -83.123833         38.655647
        -83.128456         38.648956
        -83.130646         38.638432
        -83.134232         38.633080
        -83.146217         38.619167
        -83.153831         38.616287
        -83.159172         38.612617
        -83.177429         38.611542
        -83.196342         38.612179
        -83.213516         38.611572
        -83.227112         38.616314
        -83.235725         38.621231
        -83.240761         38.621922
        -83.251793         38.620659
        -83.259575         38.620815
        -83.263855         38.618050
        -83.268616         38.613960
        -83.279617         38.602676
        -83.284355         38.598152
        -83.288055         38.594971
        -83.291779         38.592224
        -83.296738         38.591610
        -83.302834         38.591389
        -83.309654         38.594189
        -83.314819         38.597050
        -83.320816         38.604671
        -83.323540         38.613281
        -83.326286         38.622322
        -83.328735         38.626152
        -83.332870         38.630356
        -83.338715         38.635368
        -83.350182         38.641479
        -83.359962         38.647217
        -83.374786         38.653641
        -83.393890         38.657291
        -83.429176         38.662079
        -83.448761         38.664398
        -83.465599         38.667252
        -83.477081         38.673351
        -83.486900         38.679512
        -83.492844         38.685822
        -83.504250         38.690613
        -83.511169         38.694706
        -83.520096         38.695240
        -83.529076         38.696640
        -83.539055         38.696262
        -83.551567         38.691864
        -83.560333         38.689789
        -83.567886         38.686016
        -83.577698         38.683029
        -83.588684         38.680862
        -83.603600         38.679417
        -83.616241         38.677189
        -83.625031         38.675541
        -83.630905         38.671829
        -83.636765         38.667683
        -83.640396         38.663624
        -83.644035         38.650852
        -83.646576         38.638126
        -83.650513         38.630135
        -83.654587         38.624313
        -83.660019         38.622360
        -83.662712         38.620945
        -83.672096         38.620144
        -83.679878         38.620274
        -83.727135         38.638443
        -83.732315         38.641285
        -83.737915         38.641933
        -83.750626         38.640995
        -83.758438         38.641556
        -83.767586         38.645546
        -83.775154         38.650902
        -83.779922         38.655937
        -83.783920         38.666229
        -83.786705         38.674828
        -83.789703         38.686901
        -83.792236         38.691589
        -83.795731         38.694061
        -83.800331         38.696491
        -83.809929         38.698719
        -83.821770         38.701290
        -83.831978         38.704361
        -83.837807         38.708481
        -83.842583         38.713512
        -83.846313         38.719460
        -83.850006         38.724968
        -83.856186         38.734299
        -83.862389         38.744064
        -83.866028         38.748707
        -83.871193         38.751110
        -83.878639         38.754288
        -83.887688         38.756531
        -83.897293         38.758751
        -83.910172         38.759968
        -83.922554         38.762070
        -83.931137         38.765636
        -83.941620         38.772610
        -83.950172         38.775738
        -83.957596         38.778481
        -83.967148         38.779827
        -83.978310         38.780235
        -83.993294         38.779610
        -84.008659         38.776356
        -84.022408         38.772850
        -84.022408         38.772850
        -84.039291         38.768539
        -84.055206         38.765255
        -84.080757         38.764610
        -84.097557         38.766075
        -84.124207         38.773212
        -84.146454         38.780972
        -84.160164         38.786045
        -84.172035         38.788582
        -84.187637         38.788780
        -84.202400         38.792931
        -84.216118         38.797997
        -84.225456         38.804123
        -84.228973         38.806583
        -84.237206         38.820599
        -84.243462         38.838181
        -84.242722         38.843441
        -84.243217         38.850388
        -84.242470         38.855644
        -84.243088         38.864326
        -84.242592         38.873062
        -84.241974         38.880054
        -84.244072         38.886063
        -84.245430         38.889484
        -84.248482         38.893272
        -84.265564         38.913864
        -84.284996         38.936092
        -84.290001         38.943710
        -84.294952         38.950462
        -84.300545         38.958488
        -84.304634         38.968761
        -84.305412         38.979614
        -84.305916         38.982128
        -84.305916         38.982128
        -84.307144         38.988247
        -84.310394         38.994637
        -84.311844         39.000610
        -84.316635         39.006954
        -84.320732         39.012814
        -84.328339         39.018108
        -84.337036         39.024071
        -84.343513         39.028008
        -84.353912         39.032772
        -84.379257         39.039394
        -84.417191         39.042572
        -84.421661         39.044559
        -84.427536         39.046463
        -84.431160         39.050220
        -84.438766         39.062504
        -84.440590         39.072002
        -84.441353         39.082420
        -84.441864         39.089363
        -84.441818         39.096333
        -84.442574         39.098911
        -84.445183         39.104019
        -84.447639         39.106956
        -84.450645         39.109867
        -84.454674         39.111427
        -84.457687         39.114342
        -84.460114         39.116844
        -84.461784         39.116768
        -84.464630         39.117508
        -84.468536         39.117332
        -84.472931         39.116264
        -84.482834         39.114071
        -84.488770         39.111191
        -84.496017         39.103458
        -84.503929         39.097000
        -84.507011         39.093376
        -84.511238         39.090134
        -84.517372         39.089855
        -84.523430         39.088707
        -84.534767         39.090801
        -84.544502         39.093838
        -84.551315         39.095268
        -84.554657         39.095112
        -84.558495         39.094067
        -84.562103         39.089981
        -84.565742         39.086330
        -84.574295         39.081142
        -84.579170         39.079178
        -84.585663         39.076263
        -84.598831         39.073040
        -84.611511         39.070709
        -84.622055         39.069782
        -84.629395         39.070747
        -84.635620         39.071766
        -84.643753         39.075741
        -84.651360         39.080173
        -84.660637         39.084530
        -84.666504         39.088177
        -84.675026         39.089954
        -84.683647         39.093033
        -84.688797         39.094532
        -84.695129         39.096848
        -84.700966         39.100056
        -84.705757         39.104187
        -84.709961         39.107906
        -84.714294         39.113361
        -84.720505         39.121346
        -84.724289         39.126827
        -84.726753         39.129761
        -84.732796         39.135571
        -84.738571         39.137909
        -84.742676         39.140327
        -84.746681         39.141445
        -84.752388         39.142914
        -84.758453         39.141754
        -84.762848         39.140675
        -84.767067         39.137424
        -84.771851         39.134148
        -84.776527         39.129570
        -84.780579         39.124149
        -84.785675         39.117809
        -84.789856         39.114124
        -84.795784         39.111225
        -84.809509         39.107956
        -84.817123         39.104870
        -84.817123         39.104870
        -84.817223         39.143021
        -84.816833         39.149693
        -84.817612         39.164112
        -84.814384         39.176189
        -84.817230         39.182716
        -84.819374         39.211533
        -84.817749         39.229275
        -84.817467         39.249249
        -84.817375         39.252003
        -84.817574         39.278381
        -84.815536         39.314491
        -84.813545         39.331329
        -84.817284         39.361675
        -84.815559         39.370239
        -84.815460         39.424381
        -84.815437         39.426014
        -84.815308         39.434254
        -84.819656         39.438595
        -84.815819         39.445011
        -84.814537         39.471447
        -84.814941         39.484734
        -84.815666         39.498466
        -84.813660         39.511169
        -84.814919         39.528088
        -84.813820         39.549007
        -84.809784         39.554462
        -84.812317         39.556644
        -84.814758         39.561630
        -84.812973         39.589184
        -84.812347         39.600677
        -84.813545         39.632500
        -84.813332         39.653381
        -84.814651         39.667080
        -84.812546         39.698360
        -84.812813         39.733665
        -84.815628         39.743397
        -84.813148         39.761852
        -84.811722         39.774529
        -84.811203         39.795414
        -84.811295         39.799252
        -84.811371         39.813522
        -84.811546         39.843063
        -84.811508         39.862808
        -84.810677         39.895397
        -84.810646         39.922680
        -84.812675         39.933823
        -84.811470         39.949463
        -84.811005         39.992645
        -84.810860         40.000000
        -84.812592         40.051285
        -84.806793         40.204899
        -84.804634         40.287052
        -84.801323         40.412815
        -84.800308         40.451214
        -84.800003         40.538609
        -84.799561         40.664425
        -84.799118         40.790257
        -84.798676         40.916096
        -84.798943         40.939770
        -84.800392         41.065620
        -84.801849         41.191483
        -84.803307         41.317356
        -84.804771         41.443237
        -84.805367         41.494095
        -84.805183         41.569134
        -84.804878         41.695038
        -84.636833         41.699051
        -84.468765         41.702805
        -84.328209         41.705750
        -84.300690         41.706596
        -84.132660         41.711628
        -83.964600         41.716400
        -83.920448         41.717609
        -83.796631         41.722778
        -83.628662         41.729565
        -83.472832         41.735630
        -83.472832         41.735630
        -83.473053         41.734905
        -83.462578         41.733700
        -83.453690         41.739506
        -83.450317         41.739697
        -83.447021         41.735767
        -83.446205         41.730492
        -83.449394         41.723885
        -83.458710         41.716888
        -83.461746         41.702263
        -83.461746         41.702263
        -83.451790         41.695057
        -83.451790         41.695057
        -83.439209         41.696980
        -83.431076         41.690479
        -83.422211         41.690609
        -83.410645         41.687733
        -83.374947         41.683659
        -83.352898         41.685005
        -83.347046         41.687225
        -83.338066         41.692387
        -83.336792         41.694889
        -83.338142         41.703152
        -83.333282         41.701488
        -83.311806         41.690281
        -83.302734         41.685547
        -83.263237         41.660324
        -83.229958         41.645016
        -83.230621         41.642731
        -83.240685         41.643780
        -83.243187         41.641293
        -83.240211         41.637817
        -83.242996         41.636021
        -83.240623         41.633015
        -83.230873         41.631744
        -83.222534         41.635757
        -83.214600         41.635197
        -83.208000         41.633560
        -83.182396         41.627213
        -83.176659         41.624390
        -83.155075         41.619976
        -83.129303         41.611835
        -83.117722         41.610760
        -83.103912         41.613312
        -83.094528         41.609974
        -83.071007         41.597961
        -83.057961         41.587605
        -83.054543         41.584900
        -83.029327         41.556820
        -83.011391         41.542355
        -82.994553         41.532944
        -82.984222         41.531414
        -82.949165         41.519196
        -82.945923         41.515251
        -82.945923         41.515251
        -82.936638         41.508926
        -82.936638         41.508926
        -82.924004         41.513763
        -82.893425         41.516483
        -82.880508         41.520172
        -82.875229         41.523521
        -82.858604         41.539509
        -82.851875         41.550621
        -82.850105         41.559063
        -82.855247         41.571285
        -82.854797         41.576317
        -82.842979         41.583679
        -82.835945         41.584023
        -82.835503         41.584805
        -82.831436         41.591965
        -82.829628         41.591248
        -82.826256         41.581345
        -82.815376         41.566963
        -82.826523         41.551346
        -82.839211         41.545376
        -82.839256         41.543774
        -82.832603         41.541599
        -82.830566         41.538361
        -82.834328         41.534760
        -82.844803         41.531498
        -82.853210         41.525452
        -82.861809         41.523533
        -82.863998         41.521507
        -82.859749         41.520977
        -82.849609         41.523331
        -82.840919         41.527718
        -82.835991         41.530205
        -82.826492         41.531651
        -82.823959         41.534588
        -82.824974         41.541702
        -82.820267         41.546204
        -82.818428         41.556709
        -82.815605         41.559181
        -82.804291         41.559906
        -82.776321         41.536076
        -82.779991         41.535679
        -82.794701         41.543941
        -82.799568         41.544483
        -82.808617         41.537766
        -82.811485         41.533463
        -82.810066         41.530003
        -82.804649         41.527393
        -82.803902         41.527454
        -82.792725         41.528336
        -82.769699         41.532982
        -82.754242         41.539589
        -82.746277         41.540825
        -82.717331         41.539402
        -82.711914         41.537018
        -82.707214         41.531208
        -82.706718         41.527534
        -82.713341         41.510704
        -82.707001         41.498913
        -82.709229         41.495975
        -82.718697         41.502224
        -82.720284         41.503269
        -82.730568         41.505970
        -82.744896         41.506218
        -82.758240         41.498436
        -82.782570         41.500683
        -82.799652         41.500515
        -82.806412         41.498798
        -82.815437         41.492538
        -82.831139         41.497837
        -82.839371         41.497974
        -82.863129         41.488056
        -82.872597         41.486416
        -82.884888         41.484287
        -82.901672         41.483414
        -82.924767         41.486298
        -82.937271         41.486034
        -82.957199         41.481995
        -82.969231         41.465233
        -82.976624         41.462372
        -82.976624         41.462372
        -82.975121         41.450211
        -82.975121         41.450211
        -82.965782         41.446175
        -82.958862         41.431870
        -82.950569         41.423271
        -82.933731         41.415222
        -82.921875         41.414577
        -82.868187         41.439137
        -82.853592         41.438210
        -82.842400         41.443104
        -82.836929         41.445492
        -82.826973         41.452656
        -82.822144         41.461506
        -82.818443         41.463047
        -82.811172         41.461552
        -82.806725         41.467659
        -82.803322         41.469204
        -82.795723         41.468616
        -82.787872         41.466194
        -82.761887         41.448803
        -82.742805         41.445038
        -82.726662         41.444756
        -82.716133         41.450294
        -82.706650         41.452648
        -82.698013         41.454784
        -82.684456         41.449963
        -82.675941         41.449352
        -82.662788         41.450943
        -82.659210         41.448589
        -82.664856         41.443424
        -82.660347         41.441509
        -82.649666         41.442234
        -82.646667         41.440575
        -82.645500         41.438950
        -82.650154         41.436516
        -82.649902         41.434681
        -82.644737         41.434357
        -82.639389         41.430138
        -82.631577         41.426785
        -82.623695         41.425724
        -82.621384         41.421787
        -82.589539         41.408600
        -82.585564         41.408981
        -82.586517         41.409935
        -82.593231         41.416683
        -82.606155         41.421734
        -82.623421         41.434193
        -82.631561         41.436634
        -82.655029         41.455383
        -82.667915         41.462257
        -82.674042         41.470844
        -82.689873         41.481205
        -82.686409         41.484577
        -82.679337         41.486511
        -82.671608         41.479816
        -82.643448         41.455402
        -82.626167         41.443405
        -82.598053         41.427307
        -82.571678         41.405514
        -82.554756         41.401527
        -82.547775         41.397678
        -82.529350         41.387527
        -82.512161         41.382839
        -82.489410         41.380562
        -82.465309         41.382145
        -82.445312         41.388157
        -82.421982         41.402111
        -82.404045         41.409760
        -82.397415         41.411636
        -82.358810         41.422565
        -82.337608         41.427616
        -82.330856         41.427357
        -82.297455         41.426071
        -82.261536         41.433311
        -82.247643         41.438046
        -82.199829         41.460579
        -82.190414         41.467468
        -82.179596         41.471348
        -82.168114         41.476357
        -82.139824         41.482353
        -82.095909         41.497372
        -82.022865         41.514866
        -82.021034         41.515301
        -81.982262         41.515968
        -81.957329         41.506886
        -81.939728         41.497746
        -81.928291         41.494255
        -81.916451         41.493046
        -81.880844         41.491234
        -81.865273         41.491756
        -81.863083         41.492050
        -81.848083         41.494068
        -81.839417         41.496822
        -81.822853         41.498917
        -81.803123         41.503448
        -81.793686         41.502972
        -81.765617         41.496510
        -81.744324         41.495262
        -81.738045         41.492573
        -81.734215         41.496136
        -81.727821         41.495968
        -81.707817         41.507988
        -81.698616         41.513512
        -81.691574         41.514011
        -81.689781         41.519688
        -81.680809         41.522194
        -81.669228         41.528297
        -81.660988         41.528301
        -81.654366         41.532703
        -81.641937         41.537174
        -81.640556         41.540573
        -81.632042         41.546066
        -81.626549         41.546143
        -81.588188         41.568676
        -81.590073         41.573772
        -81.586548         41.577110
        -81.582970         41.577488
        -81.577957         41.578014
        -81.543747         41.608440
        -81.532051         41.616127
        -81.494400         41.629261
        -81.468498         41.651424
        -81.460770         41.659634
        -81.456528         41.664139
        -81.442543         41.674271
        -81.414871         41.692917
        -81.395920         41.705669
        -81.308960         41.751415
        -81.290192         41.764137
        -81.282814         41.764599
        -81.280800         41.762245
        -81.262688         41.762833
        -81.244415         41.766396
        -81.229134         41.771194
        -81.197952         41.786263
        -81.169220         41.795670
        -81.157799         41.802414
        -81.129929         41.813778
        -81.099403         41.826218
        -81.071220         41.836079
        -80.999718         41.857109
        -80.974777         41.862034
        -80.969902         41.862995
        -80.940353         41.864296
        -80.919411         41.870468
        -80.893494         41.872566
        -80.870750         41.883022
        -80.818756         41.903358
        -80.798042         41.911453
        -80.792702         41.913330
        -80.779282         41.911713
        -80.744133         41.918499
        -80.725037         41.924011
        -80.702744         41.926655
        -80.701653         41.927120
        -80.685997         41.933849
        -80.656487         41.943329
        -80.644958         41.945663
        -80.631485         41.944942
        -80.625542         41.941746
        -80.620911         41.942036
        -80.593735         41.948608
        -80.546188         41.965420
        -80.524155         41.971935
        -80.521400         41.972752
        -80.516266         41.975266
END
END
