oklahoma
1
        -97.242882         35.574001
        -99.861794         34.543995
        -99.898041         34.573795
        -99.917290         34.583408
        -99.935989         34.590061
        -99.943810         34.590260
        -99.966866         34.580956
        -99.979858         34.576721
        -99.997948         34.574306
       -100.000000         34.574242
       -100.000000         34.581501
       -100.000000         34.599998
       -100.000000         34.664799
       -100.000000         34.700001
       -100.000000         34.748100
       -100.000000         34.799999
       -100.000000         34.831402
       -100.000000         34.900002
       -100.000000         34.914700
       -100.000000         34.998001
       -100.000000         35.000000
       -100.000000         35.083302
       -100.000000         35.099998
       -100.000000         35.166599
       -100.000000         35.200001
       -100.000000         35.249901
       -100.000000         35.299999
       -100.000000         35.333199
       -100.000000         35.400002
       -100.000000         35.416500
       -100.000000         35.500000
       -100.000000         35.583099
       -100.000000         35.599998
       -100.000000         35.666401
       -100.000000         35.700001
       -100.000000         35.749699
       -100.000000         35.799999
       -100.000000         35.833000
       -100.000000         35.900002
       -100.000000         35.916302
       -100.000000         36.000000
       -100.000000         36.082901
       -100.000000         36.099998
       -100.000000         36.166199
       -100.000000         36.200001
       -100.000000         36.249500
       -100.000000         36.299999
       -100.000000         36.332802
       -100.000000         36.400002
       -100.000000         36.416100
       -100.000000         36.496037
       -103.006676         36.496498
       -103.004662         37.002563
       -103.004646         37.005230
       -102.755905         37.001614
       -102.698372         36.994995
       -102.521896         36.993385
       -102.377197         36.992710
       -102.350929         36.996368
       -102.043900         36.991295
       -102.038574         36.991199
       -101.745857         36.995346
       -101.459213         36.994423
       -101.134880         36.993355
       -101.033684         36.990818
       -100.966415         36.999153
       -100.435867         37.002201
       -100.000000         37.001373
        -99.999245         37.001354
        -99.975304         37.003098
        -99.920403         37.003078
        -99.775261         37.002907
        -99.763039         37.003006
        -99.688950         37.003582
        -99.670425         37.004936
        -99.631241         37.003166
        -99.605812         37.003174
        -99.461960         37.003132
        -99.448448         37.003452
        -99.396400         37.004673
        -99.391953         37.003094
        -99.316795         37.003082
        -99.291519         37.003220
        -99.134155         37.003963
        -99.113792         37.004044
        -99.107285         37.005096
        -99.101151         37.003830
        -99.070717         37.003460
        -98.991112         37.004875
        -98.977142         37.004776
        -98.835571         37.003670
        -98.819778         37.003754
        -98.662407         37.004452
        -98.505035         37.004951
        -98.479843         37.005009
        -98.459534         37.005581
        -98.447037         37.003452
        -98.322777         37.004745
        -98.319283         37.004780
        -98.289032         37.002827
        -98.196030         37.001160
        -98.165535         37.001579
        -98.082924         37.002674
        -98.034637         37.000824
        -97.990082         37.002914
        -97.985680         37.001511
        -97.946632         37.000568
        -97.918144         37.001400
        -97.892578         37.002144
        -97.760788         37.002350
        -97.603424         37.002411
        -97.583305         37.001015
        -97.511696         37.002003
        -97.473381         37.002514
        -97.367874         37.001434
        -97.354347         37.001812
        -97.316963         37.002850
        -97.226662         37.001942
        -97.197044         37.003132
        -97.180084         37.003815
        -97.105789         37.002171
        -97.039742         37.003254
        -97.018158         37.003304
        -96.860786         37.003532
        -96.703423         37.003559
        -96.546051         37.003384
        -96.496918         37.003284
        -96.471886         37.001160
        -96.430450         37.002796
        -96.388908         37.001427
        -96.385696         37.001320
        -96.322517         37.003418
        -96.287498         37.001812
        -96.231674         37.003071
        -96.217712         37.003384
        -96.096565         37.002846
        -96.075142         37.003971
        -96.074364         37.003925
        -96.056763         37.002930
        -96.033638         37.004330
        -95.917099         37.005280
        -95.850403         37.004513
        -95.837616         37.006718
        -95.804337         37.005154
        -95.760086         37.005497
        -95.631737         37.006401
        -95.502586         37.005398
        -95.485435         37.006077
        -95.456734         37.004295
        -95.352776         37.003033
        -95.345367         37.003632
        -95.340500         37.004028
        -95.273476         37.002922
        -95.188042         37.003071
        -95.030670         37.003189
        -95.025314         37.003193
        -95.000000         37.003494
        -94.908005         37.004597
        -94.873322         37.003933
        -94.831573         37.003117
        -94.827568         37.004219
        -94.789795         37.004532
        -94.756111         37.001476
        -94.754272         37.003414
        -94.733162         37.005669
        -94.676033         37.005943
        -94.624985         37.006165
        -94.618553         37.004726
        -94.619133         36.949352
        -94.620453         36.823242
        -94.617744         36.771152
        -94.617790         36.754967
        -94.618118         36.628841
        -94.618309         36.557995
        -94.616966         36.502724
        -94.610611         36.450665
        -94.607239         36.423061
        -94.602142         36.404114
        -94.601189         36.390823
        -94.589722         36.325790
        -94.576736         36.252003
        -94.569992         36.200691
        -94.553528         36.075260
        -94.554810         36.069298
        -94.552559         36.059864
        -94.532677         35.976315
        -94.524689         35.935787
        -94.523125         35.927841
        -94.511940         35.850483
        -94.502945         35.810947
        -94.503151         35.804234
        -94.503242         35.801304
        -94.489197         35.721016
        -94.485054         35.713745
        -94.486023         35.707993
        -94.482780         35.679825
        -94.481956         35.672726
        -94.466568         35.572262
        -94.463501         35.554668
        -94.441803         35.429775
        -94.440926         35.423103
        -94.447174         35.405094
        -94.442726         35.395992
        -94.433334         35.389118
        -94.437065         35.319462
        -94.439507         35.312832
        -94.442261         35.305359
        -94.443634         35.293861
        -94.442253         35.273689
        -94.432739         35.263535
        -94.431183         35.257595
        -94.438515         35.235386
        -94.444847         35.226192
        -94.442871         35.192081
        -94.444077         35.122208
        -94.447067         35.065990
        -94.448601         35.037071
        -94.447311         35.023705
        -94.448570         35.007458
        -94.448944         35.000000
        -94.453804         34.903709
        -94.455299         34.894829
        -94.453400         34.823959
        -94.455803         34.777706
        -94.458908         34.717918
        -94.460739         34.703129
        -94.463608         34.591881
        -94.466850         34.465775
        -94.469574         34.359486
        -94.470245         34.339672
        -94.474510         34.213596
        -94.478760         34.087524
        -94.479279         34.072071
        -94.477394         34.063389
        -94.478653         34.026669
        -94.481346         33.953888
        -94.483162         33.949726
        -94.481659         33.914196
        -94.482689         33.900909
        -94.484116         33.882496
        -94.485306         33.793262
        -94.487984         33.729424
        -94.487625         33.695484
        -94.489548         33.667252
        -94.489990         33.660805
        -94.491692         33.648872
        -94.500465         33.630749
        -94.510010         33.629696
        -94.518127         33.635735
        -94.524162         33.625530
        -94.531013         33.625401
        -94.535316         33.632198
        -94.527992         33.645412
        -94.545219         33.643021
        -94.561462         33.635139
        -94.570534         33.635883
        -94.572067         33.641586
        -94.568382         33.647163
        -94.552650         33.653889
        -94.549721         33.657909
        -94.546036         33.662960
        -94.546219         33.669380
        -94.554199         33.670143
        -94.561974         33.663570
        -94.570892         33.658585
        -94.580147         33.655651
        -94.585167         33.658764
        -94.584732         33.662674
        -94.575287         33.668362
        -94.567039         33.678959
        -94.567917         33.687912
        -94.574226         33.690048
        -94.583130         33.688408
        -94.592682         33.672153
        -94.599510         33.670872
        -94.608368         33.673450
        -94.620674         33.691330
        -94.629669         33.688858
        -94.636269         33.679783
        -94.642471         33.675758
        -94.646492         33.681873
        -94.646667         33.688061
        -94.640686         33.699650
        -94.640762         33.702400
        -94.643028         33.704651
        -94.649826         33.702450
        -94.652977         33.697342
        -94.659088         33.698711
        -94.662369         33.699448
        -94.672516         33.698784
        -94.680916         33.694942
        -94.704277         33.695843
        -94.708969         33.697685
        -94.706490         33.705662
        -94.703583         33.709393
        -94.707550         33.713669
        -94.718109         33.717812
        -94.725525         33.714874
        -94.720802         33.706745
        -94.726326         33.698605
        -94.730965         33.697590
        -94.735657         33.698181
        -94.741997         33.708370
        -94.753357         33.711575
        -94.757828         33.714237
        -94.758522         33.719036
        -94.738953         33.725868
        -94.747116         33.732582
        -94.749405         33.744690
        -94.758522         33.737160
        -94.769821         33.738300
        -94.782074         33.743778
        -94.784897         33.750332
        -94.765953         33.755814
        -94.760345         33.761208
        -94.766548         33.766354
        -94.772575         33.765770
        -94.788139         33.753750
        -94.791435         33.753441
        -94.808983         33.743206
        -94.816536         33.755711
        -94.817131         33.757942
        -94.813110         33.770187
        -94.814400         33.776352
        -94.818100         33.780403
        -94.826843         33.778610
        -94.830269         33.773949
        -94.829483         33.766396
        -94.821533         33.755386
        -94.825584         33.749664
        -94.834534         33.737003
        -94.850403         33.737103
        -94.866135         33.740959
        -94.886765         33.768837
        -94.912148         33.779026
        -94.914917         33.785103
        -94.911591         33.806610
        -94.911148         33.820950
        -94.915840         33.823429
        -94.918076         33.827145
        -94.927116         33.824203
        -94.928444         33.816368
        -94.924789         33.808334
        -94.931992         33.802959
        -94.941010         33.803474
        -94.944344         33.812801
        -94.939903         33.819210
        -94.941460         33.824223
        -94.946091         33.828876
        -94.951355         33.829094
        -94.962288         33.835972
        -94.966042         33.840919
        -94.969833         33.864235
        -94.975121         33.865952
        -94.985199         33.854481
        -94.991287         33.855488
        -95.000000         33.864487
        -95.004105         33.868729
        -95.009964         33.871120
        -95.023399         33.869663
        -95.025528         33.867546
        -95.029655         33.867451
        -95.032547         33.864746
        -95.035049         33.860176
        -95.041153         33.858074
        -95.046257         33.862320
        -95.048424         33.871567
        -95.057999         33.883034
        -95.060799         33.897606
        -95.065819         33.907192
        -95.066643         33.911125
        -95.071632         33.911419
        -95.074608         33.907604
        -95.078934         33.893085
        -95.079041         33.880630
        -95.089005         33.880424
        -95.099037         33.890892
        -95.099129         33.894249
        -95.083359         33.906631
        -95.081863         33.912201
        -95.086105         33.919426
        -95.091599         33.920498
        -95.116745         33.910828
        -95.126389         33.911057
        -95.134605         33.917740
        -95.134789         33.923016
        -95.130936         33.928200
        -95.126106         33.934692
        -95.129585         33.939659
        -95.135414         33.941628
        -95.143524         33.944370
        -95.158302         33.941719
        -95.176910         33.946083
        -95.213509         33.960327
        -95.224327         33.962353
        -95.240578         33.946804
        -95.250519         33.932331
        -95.249611         33.922382
        -95.248688         33.912186
        -95.251007         33.907768
        -95.264908         33.896404
        -95.270752         33.898094
        -95.271469         33.902664
        -95.268501         33.911919
        -95.268761         33.919025
        -95.276489         33.919518
        -95.279709         33.917141
        -95.281723         33.904472
        -95.278900         33.887562
        -95.280609         33.881554
        -95.287331         33.877254
        -95.304199         33.879349
        -95.305237         33.879948
        -95.322479         33.889893
        -95.330490         33.890606
        -95.337608         33.889503
        -95.341141         33.886475
        -95.341560         33.877472
        -95.346962         33.874577
        -95.365440         33.875702
        -95.437508         33.874264
        -95.439644         33.874378
        -95.454605         33.875183
        -95.465553         33.880623
        -95.464317         33.889961
        -95.467407         33.892963
        -95.474266         33.892639
        -95.493469         33.883541
        -95.503334         33.882664
        -95.504616         33.882900
        -95.505295         33.888714
        -95.508858         33.895252
        -95.512482         33.897938
        -95.519669         33.898659
        -95.529251         33.890366
        -95.546463         33.886909
        -95.548996         33.890446
        -95.533157         33.897987
        -95.520592         33.907242
        -95.523933         33.910736
        -95.527184         33.911552
        -95.535538         33.903477
        -95.547203         33.905476
        -95.552612         33.909916
        -95.553413         33.923203
        -95.558670         33.930630
        -95.568542         33.936321
        -95.600029         33.945080
        -95.606354         33.944901
        -95.609459         33.939995
        -95.602402         33.928951
        -95.603210         33.921814
        -95.607971         33.916862
        -95.624092         33.916210
        -95.626945         33.916096
        -95.637550         33.912811
        -95.651276         33.898426
        -95.655319         33.896244
        -95.665527         33.896870
        -95.673347         33.899399
        -95.684074         33.899090
        -95.699989         33.891289
        -95.712906         33.890686
        -95.736755         33.901234
        -95.748344         33.901814
        -95.756142         33.895512
        -95.757889         33.886616
        -95.755577         33.864655
        -95.759979         33.858101
        -95.771896         33.853619
        -95.784119         33.856239
        -95.802757         33.867161
        -95.810776         33.868069
        -95.818344         33.864857
        -95.830208         33.846375
        -95.835831         33.842762
        -95.843529         33.843113
        -95.844925         33.843174
        -95.937843         33.896332
        -95.942299         33.891373
        -95.939148         33.876324
        -95.941093         33.870525
        -95.943474         33.868389
        -95.944168         33.868366
        -95.973984         33.867435
        -95.991928         33.862514
        -96.018173         33.850628
        -96.018173         33.850628
        -96.019707         33.849934
        -96.025223         33.856182
        -96.029861         33.856152
        -96.038528         33.838783
        -96.046318         33.836006
        -96.058456         33.836765
        -96.071022         33.839958
        -96.083763         33.842979
        -96.083763         33.842979
        -96.086891         33.843723
        -96.086891         33.843723
        -96.092415         33.846195
        -96.100555         33.845955
        -96.104149         33.840866
        -96.100609         33.834175
        -96.101990         33.828243
        -96.105232         33.827694
        -96.117020         33.836864
        -96.126755         33.835670
        -96.132202         33.831066
        -96.132202         33.831066
        -96.134331         33.829262
        -96.135315         33.819561
        -96.137955         33.817669
        -96.148804         33.817348
        -96.154694         33.815361
        -96.160858         33.808426
        -96.161713         33.797382
        -96.166969         33.780685
        -96.175377         33.772373
        -96.188988         33.763660
        -96.200317         33.759155
        -96.214836         33.757980
        -96.226761         33.760109
        -96.231262         33.761848
        -96.249176         33.768764
        -96.262672         33.769226
        -96.289658         33.764412
        -96.295547         33.761227
        -96.303551         33.753742
        -96.309090         33.735481
        -96.309090         33.735481
        -96.316452         33.711166
        -96.316452         33.711166
        -96.327087         33.704304
        -96.339600         33.701420
        -96.354149         33.701145
        -96.356598         33.706112
        -96.375275         33.733463
        -96.393845         33.747505
        -96.410744         33.766426
        -96.414078         33.772503
        -96.415894         33.781162
        -96.420479         33.784904
        -96.430115         33.785023
        -96.443352         33.782074
        -96.443352         33.782074
        -96.455009         33.779472
        -96.488983         33.773510
        -96.502853         33.776699
        -96.510727         33.780090
        -96.512886         33.789227
        -96.517822         33.812099
        -96.517822         33.812099
        -96.519714         33.820854
        -96.529655         33.828514
        -96.565102         33.825516
        -96.575737         33.823875
        -96.600273         33.845474
        -96.605850         33.857208
        -96.607231         33.867718
        -96.603088         33.877968
        -96.589218         33.886509
        -96.586784         33.892567
        -96.587662         33.894909
        -96.589996         33.901173
        -96.618179         33.902897
        -96.663094         33.918453
        -96.669991         33.918655
        -96.677246         33.910118
        -96.682625         33.892242
        -96.684380         33.871456
        -96.684471         33.870365
        -96.693489         33.853729
        -96.701118         33.847244
        -96.711052         33.842510
        -96.736572         33.836037
        -96.760735         33.834892
        -96.776497         33.841179
        -96.788017         33.850380
        -96.797653         33.866314
        -96.804985         33.878426
        -96.819366         33.879478
        -96.830566         33.877899
        -96.838783         33.872070
        -96.844757         33.855770
        -96.852219         33.851349
        -96.861153         33.853527
        -96.868340         33.863808
        -96.881775         33.877518
        -96.891251         33.895901
        -96.894768         33.902725
        -96.902237         33.937328
        -96.912354         33.955299
        -96.919304         33.961227
        -96.929115         33.964054
        -96.945885         33.963161
        -96.967430         33.949448
        -96.977829         33.948116
        -96.978340         33.949467
        -96.982712         33.961010
        -96.988541         33.961697
        -96.992477         33.958324
        -96.993721         33.951157
        -96.986816         33.903214
        -96.988434         33.888226
        -96.992249         33.877972
        -97.009621         33.859982
        -97.029434         33.839893
        -97.030579         33.839329
        -97.034904         33.837193
        -97.046562         33.838318
        -97.062004         33.854271
        -97.066956         33.855953
        -97.076653         33.855278
        -97.084702         33.851856
        -97.090477         33.841034
        -97.085762         33.836845
        -97.062332         33.832424
        -97.052246         33.825630
        -97.051651         33.821598
        -97.056839         33.813606
        -97.068695         33.812519
        -97.082344         33.810616
        -97.088982         33.806229
        -97.094093         33.799141
        -97.095100         33.787624
        -97.089752         33.765793
        -97.088387         33.751156
        -97.090881         33.736595
        -97.094925         33.730244
        -97.101791         33.725155
        -97.122826         33.717907
        -97.125404         33.717926
        -97.126923         33.717937
        -97.126923         33.717937
        -97.132729         33.717979
        -97.161331         33.727879
        -97.174042         33.738625
        -97.192093         33.761097
        -97.192093         33.761097
        -97.196457         33.768356
        -97.196770         33.773960
        -97.192703         33.781605
        -97.193672         33.785622
        -97.194962         33.788689
        -97.203514         33.794598
        -97.204842         33.798290
        -97.202766         33.814899
        -97.199020         33.821594
        -97.192902         33.825890
        -97.183701         33.828739
        -97.173523         33.834122
        -97.172768         33.835842
        -97.168198         33.846180
        -97.182899         33.888969
        -97.187027         33.895985
        -97.202255         33.907249
        -97.209457         33.908844
        -97.213806         33.913040
        -97.238716         33.903027
        -97.246529         33.894154
        -97.252945         33.881268
        -97.256744         33.866993
        -97.256744         33.866993
        -97.257698         33.863400
        -97.260323         33.861229
        -97.269432         33.861549
        -97.288490         33.867825
        -97.288490         33.867825
        -97.311546         33.884644
        -97.316811         33.885120
        -97.318588         33.882523
        -97.312103         33.870617
        -97.316322         33.862640
        -97.327385         33.856716
        -97.331314         33.858681
        -97.333328         33.871853
        -97.342140         33.870174
        -97.346611         33.864960
        -97.346497         33.851711
        -97.349197         33.845684
        -97.364136         33.823490
        -97.367554         33.820824
        -97.380020         33.817558
        -97.399727         33.815598
        -97.399727         33.815598
        -97.435562         33.816402
        -97.452301         33.822018
        -97.452301         33.822018
        -97.459351         33.831944
        -97.462570         33.841183
        -97.453018         33.862778
        -97.451408         33.878750
        -97.453476         33.886883
        -97.460472         33.897728
        -97.471153         33.906303
        -97.475792         33.907944
        -97.492317         33.912300
        -97.502235         33.911880
        -97.502235         33.911880
        -97.512657         33.911442
        -97.535400         33.904736
        -97.549187         33.895885
        -97.558395         33.893196
        -97.573936         33.892979
        -97.573936         33.892979
        -97.578529         33.895756
        -97.589745         33.907196
        -97.593475         33.913685
        -97.595306         33.924858
        -97.593887         33.932732
        -97.595360         33.938225
        -97.595360         33.938225
        -97.592766         33.954182
        -97.599670         33.963303
        -97.599670         33.963303
        -97.602600         33.964989
        -97.604141         33.964127
        -97.604599         33.961193
        -97.609474         33.957542
        -97.616272         33.959373
        -97.618561         33.960339
        -97.627335         33.973751
        -97.635574         33.978439
        -97.656685         33.984257
        -97.683830         33.985603
        -97.689720         33.982819
        -97.698830         33.974152
        -97.717957         33.945293
        -97.726524         33.936878
        -97.736679         33.931835
        -97.743408         33.931389
        -97.743408         33.931389
        -97.757545         33.930454
        -97.768356         33.926987
        -97.766541         33.911682
        -97.768044         33.909317
        -97.778824         33.909756
        -97.784843         33.909027
        -97.787750         33.907063
        -97.789055         33.901722
        -97.787399         33.895607
        -97.787399         33.895607
        -97.786163         33.891056
        -97.787857         33.887306
        -97.792030         33.883675
        -97.795296         33.883068
        -97.801979         33.884148
        -97.806839         33.882553
        -97.813087         33.872627
        -97.823761         33.865620
        -97.854568         33.849239
        -97.870941         33.847279
        -97.887619         33.849506
        -97.908516         33.857864
        -97.908516         33.857864
        -97.937714         33.873856
        -97.963509         33.876343
        -97.968590         33.878174
        -97.981430         33.888836
        -97.982941         33.894966
        -97.981110         33.900562
        -97.975929         33.905624
        -97.962021         33.912010
        -97.958130         33.915634
        -97.956566         33.921219
        -97.958237         33.925507
        -97.966537         33.934311
        -97.969170         33.940620
        -97.968117         33.945492
        -97.956993         33.956570
        -97.949486         33.968170
        -97.948021         33.975128
        -97.951607         33.983463
        -97.958252         33.987980
        -97.968666         33.990944
        -97.971870         33.991024
        -97.981651         33.991264
        -97.986153         34.004837
        -97.988792         34.007240
        -97.992599         34.006374
        -97.999939         34.000523
        -98.010612         33.995930
        -98.010612         33.995930
        -98.035744         33.991776
        -98.056778         33.994099
        -98.081070         34.002159
        -98.089088         34.004818
        -98.098557         34.011425
        -98.104401         34.031349
        -98.103020         34.036110
        -98.096512         34.040169
        -98.093636         34.047817
        -98.096130         34.051456
        -98.112587         34.061028
        -98.117622         34.068779
        -98.115990         34.078247
        -98.109734         34.086052
        -98.102264         34.104877
        -98.102264         34.104877
        -98.103554         34.120625
        -98.108780         34.134369
        -98.108780         34.134369
        -98.113846         34.144466
        -98.113846         34.144466
        -98.119362         34.154179
        -98.123001         34.154007
        -98.126686         34.153835
        -98.135582         34.143089
        -98.137459         34.137367
        -98.154175         34.125313
        -98.159370         34.118496
        -98.166382         34.113468
        -98.180931         34.111378
        -98.195900         34.115368
        -98.214088         34.116859
        -98.231659         34.125893
        -98.245567         34.129917
        -98.245567         34.129917
        -98.271584         34.126354
        -98.271584         34.126354
        -98.278328         34.122257
        -98.287827         34.128849
        -98.308563         34.134430
        -98.327507         34.145466
        -98.327507         34.145466
        -98.347992         34.148457
        -98.347992         34.148457
        -98.376595         34.146053
        -98.376595         34.146053
        -98.396538         34.131107
        -98.400551         34.123863
        -98.405563         34.101833
        -98.405563         34.101833
        -98.405991         34.094166
        -98.405991         34.094166
        -98.411041         34.088120
        -98.448051         34.061085
        -98.448051         34.061085
        -98.468445         34.060474
        -98.477684         34.062054
        -98.511002         34.082130
        -98.515800         34.083485
        -98.534058         34.101593
        -98.537598         34.103462
        -98.537598         34.103462
        -98.563637         34.127525
        -98.585007         34.141483
        -98.593636         34.145969
        -98.601463         34.150047
        -98.614136         34.153164
        -98.663895         34.152981
        -98.684158         34.143955
        -98.689980         34.138489
        -98.707909         34.128639
        -98.718300         34.123875
        -98.732475         34.121456
        -98.732475         34.121456
        -98.750664         34.124134
        -98.792458         34.134933
        -98.792458         34.134933
        -98.828888         34.141926
        -98.828888         34.141926
        -98.836258         34.143337
        -98.854660         34.143543
        -98.885704         34.152267
        -98.908165         34.156296
        -98.915375         34.159798
        -98.915375         34.159798
        -98.954224         34.198635
        -98.974266         34.212597
        -98.983910         34.216541
        -98.991226         34.215912
        -98.997635         34.214626
        -99.005424         34.209610
        -99.005424         34.209610
        -99.027275         34.195404
        -99.048599         34.196594
        -99.067787         34.203068
        -99.078560         34.203613
        -99.078560         34.203613
        -99.100441         34.204338
        -99.122406         34.199371
        -99.133469         34.202717
        -99.133469         34.202717
        -99.136475         34.205532
        -99.179283         34.220509
        -99.193161         34.224064
        -99.202110         34.231586
        -99.207695         34.241833
        -99.211411         34.267036
        -99.211411         34.267036
        -99.209579         34.304916
        -99.210518         34.316605
        -99.210518         34.316605
        -99.218483         34.336185
        -99.229988         34.349979
        -99.237007         34.354164
        -99.260155         34.381313
        -99.268753         34.387703
        -99.278442         34.406677
        -99.299072         34.412651
        -99.301514         34.413357
        -99.303955         34.415970
        -99.318451         34.415539
        -99.318451         34.415539
        -99.324196         34.416340
        -99.338928         34.433231
        -99.357391         34.448067
        -99.357391         34.448067
        -99.365845         34.454323
        -99.375069         34.457577
        -99.381905         34.456261
        -99.384903         34.455627
        -99.391624         34.449718
        -99.396774         34.441601
        -99.399254         34.431568
        -99.398674         34.424706
        -99.396149         34.421173
        -99.396149         34.421173
        -99.391335         34.406986
        -99.392876         34.400627
        -99.399422         34.388279
        -99.409676         34.379143
        -99.420593         34.378822
        -99.420593         34.378822
        -99.423531         34.380718
        -99.429527         34.379448
        -99.439003         34.373375
        -99.442482         34.373234
        -99.442482         34.373234
        -99.452530         34.377247
        -99.461777         34.384979
        -99.474030         34.387405
        -99.496330         34.398941
        -99.505806         34.407848
        -99.505806         34.407848
        -99.516800         34.412949
        -99.540100         34.412720
        -99.566925         34.417793
        -99.580009         34.418163
        -99.586205         34.415951
        -99.588631         34.411900
        -99.588226         34.407322
        -99.586281         34.394562
        -99.589294         34.387711
        -99.597832         34.380531
        -99.610329         34.374264
        -99.619064         34.372589
        -99.636650         34.380039
        -99.636650         34.380039
        -99.658051         34.382309
        -99.677475         34.380013
        -99.690407         34.382374
        -99.711273         34.392815
        -99.719086         34.403465
        -99.730247         34.413059
        -99.737663         34.413937
        -99.737663         34.413937
        -99.738983         34.413166
        -99.745857         34.415504
        -99.749161         34.418293
        -99.758644         34.428062
        -99.769760         34.434280
        -99.774918         34.442245
        -99.794579         34.460613
        -99.803802         34.476124
        -99.813950         34.488804
        -99.813950         34.488804
        -99.830215         34.513134
        -99.849922         34.534229
        -99.861794         34.543995
END
END
