oman
1
     0.5613935E+02     0.1761712E+02
     0.5613993E+02     0.1762020E+02
     0.5614261E+02     0.1761914E+02
     0.5614258E+02     0.1761707E+02
     0.5614147E+02     0.1761451E+02
     0.5613931E+02     0.1761351E+02
     0.5613718E+02     0.1761559E+02
     0.5613775E+02     0.1761765E+02
     0.5613993E+02     0.1762020E+02
END
2
     0.5602717E+02     0.1751020E+02
     0.5605033E+02     0.1755452E+02
     0.5605272E+02     0.1755269E+02
     0.5605535E+02     0.1754827E+02
     0.5605652E+02     0.1753485E+02
     0.5605883E+02     0.1752658E+02
     0.5606170E+02     0.1752010E+02
     0.5606758E+02     0.1751797E+02
     0.5607668E+02     0.1751528E+02
     0.5608149E+02     0.1751316E+02
     0.5608581E+02     0.1751465E+02
     0.5608849E+02     0.1751462E+02
     0.5609252E+02     0.1751406E+02
     0.5609384E+02     0.1751224E+02
     0.5609435E+02     0.1751017E+02
     0.5609161E+02     0.1750659E+02
     0.5608996E+02     0.1750352E+02
     0.5608483E+02     0.1750178E+02
     0.5608023E+02     0.1750003E+02
     0.5607511E+02     0.1749828E+02
     0.5606889E+02     0.1749501E+02
     0.5606480E+02     0.1749067E+02
     0.5605914E+02     0.1748997E+02
     0.5605643E+02     0.1748768E+02
     0.5605020E+02     0.1748389E+02
     0.5604536E+02     0.1748420E+02
     0.5604320E+02     0.1748320E+02
     0.5603810E+02     0.1748352E+02
     0.5603405E+02     0.1748202E+02
     0.5603085E+02     0.1748335E+02
     0.5602709E+02     0.1748390E+02
     0.5602277E+02     0.1748189E+02
     0.5601764E+02     0.1748041E+02
     0.5601414E+02     0.1747993E+02
     0.5601255E+02     0.1748124E+02
     0.5600990E+02     0.1748385E+02
     0.5600613E+02     0.1748338E+02
     0.5600021E+02     0.1748293E+02
     0.5599434E+02     0.1748609E+02
     0.5598738E+02     0.1748772E+02
     0.5598362E+02     0.1748828E+02
     0.5597935E+02     0.1748987E+02
     0.5597558E+02     0.1748940E+02
     0.5597132E+02     0.1749228E+02
     0.5596706E+02     0.1749543E+02
     0.5596360E+02     0.1749830E+02
     0.5596366E+02     0.1750294E+02
     0.5596315E+02     0.1750553E+02
     0.5596212E+02     0.1750837E+02
     0.5596325E+02     0.1751274E+02
     0.5596597E+02     0.1751580E+02
     0.5597030E+02     0.1751808E+02
     0.5597733E+02     0.1752109E+02
     0.5598461E+02     0.1752332E+02
     0.5599002E+02     0.1752584E+02
     0.5599329E+02     0.1752967E+02
     0.5600083E+02     0.1753036E+02
     0.5600512E+02     0.1752953E+02
     0.5600943E+02     0.1753077E+02
     0.5601457E+02     0.1753303E+02
     0.5601862E+02     0.1753453E+02
     0.5602374E+02     0.1753576E+02
     0.5602834E+02     0.1753802E+02
     0.5603591E+02     0.1754129E+02
     0.5604326E+02     0.1754868E+02
     0.5604520E+02     0.1755278E+02
     0.5605033E+02     0.1755452E+02
END
3
     0.5634198E+02     0.1750208E+02
     0.5633244E+02     0.1751098E+02
     0.5633993E+02     0.1750881E+02
     0.5634584E+02     0.1750873E+02
     0.5634953E+02     0.1750353E+02
     0.5635162E+02     0.1749989E+02
     0.5634888E+02     0.1749632E+02
     0.5634670E+02     0.1749428E+02
     0.5634348E+02     0.1749433E+02
     0.5634135E+02     0.1749590E+02
     0.5633814E+02     0.1749698E+02
     0.5633495E+02     0.1749908E+02
     0.5633227E+02     0.1749964E+02
     0.5632800E+02     0.1750124E+02
     0.5632915E+02     0.1750690E+02
     0.5633244E+02     0.1751098E+02
END
4
     0.5585874E+02     0.1749251E+02
     0.5588030E+02     0.1749769E+02
     0.5588266E+02     0.1749251E+02
     0.5588315E+02     0.1748889E+02
     0.5587934E+02     0.1748532E+02
     0.5587822E+02     0.1748121E+02
     0.5587766E+02     0.1747941E+02
     0.5587685E+02     0.1747916E+02
     0.5586959E+02     0.1747898E+02
     0.5586714E+02     0.1747618E+02
     0.5586473E+02     0.1747620E+02
     0.5586127E+02     0.1747959E+02
     0.5585700E+02     0.1748170E+02
     0.5585516E+02     0.1748533E+02
     0.5585358E+02     0.1748818E+02
     0.5584768E+02     0.1748825E+02
     0.5584307E+02     0.1748546E+02
     0.5583611E+02     0.1748734E+02
     0.5583211E+02     0.1748970E+02
     0.5582894E+02     0.1749386E+02
     0.5583247E+02     0.1749691E+02
     0.5583790E+02     0.1750175E+02
     0.5584171E+02     0.1750635E+02
     0.5584605E+02     0.1750940E+02
     0.5585143E+02     0.1750960E+02
     0.5585891E+02     0.1750617E+02
     0.5586663E+02     0.1750041E+02
     0.5587385E+02     0.1749750E+02
     0.5587626E+02     0.1749670E+02
     0.5588030E+02     0.1749769E+02
END
5
     0.5560178E+02     0.1747937E+02
     0.5559753E+02     0.1748396E+02
     0.5560070E+02     0.1748415E+02
     0.5560512E+02     0.1748519E+02
     0.5560896E+02     0.1748515E+02
     0.5561037E+02     0.1747994E+02
     0.5560648E+02     0.1747531E+02
     0.5560307E+02     0.1747318E+02
     0.5560305E+02     0.1747101E+02
     0.5560369E+02     0.1746786E+02
     0.5560006E+02     0.1746594E+02
     0.5559643E+02     0.1746446E+02
     0.5559464E+02     0.1746578E+02
     0.5559534E+02     0.1746881E+02
     0.5559721E+02     0.1747464E+02
     0.5559568E+02     0.1747942E+02
     0.5559753E+02     0.1748396E+02
END
6
     0.5873378E+02     0.2352386E+02
     0.5873798E+02     0.2352236E+02
     0.5873169E+02     0.2351926E+02
     0.5872820E+02     0.2352098E+02
     0.5872838E+02     0.2352669E+02
     0.5873106E+02     0.2352744E+02
     0.5874074E+02     0.2352555E+02
     0.5873798E+02     0.2352236E+02
END
7
     0.5873465E+02     0.2082743E+02
     0.5874157E+02     0.2084006E+02
     0.5874113E+02     0.2082099E+02
     0.5873589E+02     0.2081604E+02
     0.5872332E+02     0.2081124E+02
     0.5872145E+02     0.2081473E+02
     0.5873346E+02     0.2083793E+02
     0.5874157E+02     0.2084006E+02
END
8
     0.5871296E+02     0.2074602E+02
     0.5872549E+02     0.2075834E+02
     0.5873066E+02     0.2076925E+02
     0.5872877E+02     0.2078240E+02
     0.5872594E+02     0.2078705E+02
     0.5872729E+02     0.2079277E+02
     0.5873181E+02     0.2079748E+02
     0.5873293E+02     0.2080628E+02
     0.5873712E+02     0.2080376E+02
     0.5873682E+02     0.2079281E+02
     0.5873451E+02     0.2078803E+02
     0.5873807E+02     0.2078336E+02
     0.5873923E+02     0.2074885E+02
     0.5873400E+02     0.2074459E+02
     0.5872667E+02     0.2074306E+02
     0.5871193E+02     0.2073998E+02
     0.5870525E+02     0.2073621E+02
     0.5868828E+02     0.2071976E+02
     0.5868240E+02     0.2071873E+02
     0.5868014E+02     0.2072682E+02
     0.5868148E+02     0.2073208E+02
     0.5869592E+02     0.2075524E+02
     0.5869963E+02     0.2075770E+02
     0.5870421E+02     0.2075485E+02
     0.5870911E+02     0.2075567E+02
     0.5871135E+02     0.2075769E+02
     0.5871552E+02     0.2076887E+02
     0.5871362E+02     0.2077144E+02
     0.5871619E+02     0.2077418E+02
     0.5872300E+02     0.2077562E+02
     0.5872549E+02     0.2075834E+02
END
9
     0.5870076E+02     0.2070796E+02
     0.5869609E+02     0.2069823E+02
     0.5869604E+02     0.2070720E+02
     0.5869884E+02     0.2071220E+02
     0.5870380E+02     0.2071555E+02
     0.5870563E+02     0.2070999E+02
     0.5870377E+02     0.2070359E+02
     0.5870149E+02     0.2069973E+02
     0.5869609E+02     0.2069823E+02
END
10
     0.5871135E+02     0.2033006E+02
     0.5862870E+02     0.2020672E+02
     0.5863322E+02     0.2021073E+02
     0.5863322E+02     0.2021073E+02
     0.5862524E+02     0.2022353E+02
     0.5862405E+02     0.2022920E+02
     0.5862553E+02     0.2024767E+02
     0.5862222E+02     0.2025210E+02
     0.5862334E+02     0.2025875E+02
     0.5862108E+02     0.2026638E+02
     0.5862739E+02     0.2027660E+02
     0.5862722E+02     0.2028005E+02
     0.5862417E+02     0.2028517E+02
     0.5862817E+02     0.2028969E+02
     0.5863425E+02     0.2031141E+02
     0.5863090E+02     0.2031400E+02
     0.5862955E+02     0.2031886E+02
     0.5863091E+02     0.2032527E+02
     0.5862839E+02     0.2033267E+02
     0.5863131E+02     0.2034319E+02
     0.5863600E+02     0.2034609E+02
     0.5864826E+02     0.2036102E+02
     0.5864709E+02     0.2036311E+02
     0.5864888E+02     0.2036698E+02
     0.5866028E+02     0.2037572E+02
     0.5867220E+02     0.2038560E+02
     0.5867988E+02     0.2039165E+02
     0.5868163E+02     0.2040449E+02
     0.5868490E+02     0.2040903E+02
     0.5869728E+02     0.2041774E+02
     0.5870116E+02     0.2042778E+02
     0.5870389E+02     0.2043003E+02
     0.5870756E+02     0.2043064E+02
     0.5871906E+02     0.2042190E+02
     0.5872292E+02     0.2042068E+02
     0.5872881E+02     0.2042239E+02
     0.5874068E+02     0.2041940E+02
     0.5875024E+02     0.2042196E+02
     0.5875325E+02     0.2042558E+02
     0.5875551E+02     0.2042852E+02
     0.5876311E+02     0.2043089E+02
     0.5877062E+02     0.2043947E+02
     0.5877391E+02     0.2045504E+02
     0.5878171E+02     0.2046591E+02
     0.5877783E+02     0.2047703E+02
     0.5877713E+02     0.2048900E+02
     0.5878085E+02     0.2049168E+02
     0.5878365E+02     0.2050748E+02
     0.5878283E+02     0.2051394E+02
     0.5878545E+02     0.2052170E+02
     0.5880295E+02     0.2055077E+02
     0.5881143E+02     0.2055887E+02
     0.5881675E+02     0.2057807E+02
     0.5882046E+02     0.2058006E+02
     0.5882985E+02     0.2059082E+02
     0.5884076E+02     0.2060332E+02
     0.5886052E+02     0.2061371E+02
     0.5886362E+02     0.2062100E+02
     0.5886140E+02     0.2063047E+02
     0.5886224E+02     0.2063459E+02
     0.5886920E+02     0.2065031E+02
     0.5886938E+02     0.2065789E+02
     0.5887329E+02     0.2066838E+02
     0.5887205E+02     0.2068818E+02
     0.5888219E+02     0.2069473E+02
     0.5888445E+02     0.2069619E+02
     0.5889395E+02     0.2069553E+02
     0.5890847E+02     0.2069040E+02
     0.5891247E+02     0.2068456E+02
     0.5891413E+02     0.2067212E+02
     0.5891162E+02     0.2066941E+02
     0.5890504E+02     0.2064955E+02
     0.5889944E+02     0.2061932E+02
     0.5890346E+02     0.2059395E+02
     0.5891010E+02     0.2058576E+02
     0.5893296E+02     0.2057332E+02
     0.5893042E+02     0.2055912E+02
     0.5893485E+02     0.2055052E+02
     0.5893248E+02     0.2054344E+02
     0.5893488E+02     0.2054178E+02
     0.5894388E+02     0.2052326E+02
     0.5894561E+02     0.2052155E+02
     0.5895577E+02     0.2051857E+02
     0.5895862E+02     0.2051530E+02
     0.5895878E+02     0.2051207E+02
     0.5894780E+02     0.2050150E+02
     0.5894397E+02     0.2049446E+02
     0.5893409E+02     0.2048892E+02
     0.5891909E+02     0.2048327E+02
     0.5890407E+02     0.2047715E+02
     0.5890002E+02     0.2047057E+02
     0.5887148E+02     0.2045922E+02
     0.5885565E+02     0.2044943E+02
     0.5884076E+02     0.2043779E+02
     0.5883921E+02     0.2043438E+02
     0.5884009E+02     0.2043022E+02
     0.5882300E+02     0.2041839E+02
     0.5881507E+02     0.2040246E+02
     0.5881805E+02     0.2039435E+02
     0.5881184E+02     0.2037885E+02
     0.5879429E+02     0.2035737E+02
     0.5879742E+02     0.2035570E+02
     0.5879601E+02     0.2034722E+02
     0.5879683E+02     0.2034077E+02
     0.5879346E+02     0.2033210E+02
     0.5879324E+02     0.2032268E+02
     0.5878315E+02     0.2030771E+02
     0.5877543E+02     0.2030005E+02
     0.5877237E+02     0.2029391E+02
     0.5877757E+02     0.2028714E+02
     0.5877646E+02     0.2028141E+02
     0.5878073E+02     0.2027673E+02
     0.5877896E+02     0.2027400E+02
     0.5876764E+02     0.2026849E+02
     0.5876381E+02     0.2026052E+02
     0.5875650E+02     0.2026021E+02
     0.5874978E+02     0.2025368E+02
     0.5873675E+02     0.2024797E+02
     0.5873337E+02     0.2023861E+02
     0.5872743E+02     0.2023413E+02
     0.5871893E+02     0.2021338E+02
     0.5871178E+02     0.2020962E+02
     0.5870310E+02     0.2020221E+02
     0.5870138E+02     0.2020157E+02
     0.5866753E+02     0.2018913E+02
     0.5866456E+02     0.2018666E+02
     0.5866214E+02     0.2017636E+02
     0.5865362E+02     0.2016549E+02
     0.5865070E+02     0.2016509E+02
     0.5864299E+02     0.2016846E+02
     0.5863633E+02     0.2016423E+02
     0.5863321E+02     0.2016636E+02
     0.5862609E+02     0.2018535E+02
     0.5862995E+02     0.2019470E+02
     0.5862870E+02     0.2020672E+02
END
11
     0.5816690E+02     0.2057215E+02
     0.5817338E+02     0.2056129E+02
     0.5816879E+02     0.2056321E+02
     0.5816304E+02     0.2056882E+02
     0.5815952E+02     0.2057578E+02
     0.5817132E+02     0.2058063E+02
     0.5817191E+02     0.2057327E+02
     0.5817589E+02     0.2056492E+02
     0.5817338E+02     0.2056129E+02
END
12
     0.5825961E+02     0.2055584E+02
     0.5826128E+02     0.2054387E+02
     0.5825625E+02     0.2054199E+02
     0.5825278E+02     0.2054475E+02
     0.5825606E+02     0.2056071E+02
     0.5825977E+02     0.2056664E+02
     0.5826332E+02     0.2056656E+02
     0.5826608E+02     0.2056382E+02
     0.5826128E+02     0.2054387E+02
END
13
     0.5874613E+02     0.2045832E+02
     0.5875118E+02     0.2048323E+02
     0.5874950E+02     0.2046382E+02
     0.5875330E+02     0.2045960E+02
     0.5875372E+02     0.2045683E+02
     0.5875095E+02     0.2045298E+02
     0.5874059E+02     0.2044721E+02
     0.5873766E+02     0.2044704E+02
     0.5873893E+02     0.2046012E+02
     0.5875118E+02     0.2048323E+02
END
14
     0.5637381E+02     0.1943624E+02
     0.5778577E+02     0.2377460E+02
     0.5778977E+02     0.2377546E+02
     0.5779579E+02     0.2376391E+02
     0.5778458E+02     0.2375197E+02
     0.5778938E+02     0.2375060E+02
     0.5779491E+02     0.2374537E+02
     0.5779753E+02     0.2374598E+02
     0.5779533E+02     0.2375130E+02
     0.5779791E+02     0.2375677E+02
     0.5780380E+02     0.2375209E+02
     0.5780597E+02     0.2374817E+02
     0.5780597E+02     0.2374817E+02
     0.5781115E+02     0.2374534E+02
     0.5782167E+02     0.2373509E+02
     0.5782884E+02     0.2373269E+02
     0.5784876E+02     0.2371933E+02
     0.5785990E+02     0.2371618E+02
     0.5786702E+02     0.2371103E+02
     0.5786927E+02     0.2371168E+02
     0.5788733E+02     0.2370590E+02
     0.5789727E+02     0.2370506E+02
     0.5795348E+02     0.2370443E+02
     0.5797169E+02     0.2370736E+02
     0.5801377E+02     0.2370945E+02
     0.5803148E+02     0.2371169E+02
     0.5807650E+02     0.2371096E+02
     0.5808299E+02     0.2371200E+02
     0.5809261E+02     0.2370795E+02
     0.5811422E+02     0.2370576E+02
     0.5812784E+02     0.2370278E+02
     0.5816118E+02     0.2369031E+02
     0.5816955E+02     0.2368581E+02
     0.5818388E+02     0.2368098E+02
     0.5820158E+02     0.2367059E+02
     0.5820303E+02     0.2366850E+02
     0.5820772E+02     0.2366682E+02
     0.5822682E+02     0.2365182E+02
     0.5823636E+02     0.2364386E+02
     0.5824252E+02     0.2364077E+02
     0.5824368E+02     0.2363662E+02
     0.5825181E+02     0.2363304E+02
     0.5826111E+02     0.2362600E+02
     0.5829538E+02     0.2361142E+02
     0.5829679E+02     0.2360773E+02
     0.5834394E+02     0.2360323E+02
     0.5834612E+02     0.2360558E+02
     0.5838567E+02     0.2360322E+02
     0.5840168E+02     0.2360353E+02
     0.5844791E+02     0.2361122E+02
     0.5847591E+02     0.2362401E+02
     0.5848106E+02     0.2363194E+02
     0.5848588E+02     0.2363644E+02
     0.5848875E+02     0.2364258E+02
     0.5849225E+02     0.2364343E+02
     0.5850271E+02     0.2364392E+02
     0.5850812E+02     0.2364130E+02
     0.5851513E+02     0.2363223E+02
     0.5852102E+02     0.2362845E+02
     0.5852697E+02     0.2362765E+02
     0.5853299E+02     0.2363006E+02
     0.5853897E+02     0.2363040E+02
     0.5854363E+02     0.2362779E+02
     0.5855085E+02     0.2362789E+02
     0.5856413E+02     0.2363268E+02
     0.5856609E+02     0.2363104E+02
     0.5856698E+02     0.2362667E+02
     0.5856363E+02     0.2362145E+02
     0.5856481E+02     0.2361845E+02
     0.5856752E+02     0.2361725E+02
     0.5857005E+02     0.2361950E+02
     0.5857364E+02     0.2361876E+02
     0.5857624E+02     0.2361823E+02
     0.5857927E+02     0.2362001E+02
     0.5858394E+02     0.2361786E+02
     0.5858892E+02     0.2361822E+02
     0.5859456E+02     0.2361444E+02
     0.5859827E+02     0.2361391E+02
     0.5860596E+02     0.2360207E+02
     0.5859913E+02     0.2359670E+02
     0.5860764E+02     0.2358805E+02
     0.5860805E+02     0.2358437E+02
     0.5860647E+02     0.2358050E+02
     0.5860788E+02     0.2357703E+02
     0.5861181E+02     0.2357489E+02
     0.5861684E+02     0.2356631E+02
     0.5863210E+02     0.2355982E+02
     0.5864034E+02     0.2356150E+02
     0.5864376E+02     0.2355868E+02
     0.5864685E+02     0.2355266E+02
     0.5864653E+02     0.2354945E+02
     0.5865005E+02     0.2354652E+02
     0.5865340E+02     0.2354565E+02
     0.5865980E+02     0.2355355E+02
     0.5866870E+02     0.2354076E+02
     0.5866976E+02     0.2353504E+02
     0.5868119E+02     0.2353295E+02
     0.5868735E+02     0.2353031E+02
     0.5869231E+02     0.2352998E+02
     0.5869957E+02     0.2353213E+02
     0.5870326E+02     0.2353068E+02
     0.5870606E+02     0.2351864E+02
     0.5871120E+02     0.2353030E+02
     0.5872187E+02     0.2352940E+02
     0.5872574E+02     0.2352473E+02
     0.5872537E+02     0.2351535E+02
     0.5872350E+02     0.2351213E+02
     0.5873389E+02     0.2350451E+02
     0.5873063E+02     0.2351358E+02
     0.5873161E+02     0.2351682E+02
     0.5874212E+02     0.2351317E+02
     0.5874498E+02     0.2351973E+02
     0.5875342E+02     0.2351822E+02
     0.5875523E+02     0.2351084E+02
     0.5876235E+02     0.2350726E+02
     0.5875654E+02     0.2350302E+02
     0.5877403E+02     0.2348638E+02
     0.5877975E+02     0.2347594E+02
     0.5877908E+02     0.2346884E+02
     0.5878329E+02     0.2344743E+02
     0.5878318E+02     0.2344525E+02
     0.5878242E+02     0.2343161E+02
     0.5878656E+02     0.2341754E+02
     0.5879580E+02     0.2340909E+02
     0.5880094E+02     0.2339568E+02
     0.5881212E+02     0.2338636E+02
     0.5881335E+02     0.2338533E+02
     0.5882538E+02     0.2337935E+02
     0.5883635E+02     0.2337110E+02
     0.5884544E+02     0.2336701E+02
     0.5884997E+02     0.2335935E+02
     0.5885825E+02     0.2335276E+02
     0.5888029E+02     0.2334014E+02
     0.5888507E+02     0.2333293E+02
     0.5889261E+02     0.2332658E+02
     0.5890051E+02     0.2332458E+02
     0.5891351E+02     0.2331722E+02
     0.5891188E+02     0.2331011E+02
     0.5891757E+02     0.2330197E+02
     0.5891663E+02     0.2328386E+02
     0.5891663E+02     0.2328386E+02
     0.5891701E+02     0.2327903E+02
     0.5891701E+02     0.2327903E+02
     0.5891837E+02     0.2327396E+02
     0.5892105E+02     0.2327206E+02
     0.5892198E+02     0.2326929E+02
     0.5892320E+02     0.2325825E+02
     0.5893452E+02     0.2324471E+02
     0.5895771E+02     0.2322930E+02
     0.5896385E+02     0.2322688E+02
     0.5897449E+02     0.2321587E+02
     0.5898499E+02     0.2320945E+02
     0.5898817E+02     0.2320754E+02
     0.5899091E+02     0.2319831E+02
     0.5899383E+02     0.2319595E+02
     0.5899406E+02     0.2318539E+02
     0.5899268E+02     0.2317991E+02
     0.5899089E+02     0.2316779E+02
     0.5899381E+02     0.2315556E+02
     0.5901421E+02     0.2311909E+02
     0.5902208E+02     0.2310653E+02
     0.5905226E+02     0.2308477E+02
     0.5905366E+02     0.2308129E+02
     0.5906397E+02     0.2304848E+02
     0.5909223E+02     0.2302009E+02
     0.5911390E+02     0.2300538E+02
     0.5912549E+02     0.2299388E+02
     0.5914017E+02     0.2298713E+02
     0.5914484E+02     0.2298565E+02
     0.5915527E+02     0.2297715E+02
     0.5916606E+02     0.2297301E+02
     0.5917912E+02     0.2297042E+02
     0.5918712E+02     0.2296404E+02
     0.5919437E+02     0.2295723E+02
     0.5919667E+02     0.2295052E+02
     0.5920855E+02     0.2293166E+02
     0.5921636E+02     0.2290853E+02
     0.5922347E+02     0.2289666E+02
     0.5922260E+02     0.2288267E+02
     0.5922396E+02     0.2287782E+02
     0.5923244E+02     0.2287074E+02
     0.5923546E+02     0.2286356E+02
     0.5923756E+02     0.2284950E+02
     0.5924764E+02     0.2283720E+02
     0.5925961E+02     0.2282073E+02
     0.5926410E+02     0.2281469E+02
     0.5927047E+02     0.2279388E+02
     0.5928074E+02     0.2278033E+02
     0.5928340E+02     0.2276879E+02
     0.5929075E+02     0.2275714E+02
     0.5930954E+02     0.2274753E+02
     0.5931801E+02     0.2275008E+02
     0.5932287E+02     0.2274676E+02
     0.5933393E+02     0.2274568E+02
     0.5933905E+02     0.2274179E+02
     0.5934608E+02     0.2271821E+02
     0.5935372E+02     0.2270815E+02
     0.5936127E+02     0.2270275E+02
     0.5937592E+02     0.2269730E+02
     0.5937828E+02     0.2269357E+02
     0.5938063E+02     0.2267974E+02
     0.5938420E+02     0.2267483E+02
     0.5939263E+02     0.2266683E+02
     0.5939899E+02     0.2266438E+02
     0.5940818E+02     0.2265705E+02
     0.5942527E+02     0.2264952E+02
     0.5944393E+02     0.2262726E+02
     0.5946755E+02     0.2260603E+02
     0.5947877E+02     0.2260093E+02
     0.5948259E+02     0.2259625E+02
     0.5948674E+02     0.2259454E+02
     0.5949237E+02     0.2259280E+02
     0.5952491E+02     0.2257272E+02
     0.5953148E+02     0.2256331E+02
     0.5952691E+02     0.2255759E+02
     0.5952003E+02     0.2255745E+02
     0.5951867E+02     0.2256408E+02
     0.5952038E+02     0.2256701E+02
     0.5951886E+02     0.2256930E+02
     0.5951253E+02     0.2256292E+02
     0.5950596E+02     0.2254907E+02
     0.5951370E+02     0.2254314E+02
     0.5951875E+02     0.2254692E+02
     0.5952715E+02     0.2254694E+02
     0.5952918E+02     0.2254919E+02
     0.5953669E+02     0.2255245E+02
     0.5953783E+02     0.2255794E+02
     0.5954029E+02     0.2256614E+02
     0.5954354E+02     0.2256790E+02
     0.5957005E+02     0.2256197E+02
     0.5959670E+02     0.2256085E+02
     0.5961586E+02     0.2255716E+02
     0.5964621E+02     0.2255640E+02
     0.5966877E+02     0.2255055E+02
     0.5968827E+02     0.2254202E+02
     0.5972309E+02     0.2253356E+02
     0.5972781E+02     0.2252945E+02
     0.5972420E+02     0.2252186E+02
     0.5972480E+02     0.2251574E+02
     0.5972348E+02     0.2251334E+02
     0.5971310E+02     0.2250442E+02
     0.5971249E+02     0.2250076E+02
     0.5971413E+02     0.2249773E+02
     0.5971975E+02     0.2249575E+02
     0.5972747E+02     0.2248958E+02
     0.5973259E+02     0.2248738E+02
     0.5973784E+02     0.2248128E+02
     0.5974374E+02     0.2248044E+02
     0.5975217E+02     0.2248183E+02
     0.5976169E+02     0.2248618E+02
     0.5976326E+02     0.2248935E+02
     0.5975943E+02     0.2249335E+02
     0.5974810E+02     0.2249434E+02
     0.5974331E+02     0.2249905E+02
     0.5973908E+02     0.2250984E+02
     0.5973051E+02     0.2251888E+02
     0.5973075E+02     0.2252509E+02
     0.5973450E+02     0.2252661E+02
     0.5973611E+02     0.2253093E+02
     0.5975257E+02     0.2252821E+02
     0.5975439E+02     0.2252311E+02
     0.5975779E+02     0.2252096E+02
     0.5976245E+02     0.2251467E+02
     0.5977368E+02     0.2251431E+02
     0.5977937E+02     0.2251636E+02
     0.5978112E+02     0.2252003E+02
     0.5977962E+02     0.2252306E+02
     0.5977164E+02     0.2252407E+02
     0.5976514E+02     0.2252204E+02
     0.5975908E+02     0.2252365E+02
     0.5976095E+02     0.2252754E+02
     0.5976373E+02     0.2252953E+02
     0.5978185E+02     0.2253297E+02
     0.5979051E+02     0.2253343E+02
     0.5979465E+02     0.2253149E+02
     0.5979578E+02     0.2252634E+02
     0.5980203E+02     0.2249777E+02
     0.5981307E+02     0.2248714E+02
     0.5982450E+02     0.2246526E+02
     0.5983599E+02     0.2242867E+02
     0.5983658E+02     0.2242383E+02
     0.5982849E+02     0.2241088E+02
     0.5981765E+02     0.2239355E+02
     0.5981820E+02     0.2237079E+02
     0.5982368E+02     0.2236445E+02
     0.5982431E+02     0.2236076E+02
     0.5981781E+02     0.2234967E+02
     0.5981557E+02     0.2234100E+02
     0.5981659E+02     0.2233409E+02
     0.5982217E+02     0.2232268E+02
     0.5982138E+02     0.2231306E+02
     0.5982539E+02     0.2229848E+02
     0.5982380E+02     0.2229288E+02
     0.5980745E+02     0.2223509E+02
     0.5980777E+02     0.2222934E+02
     0.5980586E+02     0.2222342E+02
     0.5978385E+02     0.2220423E+02
     0.5977201E+02     0.2219581E+02
     0.5976959E+02     0.2218898E+02
     0.5977019E+02     0.2218437E+02
     0.5976993E+02     0.2218364E+02
     0.5976670E+02     0.2217458E+02
     0.5976394E+02     0.2217304E+02
     0.5975600E+02     0.2216291E+02
     0.5974143E+02     0.2215341E+02
     0.5973362E+02     0.2213914E+02
     0.5971391E+02     0.2211391E+02
     0.5970962E+02     0.2210207E+02
     0.5969325E+02     0.2208985E+02
     0.5969001E+02     0.2208542E+02
     0.5967350E+02     0.2206279E+02
     0.5967269E+02     0.2203896E+02
     0.5967400E+02     0.2203773E+02
     0.5967202E+02     0.2202055E+02
     0.5966035E+02     0.2200017E+02
     0.5965708E+02     0.2198922E+02
     0.5964957E+02     0.2197655E+02
     0.5964702E+02     0.2196985E+02
     0.5964584E+02     0.2196676E+02
     0.5964417E+02     0.2195991E+02
     0.5964913E+02     0.2195289E+02
     0.5965020E+02     0.2194735E+02
     0.5964388E+02     0.2193280E+02
     0.5963299E+02     0.2192228E+02
     0.5962072E+02     0.2191477E+02
     0.5960485E+02     0.2190162E+02
     0.5959471E+02     0.2189107E+02
     0.5958072E+02     0.2187099E+02
     0.5957111E+02     0.2185719E+02
     0.5956895E+02     0.2185035E+02
     0.5957401E+02     0.2183805E+02
     0.5957244E+02     0.2183464E+02
     0.5953306E+02     0.2179839E+02
     0.5950925E+02     0.2177242E+02
     0.5949681E+02     0.2175883E+02
     0.5948597E+02     0.2174025E+02
     0.5948227E+02     0.2173092E+02
     0.5948058E+02     0.2172338E+02
     0.5948483E+02     0.2170811E+02
     0.5948415E+02     0.2170146E+02
     0.5947503E+02     0.2168261E+02
     0.5946460E+02     0.2166977E+02
     0.5945710E+02     0.2165616E+02
     0.5945645E+02     0.2165043E+02
     0.5945787E+02     0.2163983E+02
     0.5945496E+02     0.2163208E+02
     0.5944189E+02     0.2161241E+02
     0.5942285E+02     0.2158942E+02
     0.5941415E+02     0.2156757E+02
     0.5940848E+02     0.2155783E+02
     0.5939652E+02     0.2154033E+02
     0.5939595E+02     0.2153951E+02
     0.5938333E+02     0.2152648E+02
     0.5937841E+02     0.2151694E+02
     0.5937945E+02     0.2151003E+02
     0.5937560E+02     0.2150391E+02
     0.5935688E+02     0.2148275E+02
     0.5934693E+02     0.2146851E+02
     0.5934087E+02     0.2145303E+02
     0.5934246E+02     0.2144839E+02
     0.5934968E+02     0.2144340E+02
     0.5935032E+02     0.2143970E+02
     0.5934761E+02     0.2143528E+02
     0.5934519E+02     0.2143132E+02
     0.5933590E+02     0.2142349E+02
     0.5932047E+02     0.2141489E+02
     0.5929912E+02     0.2140505E+02
     0.5927415E+02     0.2139713E+02
     0.5926319E+02     0.2139049E+02
     0.5924981E+02     0.2138505E+02
     0.5924588E+02     0.2138468E+02
     0.5924588E+02     0.2138468E+02
     0.5922707E+02     0.2137799E+02
     0.5922191E+02     0.2137742E+02
     0.5922191E+02     0.2137742E+02
     0.5919713E+02     0.2136718E+02
     0.5918069E+02     0.2135699E+02
     0.5911993E+02     0.2131238E+02
     0.5910202E+02     0.2129922E+02
     0.5904594E+02     0.2126116E+02
     0.5901537E+02     0.2123307E+02
     0.5900709E+02     0.2122547E+02
     0.5898869E+02     0.2120426E+02
     0.5897672E+02     0.2118544E+02
     0.5896587E+02     0.2117235E+02
     0.5895362E+02     0.2116181E+02
     0.5892897E+02     0.2114463E+02
     0.5892492E+02     0.2114100E+02
     0.5891321E+02     0.2113049E+02
     0.5889023E+02     0.2110086E+02
     0.5885087E+02     0.2106101E+02
     0.5883885E+02     0.2104429E+02
     0.5883443E+02     0.2103814E+02
     0.5881787E+02     0.2100998E+02
     0.5879973E+02     0.2098737E+02
     0.5879761E+02     0.2096994E+02
     0.5880168E+02     0.2095584E+02
     0.5880700E+02     0.2095343E+02
     0.5880373E+02     0.2094936E+02
     0.5879853E+02     0.2093613E+02
     0.5879743E+02     0.2093498E+02
     0.5875996E+02     0.2089578E+02
     0.5874823E+02     0.2087464E+02
     0.5873938E+02     0.2085091E+02
     0.5872919E+02     0.2084353E+02
     0.5872161E+02     0.2084323E+02
     0.5871737E+02     0.2083948E+02
     0.5870865E+02     0.2083176E+02
     0.5868431E+02     0.2081432E+02
     0.5868230E+02     0.2081183E+02
     0.5868524E+02     0.2080120E+02
     0.5867565E+02     0.2079840E+02
     0.5867290E+02     0.2079570E+02
     0.5866472E+02     0.2078065E+02
     0.5866633E+02     0.2077654E+02
     0.5867157E+02     0.2077803E+02
     0.5867834E+02     0.2077697E+02
     0.5867826E+02     0.2077330E+02
     0.5867230E+02     0.2076905E+02
     0.5867091E+02     0.2076149E+02
     0.5867273E+02     0.2075525E+02
     0.5867185E+02     0.2075423E+02
     0.5866595E+02     0.2074734E+02
     0.5866090E+02     0.2072905E+02
     0.5866174E+02     0.2072259E+02
     0.5867030E+02     0.2072334E+02
     0.5867300E+02     0.2071340E+02
     0.5868322E+02     0.2071182E+02
     0.5866164E+02     0.2069639E+02
     0.5864360E+02     0.2068686E+02
     0.5862801E+02     0.2067468E+02
     0.5861232E+02     0.2066242E+02
     0.5858500E+02     0.2062939E+02
     0.5858138E+02     0.2062004E+02
     0.5858210E+02     0.2060876E+02
     0.5858081E+02     0.2059430E+02
     0.5857440E+02     0.2058996E+02
     0.5857094E+02     0.2058171E+02
     0.5857058E+02     0.2056959E+02
     0.5856986E+02     0.2056869E+02
     0.5856055E+02     0.2055697E+02
     0.5856039E+02     0.2055167E+02
     0.5855780E+02     0.2054568E+02
     0.5855032E+02     0.2053753E+02
     0.5854190E+02     0.2052487E+02
     0.5853838E+02     0.2051435E+02
     0.5853381E+02     0.2049552E+02
     0.5853674E+02     0.2047848E+02
     0.5852991E+02     0.2046264E+02
     0.5852901E+02     0.2045313E+02
     0.5852707E+02     0.2043258E+02
     0.5852273E+02     0.2042323E+02
     0.5851667E+02     0.2041323E+02
     0.5850953E+02     0.2040969E+02
     0.5850176E+02     0.2039972E+02
     0.5849026E+02     0.2039718E+02
     0.5848038E+02     0.2039071E+02
     0.5847548E+02     0.2038965E+02
     0.5847300E+02     0.2038717E+02
     0.5847187E+02     0.2038006E+02
     0.5846374E+02     0.2037584E+02
     0.5845716E+02     0.2036424E+02
     0.5845339E+02     0.2036178E+02
     0.5844828E+02     0.2035843E+02
     0.5844250E+02     0.2035003E+02
     0.5843346E+02     0.2034859E+02
     0.5840257E+02     0.2035032E+02
     0.5839855E+02     0.2035591E+02
     0.5838774E+02     0.2036346E+02
     0.5838364E+02     0.2036213E+02
     0.5837592E+02     0.2036395E+02
     0.5835630E+02     0.2037257E+02
     0.5835321E+02     0.2037743E+02
     0.5833673E+02     0.2037806E+02
     0.5831890E+02     0.2037874E+02
     0.5830238E+02     0.2037328E+02
     0.5829177E+02     0.2036777E+02
     0.5828068E+02     0.2036499E+02
     0.5827297E+02     0.2036701E+02
     0.5826980E+02     0.2036953E+02
     0.5827113E+02     0.2037072E+02
     0.5828781E+02     0.2037171E+02
     0.5829911E+02     0.2037553E+02
     0.5830045E+02     0.2037733E+02
     0.5829596E+02     0.2037866E+02
     0.5827770E+02     0.2037422E+02
     0.5827133E+02     0.2037533E+02
     0.5826545E+02     0.2037635E+02
     0.5825589E+02     0.2038208E+02
     0.5825266E+02     0.2038216E+02
     0.5825256E+02     0.2038038E+02
     0.5826079E+02     0.2037158E+02
     0.5826072E+02     0.2036914E+02
     0.5825295E+02     0.2036933E+02
     0.5824401E+02     0.2038338E+02
     0.5823638E+02     0.2038667E+02
     0.5821098E+02     0.2039129E+02
     0.5820467E+02     0.2039412E+02
     0.5819778E+02     0.2040164E+02
     0.5819373E+02     0.2040909E+02
     0.5819441E+02     0.2041920E+02
     0.5819490E+02     0.2042645E+02
     0.5820431E+02     0.2044040E+02
     0.5821772E+02     0.2046030E+02
     0.5822618E+02     0.2045647E+02
     0.5822544E+02     0.2046890E+02
     0.5823183E+02     0.2048350E+02
     0.5823192E+02     0.2048832E+02
     0.5823447E+02     0.2049380E+02
     0.5823892E+02     0.2049717E+02
     0.5823930E+02     0.2050383E+02
     0.5824295E+02     0.2051618E+02
     0.5824515E+02     0.2051637E+02
     0.5824506E+02     0.2052054E+02
     0.5824494E+02     0.2052584E+02
     0.5824771E+02     0.2053249E+02
     0.5825095E+02     0.2053241E+02
     0.5825157E+02     0.2053118E+02
     0.5825068E+02     0.2052265E+02
     0.5824837E+02     0.2051662E+02
     0.5825467E+02     0.2051712E+02
     0.5826402E+02     0.2054045E+02
     0.5827436E+02     0.2055492E+02
     0.5827693E+02     0.2057091E+02
     0.5827303E+02     0.2056967E+02
     0.5826558E+02     0.2057532E+02
     0.5826393E+02     0.2057787E+02
     0.5826600E+02     0.2058404E+02
     0.5826534E+02     0.2058773E+02
     0.5826147E+02     0.2058918E+02
     0.5823710E+02     0.2060225E+02
     0.5822614E+02     0.2060313E+02
     0.5821939E+02     0.2060716E+02
     0.5821087E+02     0.2060777E+02
     0.5820034E+02     0.2060565E+02
     0.5819484E+02     0.2061126E+02
     0.5819120E+02     0.2061224E+02
     0.5818013E+02     0.2060761E+02
     0.5817403E+02     0.2060725E+02
     0.5816467E+02     0.2060258E+02
     0.5815618E+02     0.2059216E+02
     0.5815248E+02     0.2058992E+02
     0.5814399E+02     0.2058773E+02
     0.5813826E+02     0.2058625E+02
     0.5813428E+02     0.2058195E+02
     0.5812893E+02     0.2058296E+02
     0.5812615E+02     0.2057749E+02
     0.5811390E+02     0.2057471E+02
     0.5810917E+02     0.2056973E+02
     0.5809693E+02     0.2056695E+02
     0.5808710E+02     0.2056275E+02
     0.5807722E+02     0.2055601E+02
     0.5807395E+02     0.2055078E+02
     0.5807100E+02     0.2053635E+02
     0.5807522E+02     0.2052731E+02
     0.5807138E+02     0.2051795E+02
     0.5807127E+02     0.2051175E+02
     0.5806855E+02     0.2050753E+02
     0.5806525E+02     0.2050242E+02
     0.5806466E+02     0.2049691E+02
     0.5806543E+02     0.2048633E+02
     0.5806330E+02     0.2047671E+02
     0.5806332E+02     0.2046475E+02
     0.5806473E+02     0.2046174E+02
     0.5806150E+02     0.2045858E+02
     0.5805635E+02     0.2045659E+02
     0.5804569E+02     0.2044688E+02
     0.5799474E+02     0.2043208E+02
     0.5798415E+02     0.2042536E+02
     0.5797950E+02     0.2042451E+02
     0.5795057E+02     0.2040061E+02
     0.5794431E+02     0.2039082E+02
     0.5793846E+02     0.2037689E+02
     0.5794069E+02     0.2036582E+02
     0.5794630E+02     0.2035263E+02
     0.5795371E+02     0.2034492E+02
     0.5796172E+02     0.2034319E+02
     0.5796273E+02     0.2034524E+02
     0.5796541E+02     0.2034566E+02
     0.5796951E+02     0.2034352E+02
     0.5797115E+02     0.2033982E+02
     0.5796289E+02     0.2032754E+02
     0.5795752E+02     0.2031291E+02
     0.5795380E+02     0.2030883E+02
     0.5791152E+02     0.2028747E+02
     0.5790495E+02     0.2028616E+02
     0.5788264E+02     0.2027066E+02
     0.5786543E+02     0.2025870E+02
     0.5785661E+02     0.2024920E+02
     0.5784970E+02     0.2024402E+02
     0.5784842E+02     0.2023968E+02
     0.5784949E+02     0.2023161E+02
     0.5784719E+02     0.2022521E+02
     0.5784518E+02     0.2022133E+02
     0.5782842E+02     0.2020872E+02
     0.5782123E+02     0.2019420E+02
     0.5781976E+02     0.2018632E+02
     0.5781622E+02     0.2016102E+02
     0.5781820E+02     0.2013957E+02
     0.5782712E+02     0.2013288E+02
     0.5783168E+02     0.2012982E+02
     0.5783248E+02     0.2011946E+02
     0.5782910E+02     0.2009262E+02
     0.5782318E+02     0.2007339E+02
     0.5782028E+02     0.2006010E+02
     0.5782135E+02     0.2005181E+02
     0.5781934E+02     0.2004748E+02
     0.5782076E+02     0.2004515E+02
     0.5781618E+02     0.2003350E+02
     0.5780988E+02     0.2000555E+02
     0.5781028E+02     0.2000000E+02
     0.5781091E+02     0.1999151E+02
     0.5781106E+02     0.1998944E+02
     0.5780948E+02     0.1998256E+02
     0.5780206E+02     0.1997417E+02
     0.5779403E+02     0.1995912E+02
     0.5778923E+02     0.1994862E+02
     0.5778573E+02     0.1992821E+02
     0.5776948E+02     0.1990018E+02
     0.5776735E+02     0.1988871E+02
     0.5777089E+02     0.1988291E+02
     0.5776835E+02     0.1987628E+02
     0.5775399E+02     0.1984477E+02
     0.5775365E+02     0.1983880E+02
     0.5774026E+02     0.1982176E+02
     0.5773820E+02     0.1981466E+02
     0.5773956E+02     0.1980866E+02
     0.5773331E+02     0.1979772E+02
     0.5770219E+02     0.1976415E+02
     0.5769378E+02     0.1975416E+02
     0.5769036E+02     0.1975260E+02
     0.5768980E+02     0.1974824E+02
     0.5768461E+02     0.1974234E+02
     0.5768483E+02     0.1974050E+02
     0.5768187E+02     0.1973778E+02
     0.5768102E+02     0.1972975E+02
     0.5767589E+02     0.1971281E+02
     0.5767614E+02     0.1969809E+02
     0.5767968E+02     0.1967735E+02
     0.5768443E+02     0.1967130E+02
     0.5768764E+02     0.1967471E+02
     0.5769199E+02     0.1967349E+02
     0.5769989E+02     0.1966740E+02
     0.5770474E+02     0.1966756E+02
     0.5770640E+02     0.1966524E+02
     0.5771213E+02     0.1966010E+02
     0.5771624E+02     0.1965935E+02
     0.5772184E+02     0.1966087E+02
     0.5772251E+02     0.1965742E+02
     0.5772105E+02     0.1964226E+02
     0.5771248E+02     0.1962216E+02
     0.5771426E+02     0.1960825E+02
     0.5771484E+02     0.1960373E+02
     0.5771378E+02     0.1960109E+02
     0.5771207E+02     0.1959688E+02
     0.5771223E+02     0.1959182E+02
     0.5770721E+02     0.1958154E+02
     0.5769926E+02     0.1955476E+02
     0.5769658E+02     0.1953825E+02
     0.5769666E+02     0.1952882E+02
     0.5770008E+02     0.1951567E+02
     0.5770386E+02     0.1950964E+02
     0.5771033E+02     0.1950517E+02
     0.5771337E+02     0.1949869E+02
     0.5771886E+02     0.1949401E+02
     0.5771835E+02     0.1949218E+02
     0.5772118E+02     0.1948754E+02
     0.5772716E+02     0.1946837E+02
     0.5773218E+02     0.1946462E+02
     0.5774136E+02     0.1944885E+02
     0.5774592E+02     0.1944626E+02
     0.5774797E+02     0.1943864E+02
     0.5774716E+02     0.1943314E+02
     0.5775567E+02     0.1942105E+02
     0.5776077E+02     0.1939357E+02
     0.5776181E+02     0.1938303E+02
     0.5775852E+02     0.1935963E+02
     0.5774492E+02     0.1932696E+02
     0.5774020E+02     0.1930496E+02
     0.5774130E+02     0.1929828E+02
     0.5773970E+02     0.1928956E+02
     0.5774087E+02     0.1927231E+02
     0.5774073E+02     0.1927061E+02
     0.5773996E+02     0.1926151E+02
     0.5774192E+02     0.1924792E+02
     0.5774525E+02     0.1922994E+02
     0.5775167E+02     0.1922341E+02
     0.5775445E+02     0.1920176E+02
     0.5776139E+02     0.1918303E+02
     0.5776586E+02     0.1917538E+02
     0.5777276E+02     0.1916907E+02
     0.5777805E+02     0.1916761E+02
     0.5778896E+02     0.1916929E+02
     0.5779281E+02     0.1916854E+02
     0.5780159E+02     0.1915875E+02
     0.5780214E+02     0.1915144E+02
     0.5780218E+02     0.1915092E+02
     0.5779617E+02     0.1912389E+02
     0.5779443E+02     0.1909242E+02
     0.5779745E+02     0.1907077E+02
     0.5780053E+02     0.1906727E+02
     0.5781108E+02     0.1906320E+02
     0.5781310E+02     0.1905398E+02
     0.5781396E+02     0.1903395E+02
     0.5782095E+02     0.1901800E+02
     0.5782995E+02     0.1900820E+02
     0.5783764E+02     0.1900602E+02
     0.5784494E+02     0.1900822E+02
     0.5784337E+02     0.1900342E+02
     0.5782969E+02     0.1899257E+02
     0.5782460E+02     0.1899127E+02
     0.5781647E+02     0.1898220E+02
     0.5781046E+02     0.1898321E+02
     0.5780738E+02     0.1897269E+02
     0.5779430E+02     0.1896990E+02
     0.5778090E+02     0.1897010E+02
     0.5777620E+02     0.1897017E+02
     0.5775975E+02     0.1896812E+02
     0.5774088E+02     0.1896541E+02
     0.5773553E+02     0.1896296E+02
     0.5772498E+02     0.1895231E+02
     0.5771380E+02     0.1894765E+02
     0.5770696E+02     0.1894269E+02
     0.5769465E+02     0.1894218E+02
     0.5769006E+02     0.1894202E+02
     0.5768374E+02     0.1893913E+02
     0.5763019E+02     0.1894058E+02
     0.5762558E+02     0.1893927E+02
     0.5756276E+02     0.1894006E+02
     0.5754589E+02     0.1894027E+02
     0.5753809E+02     0.1894020E+02
     0.5753463E+02     0.1894025E+02
     0.5748009E+02     0.1894105E+02
     0.5747113E+02     0.1893887E+02
     0.5743444E+02     0.1893843E+02
     0.5740472E+02     0.1893583E+02
     0.5740257E+02     0.1893701E+02
     0.5739844E+02     0.1893522E+02
     0.5734973E+02     0.1893058E+02
     0.5733868E+02     0.1892909E+02
     0.5729596E+02     0.1892364E+02
     0.5726475E+02     0.1891736E+02
     0.5723180E+02     0.1890741E+02
     0.5722262E+02     0.1890637E+02
     0.5721945E+02     0.1890365E+02
     0.5720254E+02     0.1890178E+02
     0.5715831E+02     0.1888924E+02
     0.5711854E+02     0.1887954E+02
     0.5708129E+02     0.1887122E+02
     0.5705055E+02     0.1886236E+02
     0.5704645E+02     0.1886264E+02
     0.5704645E+02     0.1886264E+02
     0.5704114E+02     0.1886246E+02
     0.5703680E+02     0.1886228E+02
     0.5703267E+02     0.1885934E+02
     0.5703267E+02     0.1885934E+02
     0.5699073E+02     0.1884186E+02
     0.5693669E+02     0.1881898E+02
     0.5693669E+02     0.1881898E+02
     0.5693240E+02     0.1881721E+02
     0.5693240E+02     0.1881721E+02
     0.5690111E+02     0.1880693E+02
     0.5687743E+02     0.1879732E+02
     0.5687230E+02     0.1879618E+02
     0.5683932E+02     0.1877858E+02
     0.5681960E+02     0.1876291E+02
     0.5681960E+02     0.1876291E+02
     0.5681671E+02     0.1876064E+02
     0.5681671E+02     0.1876064E+02
     0.5680966E+02     0.1875473E+02
     0.5679875E+02     0.1874863E+02
     0.5677733E+02     0.1872906E+02
     0.5675661E+02     0.1870535E+02
     0.5675346E+02     0.1870354E+02
     0.5674177E+02     0.1869216E+02
     0.5673978E+02     0.1868597E+02
     0.5670520E+02     0.1864816E+02
     0.5669329E+02     0.1863836E+02
     0.5669055E+02     0.1862981E+02
     0.5666403E+02     0.1860115E+02
     0.5664363E+02     0.1858248E+02
     0.5664671E+02     0.1857717E+02
     0.5663782E+02     0.1855426E+02
     0.5662804E+02     0.1853803E+02
     0.5662716E+02     0.1852172E+02
     0.5663321E+02     0.1844927E+02
     0.5663023E+02     0.1843895E+02
     0.5661913E+02     0.1841558E+02
     0.5661328E+02     0.1840519E+02
     0.5661319E+02     0.1839962E+02
     0.5661062E+02     0.1839201E+02
     0.5660662E+02     0.1835734E+02
     0.5660860E+02     0.1833779E+02
     0.5660465E+02     0.1832702E+02
     0.5659858E+02     0.1829398E+02
     0.5658982E+02     0.1828233E+02
     0.5658805E+02     0.1827384E+02
     0.5657975E+02     0.1825943E+02
     0.5656562E+02     0.1823772E+02
     0.5656369E+02     0.1823658E+02
     0.5655831E+02     0.1822606E+02
     0.5654938E+02     0.1819488E+02
     0.5654784E+02     0.1818432E+02
     0.5654467E+02     0.1817860E+02
     0.5654385E+02     0.1816665E+02
     0.5654852E+02     0.1815260E+02
     0.5655122E+02     0.1813259E+02
     0.5655045E+02     0.1812593E+02
     0.5654802E+02     0.1812273E+02
     0.5652730E+02     0.1811531E+02
     0.5652150E+02     0.1811053E+02
     0.5651081E+02     0.1809545E+02
     0.5650548E+02     0.1809021E+02
     0.5650114E+02     0.1808864E+02
     0.5649274E+02     0.1808870E+02
     0.5646786E+02     0.1807205E+02
     0.5644182E+02     0.1805462E+02
     0.5643529E+02     0.1804893E+02
     0.5642872E+02     0.1803818E+02
     0.5642980E+02     0.1802346E+02
     0.5642831E+02     0.1801704E+02
     0.5642129E+02     0.1800951E+02
     0.5641285E+02     0.1800429E+02
     0.5640414E+02     0.1799539E+02
     0.5639306E+02     0.1798903E+02
     0.5638634E+02     0.1798211E+02
     0.5638266E+02     0.1797831E+02
     0.5637257E+02     0.1797563E+02
     0.5636075E+02     0.1796790E+02
     0.5635494E+02     0.1796058E+02
     0.5635171E+02     0.1794567E+02
     0.5635286E+02     0.1793969E+02
     0.5635570E+02     0.1793507E+02
     0.5635465E+02     0.1792290E+02
     0.5635007E+02     0.1791949E+02
     0.5633664E+02     0.1791935E+02
     0.5633183E+02     0.1791778E+02
     0.5631482E+02     0.1791927E+02
     0.5630510E+02     0.1792212E+02
     0.5627941E+02     0.1792962E+02
     0.5627703E+02     0.1793193E+02
     0.5627608E+02     0.1793309E+02
     0.5625379E+02     0.1793507E+02
     0.5625379E+02     0.1793507E+02
     0.5624948E+02     0.1793579E+02
     0.5624948E+02     0.1793579E+02
     0.5621281E+02     0.1793878E+02
     0.5620731E+02     0.1794065E+02
     0.5620154E+02     0.1793862E+02
     0.5618668E+02     0.1794032E+02
     0.5616389E+02     0.1793907E+02
     0.5615642E+02     0.1793284E+02
     0.5615377E+02     0.1793063E+02
     0.5614535E+02     0.1792654E+02
     0.5613983E+02     0.1792566E+02
     0.5612977E+02     0.1792801E+02
     0.5612641E+02     0.1792642E+02
     0.5611177E+02     0.1792513E+02
     0.5610671E+02     0.1792102E+02
     0.5609017E+02     0.1792157E+02
     0.5606047E+02     0.1792702E+02
     0.5604967E+02     0.1792616E+02
     0.5603507E+02     0.1792968E+02
     0.5602977E+02     0.1792979E+02
     0.5602044E+02     0.1792998E+02
     0.5600629E+02     0.1792822E+02
     0.5599910E+02     0.1792940E+02
     0.5597728E+02     0.1792859E+02
     0.5597271E+02     0.1792540E+02
     0.5596647E+02     0.1792497E+02
     0.5596334E+02     0.1792268E+02
     0.5595085E+02     0.1791907E+02
     0.5594652E+02     0.1791541E+02
     0.5594364E+02     0.1791519E+02
     0.5593472E+02     0.1790604E+02
     0.5592319E+02     0.1790150E+02
     0.5591488E+02     0.1789643E+02
     0.5590907E+02     0.1789873E+02
     0.5590398E+02     0.1789539E+02
     0.5588743E+02     0.1789385E+02
     0.5587737E+02     0.1789435E+02
     0.5584791E+02     0.1790022E+02
     0.5584239E+02     0.1789932E+02
     0.5581314E+02     0.1790036E+02
     0.5580932E+02     0.1790244E+02
     0.5579287E+02     0.1790278E+02
     0.5579086E+02     0.1790182E+02
     0.5573188E+02     0.1790158E+02
     0.5569374E+02     0.1789662E+02
     0.5569374E+02     0.1789662E+02
     0.5568818E+02     0.1789584E+02
     0.5568818E+02     0.1789584E+02
     0.5563067E+02     0.1788857E+02
     0.5560341E+02     0.1788281E+02
     0.5560341E+02     0.1788281E+02
     0.5559996E+02     0.1788199E+02
     0.5559996E+02     0.1788199E+02
     0.5556686E+02     0.1787519E+02
     0.5553994E+02     0.1786769E+02
     0.5552921E+02     0.1786586E+02
     0.5551775E+02     0.1786047E+02
     0.5549921E+02     0.1785168E+02
     0.5547882E+02     0.1784437E+02
     0.5546731E+02     0.1783773E+02
     0.5545468E+02     0.1783282E+02
     0.5544164E+02     0.1782491E+02
     0.5543061E+02     0.1782125E+02
     0.5542701E+02     0.1781874E+02
     0.5542052E+02     0.1780611E+02
     0.5542074E+02     0.1779784E+02
     0.5541544E+02     0.1778222E+02
     0.5541854E+02     0.1777510E+02
     0.5541901E+02     0.1776981E+02
     0.5541613E+02     0.1776292E+02
     0.5540869E+02     0.1775604E+02
     0.5539694E+02     0.1775032E+02
     0.5539046E+02     0.1774413E+02
     0.5538350E+02     0.1773058E+02
     0.5538204E+02     0.1771887E+02
     0.5538298E+02     0.1771014E+02
     0.5538728E+02     0.1770439E+02
     0.5538386E+02     0.1769806E+02
     0.5538127E+02     0.1768900E+02
     0.5537671E+02     0.1768028E+02
     0.5535922E+02     0.1767318E+02
     0.5534724E+02     0.1766424E+02
     0.5533047E+02     0.1765737E+02
     0.5531993E+02     0.1765117E+02
     0.5531322E+02     0.1764268E+02
     0.5530507E+02     0.1763557E+02
     0.5530219E+02     0.1762891E+02
     0.5529381E+02     0.1762432E+02
     0.5528567E+02     0.1761744E+02
     0.5527995E+02     0.1761418E+02
     0.5526675E+02     0.1760666E+02
     0.5526124E+02     0.1760023E+02
     0.5526027E+02     0.1758852E+02
     0.5524255E+02     0.1756671E+02
     0.5523393E+02     0.1755109E+02
     0.5522746E+02     0.1753272E+02
     0.5522506E+02     0.1751756E+02
     0.5522577E+02     0.1750860E+02
     0.5522959E+02     0.1749895E+02
     0.5523197E+02     0.1749321E+02
     0.5523124E+02     0.1747690E+02
     0.5523410E+02     0.1746702E+02
     0.5524175E+02     0.1745576E+02
     0.5525346E+02     0.1744817E+02
     0.5525609E+02     0.1745001E+02
     0.5526398E+02     0.1744885E+02
     0.5527234E+02     0.1744999E+02
     0.5527473E+02     0.1744861E+02
     0.5527951E+02     0.1744011E+02
     0.5529095E+02     0.1741529E+02
     0.5529573E+02     0.1740817E+02
     0.5529858E+02     0.1739967E+02
     0.5530479E+02     0.1739598E+02
     0.5529810E+02     0.1738933E+02
     0.5530000E+02     0.1738129E+02
     0.5529449E+02     0.1736958E+02
     0.5529448E+02     0.1736361E+02
     0.5529472E+02     0.1735925E+02
     0.5528897E+02     0.1735259E+02
     0.5528300E+02     0.1734961E+02
     0.5528060E+02     0.1733882E+02
     0.5528059E+02     0.1732986E+02
     0.5526768E+02     0.1731632E+02
     0.5526312E+02     0.1729726E+02
     0.5526145E+02     0.1729542E+02
     0.5525500E+02     0.1729405E+02
     0.5524974E+02     0.1728946E+02
     0.5524639E+02     0.1728326E+02
     0.5524184E+02     0.1726811E+02
     0.5524857E+02     0.1725981E+02
     0.5525377E+02     0.1725340E+02
     0.5525520E+02     0.1724835E+02
     0.5526188E+02     0.1724329E+02
     0.5526331E+02     0.1723846E+02
     0.5525064E+02     0.1721895E+02
     0.5524013E+02     0.1721230E+02
     0.5523582E+02     0.1720564E+02
     0.5522794E+02     0.1719922E+02
     0.5521768E+02     0.1719578E+02
     0.5521553E+02     0.1719509E+02
     0.5520621E+02     0.1718063E+02
     0.5520430E+02     0.1717282E+02
     0.5519690E+02     0.1716547E+02
     0.5519355E+02     0.1715261E+02
     0.5519498E+02     0.1714297E+02
     0.5519259E+02     0.1713975E+02
     0.5517088E+02     0.1713746E+02
     0.5515036E+02     0.1713150E+02
     0.5514391E+02     0.1712645E+02
     0.5513413E+02     0.1710876E+02
     0.5512864E+02     0.1710348E+02
     0.5512435E+02     0.1709430E+02
     0.5512172E+02     0.1709269E+02
     0.5511982E+02     0.1708855E+02
     0.5510169E+02     0.1706812E+02
     0.5510050E+02     0.1706467E+02
     0.5509692E+02     0.1706123E+02
     0.5509143E+02     0.1706054E+02
     0.5508762E+02     0.1705801E+02
     0.5508619E+02     0.1704905E+02
     0.5508309E+02     0.1704630E+02
     0.5507641E+02     0.1704492E+02
     0.5507260E+02     0.1703895E+02
     0.5506187E+02     0.1703504E+02
     0.5504590E+02     0.1702240E+02
     0.5504304E+02     0.1702286E+02
     0.5503684E+02     0.1701735E+02
     0.5503088E+02     0.1701528E+02
     0.5502779E+02     0.1700884E+02
     0.5502350E+02     0.1700563E+02
     0.5501944E+02     0.1701481E+02
     0.5501514E+02     0.1701802E+02
     0.5500322E+02     0.1702169E+02
     0.5500000E+02     0.1702168E+02
     0.5499535E+02     0.1702168E+02
     0.5499178E+02     0.1701915E+02
     0.5498536E+02     0.1700445E+02
     0.5498583E+02     0.1700147E+02
     0.5497893E+02     0.1699411E+02
     0.5497178E+02     0.1699319E+02
     0.5496797E+02     0.1698859E+02
     0.5496225E+02     0.1698767E+02
     0.5495963E+02     0.1698583E+02
     0.5494556E+02     0.1699018E+02
     0.5494556E+02     0.1698306E+02
     0.5494414E+02     0.1698007E+02
     0.5494033E+02     0.1697731E+02
     0.5493032E+02     0.1697547E+02
     0.5492650E+02     0.1698074E+02
     0.5492220E+02     0.1698280E+02
     0.5491504E+02     0.1698991E+02
     0.5491378E+02     0.1698733E+02
     0.5491410E+02     0.1697820E+02
     0.5491292E+02     0.1697544E+02
     0.5490744E+02     0.1697108E+02
     0.5490602E+02     0.1696533E+02
     0.5489768E+02     0.1696326E+02
     0.5489434E+02     0.1696601E+02
     0.5488671E+02     0.1696278E+02
     0.5488337E+02     0.1696576E+02
     0.5487717E+02     0.1696667E+02
     0.5487623E+02     0.1696116E+02
     0.5487194E+02     0.1695932E+02
     0.5486219E+02     0.1696343E+02
     0.5483596E+02     0.1695857E+02
     0.5482904E+02     0.1695971E+02
     0.5482666E+02     0.1695672E+02
     0.5482047E+02     0.1695625E+02
     0.5481857E+02     0.1695395E+02
     0.5481953E+02     0.1694890E+02
     0.5481548E+02     0.1694545E+02
     0.5480786E+02     0.1694452E+02
     0.5480048E+02     0.1693991E+02
     0.5479761E+02     0.1694404E+02
     0.5479213E+02     0.1694540E+02
     0.5478616E+02     0.1695228E+02
     0.5478186E+02     0.1695388E+02
     0.5478091E+02     0.1695594E+02
     0.5476900E+02     0.1694811E+02
     0.5476470E+02     0.1695453E+02
     0.5475635E+02     0.1695957E+02
     0.5475159E+02     0.1695841E+02
     0.5474231E+02     0.1695150E+02
     0.5474016E+02     0.1695333E+02
     0.5473420E+02     0.1695401E+02
     0.5473085E+02     0.1696020E+02
     0.5472489E+02     0.1696019E+02
     0.5472225E+02     0.1696523E+02
     0.5470652E+02     0.1696818E+02
     0.5470056E+02     0.1696656E+02
     0.5469816E+02     0.1697413E+02
     0.5469339E+02     0.1697389E+02
     0.5468838E+02     0.1697663E+02
     0.5468718E+02     0.1697938E+02
     0.5469216E+02     0.1699042E+02
     0.5469262E+02     0.1699524E+02
     0.5468901E+02     0.1700579E+02
     0.5468065E+02     0.1701404E+02
     0.5465726E+02     0.1702201E+02
     0.5462673E+02     0.1702675E+02
     0.5458738E+02     0.1702824E+02
     0.5455613E+02     0.1703204E+02
     0.5455153E+02     0.1703172E+02
     0.5454588E+02     0.1703132E+02
     0.5452399E+02     0.1703277E+02
     0.5451583E+02     0.1703351E+02
     0.5445552E+02     0.1703008E+02
     0.5444956E+02     0.1702891E+02
     0.5444481E+02     0.1702544E+02
     0.5444191E+02     0.1702679E+02
     0.5443443E+02     0.1702634E+02
     0.5442667E+02     0.1702950E+02
     0.5441236E+02     0.1703036E+02
     0.5440710E+02     0.1703218E+02
     0.5439558E+02     0.1703234E+02
     0.5438206E+02     0.1703253E+02
     0.5433057E+02     0.1703024E+02
     0.5428219E+02     0.1702588E+02
     0.5425455E+02     0.1702184E+02
     0.5417881E+02     0.1700927E+02
     0.5409711E+02     0.1699572E+02
     0.5408044E+02     0.1699378E+02
     0.5407638E+02     0.1699513E+02
     0.5406877E+02     0.1699233E+02
     0.5405162E+02     0.1698924E+02
     0.5403997E+02     0.1698549E+02
     0.5403686E+02     0.1698662E+02
     0.5401239E+02     0.1697453E+02
     0.5399558E+02     0.1695881E+02
     0.5399918E+02     0.1695424E+02
     0.5399993E+02     0.1694965E+02
     0.5399801E+02     0.1694480E+02
     0.5399665E+02     0.1694136E+02
     0.5400180E+02     0.1693709E+02
     0.5400932E+02     0.1693616E+02
     0.5401101E+02     0.1693365E+02
     0.5400770E+02     0.1692926E+02
     0.5399863E+02     0.1693058E+02
     0.5399149E+02     0.1692985E+02
     0.5398129E+02     0.1692335E+02
     0.5397870E+02     0.1691828E+02
     0.5396946E+02     0.1691064E+02
     0.5396016E+02     0.1691311E+02
     0.5395278E+02     0.1691168E+02
     0.5394994E+02     0.1690891E+02
     0.5394714E+02     0.1690108E+02
     0.5391333E+02     0.1689809E+02
     0.5390905E+02     0.1689697E+02
     0.5390429E+02     0.1689573E+02
     0.5389977E+02     0.1689570E+02
     0.5389354E+02     0.1689979E+02
     0.5386571E+02     0.1689431E+02
     0.5386097E+02     0.1689014E+02
     0.5384813E+02     0.1688798E+02
     0.5383645E+02     0.1688789E+02
     0.5382905E+02     0.1688990E+02
     0.5382143E+02     0.1688939E+02
     0.5378283E+02     0.1688240E+02
     0.5378170E+02     0.1688220E+02
     0.5375652E+02     0.1687419E+02
     0.5375398E+02     0.1686499E+02
     0.5373930E+02     0.1685431E+02
     0.5373129E+02     0.1684414E+02
     0.5372465E+02     0.1684111E+02
     0.5371542E+02     0.1683460E+02
     0.5371307E+02     0.1683022E+02
     0.5370903E+02     0.1682950E+02
     0.5369578E+02     0.1681975E+02
     0.5368674E+02     0.1681784E+02
     0.5367693E+02     0.1680518E+02
     0.5367384E+02     0.1679707E+02
     0.5367631E+02     0.1678653E+02
     0.5367324E+02     0.1678329E+02
     0.5366420E+02     0.1678275E+02
     0.5364595E+02     0.1677341E+02
     0.5362837E+02     0.1677005E+02
     0.5362151E+02     0.1676494E+02
     0.5361176E+02     0.1676439E+02
     0.5359183E+02     0.1675733E+02
     0.5358642E+02     0.1675017E+02
     0.5357734E+02     0.1675376E+02
     0.5355900E+02     0.1675451E+02
     0.5355039E+02     0.1675879E+02
     0.5353635E+02     0.1675867E+02
     0.5352990E+02     0.1676113E+02
     0.5351154E+02     0.1676372E+02
     0.5347254E+02     0.1675945E+02
     0.5344878E+02     0.1675532E+02
     0.5344218E+02     0.1674906E+02
     0.5343598E+02     0.1674968E+02
     0.5342459E+02     0.1674682E+02
     0.5340438E+02     0.1674432E+02
     0.5338587E+02     0.1673932E+02
     0.5334330E+02     0.1673590E+02
     0.5331702E+02     0.1672369E+02
     0.5329348E+02     0.1672184E+02
     0.5328708E+02     0.1671878E+02
     0.5327864E+02     0.1671678E+02
     0.5327189E+02     0.1671518E+02
     0.5325626E+02     0.1670835E+02
     0.5321191E+02     0.1669616E+02
     0.5320192E+02     0.1669559E+02
     0.5319243E+02     0.1669296E+02
     0.5315594E+02     0.1667523E+02
     0.5315010E+02     0.1667090E+02
     0.5313588E+02     0.1666707E+02
     0.5309565E+02     0.1664938E+02
     0.5308591E+02     0.1664835E+02
     0.5307830E+02     0.1664576E+02
     0.5307830E+02     0.1664576E+02
     0.5271257E+02     0.1708031E+02
     0.5274830E+02     0.1733542E+02
     0.5188201E+02     0.1857879E+02
     0.5200070E+02     0.1900233E+02
     0.5200070E+02     0.1900233E+02
     0.5204039E+02     0.1901546E+02
     0.5204398E+02     0.1901803E+02
     0.5205350E+02     0.1902066E+02
     0.5206300E+02     0.1902328E+02
     0.5206707E+02     0.1902585E+02
     0.5208368E+02     0.1903039E+02
     0.5208896E+02     0.1903343E+02
     0.5210654E+02     0.1903820E+02
     0.5211133E+02     0.1904124E+02
     0.5212963E+02     0.1904601E+02
     0.5213322E+02     0.1904881E+02
     0.5213757E+02     0.1904862E+02
     0.5215249E+02     0.1905382E+02
     0.5215608E+02     0.1905662E+02
     0.5216693E+02     0.1905879E+02
     0.5217673E+02     0.1906367E+02
     0.5217822E+02     0.1906441E+02
     0.5218233E+02     0.1906422E+02
     0.5219725E+02     0.1906942E+02
     0.5220036E+02     0.1907198E+02
     0.5220447E+02     0.1907179E+02
     0.5222131E+02     0.1907838E+02
     0.5222701E+02     0.1907710E+02
     0.5224561E+02     0.1908735E+02
     0.5224972E+02     0.1908715E+02
     0.5226488E+02     0.1909258E+02
     0.5226800E+02     0.1909490E+02
     0.5228631E+02     0.1909990E+02
     0.5229015E+02     0.1910269E+02
     0.5233157E+02     0.1911570E+02
     0.5233517E+02     0.1911826E+02
     0.5234867E+02     0.1912159E+02
     0.5234983E+02     0.1912200E+02
     0.5246910E+02     0.1916373E+02
     0.5247467E+02     0.1916559E+02
     0.5260020E+02     0.1920745E+02
     0.5272579E+02     0.1924921E+02
     0.5275554E+02     0.1925909E+02
     0.5276132E+02     0.1926211E+02
     0.5285108E+02     0.1929164E+02
     0.5297691E+02     0.1933293E+02
     0.5300197E+02     0.1934115E+02
     0.5305365E+02     0.1935955E+02
     0.5310225E+02     0.1937562E+02
     0.5322807E+02     0.1941714E+02
     0.5332507E+02     0.1944908E+02
     0.5334344E+02     0.1945649E+02
     0.5335363E+02     0.1945927E+02
     0.5336304E+02     0.1946184E+02
     0.5336618E+02     0.1946415E+02
     0.5337465E+02     0.1946463E+02
     0.5340174E+02     0.1947482E+02
     0.5347919E+02     0.1950003E+02
     0.5350771E+02     0.1950931E+02
     0.5351086E+02     0.1951162E+02
     0.5358129E+02     0.1953404E+02
     0.5359993E+02     0.1954165E+02
     0.5360429E+02     0.1954304E+02
     0.5369147E+02     0.1957072E+02
     0.5371011E+02     0.1957695E+02
     0.5371326E+02     0.1957925E+02
     0.5371326E+02     0.1957833E+02
     0.5372658E+02     0.1958202E+02
     0.5375807E+02     0.1959377E+02
     0.5377697E+02     0.1959883E+02
     0.5378109E+02     0.1960182E+02
     0.5378109E+02     0.1960068E+02
     0.5379199E+02     0.1960390E+02
     0.5380314E+02     0.1960942E+02
     0.5380653E+02     0.1960873E+02
     0.5381353E+02     0.1961108E+02
     0.5382301E+02     0.1961425E+02
     0.5382543E+02     0.1961655E+02
     0.5382882E+02     0.1961609E+02
     0.5384506E+02     0.1962138E+02
     0.5384772E+02     0.1962391E+02
     0.5385184E+02     0.1962368E+02
     0.5387123E+02     0.1963150E+02
     0.5387923E+02     0.1963264E+02
     0.5389257E+02     0.1963885E+02
     0.5389644E+02     0.1963839E+02
     0.5391244E+02     0.1964367E+02
     0.5391559E+02     0.1964643E+02
     0.5391972E+02     0.1964620E+02
     0.5393644E+02     0.1965287E+02
     0.5393814E+02     0.1965355E+02
     0.5397960E+02     0.1966594E+02
     0.5398275E+02     0.1966869E+02
     0.5398663E+02     0.1966800E+02
     0.5400531E+02     0.1967580E+02
     0.5402543E+02     0.1968130E+02
     0.5402859E+02     0.1968383E+02
     0.5403174E+02     0.1968314E+02
     0.5405042E+02     0.1969070E+02
     0.5405333E+02     0.1969024E+02
     0.5406060E+02     0.1969317E+02
     0.5407492E+02     0.1969895E+02
     0.5418653E+02     0.1973494E+02
     0.5423531E+02     0.1975063E+02
     0.5425377E+02     0.1975795E+02
     0.5425619E+02     0.1975725E+02
     0.5429479E+02     0.1977004E+02
     0.5429892E+02     0.1977256E+02
     0.5431206E+02     0.1977605E+02
     0.5431689E+02     0.1977734E+02
     0.5432199E+02     0.1978008E+02
     0.5434190E+02     0.1978555E+02
     0.5443811E+02     0.1981741E+02
     0.5456423E+02     0.1985907E+02
     0.5458827E+02     0.1986700E+02
     0.5461089E+02     0.1987564E+02
     0.5469015E+02     0.1990126E+02
     0.5481665E+02     0.1994207E+02
     0.5494321E+02     0.1998278E+02
     0.5499713E+02     0.2000000E+02
     0.5499792E+02     0.2000000E+02
     0.5500000E+02     0.2000092E+02
     0.5500000E+02     0.2000184E+02
     0.5502181E+02     0.2006772E+02
     0.5506178E+02     0.2018833E+02
     0.5510182E+02     0.2030892E+02
     0.5513487E+02     0.2040834E+02
     0.5516523E+02     0.2049901E+02
     0.5520564E+02     0.2061951E+02
     0.5524611E+02     0.2074000E+02
     0.5527205E+02     0.2081714E+02
     0.5528630E+02     0.2086057E+02
     0.5532595E+02     0.2098130E+02
     0.5536566E+02     0.2110203E+02
     0.5538731E+02     0.2116776E+02
     0.5540626E+02     0.2122248E+02
     0.5542158E+02     0.2126672E+02
     0.5542138E+02     0.2127040E+02
     0.5542361E+02     0.2127359E+02
     0.5544685E+02     0.2134256E+02
     0.5548749E+02     0.2146301E+02
     0.5552819E+02     0.2158344E+02
     0.5554200E+02     0.2162424E+02
     0.5556861E+02     0.2170397E+02
     0.5560891E+02     0.2182452E+02
     0.5564927E+02     0.2194506E+02
     0.5566659E+02     0.2199673E+02
     0.5565163E+02     0.2202237E+02
     0.5562799E+02     0.2205922E+02
     0.5555841E+02     0.2216754E+02
     0.5552309E+02     0.2222246E+02
     0.5548982E+02     0.2227641E+02
     0.5545632E+02     0.2232732E+02
     0.5538541E+02     0.2243493E+02
     0.5531440E+02     0.2254251E+02
     0.5524329E+02     0.2265004E+02
     0.5521152E+02     0.2269804E+02
     0.5521152E+02     0.2269804E+02
     0.5521052E+02     0.2270930E+02
     0.5520922E+02     0.2271550E+02
     0.5520692E+02     0.2272420E+02
     0.5520761E+02     0.2273039E+02
     0.5521097E+02     0.2274166E+02
     0.5521810E+02     0.2277542E+02
     0.5522019E+02     0.2279127E+02
     0.5522422E+02     0.2281148E+02
     0.5522266E+02     0.2281972E+02
     0.5522224E+02     0.2284013E+02
     0.5522135E+02     0.2285686E+02
     0.5522052E+02     0.2286717E+02
     0.5521937E+02     0.2288550E+02
     0.5521900E+02     0.2290018E+02
     0.5521766E+02     0.2291117E+02
     0.5521584E+02     0.2292102E+02
     0.5521503E+02     0.2292927E+02
     0.5521592E+02     0.2294120E+02
     0.5521807E+02     0.2295016E+02
     0.5521971E+02     0.2296095E+02
     0.5521940E+02     0.2296828E+02
     0.5521907E+02     0.2297745E+02
     0.5521872E+02     0.2298914E+02
     0.5521889E+02     0.2299831E+02
     0.5521877E+02     0.2301207E+02
     0.5522091E+02     0.2302240E+02
     0.5522770E+02     0.2303896E+02
     0.5523501E+02     0.2305415E+02
     0.5524259E+02     0.2306544E+02
     0.5524078E+02     0.2307413E+02
     0.5524117E+02     0.2308652E+02
     0.5524434E+02     0.2309296E+02
     0.5524474E+02     0.2310374E+02
     0.5524741E+02     0.2311133E+02
     0.5524982E+02     0.2311891E+02
     0.5525594E+02     0.2312812E+02
     0.5526131E+02     0.2313779E+02
     0.5526992E+02     0.2314657E+02
     0.5527995E+02     0.2316292E+02
     0.5529217E+02     0.2318478E+02
     0.5530321E+02     0.2319976E+02
     0.5531353E+02     0.2321130E+02
     0.5531792E+02     0.2322119E+02
     0.5532155E+02     0.2323267E+02
     0.5532817E+02     0.2324212E+02
     0.5533505E+02     0.2325111E+02
     0.5534193E+02     0.2325895E+02
     0.5534708E+02     0.2326792E+02
     0.5535098E+02     0.2327574E+02
     0.5535511E+02     0.2328792E+02
     0.5536021E+02     0.2330148E+02
     0.5536483E+02     0.2331434E+02
     0.5537336E+02     0.2333480E+02
     0.5537790E+02     0.2335775E+02
     0.5538370E+02     0.2337864E+02
     0.5539192E+02     0.2340849E+02
     0.5539596E+02     0.2343212E+02
     0.5539933E+02     0.2344727E+02
     0.5540173E+02     0.2345806E+02
     0.5540386E+02     0.2347228E+02
     0.5540950E+02     0.2348171E+02
     0.5541714E+02     0.2349047E+02
     0.5542577E+02     0.2350038E+02
     0.5543564E+02     0.2350984E+02
     0.5544923E+02     0.2352092E+02
     0.5546432E+02     0.2353110E+02
     0.5547221E+02     0.2354009E+02
     0.5547737E+02     0.2354906E+02
     0.5548172E+02     0.2356718E+02
     0.5548782E+02     0.2358372E+02
     0.5548999E+02     0.2359198E+02
     0.5549167E+02     0.2360093E+02
     0.5549260E+02     0.2361124E+02
     0.5549450E+02     0.2362340E+02
     0.5549535E+02     0.2364517E+02
     0.5550045E+02     0.2366215E+02
     0.5550536E+02     0.2367295E+02
     0.5551246E+02     0.2368880E+02
     0.5551960E+02     0.2370053E+02
     0.5552947E+02     0.2371250E+02
     0.5554184E+02     0.2372471E+02
     0.5555493E+02     0.2373991E+02
     0.5556258E+02     0.2375026E+02
     0.5556849E+02     0.2375900E+02
     0.5557191E+02     0.2376933E+02
     0.5557235E+02     0.2377895E+02
     0.5557080E+02     0.2378742E+02
     0.5556900E+02     0.2379542E+02
     0.5556796E+02     0.2380252E+02
     0.5556741E+02     0.2381145E+02
     0.5556510E+02     0.2382151E+02
     0.5556550E+02     0.2383640E+02
     0.5556837E+02     0.2385543E+02
     0.5556926E+02     0.2387239E+02
     0.5556595E+02     0.2388267E+02
     0.5556116E+02     0.2389112E+02
     0.5555141E+02     0.2389587E+02
     0.5554265E+02     0.2390246E+02
     0.5552766E+02     0.2390696E+02
     0.5551516E+02     0.2391398E+02
     0.5550314E+02     0.2392169E+02
     0.5549389E+02     0.2392691E+02
     0.5548587E+02     0.2393350E+02
     0.5548254E+02     0.2394630E+02
     0.5548066E+02     0.2396530E+02
     0.5549260E+02     0.2396835E+02
     0.5550381E+02     0.2396888E+02
     0.5551826E+02     0.2397034E+02
     0.5552998E+02     0.2397132E+02
     0.5554366E+02     0.2397484E+02
     0.5555210E+02     0.2398061E+02
     0.5556429E+02     0.2398412E+02
     0.5558294E+02     0.2399247E+02
     0.5560192E+02     0.2400000E+02
     0.5560192E+02     0.2400000E+02
     0.5560000E+02     0.2400000E+02
     0.5558847E+02     0.2400000E+02
     0.5558847E+02     0.2400000E+02
     0.5559409E+02     0.2400334E+02
     0.5560079E+02     0.2400871E+02
     0.5560920E+02     0.2401461E+02
     0.5561741E+02     0.2401981E+02
     0.5562959E+02     0.2402543E+02
     0.5564216E+02     0.2402854E+02
     0.5565941E+02     0.2402843E+02
     0.5567819E+02     0.2402770E+02
     0.5571050E+02     0.2402622E+02
     0.5572546E+02     0.2402209E+02
     0.5573550E+02     0.2402141E+02
     0.5574738E+02     0.2402334E+02
     0.5575672E+02     0.2402629E+02
     0.5576793E+02     0.2403139E+02
     0.5577773E+02     0.2403505E+02
     0.5578803E+02     0.2403391E+02
     0.5579345E+02     0.2402614E+02
     0.5580820E+02     0.2401672E+02
     0.5581678E+02     0.2401046E+02
     0.5582658E+02     0.2400930E+02
     0.5583664E+02     0.2401274E+02
     0.5584468E+02     0.2401654E+02
     0.5586760E+02     0.2402721E+02
     0.5590071E+02     0.2404338E+02
     0.5596887E+02     0.2405880E+02
     0.5600833E+02     0.2406880E+02
     0.5601839E+02     0.2407245E+02
     0.5602393E+02     0.2407637E+02
     0.5602256E+02     0.2408364E+02
     0.5602077E+02     0.2408907E+02
     0.5601613E+02     0.2409666E+02
     0.5601208E+02     0.2410245E+02
     0.5600710E+02     0.2411163E+02
     0.5600381E+02     0.2411722E+02
     0.5599754E+02     0.2412726E+02
     0.5598718E+02     0.2413873E+02
     0.5597810E+02     0.2414980E+02
     0.5597681E+02     0.2416006E+02
     0.5597560E+02     0.2416895E+02
     0.5597398E+02     0.2418080E+02
     0.5597331E+02     0.2418880E+02
     0.5597170E+02     0.2419561E+02
     0.5596465E+02     0.2420126E+02
     0.5596140E+02     0.2420593E+02
     0.5595967E+02     0.2421021E+02
     0.5595811E+02     0.2421611E+02
     0.5595935E+02     0.2422580E+02
     0.5595611E+02     0.2423047E+02
     0.5595005E+02     0.2423616E+02
     0.5593933E+02     0.2423546E+02
     0.5592384E+02     0.2423477E+02
     0.5591286E+02     0.2423428E+02
     0.5590409E+02     0.2422976E+02
     0.5589432E+02     0.2422519E+02
     0.5588208E+02     0.2422005E+02
     0.5587191E+02     0.2421363E+02
     0.5586473E+02     0.2421216E+02
     0.5585770E+02     0.2421253E+02
     0.5584945E+02     0.2421721E+02
     0.5584275E+02     0.2422080E+02
     0.5583507E+02     0.2422389E+02
     0.5582762E+02     0.2422746E+02
     0.5581197E+02     0.2422537E+02
     0.5579721E+02     0.2422516E+02
     0.5578885E+02     0.2422707E+02
     0.5578318E+02     0.2423002E+02
     0.5577970E+02     0.2423422E+02
     0.5577990E+02     0.2423973E+02
     0.5578400E+02     0.2425185E+02
     0.5578691E+02     0.2426299E+02
     0.5579110E+02     0.2427351E+02
     0.5580091E+02     0.2428657E+02
     0.5580828E+02     0.2429838E+02
     0.5581385E+02     0.2430666E+02
     0.5581758E+02     0.2431165E+02
     0.5582560E+02     0.2432095E+02
     0.5582925E+02     0.2432754E+02
     0.5583516E+02     0.2433423E+02
     0.5583543E+02     0.2434319E+02
     0.5583665E+02     0.2435311E+02
     0.5583652E+02     0.2436022E+02
     0.5583628E+02     0.2436938E+02
     0.5583605E+02     0.2437832E+02
     0.5583522E+02     0.2438906E+02
     0.5583284E+02     0.2440065E+02
     0.5582847E+02     0.2440734E+02
     0.5582238E+02     0.2441349E+02
     0.5581164E+02     0.2442195E+02
     0.5580376E+02     0.2442847E+02
     0.5579733E+02     0.2443162E+02
     0.5579539E+02     0.2443956E+02
     0.5579496E+02     0.2444757E+02
     0.5579629E+02     0.2445543E+02
     0.5579766E+02     0.2446261E+02
     0.5579739E+02     0.2447682E+02
     0.5579747E+02     0.2449380E+02
     0.5579662E+02     0.2451418E+02
     0.5579029E+02     0.2452904E+02
     0.5578992E+02     0.2454050E+02
     0.5578534E+02     0.2455566E+02
     0.5578638E+02     0.2456420E+02
     0.5578755E+02     0.2457044E+02
     0.5579360E+02     0.2457462E+02
     0.5579874E+02     0.2457715E+02
     0.5580757E+02     0.2458099E+02
     0.5581436E+02     0.2458543E+02
     0.5581564E+02     0.2458962E+02
     0.5581593E+02     0.2459353E+02
     0.5581433E+02     0.2459988E+02
     0.5581275E+02     0.2461060E+02
     0.5581260E+02     0.2461793E+02
     0.5581332E+02     0.2462324E+02
     0.5581977E+02     0.2462927E+02
     0.5582584E+02     0.2463322E+02
     0.5583378E+02     0.2463977E+02
     0.5583949E+02     0.2464577E+02
     0.5584197E+02     0.2465093E+02
     0.5584317E+02     0.2465672E+02
     0.5584142E+02     0.2466123E+02
     0.5583854E+02     0.2466798E+02
     0.5583572E+02     0.2467359E+02
     0.5583182E+02     0.2468076E+02
     0.5582802E+02     0.2469068E+02
     0.5582298E+02     0.2470032E+02
     0.5581966E+02     0.2471509E+02
     0.5581666E+02     0.2472413E+02
     0.5581885E+02     0.2473479E+02
     0.5582046E+02     0.2474220E+02
     0.5582367E+02     0.2475268E+02
     0.5582425E+02     0.2476050E+02
     0.5582412E+02     0.2476761E+02
     0.5582191E+02     0.2477600E+02
     0.5581819E+02     0.2478433E+02
     0.5581643E+02     0.2479366E+02
     0.5581438E+02     0.2480343E+02
     0.5581309E+02     0.2481347E+02
     0.5581031E+02     0.2482298E+02
     0.5580762E+02     0.2483549E+02
     0.5580599E+02     0.2484689E+02
     0.5580708E+02     0.2485933E+02
     0.5580765E+02     0.2486739E+02
     0.5581068E+02     0.2487648E+02
     0.5581584E+02     0.2488359E+02
     0.5582318E+02     0.2489219E+02
     0.5582932E+02     0.2489958E+02
     0.5583571E+02     0.2490721E+02
     0.5584327E+02     0.2491650E+02
     0.5585085E+02     0.2492534E+02
     0.5585436E+02     0.2493032E+02
     0.5586126E+02     0.2493797E+02
     0.5586623E+02     0.2494370E+02
     0.5587376E+02     0.2494909E+02
     0.5588449E+02     0.2495553E+02
     0.5589452E+02     0.2496126E+02
     0.5590408E+02     0.2496628E+02
     0.5591515E+02     0.2497113E+02
     0.5592549E+02     0.2497572E+02
     0.5593511E+02     0.2497959E+02
     0.5594764E+02     0.2498083E+02
     0.5595786E+02     0.2498312E+02
     0.5597643E+02     0.2497958E+02
     0.5599538E+02     0.2497857E+02
     0.5601702E+02     0.2496965E+02
     0.5602714E+02     0.2496389E+02
     0.5603298E+02     0.2495336E+02
     0.5603782E+02     0.2494279E+02
     0.5603980E+02     0.2493369E+02
     0.5604217E+02     0.2492209E+02
     0.5604287E+02     0.2490858E+02
     0.5604343E+02     0.2489300E+02
     0.5604818E+02     0.2487921E+02
     0.5605259E+02     0.2487183E+02
     0.5605508E+02     0.2486757E+02
     0.5605320E+02     0.2486497E+02
     0.5604647E+02     0.2486858E+02
     0.5603995E+02     0.2487288E+02
     0.5603184E+02     0.2487873E+02
     0.5602701E+02     0.2488448E+02
     0.5601538E+02     0.2489017E+02
     0.5600646E+02     0.2489230E+02
     0.5599943E+02     0.2489200E+02
     0.5598806E+02     0.2488783E+02
     0.5598400E+02     0.2488375E+02
     0.5598247E+02     0.2487932E+02
     0.5598380E+02     0.2487318E+02
     0.5598664E+02     0.2486711E+02
     0.5599237E+02     0.2485864E+02
     0.5599802E+02     0.2485154E+02
     0.5600405E+02     0.2484699E+02
     0.5601063E+02     0.2484154E+02
     0.5601797E+02     0.2483590E+02
     0.5602502E+02     0.2483093E+02
     0.5602720E+02     0.2482781E+02
     0.5602679E+02     0.2482113E+02
     0.5602719E+02     0.2481358E+02
     0.5602617E+02     0.2480895E+02
     0.5602798E+02     0.2480329E+02
     0.5603112E+02     0.2479608E+02
     0.5603521E+02     0.2479006E+02
     0.5603940E+02     0.2478199E+02
     0.5604584E+02     0.2477423E+02
     0.5605210E+02     0.2476992E+02
     0.5605351E+02     0.2476700E+02
     0.5605075E+02     0.2476206E+02
     0.5605309E+02     0.2476055E+02
     0.5605428E+02     0.2475212E+02
     0.5606060E+02     0.2474665E+02
     0.5606741E+02     0.2474144E+02
     0.5607605E+02     0.2473952E+02
     0.5608267E+02     0.2473797E+02
     0.5608879E+02     0.2473617E+02
     0.5609756E+02     0.2473678E+02
     0.5610718E+02     0.2473559E+02
     0.5611956E+02     0.2473428E+02
     0.5612974E+02     0.2473679E+02
     0.5613642E+02     0.2473891E+02
     0.5614433E+02     0.2474154E+02
     0.5614991E+02     0.2474545E+02
     0.5615174E+02     0.2475402E+02
     0.5615408E+02     0.2476238E+02
     0.5615581E+02     0.2476796E+02
     0.5615766E+02     0.2477102E+02
     0.5616310E+02     0.2477286E+02
     0.5616953E+02     0.2477497E+02
     0.5617974E+02     0.2477701E+02
     0.5618231E+02     0.2478079E+02
     0.5618383E+02     0.2478568E+02
     0.5618569E+02     0.2479356E+02
     0.5618588E+02     0.2480458E+02
     0.5618882E+02     0.2481618E+02
     0.5619366E+02     0.2482487E+02
     0.5619992E+02     0.2483042E+02
     0.5620528E+02     0.2483385E+02
     0.5621149E+02     0.2483549E+02
     0.5621957E+02     0.2483492E+02
     0.5622411E+02     0.2483465E+02
     0.5622892E+02     0.2483417E+02
     0.5623689E+02     0.2483565E+02
     0.5624560E+02     0.2483762E+02
     0.5625866E+02     0.2484322E+02
     0.5626907E+02     0.2484640E+02
     0.5627627E+02     0.2484831E+02
     0.5628012E+02     0.2485169E+02
     0.5628631E+02     0.2485883E+02
     0.5628913E+02     0.2486285E+02
     0.5629264E+02     0.2486827E+02
     0.5629476E+02     0.2487616E+02
     0.5629705E+02     0.2488062E+02
     0.5630603E+02     0.2488236E+02
     0.5631323E+02     0.2488427E+02
     0.5631946E+02     0.2488568E+02
     0.5632790E+02     0.2488809E+02
     0.5633577E+02     0.2489186E+02
     0.5634148E+02     0.2489852E+02
     0.5634210E+02     0.2490635E+02
     0.5634145E+02     0.2491435E+02
     0.5633987E+02     0.2492599E+02
     0.5633748E+02     0.2494379E+02
     0.5633608E+02     0.2495681E+02
     0.5633820E+02     0.2496493E+02
     0.5634312E+02     0.2497225E+02
     0.5635378E+02     0.2497590E+02
     0.5636153E+02     0.2497691E+02
     0.5637182E+02     0.2497779E+02
     0.5637507E+02     0.2497792E+02
     0.5637507E+02     0.2497792E+02
     0.5637525E+02     0.2497739E+02
     0.5638038E+02     0.2494141E+02
     0.5638917E+02     0.2491920E+02
     0.5639954E+02     0.2489298E+02
     0.5641277E+02     0.2486386E+02
     0.5641527E+02     0.2485658E+02
     0.5642029E+02     0.2484197E+02
     0.5644326E+02     0.2480357E+02
     0.5644716E+02     0.2479704E+02
     0.5648367E+02     0.2470019E+02
     0.5649154E+02     0.2468566E+02
     0.5652756E+02     0.2461908E+02
     0.5653209E+02     0.2460632E+02
     0.5654600E+02     0.2458867E+02
     0.5655434E+02     0.2457390E+02
     0.5657439E+02     0.2454948E+02
     0.5659970E+02     0.2451041E+02
     0.5661546E+02     0.2448987E+02
     0.5665812E+02     0.2445037E+02
     0.5667311E+02     0.2443649E+02
     0.5668480E+02     0.2442797E+02
     0.5670251E+02     0.2441794E+02
     0.5671473E+02     0.2440759E+02
     0.5675124E+02     0.2435953E+02
     0.5676222E+02     0.2434507E+02
     0.5682701E+02     0.2426354E+02
     0.5683160E+02     0.2425727E+02
     0.5685802E+02     0.2422114E+02
     0.5687456E+02     0.2420465E+02
     0.5689239E+02     0.2417144E+02
     0.5690900E+02     0.2415409E+02
     0.5691834E+02     0.2414432E+02
     0.5693803E+02     0.2411756E+02
     0.5697197E+02     0.2408894E+02
     0.5700478E+02     0.2406508E+02
     0.5705631E+02     0.2402755E+02
     0.5709476E+02     0.2400000E+02
     0.5710070E+02     0.2399376E+02
     0.5711798E+02     0.2398142E+02
     0.5712434E+02     0.2397219E+02
     0.5713542E+02     0.2396175E+02
     0.5715146E+02     0.2395011E+02
     0.5716781E+02     0.2394305E+02
     0.5717693E+02     0.2393538E+02
     0.5719203E+02     0.2392879E+02
     0.5719449E+02     0.2392648E+02
     0.5720964E+02     0.2392264E+02
     0.5724506E+02     0.2390824E+02
     0.5725100E+02     0.2390542E+02
     0.5726862E+02     0.2390086E+02
     0.5729214E+02     0.2389095E+02
     0.5735937E+02     0.2387226E+02
     0.5737572E+02     0.2386633E+02
     0.5740747E+02     0.2385837E+02
     0.5742038E+02     0.2385523E+02
     0.5743000E+02     0.2384961E+02
     0.5744070E+02     0.2384878E+02
     0.5744639E+02     0.2384665E+02
     0.5746175E+02     0.2384118E+02
     0.5748284E+02     0.2383655E+02
     0.5749396E+02     0.2383090E+02
     0.5751326E+02     0.2382331E+02
     0.5752221E+02     0.2382228E+02
     0.5753577E+02     0.2381408E+02
     0.5754890E+02     0.2381046E+02
     0.5756176E+02     0.2380502E+02
     0.5758797E+02     0.2379389E+02
     0.5762243E+02     0.2378517E+02
     0.5762758E+02     0.2378051E+02
     0.5763137E+02     0.2378367E+02
     0.5764643E+02     0.2377635E+02
     0.5765512E+02     0.2377509E+02
     0.5766700E+02     0.2377125E+02
     0.5770349E+02     0.2376570E+02
     0.5771246E+02     0.2376603E+02
     0.5771791E+02     0.2376457E+02
     0.5772042E+02     0.2376614E+02
     0.5776245E+02     0.2376462E+02
     0.5778577E+02     0.2377460E+02
END
END
