palmyra_atoll
1
    -0.1624310E+03     0.5877115E+01
    -0.1624609E+03     0.5889880E+01
    -0.1624448E+03     0.5884882E+01
    -0.1624409E+03     0.5885355E+01
    -0.1624355E+03     0.5887673E+01
    -0.1624324E+03     0.5890213E+01
    -0.1624274E+03     0.5888619E+01
    -0.1624230E+03     0.5885186E+01
    -0.1624186E+03     0.5881522E+01
    -0.1624148E+03     0.5881074E+01
    -0.1624121E+03     0.5879934E+01
    -0.1624155E+03     0.5878083E+01
    -0.1624193E+03     0.5875311E+01
    -0.1624212E+03     0.5871626E+01
    -0.1624207E+03     0.5867718E+01
    -0.1624201E+03     0.5864502E+01
    -0.1624213E+03     0.5862888E+01
    -0.1624246E+03     0.5862417E+01
    -0.1624294E+03     0.5861712E+01
    -0.1624324E+03     0.5863311E+01
    -0.1624368E+03     0.5863526E+01
    -0.1624386E+03     0.5864210E+01
    -0.1624429E+03     0.5863046E+01
    -0.1624470E+03     0.5861652E+01
    -0.1624511E+03     0.5860489E+01
    -0.1624553E+03     0.5860245E+01
    -0.1624593E+03     0.5860231E+01
    -0.1624600E+03     0.5860919E+01
    -0.1624586E+03     0.5863452E+01
    -0.1624555E+03     0.5865763E+01
    -0.1624500E+03     0.5866930E+01
    -0.1624468E+03     0.5868551E+01
    -0.1624421E+03     0.5870407E+01
    -0.1624399E+03     0.5871103E+01
    -0.1624376E+03     0.5872261E+01
    -0.1624373E+03     0.5874101E+01
    -0.1624387E+03     0.5875476E+01
    -0.1624413E+03     0.5875467E+01
    -0.1624446E+03     0.5875686E+01
    -0.1624454E+03     0.5877753E+01
    -0.1624454E+03     0.5880282E+01
    -0.1624460E+03     0.5882579E+01
    -0.1624487E+03     0.5884179E+01
    -0.1624505E+03     0.5884633E+01
    -0.1624530E+03     0.5885315E+01
    -0.1624609E+03     0.5889880E+01
END
END
