piaui
1
    -0.4254803E+02    -0.7191358E+01
    -0.4183726E+02    -0.2774313E+01
    -0.4181865E+02    -0.2765275E+01
    -0.4180973E+02    -0.2759764E+01
    -0.4180241E+02    -0.2750573E+01
    -0.4179737E+02    -0.2751038E+01
    -0.4179441E+02    -0.2756790E+01
    -0.4178230E+02    -0.2769219E+01
    -0.4177705E+02    -0.2777962E+01
    -0.4174711E+02    -0.2805354E+01
    -0.4174231E+02    -0.2808405E+01
    -0.4174094E+02    -0.2809269E+01
    -0.4173180E+02    -0.2810657E+01
    -0.4172631E+02    -0.2806522E+01
    -0.4170871E+02    -0.2824934E+01
    -0.4169226E+02    -0.2835757E+01
    -0.4165272E+02    -0.2867523E+01
    -0.4165958E+02    -0.2874646E+01
    -0.4166209E+02    -0.2874874E+01
    -0.4166209E+02    -0.2874874E+01
    -0.4166438E+02    -0.2878782E+01
    -0.4166438E+02    -0.2878782E+01
    -0.4166072E+02    -0.2879245E+01
    -0.4165593E+02    -0.2883618E+01
    -0.4165364E+02    -0.2883850E+01
    -0.4165089E+02    -0.2881782E+01
    -0.4164700E+02    -0.2875116E+01
    -0.4164472E+02    -0.2875578E+01
    -0.4164269E+02    -0.2877344E+01
    -0.4162963E+02    -0.2888698E+01
    -0.4161317E+02    -0.2898828E+01
    -0.4158414E+02    -0.2909657E+01
    -0.4157728E+02    -0.2909432E+01
    -0.4157110E+02    -0.2906677E+01
    -0.4156150E+02    -0.2905763E+01
    -0.4155281E+02    -0.2902089E+01
    -0.4152882E+02    -0.2910995E+01
    -0.4152240E+02    -0.2913377E+01
    -0.4151005E+02    -0.2913615E+01
    -0.4150136E+02    -0.2911780E+01
    -0.4148855E+02    -0.2901669E+01
    -0.4147758E+02    -0.2899375E+01
    -0.4143916E+02    -0.2910895E+01
    -0.4144077E+02    -0.2913653E+01
    -0.4144557E+02    -0.2915261E+01
    -0.4144923E+02    -0.2918478E+01
    -0.4145357E+02    -0.2927675E+01
    -0.4145289E+02    -0.2930205E+01
    -0.4144923E+02    -0.2932506E+01
    -0.4143734E+02    -0.2938721E+01
    -0.4143985E+02    -0.2929061E+01
    -0.4143779E+02    -0.2923543E+01
    -0.4143139E+02    -0.2921707E+01
    -0.4142773E+02    -0.2918259E+01
    -0.4142727E+02    -0.2914120E+01
    -0.4143162E+02    -0.2911358E+01
    -0.4143002E+02    -0.2908599E+01
    -0.4141927E+02    -0.2911134E+01
    -0.4140829E+02    -0.2910910E+01
    -0.4140280E+02    -0.2907463E+01
    -0.4139480E+02    -0.2906317E+01
    -0.4138634E+02    -0.2912990E+01
    -0.4137537E+02    -0.2918973E+01
    -0.4136416E+02    -0.2920128E+01
    -0.4135822E+02    -0.2923350E+01
    -0.4135017E+02    -0.2923354E+01
    -0.4134792E+02    -0.2923355E+01
    -0.4133786E+02    -0.2927958E+01
    -0.4133306E+02    -0.2924740E+01
    -0.4132917E+02    -0.2924052E+01
    -0.4132438E+02    -0.2941301E+01
    -0.4132438E+02    -0.2941301E+01
    -0.4131957E+02    -0.2942418E+01
    -0.4131957E+02    -0.2942418E+01
    -0.4131993E+02    -0.2953641E+01
    -0.4131718E+02    -0.2959848E+01
    -0.4131260E+02    -0.2963982E+01
    -0.4130711E+02    -0.2966506E+01
    -0.4130231E+02    -0.2967191E+01
    -0.4129316E+02    -0.2967871E+01
    -0.4128767E+02    -0.2969014E+01
    -0.4128012E+02    -0.2969926E+01
    -0.4127166E+02    -0.2971297E+01
    -0.4126685E+02    -0.2974971E+01
    -0.4126020E+02    -0.3006965E+01
    -0.4125900E+02    -0.3011538E+01
    -0.4125029E+02    -0.3026416E+01
    -0.4124960E+02    -0.3030325E+01
    -0.4125440E+02    -0.3037453E+01
    -0.4125989E+02    -0.3055850E+01
    -0.4125555E+02    -0.3084829E+01
    -0.4125761E+02    -0.3090117E+01
    -0.4126839E+02    -0.3100564E+01
    -0.4127401E+02    -0.3106014E+01
    -0.4128033E+02    -0.3112144E+01
    -0.4128909E+02    -0.3120620E+01
    -0.4130221E+02    -0.3133339E+01
    -0.4131060E+02    -0.3139312E+01
    -0.4131319E+02    -0.3141155E+01
    -0.4131822E+02    -0.3147823E+01
    -0.4132211E+02    -0.3157711E+01
    -0.4132349E+02    -0.3166910E+01
    -0.4132310E+02    -0.3170909E+01
    -0.4132212E+02    -0.3180939E+01
    -0.4132006E+02    -0.3184544E+01
    -0.4132280E+02    -0.3192366E+01
    -0.4133855E+02    -0.3216302E+01
    -0.4134722E+02    -0.3229880E+01
    -0.4135521E+02    -0.3245298E+01
    -0.4136502E+02    -0.3263477E+01
    -0.4138191E+02    -0.3287643E+01
    -0.4139742E+02    -0.3320318E+01
    -0.4140382E+02    -0.3329294E+01
    -0.4141912E+02    -0.3349088E+01
    -0.4142277E+02    -0.3356221E+01
    -0.4142871E+02    -0.3365427E+01
    -0.4143143E+02    -0.3379229E+01
    -0.4143027E+02    -0.3396248E+01
    -0.4142012E+02    -0.3460868E+01
    -0.4141527E+02    -0.3492604E+01
    -0.4141182E+02    -0.3509620E+01
    -0.4140560E+02    -0.3541585E+01
    -0.4140146E+02    -0.3553311E+01
    -0.4139526E+02    -0.3569865E+01
    -0.4137140E+02    -0.3616763E+01
    -0.4136634E+02    -0.3629638E+01
    -0.4135555E+02    -0.3656308E+01
    -0.4134844E+02    -0.3671021E+01
    -0.4133558E+02    -0.3700449E+01
    -0.4132135E+02    -0.3731945E+01
    -0.4131194E+02    -0.3744815E+01
    -0.4129085E+02    -0.3766643E+01
    -0.4127939E+02    -0.3779510E+01
    -0.4126677E+02    -0.3797207E+01
    -0.4126104E+02    -0.3808011E+01
    -0.4125713E+02    -0.3818816E+01
    -0.4125319E+02    -0.3847103E+01
    -0.4125043E+02    -0.3854690E+01
    -0.4123804E+02    -0.3874457E+01
    -0.4123413E+02    -0.3887332E+01
    -0.4123389E+02    -0.3896532E+01
    -0.4123433E+02    -0.3911714E+01
    -0.4123178E+02    -0.3927581E+01
    -0.4122166E+02    -0.3960690E+01
    -0.4121245E+02    -0.3993801E+01
    -0.4120853E+02    -0.4012197E+01
    -0.4120462E+02    -0.4022312E+01
    -0.4119245E+02    -0.4042768E+01
    -0.4118259E+02    -0.4054946E+01
    -0.4116354E+02    -0.4080454E+01
    -0.4114793E+02    -0.4103205E+01
    -0.4112634E+02    -0.4146188E+01
    -0.4111852E+02    -0.4162279E+01
    -0.4111186E+02    -0.4176990E+01
    -0.4111001E+02    -0.4187108E+01
    -0.4111228E+02    -0.4200451E+01
    -0.4111341E+02    -0.4204823E+01
    -0.4112071E+02    -0.4224613E+01
    -0.4113121E+02    -0.4244177E+01
    -0.4113692E+02    -0.4258214E+01
    -0.4113987E+02    -0.4272708E+01
    -0.4114053E+02    -0.4286970E+01
    -0.4114164E+02    -0.4312272E+01
    -0.4114095E+02    -0.4314341E+01
    -0.4114182E+02    -0.4343552E+01
    -0.4114133E+02    -0.4360571E+01
    -0.4114154E+02    -0.4370922E+01
    -0.4114035E+02    -0.4395530E+01
    -0.4114079E+02    -0.4410481E+01
    -0.4114351E+02    -0.4429574E+01
    -0.4114738E+02    -0.4439469E+01
    -0.4115150E+02    -0.4443154E+01
    -0.4115744E+02    -0.4450752E+01
    -0.4116065E+02    -0.4452136E+01
    -0.4117278E+02    -0.4457671E+01
    -0.4118331E+02    -0.4464124E+01
    -0.4118742E+02    -0.4470339E+01
    -0.4118878E+02    -0.4481841E+01
    -0.4118509E+02    -0.4497936E+01
    -0.4118645E+02    -0.4504377E+01
    -0.4119536E+02    -0.4520948E+01
    -0.4120883E+02    -0.4550173E+01
    -0.4122117E+02    -0.4571348E+01
    -0.4122986E+02    -0.4582628E+01
    -0.4123260E+02    -0.4589070E+01
    -0.4123579E+02    -0.4599884E+01
    -0.4123579E+02    -0.4604024E+01
    -0.4123233E+02    -0.4614140E+01
    -0.4122797E+02    -0.4619884E+01
    -0.4121122E+02    -0.4634814E+01
    -0.4120136E+02    -0.4641932E+01
    -0.4118966E+02    -0.4652497E+01
    -0.4118483E+02    -0.4658470E+01
    -0.4118253E+02    -0.4663297E+01
    -0.4118046E+02    -0.4670424E+01
    -0.4118159E+02    -0.4676635E+01
    -0.4119006E+02    -0.4689525E+01
    -0.4119622E+02    -0.4701952E+01
    -0.4120056E+02    -0.4714606E+01
    -0.4120512E+02    -0.4724732E+01
    -0.4121519E+02    -0.4736703E+01
    -0.4122114E+02    -0.4739010E+01
    -0.4123282E+02    -0.4744773E+01
    -0.4124358E+02    -0.4752145E+01
    -0.4124495E+02    -0.4755366E+01
    -0.4124495E+02    -0.4759736E+01
    -0.4124242E+02    -0.4764102E+01
    -0.4123553E+02    -0.4769844E+01
    -0.4122223E+02    -0.4780868E+01
    -0.4121969E+02    -0.4788224E+01
    -0.4122197E+02    -0.4797656E+01
    -0.4122608E+02    -0.4804101E+01
    -0.4123592E+02    -0.4816761E+01
    -0.4123843E+02    -0.4823893E+01
    -0.4123589E+02    -0.4833549E+01
    -0.4122325E+02    -0.4856993E+01
    -0.4120717E+02    -0.4881351E+01
    -0.4119200E+02    -0.4910999E+01
    -0.4118601E+02    -0.4926170E+01
    -0.4117612E+02    -0.4948695E+01
    -0.4117175E+02    -0.4956278E+01
    -0.4116508E+02    -0.4969378E+01
    -0.4115313E+02    -0.4991211E+01
    -0.4114762E+02    -0.4997643E+01
    -0.4114408E+02    -0.5000000E+01
    -0.4114142E+02    -0.5001774E+01
    -0.4112376E+02    -0.5004741E+01
    -0.4111574E+02    -0.5007720E+01
    -0.4110265E+02    -0.5016901E+01
    -0.4109301E+02    -0.5027927E+01
    -0.4108771E+02    -0.5040798E+01
    -0.4108495E+02    -0.5045623E+01
    -0.4108335E+02    -0.5049870E+01
    -0.4107782E+02    -0.5064701E+01
    -0.4107253E+02    -0.5075042E+01
    -0.4107137E+02    -0.5081939E+01
    -0.4107089E+02    -0.5092747E+01
    -0.4107292E+02    -0.5112296E+01
    -0.4107973E+02    -0.5152778E+01
    -0.4107994E+02    -0.5164045E+01
    -0.4108152E+02    -0.5177845E+01
    -0.4107966E+02    -0.5193019E+01
    -0.4107642E+02    -0.5206582E+01
    -0.4106167E+02    -0.5252781E+01
    -0.4106073E+02    -0.5262437E+01
    -0.4106460E+02    -0.5280608E+01
    -0.4106733E+02    -0.5296248E+01
    -0.4106501E+02    -0.5307052E+01
    -0.4106156E+02    -0.5314865E+01
    -0.4105075E+02    -0.5329796E+01
    -0.4104110E+02    -0.5341740E+01
    -0.4102984E+02    -0.5358049E+01
    -0.4102431E+02    -0.5369998E+01
    -0.4101924E+02    -0.5386086E+01
    -0.4101623E+02    -0.5400568E+01
    -0.4101577E+02    -0.5403096E+01
    -0.4101689E+02    -0.5416433E+01
    -0.4102144E+02    -0.5434604E+01
    -0.4102602E+02    -0.5442888E+01
    -0.4104158E+02    -0.5463603E+01
    -0.4106218E+02    -0.5486854E+01
    -0.4107179E+02    -0.5500662E+01
    -0.4107385E+02    -0.5502964E+01
    -0.4108048E+02    -0.5516539E+01
    -0.4108527E+02    -0.5531950E+01
    -0.4109095E+02    -0.5561156E+01
    -0.4109483E+02    -0.5576796E+01
    -0.4110212E+02    -0.5602095E+01
    -0.4110301E+02    -0.5621639E+01
    -0.4110092E+02    -0.5633591E+01
    -0.4109540E+02    -0.5644849E+01
    -0.4109241E+02    -0.5649903E+01
    -0.4108138E+02    -0.5661613E+01
    -0.4106529E+02    -0.5674235E+01
    -0.4105518E+02    -0.5685027E+01
    -0.4104068E+02    -0.5708456E+01
    -0.4101791E+02    -0.5744517E+01
    -0.4100523E+02    -0.5773005E+01
    -0.4098796E+02    -0.5806543E+01
    -0.4097876E+02    -0.5822161E+01
    -0.4097323E+02    -0.5832957E+01
    -0.4096469E+02    -0.5858921E+01
    -0.4095869E+02    -0.5880980E+01
    -0.4095383E+02    -0.5899822E+01
    -0.4094178E+02    -0.5963017E+01
    -0.4093417E+02    -0.5982313E+01
    -0.4092703E+02    -0.5994484E+01
    -0.4092220E+02    -0.6001143E+01
    -0.4090219E+02    -0.6021109E+01
    -0.4088311E+02    -0.6039007E+01
    -0.4087574E+02    -0.6049338E+01
    -0.4086998E+02    -0.6061971E+01
    -0.4085844E+02    -0.6091602E+01
    -0.4084807E+02    -0.6114110E+01
    -0.4084250E+02    -0.6142140E+01
    -0.4084455E+02    -0.6153405E+01
    -0.4084658E+02    -0.6171565E+01
    -0.4084907E+02    -0.6186508E+01
    -0.4084721E+02    -0.6198456E+01
    -0.4084121E+02    -0.6214304E+01
    -0.4083383E+02    -0.6228770E+01
    -0.4081311E+02    -0.6260221E+01
    -0.4079905E+02    -0.6284557E+01
    -0.4079168E+02    -0.6296035E+01
    -0.4078431E+02    -0.6310730E+01
    -0.4077945E+02    -0.6326118E+01
    -0.4077828E+02    -0.6337837E+01
    -0.4078032E+02    -0.6351628E+01
    -0.4078717E+02    -0.6368415E+01
    -0.4079197E+02    -0.6378764E+01
    -0.4079676E+02    -0.6394628E+01
    -0.4079831E+02    -0.6419218E+01
    -0.4079760E+02    -0.6432085E+01
    -0.4079667E+02    -0.6440125E+01
    -0.4079269E+02    -0.6471828E+01
    -0.4078898E+02    -0.6491123E+01
    -0.4078297E+02    -0.6509265E+01
    -0.4077698E+02    -0.6520973E+01
    -0.4076200E+02    -0.6541167E+01
    -0.4075165E+02    -0.6552637E+01
    -0.4074221E+02    -0.6561581E+01
    -0.4073901E+02    -0.6563928E+01
    -0.4073715E+02    -0.6565248E+01
    -0.4071645E+02    -0.6581524E+01
    -0.4069413E+02    -0.6596418E+01
    -0.4068516E+02    -0.6603524E+01
    -0.4068125E+02    -0.6605355E+01
    -0.4067297E+02    -0.6609934E+01
    -0.4065779E+02    -0.6621164E+01
    -0.4064261E+02    -0.6630555E+01
    -0.4063249E+02    -0.6636050E+01
    -0.4061317E+02    -0.6644514E+01
    -0.4057570E+02    -0.6661442E+01
    -0.4055960E+02    -0.6667384E+01
    -0.4054074E+02    -0.6679982E+01
    -0.4053361E+02    -0.6683643E+01
    -0.4051888E+02    -0.6694411E+01
    -0.4050438E+02    -0.6704949E+01
    -0.4049932E+02    -0.6707695E+01
    -0.4049288E+02    -0.6713426E+01
    -0.4046986E+02    -0.6733594E+01
    -0.4045696E+02    -0.6746891E+01
    -0.4044360E+02    -0.6761795E+01
    -0.4043691E+02    -0.6772577E+01
    -0.4043044E+02    -0.6785658E+01
    -0.4042719E+02    -0.6800812E+01
    -0.4042417E+02    -0.6813669E+01
    -0.4042438E+02    -0.6823318E+01
    -0.4042434E+02    -0.6836411E+01
    -0.4042638E+02    -0.6848590E+01
    -0.4043504E+02    -0.6875254E+01
    -0.4044258E+02    -0.6890889E+01
    -0.4045150E+02    -0.6911121E+01
    -0.4046774E+02    -0.6941244E+01
    -0.4050072E+02    -0.6984952E+01
    -0.4051216E+02    -0.7003349E+01
    -0.4052658E+02    -0.7027953E+01
    -0.4054122E+02    -0.7056231E+01
    -0.4054305E+02    -0.7061287E+01
    -0.4055219E+02    -0.7081515E+01
    -0.4055767E+02    -0.7095076E+01
    -0.4057070E+02    -0.7126333E+01
    -0.4058418E+02    -0.7161724E+01
    -0.4059285E+02    -0.7187460E+01
    -0.4059718E+02    -0.7204920E+01
    -0.4059529E+02    -0.7226271E+01
    -0.4059320E+02    -0.7237518E+01
    -0.4058695E+02    -0.7254727E+01
    -0.4057910E+02    -0.7270096E+01
    -0.4057103E+02    -0.7281561E+01
    -0.4056343E+02    -0.7287975E+01
    -0.4055698E+02    -0.7292784E+01
    -0.4055053E+02    -0.7298281E+01
    -0.4054062E+02    -0.7309741E+01
    -0.4053599E+02    -0.7321671E+01
    -0.4053434E+02    -0.7338199E+01
    -0.4053545E+02    -0.7356339E+01
    -0.4053703E+02    -0.7369658E+01
    -0.4054226E+02    -0.7391709E+01
    -0.4056065E+02    -0.7393123E+01
    -0.4058364E+02    -0.7392709E+01
    -0.4058893E+02    -0.7392719E+01
    -0.4059606E+02    -0.7392045E+01
    -0.4060226E+02    -0.7392516E+01
    -0.4061330E+02    -0.7393455E+01
    -0.4062525E+02    -0.7395773E+01
    -0.4063444E+02    -0.7396250E+01
    -0.4063950E+02    -0.7396948E+01
    -0.4064434E+02    -0.7390530E+01
    -0.4064504E+02    -0.7385021E+01
    -0.4064344E+02    -0.7380885E+01
    -0.4063565E+02    -0.7370080E+01
    -0.4063796E+02    -0.7365952E+01
    -0.4064555E+02    -0.7363211E+01
    -0.4064808E+02    -0.7362298E+01
    -0.4065592E+02    -0.7353588E+01
    -0.4066258E+02    -0.7354518E+01
    -0.4067199E+02    -0.7362572E+01
    -0.4067567E+02    -0.7364415E+01
    -0.4068164E+02    -0.7363737E+01
    -0.4068855E+02    -0.7358699E+01
    -0.4069086E+02    -0.7355489E+01
    -0.4069293E+02    -0.7354804E+01
    -0.4069789E+02    -0.7354095E+01
    -0.4070125E+02    -0.7359053E+01
    -0.4070850E+02    -0.7366474E+01
    -0.4071575E+02    -0.7371960E+01
    -0.4072020E+02    -0.7374420E+01
    -0.4072022E+02    -0.7377739E+01
    -0.4071083E+02    -0.7383333E+01
    -0.4069867E+02    -0.7387285E+01
    -0.4069650E+02    -0.7394491E+01
    -0.4069766E+02    -0.7402229E+01
    -0.4069935E+02    -0.7405814E+01
    -0.4070636E+02    -0.7418769E+01
    -0.4070954E+02    -0.7433350E+01
    -0.4071000E+02    -0.7435876E+01
    -0.4071182E+02    -0.7441619E+01
    -0.4071663E+02    -0.7449892E+01
    -0.4071800E+02    -0.7455863E+01
    -0.4071820E+02    -0.7466882E+01
    -0.4071726E+02    -0.7478359E+01
    -0.4071377E+02    -0.7496258E+01
    -0.4070798E+02    -0.7513693E+01
    -0.4070359E+02    -0.7524015E+01
    -0.4069320E+02    -0.7544197E+01
    -0.4067406E+02    -0.7567345E+01
    -0.4065631E+02    -0.7587740E+01
    -0.4064732E+02    -0.7596905E+01
    -0.4063324E+02    -0.7621438E+01
    -0.4062607E+02    -0.7638638E+01
    -0.4062351E+02    -0.7654240E+01
    -0.4062417E+02    -0.7664569E+01
    -0.4062622E+02    -0.7674442E+01
    -0.4062942E+02    -0.7684776E+01
    -0.4063469E+02    -0.7693737E+01
    -0.4063927E+02    -0.7700631E+01
    -0.4064730E+02    -0.7710285E+01
    -0.4065074E+02    -0.7712357E+01
    -0.4065350E+02    -0.7716033E+01
    -0.4066543E+02    -0.7727301E+01
    -0.4067300E+02    -0.7738560E+01
    -0.4067505E+02    -0.7747744E+01
    -0.4067525E+02    -0.7756924E+01
    -0.4067363E+02    -0.7761969E+01
    -0.4067063E+02    -0.7767930E+01
    -0.4066187E+02    -0.7776634E+01
    -0.4064989E+02    -0.7784414E+01
    -0.4064045E+02    -0.7789445E+01
    -0.4063446E+02    -0.7791499E+01
    -0.4062526E+02    -0.7794924E+01
    -0.4060661E+02    -0.7799478E+01
    -0.4060017E+02    -0.7800383E+01
    -0.4059142E+02    -0.7804038E+01
    -0.4057646E+02    -0.7807680E+01
    -0.4056587E+02    -0.7811790E+01
    -0.4055573E+02    -0.7819113E+01
    -0.4054743E+02    -0.7829881E+01
    -0.4054350E+02    -0.7836757E+01
    -0.4054094E+02    -0.7849143E+01
    -0.4053885E+02    -0.7857629E+01
    -0.4053860E+02    -0.7866807E+01
    -0.4054514E+02    -0.7923035E+01
    -0.4054689E+02    -0.7957683E+01
    -0.4055306E+02    -0.7975361E+01
    -0.4055833E+02    -0.7987301E+01
    -0.4056221E+02    -0.7998321E+01
    -0.4056237E+02    -0.8000000E+01
    -0.4058570E+02    -0.8031891E+01
    -0.4059359E+02    -0.8057961E+01
    -0.4060376E+02    -0.8092727E+01
    -0.4060384E+02    -0.8101440E+01
    -0.4060067E+02    -0.8113452E+01
    -0.4059319E+02    -0.8132038E+01
    -0.4060526E+02    -0.8136286E+01
    -0.4061517E+02    -0.8143822E+01
    -0.4062282E+02    -0.8143752E+01
    -0.4063477E+02    -0.8134929E+01
    -0.4064683E+02    -0.8139175E+01
    -0.4065347E+02    -0.8146740E+01
    -0.4066023E+02    -0.8168466E+01
    -0.4067121E+02    -0.8172721E+01
    -0.4067563E+02    -0.8178127E+01
    -0.4068456E+02    -0.8196564E+01
    -0.4070111E+02    -0.8211661E+01
    -0.4070995E+02    -0.8220294E+01
    -0.4072531E+02    -0.8225596E+01
    -0.4073958E+02    -0.8230908E+01
    -0.4074841E+02    -0.8239540E+01
    -0.4076816E+02    -0.8245887E+01
    -0.4077915E+02    -0.8251229E+01
    -0.4077841E+02    -0.8286100E+01
    -0.4078186E+02    -0.8302410E+01
    -0.4079399E+02    -0.8312099E+01
    -0.4080717E+02    -0.8317419E+01
    -0.4081491E+02    -0.8326060E+01
    -0.4081831E+02    -0.8336923E+01
    -0.4082404E+02    -0.8361927E+01
    -0.4082854E+02    -0.8374958E+01
    -0.4083842E+02    -0.8378130E+01
    -0.4084935E+02    -0.8376932E+01
    -0.4086448E+02    -0.8358258E+01
    -0.4087204E+02    -0.8348376E+01
    -0.4088078E+02    -0.8347198E+01
    -0.4089183E+02    -0.8357984E+01
    -0.4089323E+02    -0.8387390E+01
    -0.4090103E+02    -0.8400388E+01
    -0.4090556E+02    -0.8414507E+01
    -0.4090687E+02    -0.8435199E+01
    -0.4091457E+02    -0.8439480E+01
    -0.4092989E+02    -0.8438234E+01
    -0.4094079E+02    -0.8434854E+01
    -0.4095701E+02    -0.8416162E+01
    -0.4097218E+02    -0.8401838E+01
    -0.4098311E+02    -0.8400636E+01
    -0.4099733E+02    -0.8400487E+01
    -0.4101602E+02    -0.8407919E+01
    -0.4103251E+02    -0.8415374E+01
    -0.4104144E+02    -0.8430534E+01
    -0.4104931E+02    -0.8450066E+01
    -0.4107029E+02    -0.8466188E+01
    -0.4107489E+02    -0.8485755E+01
    -0.4107946E+02    -0.8503142E+01
    -0.4108948E+02    -0.8518291E+01
    -0.4109940E+02    -0.8523634E+01
    -0.4111256E+02    -0.8525671E+01
    -0.4113340E+02    -0.8529802E+01
    -0.4114660E+02    -0.8535108E+01
    -0.4115988E+02    -0.8546949E+01
    -0.4117213E+02    -0.8565342E+01
    -0.4118328E+02    -0.8582656E+01
    -0.4119988E+02    -0.8597729E+01
    -0.4120456E+02    -0.8618274E+01
    -0.4120784E+02    -0.8623186E+01
    -0.4121227E+02    -0.8626631E+01
    -0.4122427E+02    -0.8629960E+01
    -0.4124444E+02    -0.8638205E+01
    -0.4125860E+02    -0.8648088E+01
    -0.4127210E+02    -0.8659656E+01
    -0.4128213E+02    -0.8670820E+01
    -0.4129511E+02    -0.8678291E+01
    -0.4131415E+02    -0.8681851E+01
    -0.4132648E+02    -0.8684138E+01
    -0.4134070E+02    -0.8687030E+01
    -0.4135849E+02    -0.8694246E+01
    -0.4136686E+02    -0.8700459E+01
    -0.4136686E+02    -0.8700459E+01
    -0.4137489E+02    -0.8706719E+01
    -0.4137920E+02    -0.8712200E+01
    -0.4138601E+02    -0.8732984E+01
    -0.4138801E+02    -0.8750240E+01
    -0.4139434E+02    -0.8763184E+01
    -0.4140617E+02    -0.8787049E+01
    -0.4141607E+02    -0.8806346E+01
    -0.4143027E+02    -0.8817657E+01
    -0.4145130E+02    -0.8837446E+01
    -0.4147076E+02    -0.8849319E+01
    -0.4147879E+02    -0.8859455E+01
    -0.4148278E+02    -0.8873584E+01
    -0.4148624E+02    -0.8895478E+01
    -0.4149168E+02    -0.8910027E+01
    -0.4149982E+02    -0.8923080E+01
    -0.4153307E+02    -0.8945220E+01
    -0.4154118E+02    -0.8954933E+01
    -0.4155609E+02    -0.8957747E+01
    -0.4157518E+02    -0.8954092E+01
    -0.4159497E+02    -0.8949698E+01
    -0.4161883E+02    -0.8951245E+01
    -0.4162391E+02    -0.8954103E+01
    -0.4163214E+02    -0.8957340E+01
    -0.4164376E+02    -0.8963246E+01
    -0.4165599E+02    -0.8966222E+01
    -0.4166839E+02    -0.8967316E+01
    -0.4168476E+02    -0.8966896E+01
    -0.4170893E+02    -0.8968462E+01
    -0.4172703E+02    -0.8970732E+01
    -0.4174965E+02    -0.8981918E+01
    -0.4175339E+02    -0.8994920E+01
    -0.4174930E+02    -0.9017629E+01
    -0.4173274E+02    -0.9051045E+01
    -0.4171924E+02    -0.9078263E+01
    -0.4171498E+02    -0.9107914E+01
    -0.4171322E+02    -0.9130129E+01
    -0.4171822E+02    -0.9142384E+01
    -0.4172696E+02    -0.9149354E+01
    -0.4174593E+02    -0.9156221E+01
    -0.4176912E+02    -0.9161554E+01
    -0.4178807E+02    -0.9165566E+01
    -0.4180066E+02    -0.9177843E+01
    -0.4180951E+02    -0.9202151E+01
    -0.4181345E+02    -0.9211554E+01
    -0.4181741E+02    -0.9222845E+01
    -0.4182314E+02    -0.9237061E+01
    -0.4183104E+02    -0.9245354E+01
    -0.4184061E+02    -0.9249006E+01
    -0.4185173E+02    -0.9252338E+01
    -0.4186539E+02    -0.9252572E+01
    -0.4187627E+02    -0.9248456E+01
    -0.4188229E+02    -0.9235205E+01
    -0.4188406E+02    -0.9225726E+01
    -0.4189526E+02    -0.9210447E+01
    -0.4190364E+02    -0.9207358E+01
    -0.4191429E+02    -0.9210186E+01
    -0.4192769E+02    -0.9215674E+01
    -0.4193932E+02    -0.9217936E+01
    -0.4195318E+02    -0.9217117E+01
    -0.4196760E+02    -0.9211339E+01
    -0.4198223E+02    -0.9205853E+01
    -0.4198920E+02    -0.9208054E+01
    -0.4199619E+02    -0.9214722E+01
    -0.4200107E+02    -0.9214569E+01
    -0.4200830E+02    -0.9206114E+01
    -0.4201450E+02    -0.9198926E+01
    -0.4202119E+02    -0.9196535E+01
    -0.4202734E+02    -0.9197265E+01
    -0.4203695E+02    -0.9203747E+01
    -0.4204705E+02    -0.9225615E+01
    -0.4204793E+02    -0.9228107E+01
    -0.4205336E+02    -0.9240144E+01
    -0.4205509E+02    -0.9243043E+01
    -0.4206819E+02    -0.9257194E+01
    -0.4208413E+02    -0.9273329E+01
    -0.4209243E+02    -0.9280102E+01
    -0.4210626E+02    -0.9290972E+01
    -0.4211711E+02    -0.9299378E+01
    -0.4213844E+02    -0.9308183E+01
    -0.4215344E+02    -0.9310546E+01
    -0.4216982E+02    -0.9308635E+01
    -0.4218884E+02    -0.9304608E+01
    -0.4220418E+02    -0.9300611E+01
    -0.4222115E+02    -0.9301294E+01
    -0.4222784E+02    -0.9303086E+01
    -0.4223742E+02    -0.9306726E+01
    -0.4224895E+02    -0.9314118E+01
    -0.4225953E+02    -0.9320579E+01
    -0.4227760E+02    -0.9319362E+01
    -0.4229376E+02    -0.9318173E+01
    -0.4231282E+02    -0.9319776E+01
    -0.4233219E+02    -0.9324797E+01
    -0.4235219E+02    -0.9339530E+01
    -0.4236226E+02    -0.9351280E+01
    -0.4237049E+02    -0.9365984E+01
    -0.4238237E+02    -0.9385853E+01
    -0.4239132E+02    -0.9392817E+01
    -0.4240508E+02    -0.9398242E+01
    -0.4242077E+02    -0.9405936E+01
    -0.4243407E+02    -0.9422439E+01
    -0.4244610E+02    -0.9437290E+01
    -0.4246144E+02    -0.9449165E+01
    -0.4247028E+02    -0.9460126E+01
    -0.4247440E+02    -0.9478974E+01
    -0.4247650E+02    -0.9491235E+01
    -0.4248608E+02    -0.9502252E+01
    -0.4250151E+02    -0.9505970E+01
    -0.4252056E+02    -0.9505668E+01
    -0.4253189E+02    -0.9499813E+01
    -0.4254691E+02    -0.9490840E+01
    -0.4256406E+02    -0.9486059E+01
    -0.4258545E+02    -0.9492936E+01
    -0.4259339E+02    -0.9502000E+01
    -0.4259935E+02    -0.9518614E+01
    -0.4260862E+02    -0.9543950E+01
    -0.4261830E+02    -0.9556744E+01
    -0.4263463E+02    -0.9564207E+01
    -0.4264665E+02    -0.9565474E+01
    -0.4266293E+02    -0.9557267E+01
    -0.4267471E+02    -0.9544332E+01
    -0.4268689E+02    -0.9530970E+01
    -0.4269962E+02    -0.9524283E+01
    -0.4271428E+02    -0.9525214E+01
    -0.4273106E+02    -0.9529402E+01
    -0.4275020E+02    -0.9528665E+01
    -0.4277559E+02    -0.9524269E+01
    -0.4278667E+02    -0.9524003E+01
    -0.4282365E+02    -0.9541004E+01
    -0.4284443E+02    -0.9549214E+01
    -0.4285940E+02    -0.9550839E+01
    -0.4286569E+02    -0.9549895E+01
    -0.4287093E+02    -0.9548552E+01
    -0.4290379E+02    -0.9538167E+01
    -0.4292532E+02    -0.9530273E+01
    -0.4293034E+02    -0.9528098E+01
    -0.4294415E+02    -0.9523888E+01
    -0.4295416E+02    -0.9518700E+01
    -0.4295815E+02    -0.9506515E+01
    -0.4294901E+02    -0.9489962E+01
    -0.4294316E+02    -0.9480873E+01
    -0.4294194E+02    -0.9470272E+01
    -0.4293994E+02    -0.9464634E+01
    -0.4293975E+02    -0.9454234E+01
    -0.4294429E+02    -0.9449728E+01
    -0.4295265E+02    -0.9446658E+01
    -0.4296190E+02    -0.9446287E+01
    -0.4297474E+02    -0.9440383E+01
    -0.4298774E+02    -0.9432882E+01
    -0.4300174E+02    -0.9427414E+01
    -0.4301525E+02    -0.9430308E+01
    -0.4302598E+02    -0.9429910E+01
    -0.4303498E+02    -0.9427452E+01
    -0.4303977E+02    -0.9425069E+01
    -0.4304149E+02    -0.9415430E+01
    -0.4304456E+02    -0.9399291E+01
    -0.4305115E+02    -0.9391862E+01
    -0.4305949E+02    -0.9387954E+01
    -0.4307097E+02    -0.9390450E+01
    -0.4308242E+02    -0.9392136E+01
    -0.4309037E+02    -0.9385521E+01
    -0.4309552E+02    -0.9379371E+01
    -0.4310506E+02    -0.9380382E+01
    -0.4311655E+02    -0.9383957E+01
    -0.4312510E+02    -0.9382856E+01
    -0.4313261E+02    -0.9377047E+01
    -0.4313892E+02    -0.9371902E+01
    -0.4314966E+02    -0.9372009E+01
    -0.4315549E+02    -0.9375569E+01
    -0.4316131E+02    -0.9384089E+01
    -0.4317403E+02    -0.9401825E+01
    -0.4317794E+02    -0.9407427E+01
    -0.4318443E+02    -0.9414938E+01
    -0.4319244E+02    -0.9418509E+01
    -0.4320005E+02    -0.9418370E+01
    -0.4320729E+02    -0.9411386E+01
    -0.4321132E+02    -0.9407656E+01
    -0.4321909E+02    -0.9401246E+01
    -0.4322848E+02    -0.9397313E+01
    -0.4323236E+02    -0.9397033E+01
    -0.4323712E+02    -0.9398302E+01
    -0.4324740E+02    -0.9404258E+01
    -0.4325891E+02    -0.9408772E+01
    -0.4326937E+02    -0.9407632E+01
    -0.4327602E+02    -0.9406563E+01
    -0.4328358E+02    -0.9403584E+01
    -0.4329778E+02    -0.9399536E+01
    -0.4330921E+02    -0.9399323E+01
    -0.4331492E+02    -0.9399215E+01
    -0.4331872E+02    -0.9402839E+01
    -0.4332923E+02    -0.9413085E+01
    -0.4333532E+02    -0.9419636E+01
    -0.4335066E+02    -0.9433569E+01
    -0.4335637E+02    -0.9434924E+01
    -0.4336916E+02    -0.9432801E+01
    -0.4337929E+02    -0.9428260E+01
    -0.4339427E+02    -0.9414736E+01
    -0.4340345E+02    -0.9397538E+01
    -0.4340525E+02    -0.9385323E+01
    -0.4340476E+02    -0.9370919E+01
    -0.4340540E+02    -0.9349810E+01
    -0.4341140E+02    -0.9334447E+01
    -0.4341904E+02    -0.9318752E+01
    -0.4342224E+02    -0.9308130E+01
    -0.4343340E+02    -0.9274981E+01
    -0.4344075E+02    -0.9261601E+01
    -0.4345288E+02    -0.9249075E+01
    -0.4347362E+02    -0.9239219E+01
    -0.4349352E+02    -0.9234069E+01
    -0.4353401E+02    -0.9229938E+01
    -0.4355172E+02    -0.9232514E+01
    -0.4356844E+02    -0.9238032E+01
    -0.4358041E+02    -0.9248478E+01
    -0.4359023E+02    -0.9263412E+01
    -0.4359811E+02    -0.9276494E+01
    -0.4360211E+02    -0.9285871E+01
    -0.4360789E+02    -0.9289538E+01
    -0.4362391E+02    -0.9297924E+01
    -0.4364524E+02    -0.9302302E+01
    -0.4366352E+02    -0.9309233E+01
    -0.4367583E+02    -0.9317147E+01
    -0.4368111E+02    -0.9331574E+01
    -0.4368315E+02    -0.9355853E+01
    -0.4368656E+02    -0.9364562E+01
    -0.4369627E+02    -0.9373823E+01
    -0.4370984E+02    -0.9384897E+01
    -0.4372725E+02    -0.9397784E+01
    -0.4375057E+02    -0.9420007E+01
    -0.4376802E+02    -0.9434782E+01
    -0.4378349E+02    -0.9445815E+01
    -0.4380002E+02    -0.9461894E+01
    -0.4381590E+02    -0.9476608E+01
    -0.4382254E+02    -0.9491930E+01
    -0.4382491E+02    -0.9512112E+01
    -0.4382142E+02    -0.9527315E+01
    -0.4381599E+02    -0.9540668E+01
    -0.4380857E+02    -0.9550279E+01
    -0.4379551E+02    -0.9563787E+01
    -0.4378537E+02    -0.9580074E+01
    -0.4378081E+02    -0.9588470E+01
    -0.4377994E+02    -0.9607290E+01
    -0.4376996E+02    -0.9633401E+01
    -0.4376226E+02    -0.9659050E+01
    -0.4375718E+02    -0.9686312E+01
    -0.4375714E+02    -0.9704699E+01
    -0.4375972E+02    -0.9719637E+01
    -0.4375618E+02    -0.9732951E+01
    -0.4374786E+02    -0.9745417E+01
    -0.4373194E+02    -0.9758983E+01
    -0.4371974E+02    -0.9768688E+01
    -0.4369627E+02    -0.9786189E+01
    -0.4368619E+02    -0.9806256E+01
    -0.4367715E+02    -0.9830086E+01
    -0.4367369E+02    -0.9847182E+01
    -0.4367400E+02    -0.9862311E+01
    -0.4367622E+02    -0.9877402E+01
    -0.4368414E+02    -0.9891433E+01
    -0.4368704E+02    -0.9893267E+01
    -0.4368996E+02    -0.9896046E+01
    -0.4370461E+02    -0.9911833E+01
    -0.4371642E+02    -0.9929567E+01
    -0.4371592E+02    -0.9951337E+01
    -0.4369954E+02    -0.9989507E+01
    -0.4369356E+02    -0.1000000E+02
    -0.4368481E+02    -0.1001535E+02
    -0.4367757E+02    -0.1003441E+02
    -0.4367498E+02    -0.1004905E+02
    -0.4367472E+02    -0.1005699E+02
    -0.4367812E+02    -0.1006089E+02
    -0.4368396E+02    -0.1006645E+02
    -0.4369545E+02    -0.1006811E+02
    -0.4370396E+02    -0.1006416E+02
    -0.4372656E+02    -0.1005511E+02
    -0.4374461E+02    -0.1005140E+02
    -0.4375430E+02    -0.1005178E+02
    -0.4375909E+02    -0.1005263E+02
    -0.4377551E+02    -0.1006176E+02
    -0.4377715E+02    -0.1007415E+02
    -0.4377464E+02    -0.1009510E+02
    -0.4377451E+02    -0.1010931E+02
    -0.4377921E+02    -0.1014683E+02
    -0.4379260E+02    -0.1016662E+02
    -0.4379482E+02    -0.1017159E+02
    -0.4379917E+02    -0.1017819E+02
    -0.4381635E+02    -0.1018676E+02
    -0.4382539E+02    -0.1020064E+02
    -0.4383020E+02    -0.1020918E+02
    -0.4383430E+02    -0.1022234E+02
    -0.4384612E+02    -0.1023913E+02
    -0.4385799E+02    -0.1025781E+02
    -0.4386404E+02    -0.1027282E+02
    -0.4387034E+02    -0.1029918E+02
    -0.4387648E+02    -0.1031798E+02
    -0.4388456E+02    -0.1033863E+02
    -0.4389281E+02    -0.1036684E+02
    -0.4390286E+02    -0.1038934E+02
    -0.4391270E+02    -0.1040238E+02
    -0.4392234E+02    -0.1040597E+02
    -0.4393766E+02    -0.1040754E+02
    -0.4396705E+02    -0.1040795E+02
    -0.4398552E+02    -0.1041032E+02
    -0.4399324E+02    -0.1041394E+02
    -0.4400870E+02    -0.1042118E+02
    -0.4401659E+02    -0.1043237E+02
    -0.4402270E+02    -0.1044927E+02
    -0.4403093E+02    -0.1047559E+02
    -0.4403780E+02    -0.1049466E+02
    -0.4404704E+02    -0.1051119E+02
    -0.4405905E+02    -0.1053650E+02
    -0.4406828E+02    -0.1056469E+02
    -0.4408035E+02    -0.1059093E+02
    -0.4408718E+02    -0.1059741E+02
    -0.4410161E+02    -0.1060088E+02
    -0.4411209E+02    -0.1059876E+02
    -0.4412065E+02    -0.1059669E+02
    -0.4412541E+02    -0.1059564E+02
    -0.4413115E+02    -0.1059551E+02
    -0.4414566E+02    -0.1060277E+02
    -0.4418220E+02    -0.1061144E+02
    -0.4421979E+02    -0.1062386E+02
    -0.4423687E+02    -0.1062929E+02
    -0.4424768E+02    -0.1062931E+02
    -0.4425524E+02    -0.1062592E+02
    -0.4427036E+02    -0.1061802E+02
    -0.4427983E+02    -0.1061402E+02
    -0.4430257E+02    -0.1060405E+02
    -0.4431778E+02    -0.1059993E+02
    -0.4432725E+02    -0.1059593E+02
    -0.4435958E+02    -0.1058764E+02
    -0.4439000E+02    -0.1057938E+02
    -0.4440584E+02    -0.1057749E+02
    -0.4441581E+02    -0.1057880E+02
    -0.4443315E+02    -0.1058408E+02
    -0.4444416E+02    -0.1059176E+02
    -0.4445645E+02    -0.1059869E+02
    -0.4446806E+02    -0.1060410E+02
    -0.4447915E+02    -0.1060950E+02
    -0.4449932E+02    -0.1061451E+02
    -0.4452000E+02    -0.1061616E+02
    -0.4453740E+02    -0.1062333E+02
    -0.4455092E+02    -0.1062870E+02
    -0.4456644E+02    -0.1063780E+02
    -0.4457814E+02    -0.1064699E+02
    -0.4459089E+02    -0.1065912E+02
    -0.4460351E+02    -0.1066722E+02
    -0.4462482E+02    -0.1067808E+02
    -0.4464610E+02    -0.1068705E+02
    -0.4465796E+02    -0.1070286E+02
    -0.4466496E+02    -0.1071499E+02
    -0.4466901E+02    -0.1072436E+02
    -0.4467111E+02    -0.1073188E+02
    -0.4467508E+02    -0.1073747E+02
    -0.4467998E+02    -0.1074209E+02
    -0.4469447E+02    -0.1074742E+02
    -0.4472129E+02    -0.1074868E+02
    -0.4472895E+02    -0.1074850E+02
    -0.4473664E+02    -0.1075021E+02
    -0.4474052E+02    -0.1075201E+02
    -0.4474654E+02    -0.1076322E+02
    -0.4475968E+02    -0.1079130E+02
    -0.4476374E+02    -0.1080067E+02
    -0.4477182E+02    -0.1081751E+02
    -0.4478496E+02    -0.1084559E+02
    -0.4479694E+02    -0.1086518E+02
    -0.4480674E+02    -0.1087441E+02
    -0.4482514E+02    -0.1088248E+02
    -0.4484839E+02    -0.1089328E+02
    -0.4485031E+02    -0.1089323E+02
    -0.4486280E+02    -0.1089482E+02
    -0.4491264E+02    -0.1089645E+02
    -0.4494522E+02    -0.1089754E+02
    -0.4495671E+02    -0.1089726E+02
    -0.4497497E+02    -0.1089965E+02
    -0.4499804E+02    -0.1090287E+02
    -0.4500000E+02    -0.1090282E+02
    -0.4500208E+02    -0.1089976E+02
    -0.4502356E+02    -0.1089830E+02
    -0.4503343E+02    -0.1089513E+02
    -0.4504042E+02    -0.1088727E+02
    -0.4504428E+02    -0.1088277E+02
    -0.4505018E+02    -0.1087994E+02
    -0.4505790E+02    -0.1087901E+02
    -0.4507396E+02    -0.1087901E+02
    -0.4508451E+02    -0.1087654E+02
    -0.4509209E+02    -0.1087238E+02
    -0.4510337E+02    -0.1086901E+02
    -0.4510624E+02    -0.1086633E+02
    -0.4511635E+02    -0.1086293E+02
    -0.4512410E+02    -0.1086084E+02
    -0.4513919E+02    -0.1085436E+02
    -0.4515191E+02    -0.1084965E+02
    -0.4516325E+02    -0.1084398E+02
    -0.4518173E+02    -0.1082491E+02
    -0.4518649E+02    -0.1082113E+02
    -0.4519638E+02    -0.1081726E+02
    -0.4520939E+02    -0.1081025E+02
    -0.4522086E+02    -0.1080827E+02
    -0.4522568E+02    -0.1081071E+02
    -0.4523893E+02    -0.1081131E+02
    -0.4524366E+02    -0.1080890E+02
    -0.4524751E+02    -0.1080440E+02
    -0.4525179E+02    -0.1079346E+02
    -0.4525264E+02    -0.1078819E+02
    -0.4525597E+02    -0.1078551E+02
    -0.4527921E+02    -0.1077879E+02
    -0.4530663E+02    -0.1077240E+02
    -0.4531436E+02    -0.1077077E+02
    -0.4532310E+02    -0.1076618E+02
    -0.4532859E+02    -0.1076149E+02
    -0.4533356E+02    -0.1075034E+02
    -0.4533816E+02    -0.1073595E+02
    -0.4534355E+02    -0.1072642E+02
    -0.4534914E+02    -0.1071828E+02
    -0.4535594E+02    -0.1070810E+02
    -0.4536676E+02    -0.1069596E+02
    -0.4538312E+02    -0.1066876E+02
    -0.4538801E+02    -0.1066037E+02
    -0.4539500E+02    -0.1065203E+02
    -0.4540031E+02    -0.1064526E+02
    -0.4540604E+02    -0.1063989E+02
    -0.4541483E+02    -0.1063368E+02
    -0.4542411E+02    -0.1062610E+02
    -0.4543076E+02    -0.1062121E+02
    -0.4544515E+02    -0.1060594E+02
    -0.4545000E+02    -0.1059893E+02
    -0.4545412E+02    -0.1058476E+02
    -0.4545941E+02    -0.1056186E+02
    -0.4546032E+02    -0.1055451E+02
    -0.4545754E+02    -0.1052909E+02
    -0.4545945E+02    -0.1051049E+02
    -0.4546203E+02    -0.1050134E+02
    -0.4546604E+02    -0.1049108E+02
    -0.4546970E+02    -0.1048519E+02
    -0.4547409E+02    -0.1047748E+02
    -0.4547916E+02    -0.1047093E+02
    -0.4548903E+02    -0.1045047E+02
    -0.4549267E+02    -0.1044504E+02
    -0.4550325E+02    -0.1043242E+02
    -0.4552257E+02    -0.1040645E+02
    -0.4553614E+02    -0.1038631E+02
    -0.4555693E+02    -0.1036614E+02
    -0.4556594E+02    -0.1035947E+02
    -0.4557500E+02    -0.1035118E+02
    -0.4558480E+02    -0.1034154E+02
    -0.4559914E+02    -0.1033570E+02
    -0.4561575E+02    -0.1033177E+02
    -0.4563136E+02    -0.1033034E+02
    -0.4564624E+02    -0.1032981E+02
    -0.4564858E+02    -0.1032941E+02
    -0.4565090E+02    -0.1032948E+02
    -0.4565833E+02    -0.1032990E+02
    -0.4566275E+02    -0.1032956E+02
    -0.4568324E+02    -0.1032826E+02
    -0.4569463E+02    -0.1032810E+02
    -0.4571252E+02    -0.1032810E+02
    -0.4571883E+02    -0.1032712E+02
    -0.4573417E+02    -0.1032683E+02
    -0.4574744E+02    -0.1032602E+02
    -0.4575487E+02    -0.1032622E+02
    -0.4575577E+02    -0.1032739E+02
    -0.4576046E+02    -0.1032567E+02
    -0.4578045E+02    -0.1032550E+02
    -0.4581503E+02    -0.1032755E+02
    -0.4582663E+02    -0.1032808E+02
    -0.4584085E+02    -0.1032637E+02
    -0.4584719E+02    -0.1032400E+02
    -0.4586163E+02    -0.1032299E+02
    -0.4587537E+02    -0.1032173E+02
    -0.4588399E+02    -0.1032103E+02
    -0.4589237E+02    -0.1032032E+02
    -0.4591451E+02    -0.1031813E+02
    -0.4593691E+02    -0.1031455E+02
    -0.4594695E+02    -0.1031250E+02
    -0.4594740E+02    -0.1030445E+02
    -0.4594559E+02    -0.1029335E+02
    -0.4594703E+02    -0.1027404E+02
    -0.4594742E+02    -0.1025930E+02
    -0.4595140E+02    -0.1024904E+02
    -0.4595634E+02    -0.1023788E+02
    -0.4595640E+02    -0.1023558E+02
    -0.4594577E+02    -0.1021573E+02
    -0.4594503E+02    -0.1020857E+02
    -0.4594426E+02    -0.1020233E+02
    -0.4593795E+02    -0.1019503E+02
    -0.4593708E+02    -0.1019270E+02
    -0.4593982E+02    -0.1018563E+02
    -0.4594495E+02    -0.1017586E+02
    -0.4594580E+02    -0.1016989E+02
    -0.4594297E+02    -0.1016268E+02
    -0.4593579E+02    -0.1015680E+02
    -0.4593579E+02    -0.1015680E+02
    -0.4593367E+02    -0.1015608E+02
    -0.4592732E+02    -0.1014858E+02
    -0.4592429E+02    -0.1014898E+02
    -0.4592134E+02    -0.1014593E+02
    -0.4591957E+02    -0.1014152E+02
    -0.4591967E+02    -0.1013669E+02
    -0.4591939E+02    -0.1013508E+02
    -0.4591866E+02    -0.1013076E+02
    -0.4591821E+02    -0.1012814E+02
    -0.4591600E+02    -0.1012257E+02
    -0.4591288E+02    -0.1011652E+02
    -0.4590359E+02    -0.1010482E+02
    -0.4589871E+02    -0.1009344E+02
    -0.4589414E+02    -0.1007861E+02
    -0.4589400E+02    -0.1007423E+02
    -0.4589680E+02    -0.1006185E+02
    -0.4589554E+02    -0.1005538E+02
    -0.4589388E+02    -0.1004567E+02
    -0.4589306E+02    -0.1004036E+02
    -0.4589037E+02    -0.1003547E+02
    -0.4589050E+02    -0.1002902E+02
    -0.4588564E+02    -0.1001718E+02
    -0.4588048E+02    -0.1000810E+02
    -0.4587733E+02    -0.1000320E+02
    -0.4587394E+02    -0.1000000E+02
    -0.4587209E+02    -0.9998262E+01
    -0.4586921E+02    -0.9991527E+01
    -0.4586519E+02    -0.9984077E+01
    -0.4586295E+02    -0.9980350E+01
    -0.4585727E+02    -0.9974250E+01
    -0.4585348E+02    -0.9955290E+01
    -0.4585238E+02    -0.9940990E+01
    -0.4585837E+02    -0.9931437E+01
    -0.4586813E+02    -0.9907910E+01
    -0.4587044E+02    -0.9897133E+01
    -0.4586802E+02    -0.9890867E+01
    -0.4587094E+02    -0.9883786E+01
    -0.4587504E+02    -0.9876268E+01
    -0.4587483E+02    -0.9875343E+01
    -0.4587342E+02    -0.9864722E+01
    -0.4587056E+02    -0.9857297E+01
    -0.4586424E+02    -0.9848422E+01
    -0.4586366E+02    -0.9842653E+01
    -0.4586108E+02    -0.9832931E+01
    -0.4585878E+02    -0.9820451E+01
    -0.4585798E+02    -0.9814447E+01
    -0.4585440E+02    -0.9807698E+01
    -0.4584597E+02    -0.9800393E+01
    -0.4583871E+02    -0.9792650E+01
    -0.4583401E+02    -0.9784037E+01
    -0.4583317E+02    -0.9780106E+01
    -0.4583265E+02    -0.9771345E+01
    -0.4583372E+02    -0.9764228E+01
    -0.4583815E+02    -0.9752112E+01
    -0.4583525E+02    -0.9746068E+01
    -0.4583655E+02    -0.9739417E+01
    -0.4583855E+02    -0.9732548E+01
    -0.4583888E+02    -0.9727719E+01
    -0.4584191E+02    -0.9715576E+01
    -0.4584200E+02    -0.9710973E+01
    -0.4584117E+02    -0.9706351E+01
    -0.4584546E+02    -0.9700680E+01
    -0.4584622E+02    -0.9697701E+01
    -0.4584193E+02    -0.9680577E+01
    -0.4584134E+02    -0.9675500E+01
    -0.4584377E+02    -0.9658740E+01
    -0.4584338E+02    -0.9654819E+01
    -0.4584277E+02    -0.9650892E+01
    -0.4583961E+02    -0.9646685E+01
    -0.4583749E+02    -0.9636972E+01
    -0.4583495E+02    -0.9613897E+01
    -0.4583552E+02    -0.9608844E+01
    -0.4583671E+02    -0.9607025E+01
    -0.4584442E+02    -0.9604185E+01
    -0.4584680E+02    -0.9601239E+01
    -0.4584457E+02    -0.9596590E+01
    -0.4584516E+02    -0.9590846E+01
    -0.4584897E+02    -0.9585626E+01
    -0.4584953E+02    -0.9581033E+01
    -0.4584474E+02    -0.9565742E+01
    -0.4584042E+02    -0.9561743E+01
    -0.4583744E+02    -0.9560071E+01
    -0.4583524E+02    -0.9554502E+01
    -0.4583422E+02    -0.9536524E+01
    -0.4583070E+02    -0.9527245E+01
    -0.4582421E+02    -0.9515834E+01
    -0.4582334E+02    -0.9513977E+01
    -0.4582334E+02    -0.9513977E+01
    -0.4582254E+02    -0.9512921E+01
    -0.4581330E+02    -0.9502782E+01
    -0.4580875E+02    -0.9499671E+01
    -0.4580109E+02    -0.9491643E+01
    -0.4579087E+02    -0.9484010E+01
    -0.4578842E+02    -0.9480262E+01
    -0.4578883E+02    -0.9473366E+01
    -0.4579203E+02    -0.9466311E+01
    -0.4579736E+02    -0.9448952E+01
    -0.4579825E+02    -0.9441607E+01
    -0.4580528E+02    -0.9429817E+01
    -0.4580332E+02    -0.9425392E+01
    -0.4580252E+02    -0.9420536E+01
    -0.4580537E+02    -0.9409099E+01
    -0.4581385E+02    -0.9392478E+01
    -0.4581385E+02    -0.9392478E+01
    -0.4582358E+02    -0.9388741E+01
    -0.4582542E+02    -0.9385657E+01
    -0.4583077E+02    -0.9376684E+01
    -0.4583503E+02    -0.9372396E+01
    -0.4584039E+02    -0.9370890E+01
    -0.4584883E+02    -0.9365763E+01
    -0.4586676E+02    -0.9360824E+01
    -0.4587564E+02    -0.9356855E+01
    -0.4587989E+02    -0.9353026E+01
    -0.4588478E+02    -0.9351511E+01
    -0.4588594E+02    -0.9351304E+01
    -0.4589086E+02    -0.9348639E+01
    -0.4589325E+02    -0.9344772E+01
    -0.4589638E+02    -0.9327569E+01
    -0.4590350E+02    -0.9318962E+01
    -0.4590242E+02    -0.9315258E+01
    -0.4590556E+02    -0.9308874E+01
    -0.4590778E+02    -0.9302011E+01
    -0.4590748E+02    -0.9293719E+01
    -0.4590128E+02    -0.9291295E+01
    -0.4589906E+02    -0.9286648E+01
    -0.4589959E+02    -0.9283436E+01
    -0.4590406E+02    -0.9279611E+01
    -0.4590505E+02    -0.9276407E+01
    -0.4590139E+02    -0.9262754E+01
    -0.4590176E+02    -0.9255856E+01
    -0.4590305E+02    -0.9249437E+01
    -0.4590160E+02    -0.9241121E+01
    -0.4590284E+02    -0.9237003E+01
    -0.4590665E+02    -0.9232014E+01
    -0.4590680E+02    -0.9224651E+01
    -0.4590553E+02    -0.9207132E+01
    -0.4590685E+02    -0.9199102E+01
    -0.4590831E+02    -0.9195218E+01
    -0.4590655E+02    -0.9191041E+01
    -0.4590127E+02    -0.9188636E+01
    -0.4590067E+02    -0.9184020E+01
    -0.4590258E+02    -0.9181295E+01
    -0.4590491E+02    -0.9180421E+01
    -0.4591122E+02    -0.9177322E+01
    -0.4591594E+02    -0.9172812E+01
    -0.4591962E+02    -0.9162296E+01
    -0.4592234E+02    -0.9153833E+01
    -0.4592522E+02    -0.9148826E+01
    -0.4592896E+02    -0.9146829E+01
    -0.4593019E+02    -0.9143169E+01
    -0.4593088E+02    -0.9131905E+01
    -0.4593067E+02    -0.9119243E+01
    -0.4592746E+02    -0.9106291E+01
    -0.4592621E+02    -0.9099362E+01
    -0.4593089E+02    -0.9096922E+01
    -0.4593190E+02    -0.9092798E+01
    -0.4593028E+02    -0.9081260E+01
    -0.4593154E+02    -0.9075991E+01
    -0.4593932E+02    -0.9068548E+01
    -0.4594223E+02    -0.9062161E+01
    -0.4594310E+02    -0.9052972E+01
    -0.4593933E+02    -0.9045074E+01
    -0.4593938E+02    -0.9042772E+01
    -0.4594365E+02    -0.9037333E+01
    -0.4594427E+02    -0.9023437E+01
    -0.4594427E+02    -0.9023437E+01
    -0.4594582E+02    -0.9014935E+01
    -0.4595324E+02    -0.9005687E+01
    -0.4595750E+02    -0.9001884E+01
    -0.4596611E+02    -0.8981849E+01
    -0.4597942E+02    -0.8967917E+01
    -0.4598356E+02    -0.8959968E+01
    -0.4598555E+02    -0.8954494E+01
    -0.4598872E+02    -0.8948360E+01
    -0.4598951E+02    -0.8944468E+01
    -0.4599011E+02    -0.8939190E+01
    -0.4599291E+02    -0.8929365E+01
    -0.4599011E+02    -0.8921240E+01
    -0.4598083E+02    -0.8904895E+01
    -0.4597978E+02    -0.8896072E+01
    -0.4597978E+02    -0.8896072E+01
    -0.4597844E+02    -0.8893261E+01
    -0.4597736E+02    -0.8889559E+01
    -0.4597058E+02    -0.8881833E+01
    -0.4596783E+02    -0.8868663E+01
    -0.4596579E+02    -0.8867013E+01
    -0.4596131E+02    -0.8859792E+01
    -0.4595837E+02    -0.8845008E+01
    -0.4595636E+02    -0.8841288E+01
    -0.4595383E+02    -0.8840549E+01
    -0.4595219E+02    -0.8841666E+01
    -0.4594975E+02    -0.8848291E+01
    -0.4594609E+02    -0.8846380E+01
    -0.4594439E+02    -0.8839213E+01
    -0.4594497E+02    -0.8833241E+01
    -0.4595222E+02    -0.8829011E+01
    -0.4595417E+02    -0.8823757E+01
    -0.4595289E+02    -0.8818439E+01
    -0.4594779E+02    -0.8807756E+01
    -0.4593586E+02    -0.8791876E+01
    -0.4593159E+02    -0.8786041E+01
    -0.4592631E+02    -0.8784096E+01
    -0.4592339E+02    -0.8780128E+01
    -0.4591025E+02    -0.8766755E+01
    -0.4590343E+02    -0.8761329E+01
    -0.4589860E+02    -0.8760313E+01
    -0.4589367E+02    -0.8763897E+01
    -0.4589024E+02    -0.8762218E+01
    -0.4588866E+02    -0.8748843E+01
    -0.4588646E+02    -0.8743507E+01
    -0.4588240E+02    -0.8738826E+01
    -0.4587392E+02    -0.8735207E+01
    -0.4586405E+02    -0.8732020E+01
    -0.4586232E+02    -0.8726463E+01
    -0.4586451E+02    -0.8720985E+01
    -0.4586340E+02    -0.8718663E+01
    -0.4585903E+02    -0.8717886E+01
    -0.4584713E+02    -0.8723401E+01
    -0.4584056E+02    -0.8717058E+01
    -0.4583792E+02    -0.8710793E+01
    -0.4583291E+02    -0.8707012E+01
    -0.4583153E+02    -0.8706755E+01
    -0.4582862E+02    -0.8690822E+01
    -0.4581489E+02    -0.8662249E+01
    -0.4581540E+02    -0.8659729E+01
    -0.4581889E+02    -0.8658418E+01
    -0.4582198E+02    -0.8654108E+01
    -0.4582106E+02    -0.8654090E+01
    -0.4581772E+02    -0.8648042E+01
    -0.4581165E+02    -0.8640098E+01
    -0.4580069E+02    -0.8622854E+01
    -0.4579338E+02    -0.8618567E+01
    -0.4576757E+02    -0.8615746E+01
    -0.4576857E+02    -0.8612545E+01
    -0.4577090E+02    -0.8611442E+01
    -0.4578545E+02    -0.8599771E+01
    -0.4578946E+02    -0.8595942E+01
    -0.4579138E+02    -0.8592299E+01
    -0.4579075E+02    -0.8589526E+01
    -0.4578853E+02    -0.8587470E+01
    -0.4578644E+02    -0.8585528E+01
    -0.4577821E+02    -0.8581682E+01
    -0.4577454E+02    -0.8580228E+01
    -0.4577252E+02    -0.8577657E+01
    -0.4576931E+02    -0.8576442E+01
    -0.4576844E+02    -0.8574123E+01
    -0.4576570E+02    -0.8572458E+01
    -0.4576482E+02    -0.8570371E+01
    -0.4576251E+02    -0.8559281E+01
    -0.4575397E+02    -0.8548066E+01
    -0.4575249E+02    -0.8541366E+01
    -0.4575412E+02    -0.8529436E+01
    -0.4575341E+02    -0.8519071E+01
    -0.4574559E+02    -0.8506950E+01
    -0.4574519E+02    -0.8503951E+01
    -0.4574872E+02    -0.8500343E+01
    -0.4575063E+02    -0.8497621E+01
    -0.4575190E+02    -0.8491896E+01
    -0.4574936E+02    -0.8480803E+01
    -0.4574752E+02    -0.8475951E+01
    -0.4574752E+02    -0.8475951E+01
    -0.4574539E+02    -0.8468085E+01
    -0.4574757E+02    -0.8455491E+01
    -0.4574664E+02    -0.8447185E+01
    -0.4574336E+02    -0.8440197E+01
    -0.4573571E+02    -0.8432865E+01
    -0.4573396E+02    -0.8429599E+01
    -0.4573631E+02    -0.8419079E+01
    -0.4573554E+02    -0.8413538E+01
    -0.4573353E+02    -0.8410954E+01
    -0.4572562E+02    -0.8404536E+01
    -0.4572430E+02    -0.8402200E+01
    -0.4572613E+02    -0.8394427E+01
    -0.4572485E+02    -0.8390483E+01
    -0.4572236E+02    -0.8388577E+01
    -0.4571845E+02    -0.8388245E+01
    -0.4571254E+02    -0.8384868E+01
    -0.4570599E+02    -0.8379405E+01
    -0.4570581E+02    -0.8377789E+01
    -0.4570117E+02    -0.8366223E+01
    -0.4570117E+02    -0.8366223E+01
    -0.4569733E+02    -0.8363818E+01
    -0.4569511E+02    -0.8359632E+01
    -0.4569707E+02    -0.8354383E+01
    -0.4569790E+02    -0.8347729E+01
    -0.4569597E+02    -0.8340791E+01
    -0.4567624E+02    -0.8302438E+01
    -0.4567271E+02    -0.8294775E+01
    -0.4567196E+02    -0.8286711E+01
    -0.4567286E+02    -0.8276840E+01
    -0.4567155E+02    -0.8261865E+01
    -0.4566870E+02    -0.8254907E+01
    -0.4565870E+02    -0.8248261E+01
    -0.4565755E+02    -0.8247778E+01
    -0.4565736E+02    -0.8245934E+01
    -0.4565527E+02    -0.8246582E+01
    -0.4565299E+02    -0.8245384E+01
    -0.4564283E+02    -0.8235286E+01
    -0.4562603E+02    -0.8222290E+01
    -0.4561815E+02    -0.8213388E+01
    -0.4561619E+02    -0.8208058E+01
    -0.4561681E+02    -0.8200482E+01
    -0.4561808E+02    -0.8194989E+01
    -0.4561504E+02    -0.8186189E+01
    -0.4560783E+02    -0.8177991E+01
    -0.4559781E+02    -0.8172493E+01
    -0.4559081E+02    -0.8165218E+01
    -0.4558930E+02    -0.8160587E+01
    -0.4559225E+02    -0.8140874E+01
    -0.4559100E+02    -0.8134870E+01
    -0.4558167E+02    -0.8118578E+01
    -0.4558371E+02    -0.8113869E+01
    -0.4558603E+02    -0.8108553E+01
    -0.4558730E+02    -0.8103061E+01
    -0.4558716E+02    -0.8098459E+01
    -0.4558427E+02    -0.8093570E+01
    -0.4558389E+02    -0.8090113E+01
    -0.4558399E+02    -0.8085056E+01
    -0.4557633E+02    -0.8076849E+01
    -0.4557411E+02    -0.8072894E+01
    -0.4557518E+02    -0.8065788E+01
    -0.4557467E+02    -0.8057500E+01
    -0.4557134E+02    -0.8051453E+01
    -0.4556890E+02    -0.8047033E+01
    -0.4557069E+02    -0.8039023E+01
    -0.4557877E+02    -0.8027237E+01
    -0.4557246E+02    -0.8020437E+01
    -0.4556816E+02    -0.8016898E+01
    -0.4556606E+02    -0.8018003E+01
    -0.4555640E+02    -0.8017342E+01
    -0.4555439E+02    -0.8014310E+01
    -0.4555633E+02    -0.8009983E+01
    -0.4556076E+02    -0.8007546E+01
    -0.4557426E+02    -0.8000000E+01
    -0.4557426E+02    -0.8000000E+01
    -0.4557451E+02    -0.7997934E+01
    -0.4556969E+02    -0.7987379E+01
    -0.4556730E+02    -0.7982144E+01
    -0.4556473E+02    -0.7979277E+01
    -0.4555587E+02    -0.7969373E+01
    -0.4555341E+02    -0.7966620E+01
    -0.4555200E+02    -0.7961810E+01
    -0.4555336E+02    -0.7957443E+01
    -0.4555978E+02    -0.7954425E+01
    -0.4555792E+02    -0.7950305E+01
    -0.4555075E+02    -0.7942544E+01
    -0.4554888E+02    -0.7933191E+01
    -0.4554791E+02    -0.7928335E+01
    -0.4554902E+02    -0.7919840E+01
    -0.4554716E+02    -0.7917326E+01
    -0.4554348E+02    -0.7916658E+01
    -0.4553592E+02    -0.7921747E+01
    -0.4553017E+02    -0.7922237E+01
    -0.4553083E+02    -0.7917875E+01
    -0.4552902E+02    -0.7911516E+01
    -0.4552802E+02    -0.7908024E+01
    -0.4552985E+02    -0.7905261E+01
    -0.4553130E+02    -0.7904799E+01
    -0.4553245E+02    -0.7904437E+01
    -0.4553245E+02    -0.7904437E+01
    -0.4554386E+02    -0.7900825E+01
    -0.4554866E+02    -0.7895291E+01
    -0.4554612E+02    -0.7892552E+01
    -0.4552676E+02    -0.7886463E+01
    -0.4552537E+02    -0.7884635E+01
    -0.4553796E+02    -0.7873782E+01
    -0.4554321E+02    -0.7865034E+01
    -0.4554319E+02    -0.7862280E+01
    -0.4553258E+02    -0.7856602E+01
    -0.4552980E+02    -0.7853176E+01
    -0.4553111E+02    -0.7839859E+01
    -0.4552880E+02    -0.7837119E+01
    -0.4551957E+02    -0.7832350E+01
    -0.4551233E+02    -0.7811049E+01
    -0.4551273E+02    -0.7799574E+01
    -0.4550142E+02    -0.7792751E+01
    -0.4550323E+02    -0.7787234E+01
    -0.4550230E+02    -0.7784944E+01
    -0.4549563E+02    -0.7785439E+01
    -0.4549424E+02    -0.7782464E+01
    -0.4549510E+02    -0.7771903E+01
    -0.4549080E+02    -0.7767049E+01
    -0.4549024E+02    -0.7766422E+01
    -0.4548953E+02    -0.7762065E+01
    -0.4550072E+02    -0.7746859E+01
    -0.4549841E+02    -0.7744347E+01
    -0.4549358E+02    -0.7744832E+01
    -0.4548601E+02    -0.7749234E+01
    -0.4548601E+02    -0.7749234E+01
    -0.4548414E+02    -0.7743048E+01
    -0.4548800E+02    -0.7733272E+01
    -0.4548959E+02    -0.7729249E+01
    -0.4548911E+02    -0.7724891E+01
    -0.4548722E+02    -0.7720695E+01
    -0.4548561E+02    -0.7717107E+01
    -0.4548215E+02    -0.7713454E+01
    -0.4547966E+02    -0.7712616E+01
    -0.4547477E+02    -0.7710969E+01
    -0.4547314E+02    -0.7707536E+01
    -0.4547495E+02    -0.7699723E+01
    -0.4547491E+02    -0.7694217E+01
    -0.4547490E+02    -0.7690773E+01
    -0.4547166E+02    -0.7686430E+01
    -0.4546797E+02    -0.7685302E+01
    -0.4546476E+02    -0.7687385E+01
    -0.4545302E+02    -0.7685842E+01
    -0.4545117E+02    -0.7684245E+01
    -0.4545139E+02    -0.7681260E+01
    -0.4546035E+02    -0.7679376E+01
    -0.4546310E+02    -0.7677296E+01
    -0.4546447E+02    -0.7674764E+01
    -0.4546191E+02    -0.7670876E+01
    -0.4545869E+02    -0.7669287E+01
    -0.4545248E+02    -0.7669091E+01
    -0.4544769E+02    -0.7671591E+01
    -0.4544561E+02    -0.7672681E+01
    -0.4544561E+02    -0.7672681E+01
    -0.4543917E+02    -0.7676047E+01
    -0.4543801E+02    -0.7673300E+01
    -0.4543888E+02    -0.7665262E+01
    -0.4543794E+02    -0.7660906E+01
    -0.4543310E+02    -0.7658178E+01
    -0.4542044E+02    -0.7656180E+01
    -0.4541882E+02    -0.7654123E+01
    -0.4541831E+02    -0.7644716E+01
    -0.4541600E+02    -0.7641974E+01
    -0.4540426E+02    -0.7641348E+01
    -0.4540125E+02    -0.7637463E+01
    -0.4540113E+02    -0.7635210E+01
    -0.4540024E+02    -0.7618188E+01
    -0.4539813E+02    -0.7611314E+01
    -0.4539651E+02    -0.7609945E+01
    -0.4539053E+02    -0.7609747E+01
    -0.4538251E+02    -0.7614381E+01
    -0.4537722E+02    -0.7614868E+01
    -0.4535137E+02    -0.7595724E+01
    -0.4534674E+02    -0.7590699E+01
    -0.4534393E+02    -0.7581073E+01
    -0.4533978E+02    -0.7577193E+01
    -0.4533079E+02    -0.7573338E+01
    -0.4532227E+02    -0.7571547E+01
    -0.4531599E+02    -0.7571779E+01
    -0.4530066E+02    -0.7572348E+01
    -0.4528798E+02    -0.7565757E+01
    -0.4527166E+02    -0.7567678E+01
    -0.4526382E+02    -0.7564275E+01
    -0.4525597E+02    -0.7557889E+01
    -0.4525409E+02    -0.7556870E+01
    -0.4525409E+02    -0.7556870E+01
    -0.4523960E+02    -0.7549021E+01
    -0.4523385E+02    -0.7548592E+01
    -0.4523064E+02    -0.7550903E+01
    -0.4522829E+02    -0.7557403E+01
    -0.4522565E+02    -0.7564701E+01
    -0.4521874E+02    -0.7563818E+01
    -0.4521205E+02    -0.7558114E+01
    -0.4520603E+02    -0.7550111E+01
    -0.4520034E+02    -0.7547858E+01
    -0.4518829E+02    -0.7543085E+01
    -0.4518610E+02    -0.7539598E+01
    -0.4518226E+02    -0.7533475E+01
    -0.4517478E+02    -0.7526295E+01
    -0.4516919E+02    -0.7520939E+01
    -0.4516655E+02    -0.7518404E+01
    -0.4516214E+02    -0.7515712E+01
    -0.4515871E+02    -0.7513623E+01
    -0.4515746E+02    -0.7513719E+01
    -0.4515549E+02    -0.7513869E+01
    -0.4515378E+02    -0.7516600E+01
    -0.4515378E+02    -0.7516600E+01
    -0.4515116E+02    -0.7520777E+01
    -0.4514311E+02    -0.7521506E+01
    -0.4512720E+02    -0.7512633E+01
    -0.4511431E+02    -0.7509484E+01
    -0.4509519E+02    -0.7503151E+01
    -0.4508254E+02    -0.7502296E+01
    -0.4506647E+02    -0.7506737E+01
    -0.4505706E+02    -0.7512521E+01
    -0.4504925E+02    -0.7512559E+01
    -0.4504274E+02    -0.7508141E+01
    -0.4502272E+02    -0.7494555E+01
    -0.4501812E+02    -0.7494807E+01
    -0.4501285E+02    -0.7498046E+01
    -0.4500710E+02    -0.7498074E+01
    -0.4500000E+02    -0.7491803E+01
    -0.4498978E+02    -0.7482778E+01
    -0.4498518E+02    -0.7482111E+01
    -0.4497001E+02    -0.7483791E+01
    -0.4496355E+02    -0.7478312E+01
    -0.4495204E+02    -0.7476532E+01
    -0.4493845E+02    -0.7470857E+01
    -0.4493071E+02    -0.7469475E+01
    -0.4492717E+02    -0.7468845E+01
    -0.4492509E+02    -0.7466788E+01
    -0.4492297E+02    -0.7453254E+01
    -0.4492102E+02    -0.7451596E+01
    -0.4492102E+02    -0.7451596E+01
    -0.4491557E+02    -0.7445714E+01
    -0.4490606E+02    -0.7433068E+01
    -0.4490146E+02    -0.7426956E+01
    -0.4489801E+02    -0.7425595E+01
    -0.4489031E+02    -0.7426144E+01
    -0.4488077E+02    -0.7426824E+01
    -0.4487478E+02    -0.7425245E+01
    -0.4486940E+02    -0.7419501E+01
    -0.4486488E+02    -0.7414680E+01
    -0.4486000E+02    -0.7409474E+01
    -0.4485828E+02    -0.7406997E+01
    -0.4485444E+02    -0.7401464E+01
    -0.4485580E+02    -0.7396178E+01
    -0.4484980E+02    -0.7390696E+01
    -0.4485001E+02    -0.7387251E+01
    -0.4484794E+02    -0.7385883E+01
    -0.4482953E+02    -0.7383407E+01
    -0.4482953E+02    -0.7383407E+01
    -0.4482849E+02    -0.7382631E+01
    -0.4482307E+02    -0.7378423E+01
    -0.4482122E+02    -0.7374988E+01
    -0.4482165E+02    -0.7367639E+01
    -0.4481887E+02    -0.7364667E+01
    -0.4481174E+02    -0.7364241E+01
    -0.4480280E+02    -0.7368874E+01
    -0.4479085E+02    -0.7370995E+01
    -0.4478146E+02    -0.7379532E+01
    -0.4477524E+02    -0.7376347E+01
    -0.4476582E+02    -0.7376160E+01
    -0.4475658E+02    -0.7367478E+01
    -0.4474993E+02    -0.7364524E+01
    -0.4474737E+02    -0.7363387E+01
    -0.4474323E+02    -0.7364095E+01
    -0.4473935E+02    -0.7369622E+01
    -0.4473277E+02    -0.7390314E+01
    -0.4472888E+02    -0.7394694E+01
    -0.4471878E+02    -0.7397954E+01
    -0.4471004E+02    -0.7398222E+01
    -0.4470475E+02    -0.7396869E+01
    -0.4469786E+02    -0.7399195E+01
    -0.4469441E+02    -0.7398981E+01
    -0.4469117E+02    -0.7395552E+01
    -0.4468791E+02    -0.7384776E+01
    -0.4468554E+02    -0.7368946E+01
    -0.4468067E+02    -0.7358177E+01
    -0.4467751E+02    -0.7353456E+01
    -0.4466517E+02    -0.7335057E+01
    -0.4465917E+02    -0.7330032E+01
    -0.4464973E+02    -0.7326402E+01
    -0.4464973E+02    -0.7326402E+01
    -0.4464879E+02    -0.7325490E+01
    -0.4464547E+02    -0.7322276E+01
    -0.4463911E+02    -0.7316116E+01
    -0.4462897E+02    -0.7311109E+01
    -0.4462576E+02    -0.7310894E+01
    -0.4462048E+02    -0.7313213E+01
    -0.4461813E+02    -0.7309095E+01
    -0.4460797E+02    -0.7291226E+01
    -0.4460035E+02    -0.7283223E+01
    -0.4459688E+02    -0.7277039E+01
    -0.4459778E+02    -0.7272902E+01
    -0.4459662E+02    -0.7269463E+01
    -0.4459425E+02    -0.7268271E+01
    -0.4458487E+02    -0.7263544E+01
    -0.4457910E+02    -0.7258058E+01
    -0.4457622E+02    -0.7251912E+01
    -0.4456933E+02    -0.7237200E+01
    -0.4456637E+02    -0.7230811E+01
    -0.4456637E+02    -0.7230811E+01
    -0.4456240E+02    -0.7230358E+01
    -0.4454630E+02    -0.7228337E+01
    -0.4453871E+02    -0.7226522E+01
    -0.4452904E+02    -0.7220580E+01
    -0.4451913E+02    -0.7208208E+01
    -0.4450599E+02    -0.7194927E+01
    -0.4449471E+02    -0.7184166E+01
    -0.4448503E+02    -0.7176845E+01
    -0.4446685E+02    -0.7166562E+01
    -0.4445972E+02    -0.7161989E+01
    -0.4444224E+02    -0.7157444E+01
    -0.4442935E+02    -0.7151509E+01
    -0.4441577E+02    -0.7141442E+01
    -0.4441093E+02    -0.7136173E+01
    -0.4440034E+02    -0.7128853E+01
    -0.4439021E+02    -0.7123139E+01
    -0.4437619E+02    -0.7120880E+01
    -0.4435895E+02    -0.7120237E+01
    -0.4434032E+02    -0.7114086E+01
    -0.4433740E+02    -0.7113877E+01
    -0.4433740E+02    -0.7113877E+01
    -0.4433411E+02    -0.7113642E+01
    -0.4432584E+02    -0.7112516E+01
    -0.4432308E+02    -0.7112982E+01
    -0.4431666E+02    -0.7119199E+01
    -0.4431161E+02    -0.7120131E+01
    -0.4430746E+02    -0.7117156E+01
    -0.4429939E+02    -0.7101331E+01
    -0.4428556E+02    -0.7085521E+01
    -0.4428048E+02    -0.7075888E+01
    -0.4427817E+02    -0.7067856E+01
    -0.4427792E+02    -0.7059589E+01
    -0.4427768E+02    -0.7054996E+01
    -0.4427837E+02    -0.7052698E+01
    -0.4427812E+02    -0.7047417E+01
    -0.4427534E+02    -0.7034792E+01
    -0.4426542E+02    -0.7016214E+01
    -0.4426214E+02    -0.7010734E+01
    -0.4426214E+02    -0.7010734E+01
    -0.4426034E+02    -0.7007730E+01
    -0.4425367E+02    -0.7001775E+01
    -0.4425137E+02    -0.7001781E+01
    -0.4424356E+02    -0.7002948E+01
    -0.4423781E+02    -0.7000896E+01
    -0.4423205E+02    -0.6996087E+01
    -0.4422169E+02    -0.6984399E+01
    -0.4421271E+02    -0.6975694E+01
    -0.4420671E+02    -0.6964914E+01
    -0.4420439E+02    -0.6955273E+01
    -0.4420382E+02    -0.6939251E+01
    -0.4420096E+02    -0.6932321E+01
    -0.4419308E+02    -0.6930265E+01
    -0.4418480E+02    -0.6927069E+01
    -0.4418020E+02    -0.6922028E+01
    -0.4417697E+02    -0.6916523E+01
    -0.4417419E+02    -0.6903896E+01
    -0.4416796E+02    -0.6893805E+01
    -0.4414631E+02    -0.6866982E+01
    -0.4413571E+02    -0.6850698E+01
    -0.4412996E+02    -0.6847496E+01
    -0.4411433E+02    -0.6845695E+01
    -0.4410881E+02    -0.6842033E+01
    -0.4410651E+02    -0.6837903E+01
    -0.4410696E+02    -0.6834917E+01
    -0.4410696E+02    -0.6834917E+01
    -0.4411705E+02    -0.6824556E+01
    -0.4412002E+02    -0.6817887E+01
    -0.4412070E+02    -0.6814210E+01
    -0.4411747E+02    -0.6808016E+01
    -0.4411264E+02    -0.6804581E+01
    -0.4410575E+02    -0.6802989E+01
    -0.4410001E+02    -0.6803692E+01
    -0.4409197E+02    -0.6807156E+01
    -0.4408624E+02    -0.6811305E+01
    -0.4408050E+02    -0.6814763E+01
    -0.4407568E+02    -0.6816382E+01
    -0.4407016E+02    -0.6814558E+01
    -0.4406740E+02    -0.6812956E+01
    -0.4406440E+02    -0.6807449E+01
    -0.4406232E+02    -0.6797347E+01
    -0.4406045E+02    -0.6780582E+01
    -0.4405584E+02    -0.6771863E+01
    -0.4405584E+02    -0.6771863E+01
    -0.4404985E+02    -0.6767053E+01
    -0.4403882E+02    -0.6762483E+01
    -0.4402893E+02    -0.6759978E+01
    -0.4401446E+02    -0.6759781E+01
    -0.4400780E+02    -0.6760025E+01
    -0.4400137E+02    -0.6760728E+01
    -0.4399562E+02    -0.6760052E+01
    -0.4398758E+02    -0.6756854E+01
    -0.4397952E+02    -0.6749290E+01
    -0.4397515E+02    -0.6746314E+01
    -0.4396642E+02    -0.6744494E+01
    -0.4395861E+02    -0.6744971E+01
    -0.4395494E+02    -0.6747046E+01
    -0.4395243E+02    -0.6759457E+01
    -0.4394808E+02    -0.6763601E+01
    -0.4394004E+02    -0.6765686E+01
    -0.4393338E+02    -0.6763862E+01
    -0.4391821E+02    -0.6757922E+01
    -0.4390304E+02    -0.6756115E+01
    -0.4388948E+02    -0.6755684E+01
    -0.4387638E+02    -0.6752495E+01
    -0.4385822E+02    -0.6743114E+01
    -0.4383915E+02    -0.6737868E+01
    -0.4382581E+02    -0.6733760E+01
    -0.4381869E+02    -0.6730788E+01
    -0.4381409E+02    -0.6727581E+01
    -0.4381409E+02    -0.6727581E+01
    -0.4379867E+02    -0.6710152E+01
    -0.4379338E+02    -0.6707175E+01
    -0.4378925E+02    -0.6708103E+01
    -0.4378007E+02    -0.6715242E+01
    -0.4377708E+02    -0.6715248E+01
    -0.4377041E+02    -0.6708139E+01
    -0.4376398E+02    -0.6706773E+01
    -0.4375502E+02    -0.6706790E+01
    -0.4374423E+02    -0.6708878E+01
    -0.4373504E+02    -0.6708436E+01
    -0.4372056E+02    -0.6702950E+01
    -0.4371596E+02    -0.6701809E+01
    -0.4371114E+02    -0.6702507E+01
    -0.4370403E+02    -0.6706886E+01
    -0.4369139E+02    -0.6709436E+01
    -0.4367003E+02    -0.6709015E+01
    -0.4366079E+02    -0.6711297E+01
    -0.4366079E+02    -0.6711297E+01
    -0.4365878E+02    -0.6711792E+01
    -0.4364822E+02    -0.6715717E+01
    -0.4362824E+02    -0.6724711E+01
    -0.4362090E+02    -0.6727252E+01
    -0.4360621E+02    -0.6737615E+01
    -0.4359031E+02    -0.6748811E+01
    -0.4357613E+02    -0.6753695E+01
    -0.4356834E+02    -0.6751617E+01
    -0.4356834E+02    -0.6751617E+01
    -0.4356158E+02    -0.6751745E+01
    -0.4355676E+02    -0.6754976E+01
    -0.4355219E+02    -0.6760503E+01
    -0.4354398E+02    -0.6785338E+01
    -0.4354101E+02    -0.6789022E+01
    -0.4353528E+02    -0.6794094E+01
    -0.4352702E+02    -0.6798713E+01
    -0.4350062E+02    -0.6805225E+01
    -0.4349443E+02    -0.6812365E+01
    -0.4349284E+02    -0.6817423E+01
    -0.4349331E+02    -0.6822016E+01
    -0.4348346E+02    -0.6833071E+01
    -0.4347704E+02    -0.6834929E+01
    -0.4346557E+02    -0.6842772E+01
    -0.4346006E+02    -0.6843708E+01
    -0.4345431E+02    -0.6842347E+01
    -0.4344556E+02    -0.6835941E+01
    -0.4344556E+02    -0.6835941E+01
    -0.4343935E+02    -0.6835959E+01
    -0.4342857E+02    -0.6842652E+01
    -0.4342283E+02    -0.6843588E+01
    -0.4341594E+02    -0.6842000E+01
    -0.4340897E+02    -0.6836907E+01
    -0.4340374E+02    -0.6833077E+01
    -0.4339822E+02    -0.6831715E+01
    -0.4339317E+02    -0.6834256E+01
    -0.4339268E+02    -0.6824380E+01
    -0.4339037E+02    -0.6819793E+01
    -0.4338715E+02    -0.6817275E+01
    -0.4337887E+02    -0.6817543E+01
    -0.4337153E+02    -0.6817780E+01
    -0.4336716E+02    -0.6816874E+01
    -0.4336442E+02    -0.6813055E+01
    -0.4335909E+02    -0.6805641E+01
    -0.4335287E+02    -0.6799915E+01
    -0.4334367E+02    -0.6797185E+01
    -0.4333458E+02    -0.6799184E+01
    -0.4332911E+02    -0.6800386E+01
    -0.4332911E+02    -0.6800386E+01
    -0.4332683E+02    -0.6800886E+01
    -0.4332462E+02    -0.6801373E+01
    -0.4329888E+02    -0.6799608E+01
    -0.4327888E+02    -0.6793691E+01
    -0.4326023E+02    -0.6779729E+01
    -0.4325984E+02    -0.6779282E+01
    -0.4325263E+02    -0.6771020E+01
    -0.4324894E+02    -0.6766896E+01
    -0.4323951E+02    -0.6763705E+01
    -0.4322044E+02    -0.6763067E+01
    -0.4320827E+02    -0.6765627E+01
    -0.4320296E+02    -0.6765903E+01
    -0.4317566E+02    -0.6767321E+01
    -0.4315501E+02    -0.6779090E+01
    -0.4314076E+02    -0.6779817E+01
    -0.4313088E+02    -0.6777775E+01
    -0.4311984E+02    -0.6773209E+01
    -0.4310672E+02    -0.6763364E+01
    -0.4309590E+02    -0.6751446E+01
    -0.4309015E+02    -0.6748474E+01
    -0.4307842E+02    -0.6745517E+01
    -0.4306947E+02    -0.6747607E+01
    -0.4305043E+02    -0.6759600E+01
    -0.4301420E+02    -0.6759284E+01
    -0.4300930E+02    -0.6759242E+01
    -0.4300401E+02    -0.6757187E+01
    -0.4299984E+02    -0.6753926E+01
    -0.4299984E+02    -0.6753926E+01
    -0.4299791E+02    -0.6752409E+01
    -0.4299435E+02    -0.6749629E+01
    -0.4298928E+02    -0.6743669E+01
    -0.4298719E+02    -0.6738620E+01
    -0.4298238E+02    -0.6727024E+01
    -0.4298005E+02    -0.6721407E+01
    -0.4297429E+02    -0.6715219E+01
    -0.4296902E+02    -0.6714051E+01
    -0.4295889E+02    -0.6711809E+01
    -0.4295199E+02    -0.6708609E+01
    -0.4293956E+02    -0.6696922E+01
    -0.4292828E+02    -0.6683165E+01
    -0.4292391E+02    -0.6680877E+01
    -0.4291859E+02    -0.6672687E+01
    -0.4291859E+02    -0.6672687E+01
    -0.4291724E+02    -0.6670611E+01
    -0.4291423E+02    -0.6665967E+01
    -0.4291168E+02    -0.6654945E+01
    -0.4291233E+02    -0.6637484E+01
    -0.4290330E+02    -0.6601893E+01
    -0.4289984E+02    -0.6593630E+01
    -0.4288672E+02    -0.6582632E+01
    -0.4288280E+02    -0.6575289E+01
    -0.4288094E+02    -0.6564954E+01
    -0.4288688E+02    -0.6547479E+01
    -0.4288733E+02    -0.6542653E+01
    -0.4288341E+02    -0.6533472E+01
    -0.4287351E+02    -0.6521776E+01
    -0.4287051E+02    -0.6514660E+01
    -0.4287165E+02    -0.6511211E+01
    -0.4288313E+02    -0.6507509E+01
    -0.4288335E+02    -0.6504062E+01
    -0.4287989E+02    -0.6498325E+01
    -0.4287371E+02    -0.6492876E+01
    -0.4286793E+02    -0.6487783E+01
    -0.4286446E+02    -0.6477221E+01
    -0.4286537E+02    -0.6471934E+01
    -0.4287302E+02    -0.6431785E+01
    -0.4287302E+02    -0.6431785E+01
    -0.4287492E+02    -0.6421822E+01
    -0.4287329E+02    -0.6412174E+01
    -0.4286882E+02    -0.6405779E+01
    -0.4286224E+02    -0.6396368E+01
    -0.4286062E+02    -0.6394050E+01
    -0.4285873E+02    -0.6388577E+01
    -0.4285554E+02    -0.6379354E+01
    -0.4285460E+02    -0.6368327E+01
    -0.4285252E+02    -0.6361437E+01
    -0.4284869E+02    -0.6357018E+01
    -0.4284515E+02    -0.6352952E+01
    -0.4283550E+02    -0.6346539E+01
    -0.4283158E+02    -0.6341262E+01
    -0.4282950E+02    -0.6333453E+01
    -0.4283064E+02    -0.6327706E+01
    -0.4283270E+02    -0.6324714E+01
    -0.4283639E+02    -0.6324558E+01
    -0.4283639E+02    -0.6324558E+01
    -0.4283844E+02    -0.6324471E+01
    -0.4284902E+02    -0.6331801E+01
    -0.4285958E+02    -0.6331089E+01
    -0.4286026E+02    -0.6328789E+01
    -0.4284874E+02    -0.6306524E+01
    -0.4284641E+02    -0.6290443E+01
    -0.4284662E+02    -0.6282859E+01
    -0.4285302E+02    -0.6269286E+01
    -0.4285439E+02    -0.6261240E+01
    -0.4285276E+02    -0.6254119E+01
    -0.4286169E+02    -0.6241000E+01
    -0.4286948E+02    -0.6230870E+01
    -0.4287774E+02    -0.6225566E+01
    -0.4289265E+02    -0.6223693E+01
    -0.4290206E+02    -0.6219305E+01
    -0.4290800E+02    -0.6215131E+01
    -0.4292567E+02    -0.6202703E+01
    -0.4293323E+02    -0.6193034E+01
    -0.4294745E+02    -0.6188864E+01
    -0.4296970E+02    -0.6176401E+01
    -0.4297496E+02    -0.6166505E+01
    -0.4297599E+02    -0.6152482E+01
    -0.4297599E+02    -0.6152482E+01
    -0.4297607E+02    -0.6148346E+01
    -0.4297902E+02    -0.6136618E+01
    -0.4298475E+02    -0.6127641E+01
    -0.4298847E+02    -0.6122094E+01
    -0.4299046E+02    -0.6119123E+01
    -0.4300354E+02    -0.6112427E+01
    -0.4302045E+02    -0.6112083E+01
    -0.4302924E+02    -0.6111905E+01
    -0.4303545E+02    -0.6113039E+01
    -0.4303750E+02    -0.6108896E+01
    -0.4304323E+02    -0.6104975E+01
    -0.4304508E+02    -0.6102262E+01
    -0.4304918E+02    -0.6096227E+01
    -0.4305061E+02    -0.6092022E+01
    -0.4305466E+02    -0.6080124E+01
    -0.4306685E+02    -0.6062796E+01
    -0.4306685E+02    -0.6062796E+01
    -0.4306930E+02    -0.6059172E+01
    -0.4307181E+02    -0.6052271E+01
    -0.4307064E+02    -0.6044689E+01
    -0.4306488E+02    -0.6035510E+01
    -0.4304947E+02    -0.6018999E+01
    -0.4304532E+02    -0.6010045E+01
    -0.4304476E+02    -0.6006755E+01
    -0.4304416E+02    -0.6003152E+01
    -0.4304506E+02    -0.5999242E+01
    -0.4304827E+02    -0.5995557E+01
    -0.4307031E+02    -0.5981225E+01
    -0.4307750E+02    -0.5975800E+01
    -0.4308403E+02    -0.5967859E+01
    -0.4308600E+02    -0.5933402E+01
    -0.4308850E+02    -0.5924201E+01
    -0.4309377E+02    -0.5916602E+01
    -0.4309742E+02    -0.5911076E+01
    -0.4309811E+02    -0.5906936E+01
    -0.4309533E+02    -0.5899358E+01
    -0.4307807E+02    -0.5877334E+01
    -0.4307553E+02    -0.5871594E+01
    -0.4308215E+02    -0.5853647E+01
    -0.4309565E+02    -0.5837292E+01
    -0.4309632E+02    -0.5831314E+01
    -0.4309451E+02    -0.5825778E+01
    -0.4309451E+02    -0.5825778E+01
    -0.4309233E+02    -0.5819118E+01
    -0.4308962E+02    -0.5810872E+01
    -0.4309367E+02    -0.5801024E+01
    -0.4309624E+02    -0.5794763E+01
    -0.4309919E+02    -0.5780044E+01
    -0.4310052E+02    -0.5756822E+01
    -0.4309941E+02    -0.5752460E+01
    -0.4309820E+02    -0.5747632E+01
    -0.4309498E+02    -0.5743962E+01
    -0.4308374E+02    -0.5745830E+01
    -0.4307845E+02    -0.5740786E+01
    -0.4307637E+02    -0.5734354E+01
    -0.4307590E+02    -0.5730217E+01
    -0.4308024E+02    -0.5719631E+01
    -0.4308112E+02    -0.5705888E+01
    -0.4308112E+02    -0.5705888E+01
    -0.4308157E+02    -0.5698937E+01
    -0.4308817E+02    -0.5672713E+01
    -0.4308147E+02    -0.5653419E+01
    -0.4308237E+02    -0.5648358E+01
    -0.4308398E+02    -0.5646975E+01
    -0.4308878E+02    -0.5645048E+01
    -0.4309316E+02    -0.5642799E+01
    -0.4309533E+02    -0.5639311E+01
    -0.4309627E+02    -0.5638672E+01
    -0.4309815E+02    -0.5638024E+01
    -0.4309909E+02    -0.5634062E+01
    -0.4309907E+02    -0.5626475E+01
    -0.4309399E+02    -0.5611085E+01
    -0.4308962E+02    -0.5606498E+01
    -0.4308364E+02    -0.5603065E+01
    -0.4306092E+02    -0.5598523E+01
    -0.4305243E+02    -0.5593486E+01
    -0.4304119E+02    -0.5594893E+01
    -0.4303522E+02    -0.5593529E+01
    -0.4303062E+02    -0.5588023E+01
    -0.4302669E+02    -0.5574468E+01
    -0.4302161E+02    -0.5560225E+01
    -0.4301449E+02    -0.5556105E+01
    -0.4301126E+02    -0.5550365E+01
    -0.4300297E+02    -0.5531992E+01
    -0.4299766E+02    -0.5514202E+01
    -0.4299766E+02    -0.5514202E+01
    -0.4299673E+02    -0.5511085E+01
    -0.4299144E+02    -0.5504200E+01
    -0.4298359E+02    -0.5496809E+01
    -0.4297489E+02    -0.5488605E+01
    -0.4297411E+02    -0.5480153E+01
    -0.4297348E+02    -0.5473204E+01
    -0.4296955E+02    -0.5459188E+01
    -0.4296610E+02    -0.5453448E+01
    -0.4296150E+02    -0.5449551E+01
    -0.4295209E+02    -0.5446354E+01
    -0.4295094E+02    -0.5444057E+01
    -0.4293547E+02    -0.5437839E+01
    -0.4292706E+02    -0.5434457E+01
    -0.4292496E+02    -0.5429878E+01
    -0.4292290E+02    -0.5425402E+01
    -0.4291441E+02    -0.5406950E+01
    -0.4291441E+02    -0.5406950E+01
    -0.4291186E+02    -0.5401383E+01
    -0.4290588E+02    -0.5394499E+01
    -0.4290152E+02    -0.5392440E+01
    -0.4288408E+02    -0.5390410E+01
    -0.4287674E+02    -0.5387208E+01
    -0.4287056E+02    -0.5379557E+01
    -0.4286340E+02    -0.5370683E+01
    -0.4285605E+02    -0.5363801E+01
    -0.4284136E+02    -0.5359466E+01
    -0.4283195E+02    -0.5354658E+01
    -0.4282552E+02    -0.5348464E+01
    -0.4282160E+02    -0.5341345E+01
    -0.4280775E+02    -0.5296538E+01
    -0.4280911E+02    -0.5287337E+01
    -0.4281189E+02    -0.5282300E+01
    -0.4282168E+02    -0.5264546E+01
    -0.4282761E+02    -0.5245907E+01
    -0.4282576E+02    -0.5237174E+01
    -0.4282023E+02    -0.5225458E+01
    -0.4280849E+02    -0.5213553E+01
    -0.4280849E+02    -0.5213553E+01
    -0.4280576E+02    -0.5210773E+01
    -0.4280223E+02    -0.5203501E+01
    -0.4279908E+02    -0.5196991E+01
    -0.4279803E+02    -0.5189602E+01
    -0.4279699E+02    -0.5182279E+01
    -0.4279743E+02    -0.5173540E+01
    -0.4279971E+02    -0.5168936E+01
    -0.4280152E+02    -0.5153986E+01
    -0.4280418E+02    -0.5146865E+01
    -0.4280921E+02    -0.5133414E+01
    -0.4281201E+02    -0.5125909E+01
    -0.4281403E+02    -0.5114866E+01
    -0.4281403E+02    -0.5114866E+01
    -0.4281587E+02    -0.5104744E+01
    -0.4281906E+02    -0.5095079E+01
    -0.4282958E+02    -0.5082869E+01
    -0.4283038E+02    -0.5081401E+01
    -0.4283038E+02    -0.5081401E+01
    -0.4283644E+02    -0.5070206E+01
    -0.4283723E+02    -0.5067286E+01
    -0.4283723E+02    -0.5067286E+01
    -0.4284031E+02    -0.5055250E+01
    -0.4284097E+02    -0.5041221E+01
    -0.4284301E+02    -0.5031788E+01
    -0.4284574E+02    -0.5020053E+01
    -0.4285030E+02    -0.5010155E+01
    -0.4285175E+02    -0.5009304E+01
    -0.4285175E+02    -0.5009304E+01
    -0.4285243E+02    -0.5006544E+01
    -0.4285427E+02    -0.5004243E+01
    -0.4285619E+02    -0.5000000E+01
    -0.4285885E+02    -0.4994121E+01
    -0.4286411E+02    -0.4978478E+01
    -0.4286525E+02    -0.4967439E+01
    -0.4286112E+02    -0.4946285E+01
    -0.4286226E+02    -0.4936625E+01
    -0.4286707E+02    -0.4929032E+01
    -0.4287463E+02    -0.4923507E+01
    -0.4288128E+02    -0.4919591E+01
    -0.4288677E+02    -0.4911308E+01
    -0.4289616E+02    -0.4886463E+01
    -0.4289867E+02    -0.4866222E+01
    -0.4289775E+02    -0.4861164E+01
    -0.4289706E+02    -0.4854265E+01
    -0.4289958E+02    -0.4844834E+01
    -0.4290736E+02    -0.4833558E+01
    -0.4291112E+02    -0.4830239E+01
    -0.4291112E+02    -0.4830239E+01
    -0.4291309E+02    -0.4828494E+01
    -0.4291827E+02    -0.4825350E+01
    -0.4293005E+02    -0.4817906E+01
    -0.4294150E+02    -0.4808690E+01
    -0.4294952E+02    -0.4795974E+01
    -0.4295371E+02    -0.4786577E+01
    -0.4295415E+02    -0.4779238E+01
    -0.4295357E+02    -0.4771403E+01
    -0.4295201E+02    -0.4764524E+01
    -0.4294812E+02    -0.4759697E+01
    -0.4293299E+02    -0.4747752E+01
    -0.4292783E+02    -0.4743061E+01
    -0.4292547E+02    -0.4733725E+01
    -0.4292539E+02    -0.4725126E+01
    -0.4292930E+02    -0.4715558E+01
    -0.4293238E+02    -0.4712357E+01
    -0.4293238E+02    -0.4712357E+01
    -0.4293617E+02    -0.4708422E+01
    -0.4294007E+02    -0.4707038E+01
    -0.4295312E+02    -0.4697827E+01
    -0.4295633E+02    -0.4690004E+01
    -0.4295747E+02    -0.4682414E+01
    -0.4295564E+02    -0.4675516E+01
    -0.4295105E+02    -0.4670690E+01
    -0.4293684E+02    -0.4662884E+01
    -0.4292171E+02    -0.4652088E+01
    -0.4291299E+02    -0.4642436E+01
    -0.4289855E+02    -0.4615080E+01
    -0.4287814E+02    -0.4584279E+01
    -0.4287172E+02    -0.4569564E+01
    -0.4287034E+02    -0.4561746E+01
    -0.4287079E+02    -0.4552316E+01
    -0.4287560E+02    -0.4540582E+01
    -0.4287537E+02    -0.4533682E+01
    -0.4286941E+02    -0.4523108E+01
    -0.4285863E+02    -0.4509316E+01
    -0.4285450E+02    -0.4502420E+01
    -0.4284831E+02    -0.4488165E+01
    -0.4285014E+02    -0.4481264E+01
    -0.4285370E+02    -0.4475381E+01
    -0.4285746E+02    -0.4473323E+01
    -0.4286449E+02    -0.4470223E+01
    -0.4286876E+02    -0.4468160E+01
    -0.4286876E+02    -0.4468160E+01
    -0.4287427E+02    -0.4464569E+01
    -0.4287651E+02    -0.4461765E+01
    -0.4287897E+02    -0.4454660E+01
    -0.4287867E+02    -0.4450363E+01
    -0.4287350E+02    -0.4436752E+01
    -0.4287242E+02    -0.4428668E+01
    -0.4287555E+02    -0.4420984E+01
    -0.4288424E+02    -0.4411776E+01
    -0.4290050E+02    -0.4399342E+01
    -0.4291905E+02    -0.4389435E+01
    -0.4293188E+02    -0.4384594E+01
    -0.4293967E+02    -0.4384357E+01
    -0.4294631E+02    -0.4386421E+01
    -0.4295135E+02    -0.4386416E+01
    -0.4295753E+02    -0.4383190E+01
    -0.4295952E+02    -0.4380498E+01
    -0.4295952E+02    -0.4380498E+01
    -0.4296280E+02    -0.4376055E+01
    -0.4296439E+02    -0.4362024E+01
    -0.4296301E+02    -0.4348685E+01
    -0.4296301E+02    -0.4339255E+01
    -0.4296574E+02    -0.4324762E+01
    -0.4297398E+02    -0.4314634E+01
    -0.4298359E+02    -0.4298525E+01
    -0.4298656E+02    -0.4286102E+01
    -0.4298747E+02    -0.4273450E+01
    -0.4298678E+02    -0.4264481E+01
    -0.4298815E+02    -0.4249759E+01
    -0.4298837E+02    -0.4239869E+01
    -0.4298790E+02    -0.4225149E+01
    -0.4298606E+02    -0.4219401E+01
    -0.4297323E+02    -0.4202853E+01
    -0.4296063E+02    -0.4189754E+01
    -0.4295467E+02    -0.4180790E+01
    -0.4294688E+02    -0.4171827E+01
    -0.4293909E+02    -0.4164244E+01
    -0.4293130E+02    -0.4161261E+01
    -0.4291893E+02    -0.4158972E+01
    -0.4291527E+02    -0.4159205E+01
    -0.4290588E+02    -0.4162204E+01
    -0.4289993E+02    -0.4161749E+01
    -0.4289443E+02    -0.4158994E+01
    -0.4289122E+02    -0.4155776E+01
    -0.4289115E+02    -0.4154778E+01
    -0.4289115E+02    -0.4154778E+01
    -0.4289099E+02    -0.4152556E+01
    -0.4289534E+02    -0.4145193E+01
    -0.4290381E+02    -0.4136905E+01
    -0.4290518E+02    -0.4134374E+01
    -0.4290541E+02    -0.4130693E+01
    -0.4290283E+02    -0.4125354E+01
    -0.4289774E+02    -0.4119836E+01
    -0.4289192E+02    -0.4117361E+01
    -0.4287877E+02    -0.4112929E+01
    -0.4287318E+02    -0.4107921E+01
    -0.4287062E+02    -0.4103898E+01
    -0.4286526E+02    -0.4096611E+01
    -0.4286013E+02    -0.4086287E+01
    -0.4285624E+02    -0.4074182E+01
    -0.4285323E+02    -0.4058588E+01
    -0.4285323E+02    -0.4058588E+01
    -0.4285294E+02    -0.4057596E+01
    -0.4284927E+02    -0.4047708E+01
    -0.4284240E+02    -0.4035753E+01
    -0.4283781E+02    -0.4024946E+01
    -0.4283414E+02    -0.4019199E+01
    -0.4282796E+02    -0.4006323E+01
    -0.4282017E+02    -0.3993679E+01
    -0.4281628E+02    -0.3992072E+01
    -0.4281330E+02    -0.3993224E+01
    -0.4280162E+02    -0.3996913E+01
    -0.4279567E+02    -0.3993008E+01
    -0.4279109E+02    -0.3985191E+01
    -0.4278902E+02    -0.3971162E+01
    -0.4278261E+02    -0.3959666E+01
    -0.4277070E+02    -0.3948864E+01
    -0.4276268E+02    -0.3944730E+01
    -0.4274918E+02    -0.3935769E+01
    -0.4274322E+02    -0.3933243E+01
    -0.4273658E+02    -0.3929107E+01
    -0.4272605E+02    -0.3913013E+01
    -0.4272330E+02    -0.3905195E+01
    -0.4272352E+02    -0.3899445E+01
    -0.4272261E+02    -0.3889555E+01
    -0.4272237E+02    -0.3882885E+01
    -0.4271230E+02    -0.3863341E+01
    -0.4270795E+02    -0.3853453E+01
    -0.4270199E+02    -0.3844487E+01
    -0.4269489E+02    -0.3829771E+01
    -0.4269328E+02    -0.3825233E+01
    -0.4269328E+02    -0.3825233E+01
    -0.4269008E+02    -0.3816203E+01
    -0.4268504E+02    -0.3808156E+01
    -0.4268115E+02    -0.3805168E+01
    -0.4267459E+02    -0.3800872E+01
    -0.4267003E+02    -0.3798383E+01
    -0.4266856E+02    -0.3797126E+01
    -0.4266848E+02    -0.3794097E+01
    -0.4266970E+02    -0.3792525E+01
    -0.4267718E+02    -0.3781877E+01
    -0.4268114E+02    -0.3773747E+01
    -0.4268185E+02    -0.3768429E+01
    -0.4268076E+02    -0.3760344E+01
    -0.4267234E+02    -0.3748025E+01
    -0.4266872E+02    -0.3738445E+01
    -0.4266877E+02    -0.3730883E+01
    -0.4267632E+02    -0.3716158E+01
    -0.4268204E+02    -0.3703964E+01
    -0.4268204E+02    -0.3703964E+01
    -0.4268341E+02    -0.3697984E+01
    -0.4268158E+02    -0.3690624E+01
    -0.4267471E+02    -0.3676138E+01
    -0.4266052E+02    -0.3662116E+01
    -0.4265159E+02    -0.3650161E+01
    -0.4263946E+02    -0.3636368E+01
    -0.4263443E+02    -0.3632000E+01
    -0.4262664E+02    -0.3627404E+01
    -0.4262138E+02    -0.3623037E+01
    -0.4261657E+02    -0.3606249E+01
    -0.4261543E+02    -0.3597050E+01
    -0.4260970E+02    -0.3588312E+01
    -0.4260490E+02    -0.3583715E+01
    -0.4259940E+02    -0.3580498E+01
    -0.4258842E+02    -0.3576593E+01
    -0.4257927E+02    -0.3574527E+01
    -0.4256942E+02    -0.3567632E+01
    -0.4256553E+02    -0.3563493E+01
    -0.4255661E+02    -0.3545327E+01
    -0.4255203E+02    -0.3540499E+01
    -0.4253716E+02    -0.3522796E+01
    -0.4253327E+02    -0.3516357E+01
    -0.4253281E+02    -0.3512217E+01
    -0.4253510E+02    -0.3502556E+01
    -0.4253418E+02    -0.3493586E+01
    -0.4253045E+02    -0.3485966E+01
    -0.4253045E+02    -0.3485966E+01
    -0.4252614E+02    -0.3482715E+01
    -0.4251832E+02    -0.3481014E+01
    -0.4251324E+02    -0.3476252E+01
    -0.4251006E+02    -0.3457815E+01
    -0.4250649E+02    -0.3453294E+01
    -0.4250219E+02    -0.3450549E+01
    -0.4249362E+02    -0.3449865E+01
    -0.4248979E+02    -0.3452894E+01
    -0.4248750E+02    -0.3457265E+01
    -0.4248682E+02    -0.3466925E+01
    -0.4248499E+02    -0.3473826E+01
    -0.4248201E+02    -0.3479577E+01
    -0.4247698E+02    -0.3483948E+01
    -0.4246737E+02    -0.3486712E+01
    -0.4245661E+02    -0.3483956E+01
    -0.4244975E+02    -0.3478438E+01
    -0.4243760E+02    -0.3463760E+01
    -0.4243760E+02    -0.3463760E+01
    -0.4243190E+02    -0.3461193E+01
    -0.4242618E+02    -0.3460735E+01
    -0.4241954E+02    -0.3464187E+01
    -0.4241794E+02    -0.3472697E+01
    -0.4241451E+02    -0.3477528E+01
    -0.4241154E+02    -0.3478449E+01
    -0.4240216E+02    -0.3477071E+01
    -0.4239758E+02    -0.3474083E+01
    -0.4239529E+02    -0.3465113E+01
    -0.4239529E+02    -0.3458903E+01
    -0.4239529E+02    -0.3456833E+01
    -0.4239278E+02    -0.3450164E+01
    -0.4238385E+02    -0.3451316E+01
    -0.4237402E+02    -0.3454539E+01
    -0.4236715E+02    -0.3454770E+01
    -0.4236006E+02    -0.3453161E+01
    -0.4232803E+02    -0.3439138E+01
    -0.4232254E+02    -0.3437989E+01
    -0.4232025E+02    -0.3438909E+01
    -0.4230881E+02    -0.3449721E+01
    -0.4230400E+02    -0.3453631E+01
    -0.4230263E+02    -0.3453861E+01
    -0.4229302E+02    -0.3454553E+01
    -0.4228135E+02    -0.3449724E+01
    -0.4227174E+02    -0.3447425E+01
    -0.4225527E+02    -0.3440987E+01
    -0.4224909E+02    -0.3438917E+01
    -0.4224177E+02    -0.3438688E+01
    -0.4223651E+02    -0.3437768E+01
    -0.4222392E+02    -0.3438229E+01
    -0.4221660E+02    -0.3438459E+01
    -0.4220882E+02    -0.3436389E+01
    -0.4220471E+02    -0.3432249E+01
    -0.4220082E+02    -0.3414079E+01
    -0.4219625E+02    -0.3402350E+01
    -0.4219129E+02    -0.3396304E+01
    -0.4219129E+02    -0.3396304E+01
    -0.4218272E+02    -0.3395111E+01
    -0.4217492E+02    -0.3395429E+01
    -0.4216582E+02    -0.3394989E+01
    -0.4215850E+02    -0.3391309E+01
    -0.4215325E+02    -0.3384869E+01
    -0.4214982E+02    -0.3371989E+01
    -0.4214685E+02    -0.3366009E+01
    -0.4214204E+02    -0.3362559E+01
    -0.4213736E+02    -0.3360078E+01
    -0.4213231E+02    -0.3358349E+01
    -0.4213061E+02    -0.3356808E+01
    -0.4212924E+02    -0.3351058E+01
    -0.4213016E+02    -0.3338178E+01
    -0.4212627E+02    -0.3326678E+01
    -0.4212056E+02    -0.3320238E+01
    -0.4211644E+02    -0.3317247E+01
    -0.4211300E+02    -0.3316031E+01
    -0.4211300E+02    -0.3316031E+01
    -0.4210340E+02    -0.3312646E+01
    -0.4210043E+02    -0.3309196E+01
    -0.4209861E+02    -0.3302756E+01
    -0.4210135E+02    -0.3296547E+01
    -0.4210959E+02    -0.3293557E+01
    -0.4212240E+02    -0.3291718E+01
    -0.4212881E+02    -0.3286199E+01
    -0.4213064E+02    -0.3282060E+01
    -0.4213041E+02    -0.3279070E+01
    -0.4212881E+02    -0.3272170E+01
    -0.4212493E+02    -0.3268489E+01
    -0.4211441E+02    -0.3264579E+01
    -0.4210389E+02    -0.3263198E+01
    -0.4209908E+02    -0.3262967E+01
    -0.4209245E+02    -0.3263196E+01
    -0.4207346E+02    -0.3260204E+01
    -0.4205722E+02    -0.3257442E+01
    -0.4203870E+02    -0.3251689E+01
    -0.4202406E+02    -0.3251226E+01
    -0.4201720E+02    -0.3248695E+01
    -0.4200988E+02    -0.3244323E+01
    -0.4198999E+02    -0.3230979E+01
    -0.4197696E+02    -0.3218096E+01
    -0.4197399E+02    -0.3213496E+01
    -0.4196965E+02    -0.3203605E+01
    -0.4196691E+02    -0.3193025E+01
    -0.4196760E+02    -0.3185895E+01
    -0.4196760E+02    -0.3185895E+01
    -0.4196532E+02    -0.3181295E+01
    -0.4196440E+02    -0.3180605E+01
    -0.4195891E+02    -0.3177153E+01
    -0.4195283E+02    -0.3177203E+01
    -0.4194857E+02    -0.3179767E+01
    -0.4194106E+02    -0.3184633E+01
    -0.4193695E+02    -0.3182436E+01
    -0.4193490E+02    -0.3175077E+01
    -0.4193719E+02    -0.3159438E+01
    -0.4193468E+02    -0.3151848E+01
    -0.4192989E+02    -0.3147246E+01
    -0.4192326E+02    -0.3137815E+01
    -0.4192281E+02    -0.3126315E+01
    -0.4192076E+02    -0.3110446E+01
    -0.4191482E+02    -0.3104234E+01
    -0.4190890E+02    -0.3099403E+01
    -0.4189561E+02    -0.3093878E+01
    -0.4188842E+02    -0.3088406E+01
    -0.4188533E+02    -0.3086055E+01
    -0.4187391E+02    -0.3072712E+01
    -0.4186385E+02    -0.3055919E+01
    -0.4185654E+02    -0.3048557E+01
    -0.4185128E+02    -0.3044875E+01
    -0.4184443E+02    -0.3038892E+01
    -0.4183757E+02    -0.3036130E+01
    -0.4183231E+02    -0.3032678E+01
    -0.4182774E+02    -0.3031066E+01
    -0.4182363E+02    -0.3026695E+01
    -0.4181929E+02    -0.3019563E+01
    -0.4181838E+02    -0.3012203E+01
    -0.4181451E+02    -0.2996563E+01
    -0.4180994E+02    -0.2986442E+01
    -0.4180332E+02    -0.2977700E+01
    -0.4179966E+02    -0.2975858E+01
    -0.4179578E+02    -0.2971947E+01
    -0.4179254E+02    -0.2963501E+01
    -0.4179446E+02    -0.2952358E+01
    -0.4180016E+02    -0.2940932E+01
    -0.4181090E+02    -0.2931248E+01
    -0.4181590E+02    -0.2926897E+01
    -0.4183241E+02    -0.2919070E+01
    -0.4183744E+02    -0.2914702E+01
    -0.4184682E+02    -0.2905047E+01
    -0.4185506E+02    -0.2892632E+01
    -0.4186079E+02    -0.2881136E+01
    -0.4186072E+02    -0.2879729E+01
    -0.4186056E+02    -0.2876537E+01
    -0.4185691E+02    -0.2862967E+01
    -0.4185669E+02    -0.2855148E+01
    -0.4185896E+02    -0.2839553E+01
    -0.4185894E+02    -0.2836771E+01
    -0.4185648E+02    -0.2833991E+01
    -0.4184436E+02    -0.2829846E+01
    -0.4184048E+02    -0.2826165E+01
    -0.4183717E+02    -0.2820253E+01
    -0.4184049E+02    -0.2810068E+01
    -0.4184439E+02    -0.2800871E+01
    -0.4184531E+02    -0.2796042E+01
    -0.4184509E+02    -0.2787763E+01
    -0.4184121E+02    -0.2778793E+01
    -0.4183726E+02    -0.2774313E+01
END
END
