pitcairn_island
1
    -0.1283156E+03    -0.2436271E+02
    -0.1282988E+03    -0.2434304E+02
    -0.1282979E+03    -0.2435151E+02
    -0.1282949E+03    -0.2435877E+02
    -0.1282891E+03    -0.2436803E+02
    -0.1282874E+03    -0.2438220E+02
    -0.1282863E+03    -0.2439502E+02
    -0.1282874E+03    -0.2440238E+02
    -0.1282890E+03    -0.2440540E+02
    -0.1282912E+03    -0.2440706E+02
    -0.1282950E+03    -0.2440647E+02
    -0.1283022E+03    -0.2440206E+02
    -0.1283103E+03    -0.2439927E+02
    -0.1283170E+03    -0.2439921E+02
    -0.1283238E+03    -0.2439823E+02
    -0.1283317E+03    -0.2439406E+02
    -0.1283354E+03    -0.2438704E+02
    -0.1283445E+03    -0.2436892E+02
    -0.1283464E+03    -0.2436048E+02
    -0.1283462E+03    -0.2435084E+02
    -0.1283425E+03    -0.2434066E+02
    -0.1283360E+03    -0.2433111E+02
    -0.1283331E+03    -0.2432668E+02
    -0.1283314E+03    -0.2432549E+02
    -0.1283239E+03    -0.2432600E+02
    -0.1283119E+03    -0.2432456E+02
    -0.1283032E+03    -0.2432091E+02
    -0.1282970E+03    -0.2431847E+02
    -0.1282939E+03    -0.2431587E+02
    -0.1282938E+03    -0.2431907E+02
    -0.1282966E+03    -0.2432350E+02
    -0.1282982E+03    -0.2433134E+02
    -0.1282982E+03    -0.2433890E+02
    -0.1282988E+03    -0.2434304E+02
END
END
