portugal
1
    -0.9001262E+01     0.3890528E+02
    -0.9004013E+01     0.3888633E+02
    -0.9006217E+01     0.3888805E+02
    -0.9006281E+01     0.3890870E+02
    -0.9005949E+01     0.3891492E+02
    -0.9002285E+01     0.3891993E+02
    -0.8996869E+01     0.3891838E+02
    -0.8994171E+01     0.3891440E+02
    -0.8998610E+01     0.3889488E+02
    -0.9004013E+01     0.3888633E+02
END
2
    -0.8998711E+01     0.3886574E+02
    -0.8992533E+01     0.3885917E+02
    -0.9013535E+01     0.3885805E+02
    -0.9014632E+01     0.3886051E+02
    -0.9007171E+01     0.3887560E+02
    -0.9002866E+01     0.3887997E+02
    -0.8998589E+01     0.3888134E+02
    -0.8984765E+01     0.3887084E+02
    -0.8984424E+01     0.3886695E+02
    -0.8992533E+01     0.3885917E+02
END
3
    -0.9047209E+01     0.3884957E+02
    -0.9065677E+01     0.3883136E+02
    -0.9054008E+01     0.3885173E+02
    -0.9040235E+01     0.3886166E+02
    -0.9033998E+01     0.3886406E+02
    -0.9032407E+01     0.3885933E+02
    -0.9042467E+01     0.3884386E+02
    -0.9046287E+01     0.3884067E+02
    -0.9055395E+01     0.3883765E+02
    -0.9063304E+01     0.3883103E+02
    -0.9065677E+01     0.3883136E+02
END
4
    -0.8742068E+01     0.3851042E+02
    -0.8732553E+01     0.3849159E+02
    -0.8734877E+01     0.3849147E+02
    -0.8737855E+01     0.3849568E+02
    -0.8745341E+01     0.3851182E+02
    -0.8749485E+01     0.3851252E+02
    -0.8754769E+01     0.3851982E+02
    -0.8754265E+01     0.3852421E+02
    -0.8751417E+01     0.3852505E+02
    -0.8747177E+01     0.3852320E+02
    -0.8731486E+01     0.3849624E+02
    -0.8732553E+01     0.3849159E+02
END
5
    -0.8835731E+01     0.3848138E+02
    -0.8831610E+01     0.3847334E+02
    -0.8841642E+01     0.3848154E+02
    -0.8838376E+01     0.3848768E+02
    -0.8830978E+01     0.3848301E+02
    -0.8829215E+01     0.3847943E+02
    -0.8831610E+01     0.3847334E+02
END
6
    -0.8722168E+01     0.3843042E+02
    -0.8714504E+01     0.3842595E+02
    -0.8720596E+01     0.3842564E+02
    -0.8730999E+01     0.3843153E+02
    -0.8731191E+01     0.3843381E+02
    -0.8714288E+01     0.3843032E+02
    -0.8712955E+01     0.3842833E+02
    -0.8714504E+01     0.3842595E+02
END
7
    -0.7842020E+01     0.3701053E+02
    -0.7855103E+01     0.3700013E+02
    -0.7855494E+01     0.3700562E+02
    -0.7853239E+01     0.3701009E+02
    -0.7830688E+01     0.3701869E+02
    -0.7828164E+01     0.3701536E+02
    -0.7837042E+01     0.3700347E+02
    -0.7844860E+01     0.3700082E+02
    -0.7855103E+01     0.3700013E+02
END
8
    -0.7920870E+01     0.3698405E+02
    -0.7886343E+01     0.3696126E+02
    -0.7916711E+01     0.3696629E+02
    -0.7945147E+01     0.3697722E+02
    -0.7945147E+01     0.3697722E+02
    -0.7938961E+01     0.3698548E+02
    -0.7939641E+01     0.3698632E+02
    -0.7941471E+01     0.3698858E+02
    -0.7958329E+01     0.3699239E+02
    -0.7960791E+01     0.3699480E+02
    -0.7960454E+01     0.3699804E+02
    -0.7956647E+01     0.3700074E+02
    -0.7948147E+01     0.3700182E+02
    -0.7942064E+01     0.3700072E+02
    -0.7931643E+01     0.3699500E+02
    -0.7921451E+01     0.3699640E+02
    -0.7915385E+01     0.3699553E+02
    -0.7906781E+01     0.3698719E+02
    -0.7896765E+01     0.3698306E+02
    -0.7889085E+01     0.3697560E+02
    -0.7872650E+01     0.3697360E+02
    -0.7869922E+01     0.3697143E+02
    -0.7872477E+01     0.3696717E+02
    -0.7879572E+01     0.3696249E+02
    -0.7886343E+01     0.3696126E+02
END
9
    -0.7847671E+01     0.3698529E+02
    -0.7864974E+01     0.3697418E+02
    -0.7865960E+01     0.3697597E+02
    -0.7863152E+01     0.3698069E+02
    -0.7846220E+01     0.3699180E+02
    -0.7843696E+01     0.3698847E+02
    -0.7837500E+01     0.3699380E+02
    -0.7833796E+01     0.3699397E+02
    -0.7829929E+01     0.3699185E+02
    -0.7837233E+01     0.3698601E+02
    -0.7857030E+01     0.3697500E+02
    -0.7864974E+01     0.3697418E+02
END
10
    -0.8709248E+01     0.4070040E+02
    -0.8712909E+01     0.4069317E+02
    -0.8708961E+01     0.4070455E+02
    -0.8702871E+01     0.4071013E+02
    -0.8691293E+01     0.4071672E+02
    -0.8706761E+01     0.4070488E+02
    -0.8706467E+01     0.4070283E+02
    -0.8703720E+01     0.4070326E+02
    -0.8712909E+01     0.4069317E+02
END
11
    -0.8696435E+01     0.4069870E+02
    -0.8699189E+01     0.4068472E+02
    -0.8706376E+01     0.4068447E+02
    -0.8708396E+01     0.4068806E+02
    -0.8706146E+01     0.4069547E+02
    -0.8691949E+01     0.4070879E+02
    -0.8681520E+01     0.4071006E+02
    -0.8676652E+01     0.4070405E+02
    -0.8686112E+01     0.4070166E+02
    -0.8690140E+01     0.4069877E+02
    -0.8695965E+01     0.4068597E+02
    -0.8699189E+01     0.4068472E+02
END
12
    -0.8701923E+01     0.4067282E+02
    -0.8710837E+01     0.4066416E+02
    -0.8714770E+01     0.4066471E+02
    -0.8716094E+01     0.4066672E+02
    -0.8711291E+01     0.4067651E+02
    -0.8703744E+01     0.4068066E+02
    -0.8691606E+01     0.4068338E+02
    -0.8680550E+01     0.4069407E+02
    -0.8676924E+01     0.4068870E+02
    -0.8687137E+01     0.4067896E+02
    -0.8696810E+01     0.4066534E+02
    -0.8701502E+01     0.4066357E+02
    -0.8710837E+01     0.4066416E+02
END
13
    -0.7999711E+01     0.3891793E+02
    -0.6212290E+01     0.4155644E+02
    -0.6216043E+01     0.4155544E+02
    -0.6223349E+01     0.4154184E+02
    -0.6231055E+01     0.4153283E+02
    -0.6254125E+01     0.4151789E+02
    -0.6255689E+01     0.4150620E+02
    -0.6258356E+01     0.4150319E+02
    -0.6271250E+01     0.4149571E+02
    -0.6276624E+01     0.4148826E+02
    -0.6285580E+01     0.4148161E+02
    -0.6286475E+01     0.4147691E+02
    -0.6293966E+01     0.4146327E+02
    -0.6296994E+01     0.4145923E+02
    -0.6302141E+01     0.4145050E+02
    -0.6302669E+01     0.4144957E+02
    -0.6302669E+01     0.4144957E+02
    -0.6305619E+01     0.4144432E+02
    -0.6304416E+01     0.4143359E+02
    -0.6308112E+01     0.4142414E+02
    -0.6314914E+01     0.4141718E+02
    -0.6321498E+01     0.4141341E+02
    -0.6325298E+01     0.4140786E+02
    -0.6329217E+01     0.4139567E+02
    -0.6334527E+01     0.4138987E+02
    -0.6341424E+01     0.4138655E+02
    -0.6353282E+01     0.4138582E+02
    -0.6353282E+01     0.4138582E+02
    -0.6357027E+01     0.4138611E+02
    -0.6365728E+01     0.4139492E+02
    -0.6373962E+01     0.4139687E+02
    -0.6383337E+01     0.4139583E+02
    -0.6390154E+01     0.4138933E+02
    -0.6392351E+01     0.4137992E+02
    -0.6382965E+01     0.4136720E+02
    -0.6382965E+01     0.4136720E+02
    -0.6381444E+01     0.4136211E+02
    -0.6384086E+01     0.4135886E+02
    -0.6395987E+01     0.4135020E+02
    -0.6410667E+01     0.4134332E+02
    -0.6416783E+01     0.4133430E+02
    -0.6422139E+01     0.4133055E+02
    -0.6428382E+01     0.4131557E+02
    -0.6440578E+01     0.4130713E+02
    -0.6457097E+01     0.4130136E+02
    -0.6457097E+01     0.4130136E+02
    -0.6472883E+01     0.4129274E+02
    -0.6506696E+01     0.4126593E+02
    -0.6526481E+01     0.4126038E+02
    -0.6536241E+01     0.4125871E+02
    -0.6543179E+01     0.4125669E+02
    -0.6558397E+01     0.4124640E+02
    -0.6562418E+01     0.4124275E+02
    -0.6570483E+01     0.4123767E+02
    -0.6575182E+01     0.4123789E+02
    -0.6588834E+01     0.4123744E+02
    -0.6596668E+01     0.4123901E+02
    -0.6607186E+01     0.4124102E+02
    -0.6618453E+01     0.4124487E+02
    -0.6623301E+01     0.4124527E+02
    -0.6634267E+01     0.4124371E+02
    -0.6645905E+01     0.4123990E+02
    -0.6668905E+01     0.4122185E+02
    -0.6681042E+01     0.4120969E+02
    -0.6687900E+01     0.4120066E+02
    -0.6692872E+01     0.4119530E+02
    -0.6701137E+01     0.4117915E+02
    -0.6719028E+01     0.4116187E+02
    -0.6739858E+01     0.4114693E+02
    -0.6748867E+01     0.4114200E+02
    -0.6765311E+01     0.4113300E+02
    -0.6768610E+01     0.4112815E+02
    -0.6767891E+01     0.4112360E+02
    -0.6762615E+01     0.4112043E+02
    -0.6755472E+01     0.4111274E+02
    -0.6754112E+01     0.4110602E+02
    -0.6770236E+01     0.4108855E+02
    -0.6782446E+01     0.4106571E+02
    -0.6797886E+01     0.4105434E+02
    -0.6806752E+01     0.4104417E+02
    -0.6812060E+01     0.4104177E+02
    -0.6823076E+01     0.4103723E+02
    -0.6844981E+01     0.4103322E+02
    -0.6859638E+01     0.4103165E+02
    -0.6874969E+01     0.4103098E+02
    -0.6895894E+01     0.4103613E+02
    -0.6901879E+01     0.4103756E+02
    -0.6915030E+01     0.4103893E+02
    -0.6920315E+01     0.4103762E+02
    -0.6930360E+01     0.4103400E+02
    -0.6928569E+01     0.4102740E+02
    -0.6928122E+01     0.4102192E+02
    -0.6926332E+01     0.4101879E+02
    -0.6915365E+01     0.4101073E+02
    -0.6904341E+01     0.4099746E+02
    -0.6888061E+01     0.4098230E+02
    -0.6878288E+01     0.4097216E+02
    -0.6872599E+01     0.4096380E+02
    -0.6860979E+01     0.4095829E+02
    -0.6856635E+01     0.4095425E+02
    -0.6843719E+01     0.4092655E+02
    -0.6842629E+01     0.4090140E+02
    -0.6836708E+01     0.4089487E+02
    -0.6829341E+01     0.4089019E+02
    -0.6826815E+01     0.4088634E+02
    -0.6810832E+01     0.4088247E+02
    -0.6808328E+01     0.4088186E+02
    -0.6804600E+01     0.4087804E+02
    -0.6799145E+01     0.4085708E+02
    -0.6798271E+01     0.4084817E+02
    -0.6803001E+01     0.4084557E+02
    -0.6817374E+01     0.4084372E+02
    -0.6819106E+01     0.4084140E+02
    -0.6816783E+01     0.4083434E+02
    -0.6820649E+01     0.4082329E+02
    -0.6815935E+01     0.4080690E+02
    -0.6822504E+01     0.4078619E+02
    -0.6823444E+01     0.4076809E+02
    -0.6827184E+01     0.4075315E+02
    -0.6825178E+01     0.4074655E+02
    -0.6824172E+01     0.4074496E+02
    -0.6819181E+01     0.4073705E+02
    -0.6818740E+01     0.4073248E+02
    -0.6813857E+01     0.4072982E+02
    -0.6808665E+01     0.4071709E+02
    -0.6802394E+01     0.4068113E+02
    -0.6802394E+01     0.4068113E+02
    -0.6799516E+01     0.4066747E+02
    -0.6792888E+01     0.4064953E+02
    -0.6793203E+01     0.4064129E+02
    -0.6796787E+01     0.4063207E+02
    -0.6804363E+01     0.4061682E+02
    -0.6822418E+01     0.4059243E+02
    -0.6837779E+01     0.4056856E+02
    -0.6826165E+01     0.4056239E+02
    -0.6819238E+01     0.4056349E+02
    -0.6806148E+01     0.4055594E+02
    -0.6796495E+01     0.4054562E+02
    -0.6794200E+01     0.4053995E+02
    -0.6789597E+01     0.4053254E+02
    -0.6790629E+01     0.4052332E+02
    -0.6795042E+01     0.4051226E+02
    -0.6799778E+01     0.4051056E+02
    -0.6806201E+01     0.4050352E+02
    -0.6816527E+01     0.4048391E+02
    -0.6830485E+01     0.4047196E+02
    -0.6840063E+01     0.4045484E+02
    -0.6840388E+01     0.4044706E+02
    -0.6833648E+01     0.4043416E+02
    -0.6829995E+01     0.4042636E+02
    -0.6831001E+01     0.4041844E+02
    -0.6818372E+01     0.4039949E+02
    -0.6809291E+01     0.4038778E+02
    -0.6805846E+01     0.4038328E+02
    -0.6801308E+01     0.4038177E+02
    -0.6792115E+01     0.4037533E+02
    -0.6782062E+01     0.4037326E+02
    -0.6776081E+01     0.4037016E+02
    -0.6776533E+01     0.4036558E+02
    -0.6784694E+01     0.4035947E+02
    -0.6786376E+01     0.4035624E+02
    -0.6789701E+01     0.4033124E+02
    -0.6794974E+01     0.4032816E+02
    -0.6803884E+01     0.4032661E+02
    -0.6818927E+01     0.4032104E+02
    -0.6827102E+01     0.4031561E+02
    -0.6843795E+01     0.4030612E+02
    -0.6856322E+01     0.4029717E+02
    -0.6858716E+01     0.4028889E+02
    -0.6856226E+01     0.4027609E+02
    -0.6857938E+01     0.4026695E+02
    -0.6875622E+01     0.4026063E+02
    -0.6896102E+01     0.4025745E+02
    -0.6944074E+01     0.4025528E+02
    -0.6947908E+01     0.4025405E+02
    -0.6953526E+01     0.4024455E+02
    -0.6961382E+01     0.4023912E+02
    -0.6981620E+01     0.4023776E+02
    -0.6996602E+01     0.4023148E+02
    -0.7005489E+01     0.4022190E+02
    -0.7010175E+01     0.4021174E+02
    -0.7015651E+01     0.4019881E+02
    -0.7018512E+01     0.4018777E+02
    -0.7016456E+01     0.4018073E+02
    -0.7014047E+01     0.4016432E+02
    -0.7009075E+01     0.4015894E+02
    -0.7008290E+01     0.4015393E+02
    -0.7011254E+01     0.4014563E+02
    -0.7009140E+01     0.4013699E+02
    -0.7000343E+01     0.4012484E+02
    -0.6990264E+01     0.4011671E+02
    -0.6982730E+01     0.4012043E+02
    -0.6965815E+01     0.4011738E+02
    -0.6958559E+01     0.4011462E+02
    -0.6948936E+01     0.4011327E+02
    -0.6945354E+01     0.4011395E+02
    -0.6941326E+01     0.4011260E+02
    -0.6938591E+01     0.4010586E+02
    -0.6929464E+01     0.4010209E+02
    -0.6924765E+01     0.4009134E+02
    -0.6920065E+01     0.4008597E+02
    -0.6917155E+01     0.4007657E+02
    -0.6914693E+01     0.4007321E+02
    -0.6905965E+01     0.4006829E+02
    -0.6903727E+01     0.4006493E+02
    -0.6896850E+01     0.4006286E+02
    -0.6893432E+01     0.4006269E+02
    -0.6895222E+01     0.4005754E+02
    -0.6894775E+01     0.4005285E+02
    -0.6892551E+01     0.4005084E+02
    -0.6886046E+01     0.4004680E+02
    -0.6879333E+01     0.4003651E+02
    -0.6880228E+01     0.4003315E+02
    -0.6876651E+01     0.4003037E+02
    -0.6875304E+01     0.4002532E+02
    -0.6875080E+01     0.4002330E+02
    -0.6873066E+01     0.4002084E+02
    -0.6863890E+01     0.4001301E+02
    -0.6868366E+01     0.4001055E+02
    -0.6870380E+01     0.4000629E+02
    -0.6874694E+01     0.4000000E+02
    -0.6874694E+01     0.4000000E+02
    -0.6875512E+01     0.3999289E+02
    -0.6886551E+01     0.3996938E+02
    -0.6890014E+01     0.3995803E+02
    -0.6885577E+01     0.3994377E+02
    -0.6888530E+01     0.3993382E+02
    -0.6892411E+01     0.3993040E+02
    -0.6902613E+01     0.3992141E+02
    -0.6904533E+01     0.3991401E+02
    -0.6899717E+01     0.3989358E+02
    -0.6902559E+01     0.3986737E+02
    -0.6916966E+01     0.3985083E+02
    -0.6927887E+01     0.3984516E+02
    -0.6929268E+01     0.3983389E+02
    -0.6939960E+01     0.3982938E+02
    -0.6943748E+01     0.3982352E+02
    -0.6945889E+01     0.3982269E+02
    -0.6951565E+01     0.3982048E+02
    -0.6964819E+01     0.3981908E+02
    -0.6983486E+01     0.3980466E+02
    -0.6985705E+01     0.3979747E+02
    -0.6977131E+01     0.3977879E+02
    -0.6977196E+01     0.3977031E+02
    -0.6978585E+01     0.3976408E+02
    -0.6990882E+01     0.3974278E+02
    -0.6992046E+01     0.3973770E+02
    -0.6990468E+01     0.3972800E+02
    -0.6991134E+01     0.3972527E+02
    -0.6991134E+01     0.3972527E+02
    -0.6991423E+01     0.3972408E+02
    -0.6995027E+01     0.3971887E+02
    -0.6998252E+01     0.3971422E+02
    -0.7001074E+01     0.3969167E+02
    -0.7006018E+01     0.3968005E+02
    -0.7012062E+01     0.3967205E+02
    -0.7016105E+01     0.3967030E+02
    -0.7044364E+01     0.3966242E+02
    -0.7059402E+01     0.3965638E+02
    -0.7068266E+01     0.3965606E+02
    -0.7075398E+01     0.3965649E+02
    -0.7097098E+01     0.3966281E+02
    -0.7105010E+01     0.3966339E+02
    -0.7109591E+01     0.3966373E+02
    -0.7147375E+01     0.3965685E+02
    -0.7163483E+01     0.3965878E+02
    -0.7175834E+01     0.3966222E+02
    -0.7251898E+01     0.3966626E+02
    -0.7264619E+01     0.3966243E+02
    -0.7313516E+01     0.3964767E+02
    -0.7386707E+01     0.3965311E+02
    -0.7393147E+01     0.3965195E+02
    -0.7403884E+01     0.3965314E+02
    -0.7421966E+01     0.3965823E+02
    -0.7423187E+01     0.3965857E+02
    -0.7466026E+01     0.3966607E+02
    -0.7488110E+01     0.3966405E+02
    -0.7501789E+01     0.3966489E+02
    -0.7515790E+01     0.3966158E+02
    -0.7522139E+01     0.3965904E+02
    -0.7524928E+01     0.3965641E+02
    -0.7525558E+01     0.3965249E+02
    -0.7507878E+01     0.3961614E+02
    -0.7504682E+01     0.3960957E+02
    -0.7492654E+01     0.3959309E+02
    -0.7481138E+01     0.3958438E+02
    -0.7460521E+01     0.3957671E+02
    -0.7452494E+01     0.3957153E+02
    -0.7443257E+01     0.3956135E+02
    -0.7434791E+01     0.3954473E+02
    -0.7429497E+01     0.3954058E+02
    -0.7422434E+01     0.3953651E+02
    -0.7415547E+01     0.3953517E+02
    -0.7407776E+01     0.3953387E+02
    -0.7399001E+01     0.3953535E+02
    -0.7399001E+01     0.3953535E+02
    -0.7390259E+01     0.3952554E+02
    -0.7382502E+01     0.3949813E+02
    -0.7378150E+01     0.3949051E+02
    -0.7376696E+01     0.3948935E+02
    -0.7371907E+01     0.3948550E+02
    -0.7359468E+01     0.3948050E+02
    -0.7348574E+01     0.3948093E+02
    -0.7337146E+01     0.3947337E+02
    -0.7314906E+01     0.3946738E+02
    -0.7300616E+01     0.3946107E+02
    -0.7294381E+01     0.3945605E+02
    -0.7293225E+01     0.3945197E+02
    -0.7299847E+01     0.3943613E+02
    -0.7299510E+01     0.3941323E+02
    -0.7301499E+01     0.3940765E+02
    -0.7303189E+01     0.3940614E+02
    -0.7308737E+01     0.3940118E+02
    -0.7327448E+01     0.3938989E+02
    -0.7329790E+01     0.3938521E+02
    -0.7312825E+01     0.3934766E+02
    -0.7312825E+01     0.3934766E+02
    -0.7310493E+01     0.3934539E+02
    -0.7292268E+01     0.3932271E+02
    -0.7266109E+01     0.3930563E+02
    -0.7254785E+01     0.3929824E+02
    -0.7232516E+01     0.3928120E+02
    -0.7230176E+01     0.3927671E+02
    -0.7240596E+01     0.3925454E+02
    -0.7241709E+01     0.3923915E+02
    -0.7237782E+01     0.3921363E+02
    -0.7229638E+01     0.3920087E+02
    -0.7224452E+01     0.3919613E+02
    -0.7218100E+01     0.3919031E+02
    -0.7206606E+01     0.3918524E+02
    -0.7194932E+01     0.3918201E+02
    -0.7144161E+01     0.3917450E+02
    -0.7133418E+01     0.3916710E+02
    -0.7131570E+01     0.3915594E+02
    -0.7141791E+01     0.3913517E+02
    -0.7145352E+01     0.3912106E+02
    -0.7144769E+01     0.3911626E+02
    -0.7140263E+01     0.3910979E+02
    -0.7134360E+01     0.3910450E+02
    -0.7127688E+01     0.3910108E+02
    -0.7115526E+01     0.3909924E+02
    -0.7098248E+01     0.3910033E+02
    -0.7052491E+01     0.3911689E+02
    -0.7043157E+01     0.3911814E+02
    -0.7035728E+01     0.3911681E+02
    -0.7011442E+01     0.3910258E+02
    -0.7000722E+01     0.3909629E+02
    -0.6976770E+01     0.3907859E+02
    -0.6963263E+01     0.3906348E+02
    -0.6962132E+01     0.3905917E+02
    -0.6966895E+01     0.3904502E+02
    -0.6965777E+01     0.3904094E+02
    -0.6955298E+01     0.3903237E+02
    -0.6953342E+01     0.3902900E+02
    -0.6953559E+01     0.3902258E+02
    -0.6969851E+01     0.3899981E+02
    -0.6990218E+01     0.3897131E+02
    -0.6999428E+01     0.3896319E+02
    -0.7016165E+01     0.3894333E+02
    -0.7022660E+01     0.3892536E+02
    -0.7027052E+01     0.3892076E+02
    -0.7046184E+01     0.3891219E+02
    -0.7048652E+01     0.3890735E+02
    -0.7046101E+01     0.3890072E+02
    -0.7046101E+01     0.3890072E+02
    -0.7043027E+01     0.3889649E+02
    -0.7032646E+01     0.3888220E+02
    -0.7031065E+01     0.3887561E+02
    -0.7033503E+01     0.3886773E+02
    -0.7037321E+01     0.3886322E+02
    -0.7053415E+01     0.3885882E+02
    -0.7057757E+01     0.3885764E+02
    -0.7064011E+01     0.3885464E+02
    -0.7076582E+01     0.3884041E+02
    -0.7084747E+01     0.3882130E+02
    -0.7089684E+01     0.3881607E+02
    -0.7096617E+01     0.3881466E+02
    -0.7118383E+01     0.3881446E+02
    -0.7119719E+01     0.3881445E+02
    -0.7126009E+01     0.3881215E+02
    -0.7145844E+01     0.3879739E+02
    -0.7157005E+01     0.3877977E+02
    -0.7161746E+01     0.3877614E+02
    -0.7184920E+01     0.3876813E+02
    -0.7194816E+01     0.3875375E+02
    -0.7203706E+01     0.3874653E+02
    -0.7234102E+01     0.3873385E+02
    -0.7244978E+01     0.3872931E+02
    -0.7250848E+01     0.3872518E+02
    -0.7254819E+01     0.3871883E+02
    -0.7264568E+01     0.3866685E+02
    -0.7265154E+01     0.3863841E+02
    -0.7264665E+01     0.3863522E+02
    -0.7260984E+01     0.3863238E+02
    -0.7242309E+01     0.3862805E+02
    -0.7240877E+01     0.3862375E+02
    -0.7255271E+01     0.3860601E+02
    -0.7260186E+01     0.3859092E+02
    -0.7272601E+01     0.3857440E+02
    -0.7285269E+01     0.3855259E+02
    -0.7294745E+01     0.3854535E+02
    -0.7297359E+01     0.3854044E+02
    -0.7301580E+01     0.3852377E+02
    -0.7306005E+01     0.3851600E+02
    -0.7310526E+01     0.3850806E+02
    -0.7312991E+01     0.3849886E+02
    -0.7312991E+01     0.3849886E+02
    -0.7316919E+01     0.3848420E+02
    -0.7315791E+01     0.3848012E+02
    -0.7311327E+01     0.3847869E+02
    -0.7297078E+01     0.3848405E+02
    -0.7295879E+01     0.3847882E+02
    -0.7310075E+01     0.3846382E+02
    -0.7314347E+01     0.3844996E+02
    -0.7327958E+01     0.3844136E+02
    -0.7330624E+01     0.3843736E+02
    -0.7330292E+01     0.3843656E+02
    -0.7329595E+01     0.3843488E+02
    -0.7311844E+01     0.3843533E+02
    -0.7284218E+01     0.3842218E+02
    -0.7269008E+01     0.3839755E+02
    -0.7230834E+01     0.3835911E+02
    -0.7210564E+01     0.3834157E+02
    -0.7203179E+01     0.3833517E+02
    -0.7179719E+01     0.3830327E+02
    -0.7171331E+01     0.3829441E+02
    -0.7151547E+01     0.3827980E+02
    -0.7145333E+01     0.3827315E+02
    -0.7142725E+01     0.3826843E+02
    -0.7133885E+01     0.3823455E+02
    -0.7133305E+01     0.3823233E+02
    -0.7114337E+01     0.3821148E+02
    -0.7099250E+01     0.3818728E+02
    -0.7082621E+01     0.3817620E+02
    -0.7072120E+01     0.3817544E+02
    -0.7067043E+01     0.3818296E+02
    -0.7064475E+01     0.3818375E+02
    -0.7053099E+01     0.3817797E+02
    -0.7035673E+01     0.3818297E+02
    -0.7026714E+01     0.3818376E+02
    -0.7023880E+01     0.3818470E+02
    -0.7012749E+01     0.3818839E+02
    -0.7006123E+01     0.3819437E+02
    -0.7005586E+01     0.3820516E+02
    -0.7001013E+01     0.3820647E+02
    -0.6989902E+01     0.3820527E+02
    -0.6975602E+01     0.3820923E+02
    -0.6966284E+01     0.3820888E+02
    -0.6950517E+01     0.3821770E+02
    -0.6943925E+01     0.3821931E+02
    -0.6936887E+01     0.3821819E+02
    -0.6935030E+01     0.3821387E+02
    -0.6933874E+01     0.3821119E+02
    -0.6943700E+01     0.3818020E+02
    -0.6944462E+01     0.3817779E+02
    -0.6951722E+01     0.3814727E+02
    -0.6960316E+01     0.3812494E+02
    -0.6993555E+01     0.3808224E+02
    -0.6994502E+01     0.3807853E+02
    -0.6991567E+01     0.3806786E+02
    -0.6991706E+01     0.3806359E+02
    -0.6991776E+01     0.3806144E+02
    -0.6992934E+01     0.3805635E+02
    -0.6998759E+01     0.3804673E+02
    -0.6990433E+01     0.3803305E+02
    -0.6993628E+01     0.3802812E+02
    -0.7023355E+01     0.3802084E+02
    -0.7041826E+01     0.3801948E+02
    -0.7057765E+01     0.3802439E+02
    -0.7080029E+01     0.3803825E+02
    -0.7088264E+01     0.3804024E+02
    -0.7094870E+01     0.3804010E+02
    -0.7102164E+01     0.3803995E+02
    -0.7107196E+01     0.3803678E+02
    -0.7119979E+01     0.3802254E+02
    -0.7120450E+01     0.3802069E+02
    -0.7115954E+01     0.3801329E+02
    -0.7115878E+01     0.3800710E+02
    -0.7125936E+01     0.3800076E+02
    -0.7169790E+01     0.3799751E+02
    -0.7174169E+01     0.3799804E+02
    -0.7186008E+01     0.3800699E+02
    -0.7192452E+01     0.3800812E+02
    -0.7198718E+01     0.3800628E+02
    -0.7206463E+01     0.3799917E+02
    -0.7209153E+01     0.3799670E+02
    -0.7235764E+01     0.3799110E+02
    -0.7250822E+01     0.3798617E+02
    -0.7257561E+01     0.3797788E+02
    -0.7257362E+01     0.3796986E+02
    -0.7249764E+01     0.3794974E+02
    -0.7259535E+01     0.3793422E+02
    -0.7265267E+01     0.3791428E+02
    -0.7271475E+01     0.3790402E+02
    -0.7281042E+01     0.3788821E+02
    -0.7275798E+01     0.3788291E+02
    -0.7274391E+01     0.3787883E+02
    -0.7274391E+01     0.3787883E+02
    -0.7287712E+01     0.3785907E+02
    -0.7295382E+01     0.3785257E+02
    -0.7299555E+01     0.3784115E+02
    -0.7325291E+01     0.3781486E+02
    -0.7346516E+01     0.3780225E+02
    -0.7349757E+01     0.3780032E+02
    -0.7382644E+01     0.3777349E+02
    -0.7397965E+01     0.3776506E+02
    -0.7407995E+01     0.3776395E+02
    -0.7415919E+01     0.3775720E+02
    -0.7418387E+01     0.3774654E+02
    -0.7426702E+01     0.3773701E+02
    -0.7431544E+01     0.3771868E+02
    -0.7436438E+01     0.3770717E+02
    -0.7443267E+01     0.3769110E+02
    -0.7444607E+01     0.3767223E+02
    -0.7449425E+01     0.3765366E+02
    -0.7453022E+01     0.3764708E+02
    -0.7465782E+01     0.3763530E+02
    -0.7469344E+01     0.3762390E+02
    -0.7476523E+01     0.3761924E+02
    -0.7483242E+01     0.3760771E+02
    -0.7488157E+01     0.3760796E+02
    -0.7490773E+01     0.3760995E+02
    -0.7490773E+01     0.3760995E+02
    -0.7492944E+01     0.3760374E+02
    -0.7492429E+01     0.3760105E+02
    -0.7491790E+01     0.3759771E+02
    -0.7495330E+01     0.3758608E+02
    -0.7493346E+01     0.3758226E+02
    -0.7498649E+01     0.3757974E+02
    -0.7506966E+01     0.3757066E+02
    -0.7509165E+01     0.3756483E+02
    -0.7500669E+01     0.3756266E+02
    -0.7499414E+01     0.3756111E+02
    -0.7502372E+01     0.3755800E+02
    -0.7520840E+01     0.3755721E+02
    -0.7511947E+01     0.3752446E+02
    -0.7490341E+01     0.3751884E+02
    -0.7488292E+01     0.3751544E+02
    -0.7488495E+01     0.3751410E+02
    -0.7489687E+01     0.3750620E+02
    -0.7486959E+01     0.3750126E+02
    -0.7486959E+01     0.3750126E+02
    -0.7464367E+01     0.3748890E+02
    -0.7460664E+01     0.3748079E+02
    -0.7464593E+01     0.3746639E+02
    -0.7456481E+01     0.3745250E+02
    -0.7453090E+01     0.3743175E+02
    -0.7443233E+01     0.3741747E+02
    -0.7445539E+01     0.3741324E+02
    -0.7454377E+01     0.3741218E+02
    -0.7457407E+01     0.3741022E+02
    -0.7457407E+01     0.3741022E+02
    -0.7461117E+01     0.3740983E+02
    -0.7462336E+01     0.3740657E+02
    -0.7458880E+01     0.3740212E+02
    -0.7444414E+01     0.3739194E+02
    -0.7437761E+01     0.3738258E+02
    -0.7434653E+01     0.3737467E+02
    -0.7433217E+01     0.3736164E+02
    -0.7435159E+01     0.3735192E+02
    -0.7439422E+01     0.3734692E+02
    -0.7442659E+01     0.3733944E+02
    -0.7438810E+01     0.3732032E+02
    -0.7441910E+01     0.3731077E+02
    -0.7436108E+01     0.3730114E+02
    -0.7435277E+01     0.3729805E+02
    -0.7431163E+01     0.3728275E+02
    -0.7423678E+01     0.3727365E+02
    -0.7423437E+01     0.3726999E+02
    -0.7432962E+01     0.3725352E+02
    -0.7435097E+01     0.3724677E+02
    -0.7431890E+01     0.3724162E+02
    -0.7419609E+01     0.3723364E+02
    -0.7416043E+01     0.3722736E+02
    -0.7415229E+01     0.3720628E+02
    -0.7410626E+01     0.3719292E+02
    -0.7405086E+01     0.3718344E+02
    -0.7401590E+01     0.3717746E+02
    -0.7401966E+01     0.3717446E+02
    -0.7404598E+01     0.3717090E+02
    -0.7409033E+01     0.3716865E+02
    -0.7420295E+01     0.3717002E+02
    -0.7440700E+01     0.3717536E+02
    -0.7466427E+01     0.3717450E+02
    -0.7490271E+01     0.3717120E+02
    -0.7507390E+01     0.3716588E+02
    -0.7537511E+01     0.3715338E+02
    -0.7541945E+01     0.3715154E+02
    -0.7599107E+01     0.3712450E+02
    -0.7600722E+01     0.3712719E+02
    -0.7593657E+01     0.3713278E+02
    -0.7581644E+01     0.3713720E+02
    -0.7556078E+01     0.3715300E+02
    -0.7557931E+01     0.3715499E+02
    -0.7562246E+01     0.3715526E+02
    -0.7571808E+01     0.3714842E+02
    -0.7577686E+01     0.3714587E+02
    -0.7587110E+01     0.3714179E+02
    -0.7602445E+01     0.3713148E+02
    -0.7613600E+01     0.3712709E+02
    -0.7619333E+01     0.3711880E+02
    -0.7631485E+01     0.3711230E+02
    -0.7628475E+01     0.3711014E+02
    -0.7619053E+01     0.3711129E+02
    -0.7619053E+01     0.3711129E+02
    -0.7624596E+01     0.3710365E+02
    -0.7642107E+01     0.3709186E+02
    -0.7712326E+01     0.3705615E+02
    -0.7712326E+01     0.3705615E+02
    -0.7715733E+01     0.3705577E+02
    -0.7724195E+01     0.3705815E+02
    -0.7729534E+01     0.3705677E+02
    -0.7733192E+01     0.3705178E+02
    -0.7733441E+01     0.3704305E+02
    -0.7733441E+01     0.3704305E+02
    -0.7764777E+01     0.3702488E+02
    -0.7783901E+01     0.3701621E+02
    -0.7783901E+01     0.3701621E+02
    -0.7789682E+01     0.3701710E+02
    -0.7796760E+01     0.3701609E+02
    -0.7802623E+01     0.3701812E+02
    -0.7804355E+01     0.3702241E+02
    -0.7801746E+01     0.3702597E+02
    -0.7785421E+01     0.3702969E+02
    -0.7793677E+01     0.3703323E+02
    -0.7808164E+01     0.3702775E+02
    -0.7826296E+01     0.3702532E+02
    -0.7842016E+01     0.3702116E+02
    -0.7843973E+01     0.3702036E+02
    -0.7853963E+01     0.3701625E+02
    -0.7862929E+01     0.3700964E+02
    -0.7868662E+01     0.3700984E+02
    -0.7869973E+01     0.3700817E+02
    -0.7868115E+01     0.3700619E+02
    -0.7856397E+01     0.3699823E+02
    -0.7856690E+01     0.3699431E+02
    -0.7863357E+01     0.3698758E+02
    -0.7875167E+01     0.3698083E+02
    -0.7883731E+01     0.3698067E+02
    -0.7916164E+01     0.3700238E+02
    -0.7921628E+01     0.3700282E+02
    -0.7927481E+01     0.3700071E+02
    -0.7933783E+01     0.3700088E+02
    -0.7937435E+01     0.3700393E+02
    -0.7938316E+01     0.3700599E+02
    -0.7941566E+01     0.3701361E+02
    -0.7944751E+01     0.3701415E+02
    -0.7953977E+01     0.3700729E+02
    -0.7961068E+01     0.3700650E+02
    -0.7971879E+01     0.3700968E+02
    -0.7976322E+01     0.3700786E+02
    -0.7982592E+01     0.3700757E+02
    -0.7961565E+01     0.3698971E+02
    -0.7955621E+01     0.3698264E+02
    -0.7958069E+01     0.3698092E+02
    -0.7976263E+01     0.3699133E+02
    -0.7998953E+01     0.3700842E+02
    -0.8001689E+01     0.3700998E+02
    -0.8092735E+01     0.3706211E+02
    -0.8125061E+01     0.3707343E+02
    -0.8129338E+01     0.3707323E+02
    -0.8134737E+01     0.3707494E+02
    -0.8166574E+01     0.3708500E+02
    -0.8191753E+01     0.3708861E+02
    -0.8206820E+01     0.3708719E+02
    -0.8222514E+01     0.3708275E+02
    -0.8235565E+01     0.3708120E+02
    -0.8247718E+01     0.3708290E+02
    -0.8262875E+01     0.3707895E+02
    -0.8273392E+01     0.3707797E+02
    -0.8285814E+01     0.3707338E+02
    -0.8288423E+01     0.3707241E+02
    -0.8297798E+01     0.3707149E+02
    -0.8308364E+01     0.3707488E+02
    -0.8326501E+01     0.3708731E+02
    -0.8338424E+01     0.3709338E+02
    -0.8350188E+01     0.3709739E+02
    -0.8367286E+01     0.3709999E+02
    -0.8379462E+01     0.3709823E+02
    -0.8397911E+01     0.3708881E+02
    -0.8407767E+01     0.3708671E+02
    -0.8424291E+01     0.3708565E+02
    -0.8428740E+01     0.3708582E+02
    -0.8442670E+01     0.3708633E+02
    -0.8470488E+01     0.3709412E+02
    -0.8477962E+01     0.3709811E+02
    -0.8511237E+01     0.3710239E+02
    -0.8514327E+01     0.3710522E+02
    -0.8517891E+01     0.3713192E+02
    -0.8512907E+01     0.3713769E+02
    -0.8501220E+01     0.3714564E+02
    -0.8500260E+01     0.3714798E+02
    -0.8503443E+01     0.3715196E+02
    -0.8512247E+01     0.3714737E+02
    -0.8516279E+01     0.3714763E+02
    -0.8521548E+01     0.3714185E+02
    -0.8528375E+01     0.3713047E+02
    -0.8525335E+01     0.3711753E+02
    -0.8526772E+01     0.3711401E+02
    -0.8560103E+01     0.3711529E+02
    -0.8565036E+01     0.3711251E+02
    -0.8570529E+01     0.3711314E+02
    -0.8580497E+01     0.3711953E+02
    -0.8584375E+01     0.3711958E+02
    -0.8601434E+01     0.3711982E+02
    -0.8603647E+01     0.3712138E+02
    -0.8602871E+01     0.3712342E+02
    -0.8596328E+01     0.3712399E+02
    -0.8589094E+01     0.3712666E+02
    -0.8589467E+01     0.3713567E+02
    -0.8587809E+01     0.3714054E+02
    -0.8580991E+01     0.3714719E+02
    -0.8582560E+01     0.3715075E+02
    -0.8588945E+01     0.3714965E+02
    -0.8592037E+01     0.3714536E+02
    -0.8592718E+01     0.3713476E+02
    -0.8597913E+01     0.3712943E+02
    -0.8604457E+01     0.3712886E+02
    -0.8609492E+01     0.3713089E+02
    -0.8616096E+01     0.3713814E+02
    -0.8621010E+01     0.3713512E+02
    -0.8623425E+01     0.3712604E+02
    -0.8629044E+01     0.3712115E+02
    -0.8625852E+01     0.3712061E+02
    -0.8621781E+01     0.3711992E+02
    -0.8621099E+01     0.3711858E+02
    -0.8634966E+01     0.3711648E+02
    -0.8652093E+01     0.3710869E+02
    -0.8661613E+01     0.3709901E+02
    -0.8664667E+01     0.3709081E+02
    -0.8662858E+01     0.3707918E+02
    -0.8665957E+01     0.3707856E+02
    -0.8681480E+01     0.3708280E+02
    -0.8733697E+01     0.3708052E+02
    -0.8738165E+01     0.3707869E+02
    -0.8755025E+01     0.3707180E+02
    -0.8774828E+01     0.3706892E+02
    -0.8784329E+01     0.3706267E+02
    -0.8789137E+01     0.3706195E+02
    -0.8799438E+01     0.3706531E+02
    -0.8838123E+01     0.3705887E+02
    -0.8846690E+01     0.3705519E+02
    -0.8854247E+01     0.3704973E+02
    -0.8857775E+01     0.3704403E+02
    -0.8861629E+01     0.3704221E+02
    -0.8868299E+01     0.3704323E+02
    -0.8879639E+01     0.3704193E+02
    -0.8890520E+01     0.3703858E+02
    -0.8899828E+01     0.3702682E+02
    -0.8905786E+01     0.3702282E+02
    -0.8918106E+01     0.3701962E+02
    -0.8925732E+01     0.3701507E+02
    -0.8925887E+01     0.3700679E+02
    -0.8928708E+01     0.3700295E+02
    -0.8940650E+01     0.3700208E+02
    -0.8942797E+01     0.3699368E+02
    -0.8946175E+01     0.3699304E+02
    -0.8948765E+01     0.3699657E+02
    -0.8949444E+01     0.3701125E+02
    -0.8961471E+01     0.3702139E+02
    -0.8975829E+01     0.3702473E+02
    -0.8979956E+01     0.3702337E+02
    -0.8981686E+01     0.3701684E+02
    -0.8985889E+01     0.3701913E+02
    -0.8991665E+01     0.3701974E+02
    -0.8993265E+01     0.3702172E+02
    -0.8987450E+01     0.3702732E+02
    -0.8985150E+01     0.3703389E+02
    -0.8978971E+01     0.3703859E+02
    -0.8977250E+01     0.3704190E+02
    -0.8979165E+01     0.3704755E+02
    -0.8977277E+01     0.3705225E+02
    -0.8962503E+01     0.3706363E+02
    -0.8957993E+01     0.3708456E+02
    -0.8953998E+01     0.3709144E+02
    -0.8939459E+01     0.3710235E+02
    -0.8934327E+01     0.3710942E+02
    -0.8928178E+01     0.3711790E+02
    -0.8908895E+01     0.3715066E+02
    -0.8905600E+01     0.3715911E+02
    -0.8903774E+01     0.3717139E+02
    -0.8907334E+01     0.3718292E+02
    -0.8913464E+01     0.3719431E+02
    -0.8911413E+01     0.3719718E+02
    -0.8901459E+01     0.3719818E+02
    -0.8894878E+01     0.3720175E+02
    -0.8884900E+01     0.3721263E+02
    -0.8882998E+01     0.3721563E+02
    -0.8874772E+01     0.3722857E+02
    -0.8859669E+01     0.3726041E+02
    -0.8859390E+01     0.3726731E+02
    -0.8863824E+01     0.3727903E+02
    -0.8863759E+01     0.3728845E+02
    -0.8866526E+01     0.3729060E+02
    -0.8870203E+01     0.3728994E+02
    -0.8872456E+01     0.3729281E+02
    -0.8870908E+01     0.3730507E+02
    -0.8872560E+01     0.3731441E+02
    -0.8865055E+01     0.3732078E+02
    -0.8859589E+01     0.3732856E+02
    -0.8815522E+01     0.3739122E+02
    -0.8799032E+01     0.3744149E+02
    -0.8798970E+01     0.3744372E+02
    -0.8798598E+01     0.3745691E+02
    -0.8792971E+01     0.3748248E+02
    -0.8793756E+01     0.3749186E+02
    -0.8789002E+01     0.3750727E+02
    -0.8786427E+01     0.3753154E+02
    -0.8792529E+01     0.3754936E+02
    -0.8789911E+01     0.3755593E+02
    -0.8796729E+01     0.3756649E+02
    -0.8802828E+01     0.3757593E+02
    -0.8810464E+01     0.3758448E+02
    -0.8814716E+01     0.3759391E+02
    -0.8809196E+01     0.3761396E+02
    -0.8809182E+01     0.3762407E+02
    -0.8800640E+01     0.3766312E+02
    -0.8793558E+01     0.3767842E+02
    -0.8792199E+01     0.3768666E+02
    -0.8791646E+01     0.3769001E+02
    -0.8794734E+01     0.3770271E+02
    -0.8793624E+01     0.3770667E+02
    -0.8783681E+01     0.3771547E+02
    -0.8766395E+01     0.3772281E+02
    -0.8755547E+01     0.3772430E+02
    -0.8753669E+01     0.3772256E+02
    -0.8753404E+01     0.3771247E+02
    -0.8749785E+01     0.3770025E+02
    -0.8748044E+01     0.3769830E+02
    -0.8739191E+01     0.3769782E+02
    -0.8738008E+01     0.3769581E+02
    -0.8742902E+01     0.3768776E+02
    -0.8741532E+01     0.3768330E+02
    -0.8728513E+01     0.3767702E+02
    -0.8725278E+01     0.3767870E+02
    -0.8727819E+01     0.3768257E+02
    -0.8736304E+01     0.3768396E+02
    -0.8738525E+01     0.3768637E+02
    -0.8731694E+01     0.3770069E+02
    -0.8733565E+01     0.3770243E+02
    -0.8743688E+01     0.3770417E+02
    -0.8744721E+01     0.3771568E+02
    -0.8748840E+01     0.3772534E+02
    -0.8757779E+01     0.3772755E+02
    -0.8766369E+01     0.3772645E+02
    -0.8787419E+01     0.3771720E+02
    -0.8789104E+01     0.3771817E+02
    -0.8791751E+01     0.3772906E+02
    -0.8797562E+01     0.3773633E+02
    -0.8807263E+01     0.3774179E+02
    -0.8808157E+01     0.3774578E+02
    -0.8804605E+01     0.3775824E+02
    -0.8804227E+01     0.3777089E+02
    -0.8795012E+01     0.3780561E+02
    -0.8790588E+01     0.3783892E+02
    -0.8793279E+01     0.3785026E+02
    -0.8794807E+01     0.3787028E+02
    -0.8796093E+01     0.3788710E+02
    -0.8800361E+01     0.3789996E+02
    -0.8802037E+01     0.3791297E+02
    -0.8809690E+01     0.3792474E+02
    -0.8816514E+01     0.3793012E+02
    -0.8852557E+01     0.3794199E+02
    -0.8862752E+01     0.3794949E+02
    -0.8868405E+01     0.3795125E+02
    -0.8882283E+01     0.3795097E+02
    -0.8886697E+01     0.3795321E+02
    -0.8888035E+01     0.3795388E+02
    -0.8889174E+01     0.3795704E+02
    -0.8885181E+01     0.3796115E+02
    -0.8873442E+01     0.3796614E+02
    -0.8867449E+01     0.3797060E+02
    -0.8851090E+01     0.3799283E+02
    -0.8817805E+01     0.3806144E+02
    -0.8816551E+01     0.3806402E+02
    -0.8792542E+01     0.3812316E+02
    -0.8776671E+01     0.3817589E+02
    -0.8775163E+01     0.3818268E+02
    -0.8771408E+01     0.3819958E+02
    -0.8769247E+01     0.3823943E+02
    -0.8772063E+01     0.3828313E+02
    -0.8777938E+01     0.3830785E+02
    -0.8787868E+01     0.3834959E+02
    -0.8793128E+01     0.3836699E+02
    -0.8812491E+01     0.3840294E+02
    -0.8823870E+01     0.3841681E+02
    -0.8832330E+01     0.3842429E+02
    -0.8852556E+01     0.3844216E+02
    -0.8886333E+01     0.3846884E+02
    -0.8906224E+01     0.3848983E+02
    -0.8904950E+01     0.3849196E+02
    -0.8899842E+01     0.3849361E+02
    -0.8891324E+01     0.3849291E+02
    -0.8890276E+01     0.3849090E+02
    -0.8892184E+01     0.3848598E+02
    -0.8890265E+01     0.3848402E+02
    -0.8884651E+01     0.3848317E+02
    -0.8878712E+01     0.3848532E+02
    -0.8874234E+01     0.3848073E+02
    -0.8870373E+01     0.3847313E+02
    -0.8858347E+01     0.3846550E+02
    -0.8849186E+01     0.3845726E+02
    -0.8829656E+01     0.3844704E+02
    -0.8819707E+01     0.3843975E+02
    -0.8816338E+01     0.3843442E+02
    -0.8809287E+01     0.3841321E+02
    -0.8805611E+01     0.3840766E+02
    -0.8800349E+01     0.3840403E+02
    -0.8796579E+01     0.3840423E+02
    -0.8794918E+01     0.3840868E+02
    -0.8806337E+01     0.3842403E+02
    -0.8809062E+01     0.3842768E+02
    -0.8810304E+01     0.3843543E+02
    -0.8808062E+01     0.3843991E+02
    -0.8800577E+01     0.3844443E+02
    -0.8793342E+01     0.3844504E+02
    -0.8787093E+01     0.3844353E+02
    -0.8781444E+01     0.3843877E+02
    -0.8779663E+01     0.3843152E+02
    -0.8775351E+01     0.3843221E+02
    -0.8773339E+01     0.3843943E+02
    -0.8767864E+01     0.3844017E+02
    -0.8759412E+01     0.3843671E+02
    -0.8757787E+01     0.3843473E+02
    -0.8766608E+01     0.3842876E+02
    -0.8768659E+01     0.3842544E+02
    -0.8765506E+01     0.3842262E+02
    -0.8755547E+01     0.3841854E+02
    -0.8750129E+01     0.3843030E+02
    -0.8747419E+01     0.3843274E+02
    -0.8741598E+01     0.3843281E+02
    -0.8737709E+01     0.3842758E+02
    -0.8736012E+01     0.3842530E+02
    -0.8726651E+01     0.3842486E+02
    -0.8715071E+01     0.3841880E+02
    -0.8708707E+01     0.3841936E+02
    -0.8699730E+01     0.3842350E+02
    -0.8693485E+01     0.3842199E+02
    -0.8673813E+01     0.3840968E+02
    -0.8646140E+01     0.3839916E+02
    -0.8638038E+01     0.3839980E+02
    -0.8622249E+01     0.3840612E+02
    -0.8624525E+01     0.3840899E+02
    -0.8630094E+01     0.3840939E+02
    -0.8640907E+01     0.3840631E+02
    -0.8647860E+01     0.3840676E+02
    -0.8658772E+01     0.3840747E+02
    -0.8672487E+01     0.3841824E+02
    -0.8683854E+01     0.3842179E+02
    -0.8691546E+01     0.3842667E+02
    -0.8702724E+01     0.3842794E+02
    -0.8709394E+01     0.3843103E+02
    -0.8704382E+01     0.3843382E+02
    -0.8706914E+01     0.3843621E+02
    -0.8725751E+01     0.3844190E+02
    -0.8742616E+01     0.3845181E+02
    -0.8756409E+01     0.3845638E+02
    -0.8753719E+01     0.3845905E+02
    -0.8739922E+01     0.3846136E+02
    -0.8736434E+01     0.3846273E+02
    -0.8733149E+01     0.3846401E+02
    -0.8733902E+01     0.3846604E+02
    -0.8742899E+01     0.3846902E+02
    -0.8743111E+01     0.3847153E+02
    -0.8735559E+01     0.3847881E+02
    -0.8729381E+01     0.3848854E+02
    -0.8727109E+01     0.3849968E+02
    -0.8728790E+01     0.3850579E+02
    -0.8742143E+01     0.3852232E+02
    -0.8745026E+01     0.3852882E+02
    -0.8739458E+01     0.3854931E+02
    -0.8739823E+01     0.3855710E+02
    -0.8743523E+01     0.3855943E+02
    -0.8746686E+01     0.3854566E+02
    -0.8748431E+01     0.3853806E+02
    -0.8763328E+01     0.3852443E+02
    -0.8776535E+01     0.3852191E+02
    -0.8780601E+01     0.3851136E+02
    -0.8775004E+01     0.3851074E+02
    -0.8766117E+01     0.3851602E+02
    -0.8762554E+01     0.3851529E+02
    -0.8755546E+01     0.3850831E+02
    -0.8751464E+01     0.3849796E+02
    -0.8753694E+01     0.3848292E+02
    -0.8759579E+01     0.3847665E+02
    -0.8768288E+01     0.3847275E+02
    -0.8781332E+01     0.3847184E+02
    -0.8783319E+01     0.3847233E+02
    -0.8790564E+01     0.3847411E+02
    -0.8797938E+01     0.3847855E+02
    -0.8813811E+01     0.3848346E+02
    -0.8852781E+01     0.3850942E+02
    -0.8869033E+01     0.3851522E+02
    -0.8886463E+01     0.3851774E+02
    -0.8897771E+01     0.3851691E+02
    -0.8918100E+01     0.3850573E+02
    -0.8919554E+01     0.3850324E+02
    -0.8928770E+01     0.3848748E+02
    -0.8934199E+01     0.3848283E+02
    -0.8939576E+01     0.3848093E+02
    -0.8955430E+01     0.3848215E+02
    -0.8961328E+01     0.3847954E+02
    -0.8974019E+01     0.3847794E+02
    -0.8978424E+01     0.3847495E+02
    -0.8991116E+01     0.3846003E+02
    -0.8998220E+01     0.3845459E+02
    -0.9010687E+01     0.3845047E+02
    -0.9022061E+01     0.3844389E+02
    -0.9037828E+01     0.3844418E+02
    -0.9043246E+01     0.3844110E+02
    -0.9048100E+01     0.3843834E+02
    -0.9056121E+01     0.3843676E+02
    -0.9062429E+01     0.3843228E+02
    -0.9069843E+01     0.3843372E+02
    -0.9079065E+01     0.3843252E+02
    -0.9097058E+01     0.3843820E+02
    -0.9107084E+01     0.3843949E+02
    -0.9111604E+01     0.3843786E+02
    -0.9117811E+01     0.3842902E+02
    -0.9126448E+01     0.3843107E+02
    -0.9136313E+01     0.3842731E+02
    -0.9143458E+01     0.3842899E+02
    -0.9151000E+01     0.3842857E+02
    -0.9186023E+01     0.3841689E+02
    -0.9189767E+01     0.3841563E+02
    -0.9199586E+01     0.3841463E+02
    -0.9216735E+01     0.3841735E+02
    -0.9218225E+01     0.3842094E+02
    -0.9215386E+01     0.3842822E+02
    -0.9206182E+01     0.3844251E+02
    -0.9197454E+01     0.3845241E+02
    -0.9185671E+01     0.3847373E+02
    -0.9181497E+01     0.3848568E+02
    -0.9181410E+01     0.3851177E+02
    -0.9181340E+01     0.3853253E+02
    -0.9185497E+01     0.3855273E+02
    -0.9202600E+01     0.3859013E+02
    -0.9215321E+01     0.3861124E+02
    -0.9229888E+01     0.3862955E+02
    -0.9259464E+01     0.3865953E+02
    -0.9266138E+01     0.3866857E+02
    -0.9264020E+01     0.3867098E+02
    -0.9255601E+01     0.3866525E+02
    -0.9245647E+01     0.3866512E+02
    -0.9234904E+01     0.3867238E+02
    -0.9213706E+01     0.3867402E+02
    -0.9203126E+01     0.3867667E+02
    -0.9182945E+01     0.3867664E+02
    -0.9175794E+01     0.3867787E+02
    -0.9163364E+01     0.3868002E+02
    -0.9146313E+01     0.3868881E+02
    -0.9142757E+01     0.3868827E+02
    -0.9140371E+01     0.3868449E+02
    -0.9150715E+01     0.3867268E+02
    -0.9149055E+01     0.3867047E+02
    -0.9140247E+01     0.3866682E+02
    -0.9133400E+01     0.3865893E+02
    -0.9102977E+01     0.3864889E+02
    -0.9100757E+01     0.3864695E+02
    -0.9105477E+01     0.3864416E+02
    -0.9112519E+01     0.3864447E+02
    -0.9127156E+01     0.3865124E+02
    -0.9132331E+01     0.3865027E+02
    -0.9133958E+01     0.3864813E+02
    -0.9138345E+01     0.3864236E+02
    -0.9135834E+01     0.3864043E+02
    -0.9122954E+01     0.3864022E+02
    -0.9115025E+01     0.3863652E+02
    -0.9106964E+01     0.3862479E+02
    -0.9103143E+01     0.3862454E+02
    -0.9101850E+01     0.3863954E+02
    -0.9096359E+01     0.3864351E+02
    -0.9088174E+01     0.3864350E+02
    -0.9081470E+01     0.3864042E+02
    -0.9075300E+01     0.3863020E+02
    -0.9065216E+01     0.3862523E+02
    -0.9063296E+01     0.3862006E+02
    -0.9058611E+01     0.3861664E+02
    -0.9052959E+01     0.3860891E+02
    -0.9043942E+01     0.3860274E+02
    -0.9043942E+01     0.3860274E+02
    -0.9041026E+01     0.3860611E+02
    -0.9041228E+01     0.3860840E+02
    -0.9048886E+01     0.3861900E+02
    -0.9051291E+01     0.3862967E+02
    -0.9062408E+01     0.3863641E+02
    -0.9062515E+01     0.3864421E+02
    -0.9065106E+01     0.3864705E+02
    -0.9073826E+01     0.3864979E+02
    -0.9081120E+01     0.3865950E+02
    -0.9080139E+01     0.3866161E+02
    -0.9074422E+01     0.3866307E+02
    -0.9072072E+01     0.3866539E+02
    -0.9068507E+01     0.3866891E+02
    -0.9058263E+01     0.3866877E+02
    -0.9046931E+01     0.3867949E+02
    -0.9042756E+01     0.3867857E+02
    -0.9037349E+01     0.3866371E+02
    -0.9034338E+01     0.3866272E+02
    -0.9025620E+01     0.3866664E+02
    -0.9022129E+01     0.3866682E+02
    -0.9014643E+01     0.3866149E+02
    -0.9006415E+01     0.3866101E+02
    -0.8995489E+01     0.3865311E+02
    -0.8993242E+01     0.3865415E+02
    -0.8993733E+01     0.3865642E+02
    -0.8999122E+01     0.3866118E+02
    -0.9002553E+01     0.3866696E+02
    -0.9008715E+01     0.3867053E+02
    -0.9012419E+01     0.3867607E+02
    -0.9007944E+01     0.3868504E+02
    -0.9005524E+01     0.3868650E+02
    -0.9001281E+01     0.3868907E+02
    -0.8995730E+01     0.3868914E+02
    -0.8977023E+01     0.3868257E+02
    -0.8974683E+01     0.3869256E+02
    -0.8971210E+01     0.3869298E+02
    -0.8956478E+01     0.3868504E+02
    -0.8953477E+01     0.3868750E+02
    -0.8955543E+01     0.3869106E+02
    -0.8965357E+01     0.3869628E+02
    -0.8977030E+01     0.3869933E+02
    -0.8995218E+01     0.3869995E+02
    -0.9007395E+01     0.3870206E+02
    -0.9029208E+01     0.3870065E+02
    -0.9033684E+01     0.3869834E+02
    -0.9035645E+01     0.3869609E+02
    -0.9041649E+01     0.3868919E+02
    -0.9045663E+01     0.3868828E+02
    -0.9049770E+01     0.3869173E+02
    -0.9048688E+01     0.3870924E+02
    -0.9045037E+01     0.3871426E+02
    -0.9024148E+01     0.3872617E+02
    -0.9013053E+01     0.3872976E+02
    -0.9006728E+01     0.3873767E+02
    -0.8971132E+01     0.3874555E+02
    -0.8960863E+01     0.3875528E+02
    -0.8954584E+01     0.3875816E+02
    -0.8944074E+01     0.3876077E+02
    -0.8935333E+01     0.3876123E+02
    -0.8923069E+01     0.3875821E+02
    -0.8920785E+01     0.3876224E+02
    -0.8920216E+01     0.3876915E+02
    -0.8926919E+01     0.3878900E+02
    -0.8931294E+01     0.3880896E+02
    -0.8935099E+01     0.3881565E+02
    -0.8948894E+01     0.3882937E+02
    -0.8949877E+01     0.3883391E+02
    -0.8945565E+01     0.3884492E+02
    -0.8953243E+01     0.3884076E+02
    -0.8962908E+01     0.3883551E+02
    -0.8967514E+01     0.3883458E+02
    -0.8971003E+01     0.3883760E+02
    -0.8968719E+01     0.3884163E+02
    -0.8970066E+01     0.3884362E+02
    -0.8981298E+01     0.3884807E+02
    -0.8983882E+01     0.3885413E+02
    -0.8977139E+01     0.3887078E+02
    -0.8978707E+01     0.3887529E+02
    -0.8993659E+01     0.3888528E+02
    -0.8995329E+01     0.3889093E+02
    -0.8990146E+01     0.3890199E+02
    -0.8988675E+01     0.3891194E+02
    -0.8989893E+01     0.3892243E+02
    -0.8988564E+01     0.3892732E+02
    -0.8985579E+01     0.3893213E+02
    -0.8977514E+01     0.3894513E+02
    -0.8970311E+01     0.3895331E+02
    -0.8963058E+01     0.3895760E+02
    -0.8944319E+01     0.3896479E+02
    -0.8938975E+01     0.3897082E+02
    -0.8935624E+01     0.3897948E+02
    -0.8934612E+01     0.3899813E+02
    -0.8925878E+01     0.3900570E+02
    -0.8919003E+01     0.3901777E+02
    -0.8914856E+01     0.3902074E+02
    -0.8906636E+01     0.3902416E+02
    -0.8896706E+01     0.3902621E+02
    -0.8890190E+01     0.3902755E+02
    -0.8880263E+01     0.3902486E+02
    -0.8868861E+01     0.3902546E+02
    -0.8855933E+01     0.3902201E+02
    -0.8852294E+01     0.3902747E+02
    -0.8847090E+01     0.3902843E+02
    -0.8828022E+01     0.3902530E+02
    -0.8815840E+01     0.3902708E+02
    -0.8808883E+01     0.3903157E+02
    -0.8796001E+01     0.3904578E+02
    -0.8788203E+01     0.3905077E+02
    -0.8759966E+01     0.3906072E+02
    -0.8758857E+01     0.3906153E+02
    -0.8752495E+01     0.3906615E+02
    -0.8744939E+01     0.3908788E+02
    -0.8718078E+01     0.3911082E+02
    -0.8718876E+01     0.3911331E+02
    -0.8729475E+01     0.3911001E+02
    -0.8738377E+01     0.3910405E+02
    -0.8752022E+01     0.3908477E+02
    -0.8759145E+01     0.3906834E+02
    -0.8762988E+01     0.3906516E+02
    -0.8764470E+01     0.3906486E+02
    -0.8781477E+01     0.3906145E+02
    -0.8796316E+01     0.3905632E+02
    -0.8803919E+01     0.3904904E+02
    -0.8813622E+01     0.3903546E+02
    -0.8821145E+01     0.3903071E+02
    -0.8830735E+01     0.3902952E+02
    -0.8845512E+01     0.3903058E+02
    -0.8881567E+01     0.3903650E+02
    -0.8894999E+01     0.3903556E+02
    -0.8905062E+01     0.3903192E+02
    -0.8921766E+01     0.3902589E+02
    -0.8933791E+01     0.3901561E+02
    -0.8955668E+01     0.3897039E+02
    -0.8974570E+01     0.3895836E+02
    -0.8987565E+01     0.3894596E+02
    -0.8997826E+01     0.3893422E+02
    -0.9010480E+01     0.3891972E+02
    -0.9015662E+01     0.3890866E+02
    -0.9017499E+01     0.3889295E+02
    -0.9022316E+01     0.3888443E+02
    -0.9040720E+01     0.3886714E+02
    -0.9047289E+01     0.3886518E+02
    -0.9058064E+01     0.3885450E+02
    -0.9069603E+01     0.3883597E+02
    -0.9073586E+01     0.3882723E+02
    -0.9081611E+01     0.3880960E+02
    -0.9087076E+01     0.3878222E+02
    -0.9086457E+01     0.3876871E+02
    -0.9088440E+01     0.3875483E+02
    -0.9093978E+01     0.3874144E+02
    -0.9105803E+01     0.3872312E+02
    -0.9119757E+01     0.3870904E+02
    -0.9130450E+01     0.3870432E+02
    -0.9149437E+01     0.3870076E+02
    -0.9160815E+01     0.3869393E+02
    -0.9175885E+01     0.3869563E+02
    -0.9193309E+01     0.3869099E+02
    -0.9223825E+01     0.3869205E+02
    -0.9233761E+01     0.3869517E+02
    -0.9257917E+01     0.3869704E+02
    -0.9267667E+01     0.3869489E+02
    -0.9271770E+01     0.3869304E+02
    -0.9275253E+01     0.3869148E+02
    -0.9287787E+01     0.3869101E+02
    -0.9306571E+01     0.3868214E+02
    -0.9312867E+01     0.3868064E+02
    -0.9318637E+01     0.3867343E+02
    -0.9324519E+01     0.3867378E+02
    -0.9333045E+01     0.3867744E+02
    -0.9343582E+01     0.3867753E+02
    -0.9359124E+01     0.3868744E+02
    -0.9381903E+01     0.3869648E+02
    -0.9396899E+01     0.3870045E+02
    -0.9407959E+01     0.3869982E+02
    -0.9412250E+01     0.3869644E+02
    -0.9424309E+01     0.3868694E+02
    -0.9428198E+01     0.3868787E+02
    -0.9433928E+01     0.3869282E+02
    -0.9438151E+01     0.3869419E+02
    -0.9457647E+01     0.3869307E+02
    -0.9475751E+01     0.3869892E+02
    -0.9480148E+01     0.3870211E+02
    -0.9483888E+01     0.3870763E+02
    -0.9473945E+01     0.3873255E+02
    -0.9470598E+01     0.3874675E+02
    -0.9473779E+01     0.3875254E+02
    -0.9485727E+01     0.3875750E+02
    -0.9486882E+01     0.3875798E+02
    -0.9490453E+01     0.3876168E+02
    -0.9492341E+01     0.3877236E+02
    -0.9495944E+01     0.3877950E+02
    -0.9484917E+01     0.3880540E+02
    -0.9476043E+01     0.3881693E+02
    -0.9449844E+01     0.3885930E+02
    -0.9443644E+01     0.3887238E+02
    -0.9411885E+01     0.3893930E+02
    -0.9409280E+01     0.3894909E+02
    -0.9417410E+01     0.3897319E+02
    -0.9416016E+01     0.3898337E+02
    -0.9419310E+01     0.3899235E+02
    -0.9421541E+01     0.3899844E+02
    -0.9418123E+01     0.3900896E+02
    -0.9419600E+01     0.3901531E+02
    -0.9415611E+01     0.3903229E+02
    -0.9414045E+01     0.3905006E+02
    -0.9415002E+01     0.3905712E+02
    -0.9420653E+01     0.3907034E+02
    -0.9419100E+01     0.3907571E+02
    -0.9406190E+01     0.3909480E+02
    -0.9395971E+01     0.3910502E+02
    -0.9393965E+01     0.3911089E+02
    -0.9392045E+01     0.3911649E+02
    -0.9369241E+01     0.3915267E+02
    -0.9360277E+01     0.3917016E+02
    -0.9347003E+01     0.3920464E+02
    -0.9345931E+01     0.3921526E+02
    -0.9340556E+01     0.3922890E+02
    -0.9339736E+01     0.3923098E+02
    -0.9341759E+01     0.3924005E+02
    -0.9335230E+01     0.3925854E+02
    -0.9333653E+01     0.3927010E+02
    -0.9336412E+01     0.3928074E+02
    -0.9342895E+01     0.3928703E+02
    -0.9348086E+01     0.3929844E+02
    -0.9346421E+01     0.3930587E+02
    -0.9350517E+01     0.3931184E+02
    -0.9363319E+01     0.3932259E+02
    -0.9361026E+01     0.3932961E+02
    -0.9364804E+01     0.3934477E+02
    -0.9365501E+01     0.3934559E+02
    -0.9367787E+01     0.3934827E+02
    -0.9372677E+01     0.3935006E+02
    -0.9392028E+01     0.3934874E+02
    -0.9399537E+01     0.3935015E+02
    -0.9407098E+01     0.3935523E+02
    -0.9404091E+01     0.3936091E+02
    -0.9395584E+01     0.3936460E+02
    -0.9384701E+01     0.3936499E+02
    -0.9376379E+01     0.3936752E+02
    -0.9373315E+01     0.3936632E+02
    -0.9369129E+01     0.3935944E+02
    -0.9361112E+01     0.3935576E+02
    -0.9349370E+01     0.3935642E+02
    -0.9344132E+01     0.3936038E+02
    -0.9339198E+01     0.3937075E+02
    -0.9328645E+01     0.3936836E+02
    -0.9325143E+01     0.3936879E+02
    -0.9318792E+01     0.3937185E+02
    -0.9296609E+01     0.3938254E+02
    -0.9244128E+01     0.3941527E+02
    -0.9235566E+01     0.3942492E+02
    -0.9233047E+01     0.3942001E+02
    -0.9226646E+01     0.3941784E+02
    -0.9224591E+01     0.3940832E+02
    -0.9216577E+01     0.3939821E+02
    -0.9223480E+01     0.3939622E+02
    -0.9224203E+01     0.3939283E+02
    -0.9222306E+01     0.3938986E+02
    -0.9226985E+01     0.3938295E+02
    -0.9225580E+01     0.3938050E+02
    -0.9222895E+01     0.3938020E+02
    -0.9215216E+01     0.3938658E+02
    -0.9202041E+01     0.3938776E+02
    -0.9198939E+01     0.3937968E+02
    -0.9193401E+01     0.3938044E+02
    -0.9191596E+01     0.3938329E+02
    -0.9196059E+01     0.3939337E+02
    -0.9194820E+01     0.3939596E+02
    -0.9185925E+01     0.3939553E+02
    -0.9184432E+01     0.3939859E+02
    -0.9187766E+01     0.3940277E+02
    -0.9193200E+01     0.3940408E+02
    -0.9197021E+01     0.3940066E+02
    -0.9200084E+01     0.3940187E+02
    -0.9208493E+01     0.3941632E+02
    -0.9214536E+01     0.3942103E+02
    -0.9227275E+01     0.3942469E+02
    -0.9227893E+01     0.3942635E+02
    -0.9228451E+01     0.3942784E+02
    -0.9207052E+01     0.3945539E+02
    -0.9204150E+01     0.3946565E+02
    -0.9195622E+01     0.3946933E+02
    -0.9168487E+01     0.3949581E+02
    -0.9154233E+01     0.3950484E+02
    -0.9147740E+01     0.3950497E+02
    -0.9142875E+01     0.3949697E+02
    -0.9135750E+01     0.3949989E+02
    -0.9131771E+01     0.3950492E+02
    -0.9138700E+01     0.3950959E+02
    -0.9138289E+01     0.3951810E+02
    -0.9130660E+01     0.3951874E+02
    -0.9127337E+01     0.3952121E+02
    -0.9122005E+01     0.3953091E+02
    -0.9093204E+01     0.3955586E+02
    -0.9069618E+01     0.3958304E+02
    -0.9066679E+01     0.3958985E+02
    -0.9067131E+01     0.3959487E+02
    -0.9069439E+01     0.3959750E+02
    -0.9077050E+01     0.3959984E+02
    -0.9077337E+01     0.3960195E+02
    -0.9077920E+01     0.3960622E+02
    -0.9056785E+01     0.3967408E+02
    -0.9047863E+01     0.3969680E+02
    -0.9047356E+01     0.3971426E+02
    -0.9042645E+01     0.3972407E+02
    -0.9037866E+01     0.3973402E+02
    -0.9033629E+01     0.3974961E+02
    -0.9027832E+01     0.3975772E+02
    -0.8995972E+01     0.3981948E+02
    -0.8988502E+01     0.3983890E+02
    -0.8986609E+01     0.3984177E+02
    -0.8974902E+01     0.3985956E+02
    -0.8957093E+01     0.3990314E+02
    -0.8929273E+01     0.3995930E+02
    -0.8926082E+01     0.3996573E+02
    -0.8912910E+01     0.4000000E+02
    -0.8912910E+01     0.4000000E+02
    -0.8900249E+01     0.4002910E+02
    -0.8894549E+01     0.4004444E+02
    -0.8878411E+01     0.4008782E+02
    -0.8863483E+01     0.4011515E+02
    -0.8862835E+01     0.4014264E+02
    -0.8860518E+01     0.4014365E+02
    -0.8855116E+01     0.4014293E+02
    -0.8844643E+01     0.4012775E+02
    -0.8839154E+01     0.4012085E+02
    -0.8835507E+01     0.4011961E+02
    -0.8827553E+01     0.4012082E+02
    -0.8835017E+01     0.4012604E+02
    -0.8846801E+01     0.4013842E+02
    -0.8846225E+01     0.4014348E+02
    -0.8834547E+01     0.4014231E+02
    -0.8810003E+01     0.4013519E+02
    -0.8803062E+01     0.4012880E+02
    -0.8804277E+01     0.4012441E+02
    -0.8789043E+01     0.4011374E+02
    -0.8781414E+01     0.4011058E+02
    -0.8775790E+01     0.4011102E+02
    -0.8771239E+01     0.4011438E+02
    -0.8768553E+01     0.4011906E+02
    -0.8754861E+01     0.4013832E+02
    -0.8755836E+01     0.4013966E+02
    -0.8760446E+01     0.4013720E+02
    -0.8771348E+01     0.4012582E+02
    -0.8776481E+01     0.4011740E+02
    -0.8779336E+01     0.4011547E+02
    -0.8785313E+01     0.4011594E+02
    -0.8796590E+01     0.4012995E+02
    -0.8823679E+01     0.4014934E+02
    -0.8855432E+01     0.4014795E+02
    -0.8862686E+01     0.4014975E+02
    -0.8869469E+01     0.4015820E+02
    -0.8874723E+01     0.4016169E+02
    -0.8882830E+01     0.4016709E+02
    -0.8893825E+01     0.4017149E+02
    -0.8902946E+01     0.4017916E+02
    -0.8908846E+01     0.4018764E+02
    -0.8898662E+01     0.4020542E+02
    -0.8892138E+01     0.4022466E+02
    -0.8883945E+01     0.4023641E+02
    -0.8869608E+01     0.4026418E+02
    -0.8867562E+01     0.4026942E+02
    -0.8847262E+01     0.4032132E+02
    -0.8839264E+01     0.4033649E+02
    -0.8820993E+01     0.4038986E+02
    -0.8814017E+01     0.4041021E+02
    -0.8805306E+01     0.4044785E+02
    -0.8785792E+01     0.4051262E+02
    -0.8757882E+01     0.4060502E+02
    -0.8751698E+01     0.4063111E+02
    -0.8749845E+01     0.4063527E+02
    -0.8748274E+01     0.4063879E+02
    -0.8743739E+01     0.4064308E+02
    -0.8738666E+01     0.4064349E+02
    -0.8736486E+01     0.4064219E+02
    -0.8742083E+01     0.4063077E+02
    -0.8745198E+01     0.4061806E+02
    -0.8750595E+01     0.4057917E+02
    -0.8747335E+01     0.4057975E+02
    -0.8742114E+01     0.4059230E+02
    -0.8742191E+01     0.4060329E+02
    -0.8740322E+01     0.4060702E+02
    -0.8735350E+01     0.4060902E+02
    -0.8735612E+01     0.4061818E+02
    -0.8733168E+01     0.4062719E+02
    -0.8736014E+01     0.4062961E+02
    -0.8726485E+01     0.4064048E+02
    -0.8731750E+01     0.4064808E+02
    -0.8721091E+01     0.4066013E+02
    -0.8714044E+01     0.4066301E+02
    -0.8706639E+01     0.4065927E+02
    -0.8700535E+01     0.4065261E+02
    -0.8693552E+01     0.4064188E+02
    -0.8681022E+01     0.4062261E+02
    -0.8678455E+01     0.4063964E+02
    -0.8667166E+01     0.4064141E+02
    -0.8659974E+01     0.4064647E+02
    -0.8657328E+01     0.4065786E+02
    -0.8650515E+01     0.4067134E+02
    -0.8657420E+01     0.4066697E+02
    -0.8663472E+01     0.4064978E+02
    -0.8668883E+01     0.4064501E+02
    -0.8687654E+01     0.4064299E+02
    -0.8695836E+01     0.4065919E+02
    -0.8692980E+01     0.4066208E+02
    -0.8678029E+01     0.4067721E+02
    -0.8671427E+01     0.4069210E+02
    -0.8666828E+01     0.4069546E+02
    -0.8663819E+01     0.4069534E+02
    -0.8656972E+01     0.4069626E+02
    -0.8659100E+01     0.4070168E+02
    -0.8666547E+01     0.4070074E+02
    -0.8669578E+01     0.4071117E+02
    -0.8677985E+01     0.4071614E+02
    -0.8673684E+01     0.4071950E+02
    -0.8661699E+01     0.4071991E+02
    -0.8655231E+01     0.4072220E+02
    -0.8646201E+01     0.4072182E+02
    -0.8639632E+01     0.4072661E+02
    -0.8622828E+01     0.4072263E+02
    -0.8608323E+01     0.4072610E+02
    -0.8609045E+01     0.4072813E+02
    -0.8613948E+01     0.4072980E+02
    -0.8608812E+01     0.4073433E+02
    -0.8614030E+01     0.4073621E+02
    -0.8633142E+01     0.4072937E+02
    -0.8642176E+01     0.4072878E+02
    -0.8656164E+01     0.4073270E+02
    -0.8666691E+01     0.4072799E+02
    -0.8674832E+01     0.4073846E+02
    -0.8677387E+01     0.4074593E+02
    -0.8675450E+01     0.4075859E+02
    -0.8676590E+01     0.4076749E+02
    -0.8683631E+01     0.4077457E+02
    -0.8680692E+01     0.4078063E+02
    -0.8672750E+01     0.4078687E+02
    -0.8670938E+01     0.4078830E+02
    -0.8660360E+01     0.4079232E+02
    -0.8643826E+01     0.4080732E+02
    -0.8632768E+01     0.4081343E+02
    -0.8625674E+01     0.4081550E+02
    -0.8632550E+01     0.4081985E+02
    -0.8632660E+01     0.4082167E+02
    -0.8633630E+01     0.4082636E+02
    -0.8637497E+01     0.4082609E+02
    -0.8638103E+01     0.4082217E+02
    -0.8643682E+01     0.4081992E+02
    -0.8645212E+01     0.4082537E+02
    -0.8642335E+01     0.4084111E+02
    -0.8642811E+01     0.4084272E+02
    -0.8644254E+01     0.4084162E+02
    -0.8651422E+01     0.4082859E+02
    -0.8651760E+01     0.4082422E+02
    -0.8647281E+01     0.4081476E+02
    -0.8649679E+01     0.4080964E+02
    -0.8660312E+01     0.4080149E+02
    -0.8664170E+01     0.4080067E+02
    -0.8667078E+01     0.4080400E+02
    -0.8657969E+01     0.4082745E+02
    -0.8657841E+01     0.4084027E+02
    -0.8652336E+01     0.4085375E+02
    -0.8656229E+01     0.4085842E+02
    -0.8659729E+01     0.4084556E+02
    -0.8664845E+01     0.4082675E+02
    -0.8668891E+01     0.4081905E+02
    -0.8673559E+01     0.4079187E+02
    -0.8688092E+01     0.4077877E+02
    -0.8691965E+01     0.4076833E+02
    -0.8699211E+01     0.4076395E+02
    -0.8696166E+01     0.4074849E+02
    -0.8698306E+01     0.4072836E+02
    -0.8699222E+01     0.4071975E+02
    -0.8718803E+01     0.4070121E+02
    -0.8718875E+01     0.4067785E+02
    -0.8722437E+01     0.4066742E+02
    -0.8732171E+01     0.4065493E+02
    -0.8742524E+01     0.4064770E+02
    -0.8751431E+01     0.4064624E+02
    -0.8748960E+01     0.4065480E+02
    -0.8740253E+01     0.4066930E+02
    -0.8739706E+01     0.4067158E+02
    -0.8730447E+01     0.4070996E+02
    -0.8725287E+01     0.4071884E+02
    -0.8723544E+01     0.4073447E+02
    -0.8714591E+01     0.4075013E+02
    -0.8702537E+01     0.4078399E+02
    -0.8700693E+01     0.4079306E+02
    -0.8688885E+01     0.4085111E+02
    -0.8683090E+01     0.4086963E+02
    -0.8663573E+01     0.4091520E+02
    -0.8661097E+01     0.4092902E+02
    -0.8661228E+01     0.4094116E+02
    -0.8657764E+01     0.4095365E+02
    -0.8652602E+01     0.4096299E+02
    -0.8652258E+01     0.4098223E+02
    -0.8649091E+01     0.4099471E+02
    -0.8648823E+01     0.4100526E+02
    -0.8645091E+01     0.4101340E+02
    -0.8651283E+01     0.4103871E+02
    -0.8654707E+01     0.4105270E+02
    -0.8653973E+01     0.4106051E+02
    -0.8658394E+01     0.4107869E+02
    -0.8657607E+01     0.4109062E+02
    -0.8664458E+01     0.4110894E+02
    -0.8663928E+01     0.4111514E+02
    -0.8668885E+01     0.4112711E+02
    -0.8670115E+01     0.4113738E+02
    -0.8669910E+01     0.4113899E+02
    -0.8659925E+01     0.4113383E+02
    -0.8654770E+01     0.4113356E+02
    -0.8650932E+01     0.4113506E+02
    -0.8646368E+01     0.4113957E+02
    -0.8645524E+01     0.4114101E+02
    -0.8643080E+01     0.4114518E+02
    -0.8643080E+01     0.4114518E+02
    -0.8644740E+01     0.4114764E+02
    -0.8644740E+01     0.4114764E+02
    -0.8645728E+01     0.4114898E+02
    -0.8652379E+01     0.4114898E+02
    -0.8670012E+01     0.4114563E+02
    -0.8674663E+01     0.4114753E+02
    -0.8682020E+01     0.4115415E+02
    -0.8698351E+01     0.4118382E+02
    -0.8708762E+01     0.4119079E+02
    -0.8717541E+01     0.4120560E+02
    -0.8715759E+01     0.4121598E+02
    -0.8724876E+01     0.4124109E+02
    -0.8726469E+01     0.4127173E+02
    -0.8727105E+01     0.4128202E+02
    -0.8732410E+01     0.4128939E+02
    -0.8739229E+01     0.4131137E+02
    -0.8737751E+01     0.4132174E+02
    -0.8739080E+01     0.4133337E+02
    -0.8744581E+01     0.4134010E+02
    -0.8749200E+01     0.4134494E+02
    -0.8758571E+01     0.4136385E+02
    -0.8758739E+01     0.4137141E+02
    -0.8765553E+01     0.4138331E+02
    -0.8770915E+01     0.4138656E+02
    -0.8779737E+01     0.4140137E+02
    -0.8780037E+01     0.4141098E+02
    -0.8782531E+01     0.4141685E+02
    -0.8779342E+01     0.4142406E+02
    -0.8773763E+01     0.4145814E+02
    -0.8772097E+01     0.4146832E+02
    -0.8775485E+01     0.4148355E+02
    -0.8781144E+01     0.4149137E+02
    -0.8787239E+01     0.4149642E+02
    -0.8785056E+01     0.4151002E+02
    -0.8790430E+01     0.4152770E+02
    -0.8788189E+01     0.4153557E+02
    -0.8784359E+01     0.4153273E+02
    -0.8779764E+01     0.4152258E+02
    -0.8772614E+01     0.4151527E+02
    -0.8755594E+01     0.4151059E+02
    -0.8747617E+01     0.4151431E+02
    -0.8769979E+01     0.4151702E+02
    -0.8773707E+01     0.4151935E+02
    -0.8779573E+01     0.4153404E+02
    -0.8791165E+01     0.4154898E+02
    -0.8800610E+01     0.4157798E+02
    -0.8802073E+01     0.4159626E+02
    -0.8805474E+01     0.4160668E+02
    -0.8822568E+01     0.4164549E+02
    -0.8823932E+01     0.4165876E+02
    -0.8825784E+01     0.4167677E+02
    -0.8830438E+01     0.4168279E+02
    -0.8828135E+01     0.4168494E+02
    -0.8819340E+01     0.4168571E+02
    -0.8804749E+01     0.4169127E+02
    -0.8785563E+01     0.4169172E+02
    -0.8773969E+01     0.4169648E+02
    -0.8763144E+01     0.4169410E+02
    -0.8732748E+01     0.4170066E+02
    -0.8707932E+01     0.4171367E+02
    -0.8716414E+01     0.4171269E+02
    -0.8731236E+01     0.4170576E+02
    -0.8749328E+01     0.4170238E+02
    -0.8793360E+01     0.4169923E+02
    -0.8805678E+01     0.4169627E+02
    -0.8808837E+01     0.4169318E+02
    -0.8828586E+01     0.4168721E+02
    -0.8834991E+01     0.4168721E+02
    -0.8838758E+01     0.4168891E+02
    -0.8841244E+01     0.4169127E+02
    -0.8855322E+01     0.4170459E+02
    -0.8864779E+01     0.4172350E+02
    -0.8873720E+01     0.4175320E+02
    -0.8870514E+01     0.4176501E+02
    -0.8870152E+01     0.4177831E+02
    -0.8865563E+01     0.4178764E+02
    -0.8868928E+01     0.4179715E+02
    -0.8868644E+01     0.4180220E+02
    -0.8863599E+01     0.4180926E+02
    -0.8863619E+01     0.4181430E+02
    -0.8871165E+01     0.4182228E+02
    -0.8872693E+01     0.4183643E+02
    -0.8866604E+01     0.4184628E+02
    -0.8859696E+01     0.4186715E+02
    -0.8856777E+01     0.4186932E+02
    -0.8848971E+01     0.4186685E+02
    -0.8843232E+01     0.4186797E+02
    -0.8836042E+01     0.4187510E+02
    -0.8827235E+01     0.4187610E+02
    -0.8824083E+01     0.4187942E+02
    -0.8823721E+01     0.4188333E+02
    -0.8817620E+01     0.4189317E+02
    -0.8797907E+01     0.4190556E+02
    -0.8797907E+01     0.4190556E+02
    -0.8799806E+01     0.4190958E+02
    -0.8799806E+01     0.4190958E+02
    -0.8793471E+01     0.4191266E+02
    -0.8773973E+01     0.4191913E+02
    -0.8761170E+01     0.4192488E+02
    -0.8753339E+01     0.4193159E+02
    -0.8747206E+01     0.4194076E+02
    -0.8737607E+01     0.4196481E+02
    -0.8723648E+01     0.4197395E+02
    -0.8700447E+01     0.4198054E+02
    -0.8674622E+01     0.4199122E+02
    -0.8656942E+01     0.4200528E+02
    -0.8653565E+01     0.4200999E+02
    -0.8645499E+01     0.4203220E+02
    -0.8627551E+01     0.4204845E+02
    -0.8614683E+01     0.4205218E+02
    -0.8598090E+01     0.4205556E+02
    -0.8589624E+01     0.4205455E+02
    -0.8558289E+01     0.4205216E+02
    -0.8530703E+01     0.4205658E+02
    -0.8522914E+01     0.4206200E+02
    -0.8516459E+01     0.4207587E+02
    -0.8511665E+01     0.4207787E+02
    -0.8502871E+01     0.4207979E+02
    -0.8485664E+01     0.4207825E+02
    -0.8479907E+01     0.4207859E+02
    -0.8479907E+01     0.4207859E+02
    -0.8473832E+01     0.4207872E+02
    -0.8473832E+01     0.4207872E+02
    -0.8455627E+01     0.4208229E+02
    -0.8429179E+01     0.4208130E+02
    -0.8422908E+01     0.4207898E+02
    -0.8412188E+01     0.4207932E+02
    -0.8394325E+01     0.4208355E+02
    -0.8383193E+01     0.4208206E+02
    -0.8375880E+01     0.4208298E+02
    -0.8362179E+01     0.4209028E+02
    -0.8356422E+01     0.4209161E+02
    -0.8331491E+01     0.4209032E+02
    -0.8325708E+01     0.4209118E+02
    -0.8317322E+01     0.4209488E+02
    -0.8308245E+01     0.4210272E+02
    -0.8290138E+01     0.4210831E+02
    -0.8279371E+01     0.4211345E+02
    -0.8279371E+01     0.4211345E+02
    -0.8265026E+01     0.4212053E+02
    -0.8253118E+01     0.4212326E+02
    -0.8242349E+01     0.4213203E+02
    -0.8225882E+01     0.4213274E+02
    -0.8211033E+01     0.4213668E+02
    -0.8204305E+01     0.4214260E+02
    -0.8199442E+01     0.4214565E+02
    -0.8191143E+01     0.4214515E+02
    -0.8187334E+01     0.4214261E+02
    -0.8186212E+01     0.4212258E+02
    -0.8182877E+01     0.4210213E+02
    -0.8178447E+01     0.4208506E+02
    -0.8175749E+01     0.4207041E+02
    -0.8175482E+01     0.4206640E+02
    -0.8167190E+01     0.4206586E+02
    -0.8143209E+01     0.4207564E+02
    -0.8123701E+01     0.4207855E+02
    -0.8111322E+01     0.4207711E+02
    -0.8094758E+01     0.4207077E+02
    -0.8080905E+01     0.4205563E+02
    -0.8077384E+01     0.4203355E+02
    -0.8081431E+01     0.4201642E+02
    -0.8110582E+01     0.4200476E+02
    -0.8128586E+01     0.4199205E+02
    -0.8154372E+01     0.4198137E+02
    -0.8158475E+01     0.4197724E+02
    -0.8168005E+01     0.4196765E+02
    -0.8172099E+01     0.4196005E+02
    -0.8176893E+01     0.4195453E+02
    -0.8182542E+01     0.4195138E+02
    -0.8202264E+01     0.4192537E+02
    -0.8209325E+01     0.4192012E+02
    -0.8207220E+01     0.4191514E+02
    -0.8211848E+01     0.4190815E+02
    -0.8207475E+01     0.4189960E+02
    -0.8201944E+01     0.4189188E+02
    -0.8194565E+01     0.4188205E+02
    -0.8171915E+01     0.4188141E+02
    -0.8167846E+01     0.4187994E+02
    -0.8162583E+01     0.4187370E+02
    -0.8154865E+01     0.4185294E+02
    -0.8150551E+01     0.4181904E+02
    -0.8149183E+01     0.4181641E+02
    -0.8129569E+01     0.4181063E+02
    -0.8114162E+01     0.4180883E+02
    -0.8108639E+01     0.4180666E+02
    -0.8095398E+01     0.4180145E+02
    -0.8079568E+01     0.4180145E+02
    -0.8065004E+01     0.4180335E+02
    -0.8065004E+01     0.4180779E+02
    -0.8059638E+01     0.4181354E+02
    -0.8041495E+01     0.4181754E+02
    -0.8025424E+01     0.4182583E+02
    -0.8021921E+01     0.4182891E+02
    -0.8010537E+01     0.4182789E+02
    -0.8002767E+01     0.4183134E+02
    -0.7991735E+01     0.4184794E+02
    -0.7984011E+01     0.4185230E+02
    -0.7974058E+01     0.4186634E+02
    -0.7969326E+01     0.4186946E+02
    -0.7949103E+01     0.4186940E+02
    -0.7927303E+01     0.4187418E+02
    -0.7920721E+01     0.4187712E+02
    -0.7911584E+01     0.4188487E+02
    -0.7908314E+01     0.4189146E+02
    -0.7907481E+01     0.4190454E+02
    -0.7908354E+01     0.4191899E+02
    -0.7906024E+01     0.4192313E+02
    -0.7892663E+01     0.4192559E+02
    -0.7882721E+01     0.4192315E+02
    -0.7877896E+01     0.4192391E+02
    -0.7874578E+01     0.4191698E+02
    -0.7874917E+01     0.4190895E+02
    -0.7885108E+01     0.4186422E+02
    -0.7881368E+01     0.4185723E+02
    -0.7874057E+01     0.4185218E+02
    -0.7855278E+01     0.4185618E+02
    -0.7847328E+01     0.4185641E+02
    -0.7835677E+01     0.4186202E+02
    -0.7834093E+01     0.4186687E+02
    -0.7831498E+01     0.4187675E+02
    -0.7819947E+01     0.4187759E+02
    -0.7796781E+01     0.4187987E+02
    -0.7780449E+01     0.4188401E+02
    -0.7758617E+01     0.4189448E+02
    -0.7748271E+01     0.4189592E+02
    -0.7734690E+01     0.4189402E+02
    -0.7718132E+01     0.4189380E+02
    -0.7705566E+01     0.4189988E+02
    -0.7697187E+01     0.4190403E+02
    -0.7689328E+01     0.4190535E+02
    -0.7684292E+01     0.4190345E+02
    -0.7663163E+01     0.4189145E+02
    -0.7649848E+01     0.4188243E+02
    -0.7640434E+01     0.4187788E+02
    -0.7630304E+01     0.4187748E+02
    -0.7610925E+01     0.4188213E+02
    -0.7590838E+01     0.4187855E+02
    -0.7580546E+01     0.4188112E+02
    -0.7574700E+01     0.4188059E+02
    -0.7590123E+01     0.4187010E+02
    -0.7602121E+01     0.4185855E+02
    -0.7608434E+01     0.4184350E+02
    -0.7608606E+01     0.4184075E+02
    -0.7606116E+01     0.4183990E+02
    -0.7591458E+01     0.4183435E+02
    -0.7578158E+01     0.4183150E+02
    -0.7566496E+01     0.4183090E+02
    -0.7550697E+01     0.4183339E+02
    -0.7540858E+01     0.4183892E+02
    -0.7522401E+01     0.4184353E+02
    -0.7510396E+01     0.4184865E+02
    -0.7506506E+01     0.4185059E+02
    -0.7501870E+01     0.4185620E+02
    -0.7506887E+01     0.4186523E+02
    -0.7494033E+01     0.4187198E+02
    -0.7472436E+01     0.4186201E+02
    -0.7461435E+01     0.4186253E+02
    -0.7452337E+01     0.4186251E+02
    -0.7449596E+01     0.4185629E+02
    -0.7444360E+01     0.4185083E+02
    -0.7440070E+01     0.4184408E+02
    -0.7428654E+01     0.4183544E+02
    -0.7421275E+01     0.4182998E+02
    -0.7423956E+01     0.4182325E+02
    -0.7423574E+01     0.4181131E+02
    -0.7404739E+01     0.4181430E+02
    -0.7396113E+01     0.4181948E+02
    -0.7393292E+01     0.4182513E+02
    -0.7384962E+01     0.4183724E+02
    -0.7367921E+01     0.4184637E+02
    -0.7357819E+01     0.4184640E+02
    -0.7338646E+01     0.4184207E+02
    -0.7324223E+01     0.4184128E+02
    -0.7304230E+01     0.4184612E+02
    -0.7290271E+01     0.4184898E+02
    -0.7276529E+01     0.4184977E+02
    -0.7261333E+01     0.4185953E+02
    -0.7246550E+01     0.4186469E+02
    -0.7219287E+01     0.4187175E+02
    -0.7201935E+01     0.4188155E+02
    -0.7191722E+01     0.4188637E+02
    -0.7175356E+01     0.4191195E+02
    -0.7174176E+01     0.4191379E+02
    -0.7174306E+01     0.4191848E+02
    -0.7177887E+01     0.4192654E+02
    -0.7181397E+01     0.4193262E+02
    -0.7183942E+01     0.4194286E+02
    -0.7182811E+01     0.4194892E+02
    -0.7180662E+01     0.4195333E+02
    -0.7185846E+01     0.4195990E+02
    -0.7185106E+01     0.4196222E+02
    -0.7183942E+01     0.4196698E+02
    -0.7183307E+01     0.4196942E+02
    -0.7175901E+01     0.4197957E+02
    -0.7175184E+01     0.4198010E+02
    -0.7170931E+01     0.4198323E+02
    -0.7160363E+01     0.4198737E+02
    -0.7144815E+01     0.4198979E+02
    -0.7123012E+01     0.4198383E+02
    -0.7114558E+01     0.4198522E+02
    -0.7097188E+01     0.4198058E+02
    -0.7078701E+01     0.4197092E+02
    -0.7064785E+01     0.4195269E+02
    -0.7059449E+01     0.4194960E+02
    -0.7051141E+01     0.4194887E+02
    -0.7042022E+01     0.4195090E+02
    -0.7023054E+01     0.4195201E+02
    -0.7013422E+01     0.4194879E+02
    -0.7001492E+01     0.4194950E+02
    -0.6988636E+01     0.4195803E+02
    -0.6976468E+01     0.4196859E+02
    -0.6966161E+01     0.4197179E+02
    -0.6959041E+01     0.4197164E+02
    -0.6947788E+01     0.4196151E+02
    -0.6945500E+01     0.4196078E+02
    -0.6940523E+01     0.4195082E+02
    -0.6935789E+01     0.4194725E+02
    -0.6925533E+01     0.4194358E+02
    -0.6915636E+01     0.4194127E+02
    -0.6894489E+01     0.4194148E+02
    -0.6882730E+01     0.4193852E+02
    -0.6873285E+01     0.4194009E+02
    -0.6855155E+01     0.4194416E+02
    -0.6852049E+01     0.4194625E+02
    -0.6844622E+01     0.4194434E+02
    -0.6825644E+01     0.4194518E+02
    -0.6813635E+01     0.4194926E+02
    -0.6808764E+01     0.4195330E+02
    -0.6805625E+01     0.4196847E+02
    -0.6803802E+01     0.4198197E+02
    -0.6800161E+01     0.4198735E+02
    -0.6785793E+01     0.4198878E+02
    -0.6776878E+01     0.4198827E+02
    -0.6767875E+01     0.4198524E+02
    -0.6754568E+01     0.4197314E+02
    -0.6744251E+01     0.4194977E+02
    -0.6732599E+01     0.4194084E+02
    -0.6721570E+01     0.4194105E+02
    -0.6707400E+01     0.4193903E+02
    -0.6689868E+01     0.4193731E+02
    -0.6674513E+01     0.4193645E+02
    -0.6659548E+01     0.4193811E+02
    -0.6644000E+01     0.4194068E+02
    -0.6612825E+01     0.4194355E+02
    -0.6589344E+01     0.4194740E+02
    -0.6581882E+01     0.4195372E+02
    -0.6579897E+01     0.4196840E+02
    -0.6571484E+01     0.4196747E+02
    -0.6566447E+01     0.4196459E+02
    -0.6561744E+01     0.4195683E+02
    -0.6551227E+01     0.4194419E+02
    -0.6541934E+01     0.4193131E+02
    -0.6544454E+01     0.4192371E+02
    -0.6551787E+01     0.4191328E+02
    -0.6551853E+01     0.4190420E+02
    -0.6556145E+01     0.4189604E+02
    -0.6562706E+01     0.4189043E+02
    -0.6560959E+01     0.4188360E+02
    -0.6535091E+01     0.4187902E+02
    -0.6522073E+01     0.4187398E+02
    -0.6517334E+01     0.4186926E+02
    -0.6523214E+01     0.4186137E+02
    -0.6522352E+01     0.4185932E+02
    -0.6529174E+01     0.4184022E+02
    -0.6528105E+01     0.4183451E+02
    -0.6531072E+01     0.4181981E+02
    -0.6536711E+01     0.4181377E+02
    -0.6539450E+01     0.4180206E+02
    -0.6544171E+01     0.4179604E+02
    -0.6546670E+01     0.4178684E+02
    -0.6550470E+01     0.4176938E+02
    -0.6556340E+01     0.4176082E+02
    -0.6568909E+01     0.4175193E+02
    -0.6569095E+01     0.4174758E+02
    -0.6559190E+01     0.4174224E+02
    -0.6557193E+01     0.4173608E+02
    -0.6551894E+01     0.4173181E+02
    -0.6545255E+01     0.4171176E+02
    -0.6544852E+01     0.4170811E+02
    -0.6549706E+01     0.4169980E+02
    -0.6554500E+01     0.4169159E+02
    -0.6545173E+01     0.4169086E+02
    -0.6526823E+01     0.4167997E+02
    -0.6517565E+01     0.4167670E+02
    -0.6502891E+01     0.4166597E+02
    -0.6496602E+01     0.4165800E+02
    -0.6458067E+01     0.4166719E+02
    -0.6452645E+01     0.4166957E+02
    -0.6437601E+01     0.4168722E+02
    -0.6432109E+01     0.4168731E+02
    -0.6420075E+01     0.4168293E+02
    -0.6409337E+01     0.4168105E+02
    -0.6391329E+01     0.4168112E+02
    -0.6377178E+01     0.4167723E+02
    -0.6367999E+01     0.4167646E+02
    -0.6348233E+01     0.4167907E+02
    -0.6341483E+01     0.4167780E+02
    -0.6334720E+01     0.4167608E+02
    -0.6326635E+01     0.4167071E+02
    -0.6315217E+01     0.4166609E+02
    -0.6307846E+01     0.4166437E+02
    -0.6284833E+01     0.4165969E+02
    -0.6273426E+01     0.4165529E+02
    -0.6267807E+01     0.4165057E+02
    -0.6251030E+01     0.4163915E+02
    -0.6235306E+01     0.4162108E+02
    -0.6223055E+01     0.4160730E+02
    -0.6218389E+01     0.4160371E+02
    -0.6197808E+01     0.4159761E+02
    -0.6184047E+01     0.4158385E+02
    -0.6182690E+01     0.4157838E+02
    -0.6195975E+01     0.4157361E+02
    -0.6202576E+01     0.4156962E+02
    -0.6207929E+01     0.4156451E+02
    -0.6212290E+01     0.4155644E+02
END
END
