republic_of_palau
1
     0.1323129E+03     0.4323276E+01
     0.1323131E+03     0.4331706E+01
     0.1323139E+03     0.4331506E+01
     0.1323145E+03     0.4330928E+01
     0.1323152E+03     0.4330209E+01
     0.1323161E+03     0.4328953E+01
     0.1323169E+03     0.4326791E+01
     0.1323176E+03     0.4324030E+01
     0.1323174E+03     0.4321263E+01
     0.1323165E+03     0.4317341E+01
     0.1323153E+03     0.4314339E+01
     0.1323140E+03     0.4312717E+01
     0.1323114E+03     0.4312472E+01
     0.1323098E+03     0.4315689E+01
     0.1323082E+03     0.4320288E+01
     0.1323082E+03     0.4323284E+01
     0.1323086E+03     0.4326051E+01
     0.1323088E+03     0.4329278E+01
     0.1323097E+03     0.4330666E+01
     0.1323113E+03     0.4331597E+01
     0.1323131E+03     0.4331706E+01
END
2
     0.1345477E+03     0.7454625E+01
     0.1346428E+03     0.7658269E+01
     0.1346423E+03     0.7660647E+01
     0.1346405E+03     0.7664320E+01
     0.1346404E+03     0.7667080E+01
     0.1346379E+03     0.7668682E+01
     0.1346377E+03     0.7673740E+01
     0.1346388E+03     0.7676962E+01
     0.1346388E+03     0.7682020E+01
     0.1346342E+03     0.7686145E+01
     0.1346314E+03     0.7692114E+01
     0.1346298E+03     0.7697858E+01
     0.1346279E+03     0.7700612E+01
     0.1346242E+03     0.7704739E+01
     0.1346230E+03     0.7709564E+01
     0.1346193E+03     0.7713001E+01
     0.1346186E+03     0.7713459E+01
     0.1346147E+03     0.7717816E+01
     0.1346161E+03     0.7723567E+01
     0.1346181E+03     0.7726793E+01
     0.1346214E+03     0.7729562E+01
     0.1346253E+03     0.7732102E+01
     0.1346287E+03     0.7731883E+01
     0.1346347E+03     0.7730308E+01
     0.1346375E+03     0.7726161E+01
     0.1346385E+03     0.7722256E+01
     0.1346403E+03     0.7719962E+01
     0.1346435E+03     0.7718132E+01
     0.1346454E+03     0.7715149E+01
     0.1346463E+03     0.7710783E+01
     0.1346486E+03     0.7709410E+01
     0.1346514E+03     0.7707349E+01
     0.1346519E+03     0.7702522E+01
     0.1346505E+03     0.7701369E+01
     0.1346471E+03     0.7691702E+01
     0.1346464E+03     0.7687101E+01
     0.1346473E+03     0.7682965E+01
     0.1346492E+03     0.7677912E+01
     0.1346513E+03     0.7669181E+01
     0.1346499E+03     0.7664579E+01
     0.1346497E+03     0.7659289E+01
     0.1346509E+03     0.7651016E+01
     0.1346530E+03     0.7637685E+01
     0.1346535E+03     0.7630559E+01
     0.1346537E+03     0.7624351E+01
     0.1346526E+03     0.7615380E+01
     0.1346514E+03     0.7611238E+01
     0.1346508E+03     0.7607557E+01
     0.1346503E+03     0.7602497E+01
     0.1346496E+03     0.7597895E+01
     0.1346489E+03     0.7593524E+01
     0.1346480E+03     0.7591681E+01
     0.1346457E+03     0.7589146E+01
     0.1346437E+03     0.7585001E+01
     0.1346423E+03     0.7579477E+01
     0.1346418E+03     0.7576026E+01
     0.1346425E+03     0.7572119E+01
     0.1346432E+03     0.7566143E+01
     0.1346440E+03     0.7561775E+01
     0.1346458E+03     0.7554193E+01
     0.1346465E+03     0.7549135E+01
     0.1346454E+03     0.7546372E+01
     0.1346424E+03     0.7545674E+01
     0.1346387E+03     0.7540604E+01
     0.1346378E+03     0.7540601E+01
     0.1346348E+03     0.7540132E+01
     0.1346299E+03     0.7540577E+01
     0.1346276E+03     0.7539190E+01
     0.1346251E+03     0.7534353E+01
     0.1346237E+03     0.7531820E+01
     0.1346251E+03     0.7527454E+01
     0.1346279E+03     0.7523324E+01
     0.1346309E+03     0.7519193E+01
     0.1346353E+03     0.7511617E+01
     0.1346381E+03     0.7507486E+01
     0.1346425E+03     0.7503590E+01
     0.1346441E+03     0.7498995E+01
     0.1346432E+03     0.7489794E+01
     0.1346395E+03     0.7486563E+01
     0.1346356E+03     0.7483791E+01
     0.1346308E+03     0.7480557E+01
     0.1346232E+03     0.7476624E+01
     0.1346195E+03     0.7474774E+01
     0.1346170E+03     0.7472927E+01
     0.1346149E+03     0.7470620E+01
     0.1346154E+03     0.7466022E+01
     0.1346163E+03     0.7458895E+01
     0.1346168E+03     0.7451537E+01
     0.1346161E+03     0.7449005E+01
     0.1346138E+03     0.7445319E+01
     0.1346113E+03     0.7443241E+01
     0.1346069E+03     0.7439548E+01
     0.1346037E+03     0.7436779E+01
     0.1345989E+03     0.7431934E+01
     0.1345984E+03     0.7424342E+01
     0.1345994E+03     0.7418595E+01
     0.1345998E+03     0.7411237E+01
     0.1345989E+03     0.7405485E+01
     0.1345971E+03     0.7401799E+01
     0.1345939E+03     0.7399029E+01
     0.1345934E+03     0.7393277E+01
     0.1345953E+03     0.7390294E+01
     0.1345983E+03     0.7385242E+01
     0.1346002E+03     0.7380878E+01
     0.1346018E+03     0.7376283E+01
     0.1346025E+03     0.7371455E+01
     0.1346018E+03     0.7367082E+01
     0.1346016E+03     0.7362021E+01
     0.1345984E+03     0.7359482E+01
     0.1345968E+03     0.7355106E+01
     0.1345924E+03     0.7352563E+01
     0.1345882E+03     0.7351861E+01
     0.1345864E+03     0.7352545E+01
     0.1345864E+03     0.7355765E+01
     0.1345848E+03     0.7360360E+01
     0.1345836E+03     0.7364497E+01
     0.1345845E+03     0.7368410E+01
     0.1345820E+03     0.7371393E+01
     0.1345780E+03     0.7372070E+01
     0.1345750E+03     0.7371372E+01
     0.1345686E+03     0.7363071E+01
     0.1345672E+03     0.7358467E+01
     0.1345656E+03     0.7355241E+01
     0.1345596E+03     0.7352923E+01
     0.1345583E+03     0.7353379E+01
     0.1345523E+03     0.7350600E+01
     0.1345497E+03     0.7350592E+01
     0.1345472E+03     0.7353115E+01
     0.1345433E+03     0.7354022E+01
     0.1345421E+03     0.7352179E+01
     0.1345456E+03     0.7346899E+01
     0.1345481E+03     0.7344607E+01
     0.1345488E+03     0.7342079E+01
     0.1345491E+03     0.7339550E+01
     0.1345516E+03     0.7336797E+01
     0.1345539E+03     0.7336114E+01
     0.1345553E+03     0.7333358E+01
     0.1345549E+03     0.7330827E+01
     0.1345514E+03     0.7332427E+01
     0.1345479E+03     0.7331725E+01
     0.1345454E+03     0.7330338E+01
     0.1345433E+03     0.7328951E+01
     0.1345433E+03     0.7334241E+01
     0.1345415E+03     0.7338376E+01
     0.1345394E+03     0.7339749E+01
     0.1345403E+03     0.7341592E+01
     0.1345368E+03     0.7344342E+01
     0.1345311E+03     0.7350074E+01
     0.1345278E+03     0.7353284E+01
     0.1345234E+03     0.7358331E+01
     0.1345211E+03     0.7362464E+01
     0.1345188E+03     0.7367747E+01
     0.1345185E+03     0.7370966E+01
     0.1345192E+03     0.7377178E+01
     0.1345194E+03     0.7383159E+01
     0.1345173E+03     0.7391663E+01
     0.1345138E+03     0.7400852E+01
     0.1345127E+03     0.7408669E+01
     0.1345117E+03     0.7412575E+01
     0.1345078E+03     0.7416472E+01
     0.1345016E+03     0.7418293E+01
     0.1344960E+03     0.7422185E+01
     0.1344912E+03     0.7426770E+01
     0.1344884E+03     0.7429521E+01
     0.1344877E+03     0.7433198E+01
     0.1344875E+03     0.7435957E+01
     0.1344814E+03     0.7443068E+01
     0.1344766E+03     0.7443283E+01
     0.1344741E+03     0.7445574E+01
     0.1344747E+03     0.7448566E+01
     0.1344770E+03     0.7450644E+01
     0.1344800E+03     0.7457093E+01
     0.1344798E+03     0.7460542E+01
     0.1344805E+03     0.7466063E+01
     0.1344837E+03     0.7465844E+01
     0.1344878E+03     0.7467927E+01
     0.1344885E+03     0.7477588E+01
     0.1344903E+03     0.7479434E+01
     0.1344906E+03     0.7482194E+01
     0.1344899E+03     0.7485872E+01
     0.1344896E+03     0.7488630E+01
     0.1344896E+03     0.7490010E+01
     0.1344921E+03     0.7493009E+01
     0.1344977E+03     0.7493715E+01
     0.1345032E+03     0.7496263E+01
     0.1345041E+03     0.7499026E+01
     0.1345048E+03     0.7500638E+01
     0.1345133E+03     0.7500204E+01
     0.1345134E+03     0.7492615E+01
     0.1345134E+03     0.7488936E+01
     0.1345159E+03     0.7485724E+01
     0.1345219E+03     0.7484823E+01
     0.1345242E+03     0.7487820E+01
     0.1345267E+03     0.7491968E+01
     0.1345316E+03     0.7496582E+01
     0.1345320E+03     0.7498653E+01
     0.1345293E+03     0.7502094E+01
     0.1345214E+03     0.7503679E+01
     0.1345166E+03     0.7504584E+01
     0.1345089E+03     0.7505250E+01
     0.1345066E+03     0.7506623E+01
     0.1345048E+03     0.7509377E+01
     0.1345045E+03     0.7513286E+01
     0.1345057E+03     0.7517658E+01
     0.1345075E+03     0.7524563E+01
     0.1345075E+03     0.7528703E+01
     0.1345089E+03     0.7530317E+01
     0.1345130E+03     0.7531020E+01
     0.1345190E+03     0.7531959E+01
     0.1345234E+03     0.7531972E+01
     0.1345264E+03     0.7534971E+01
     0.1345243E+03     0.7537724E+01
     0.1345224E+03     0.7543467E+01
     0.1345229E+03     0.7544198E+01
     0.1345234E+03     0.7545080E+01
     0.1345238E+03     0.7550140E+01
     0.1345245E+03     0.7554742E+01
     0.1345245E+03     0.7554742E+01
     0.1345252E+03     0.7557504E+01
     0.1345321E+03     0.7557755E+01
     0.1345381E+03     0.7557544E+01
     0.1345427E+03     0.7561007E+01
     0.1345441E+03     0.7566301E+01
     0.1345452E+03     0.7574583E+01
     0.1345443E+03     0.7578719E+01
     0.1345426E+03     0.7581933E+01
     0.1345412E+03     0.7586758E+01
     0.1345403E+03     0.7593884E+01
     0.1345405E+03     0.7597564E+01
     0.1345428E+03     0.7600100E+01
     0.1345493E+03     0.7601959E+01
     0.1345525E+03     0.7602660E+01
     0.1345548E+03     0.7604736E+01
     0.1345569E+03     0.7604972E+01
     0.1345575E+03     0.7603798E+01
     0.1345583E+03     0.7602448E+01
     0.1345716E+03     0.7612606E+01
     0.1345788E+03     0.7618376E+01
     0.1345817E+03     0.7622065E+01
     0.1345852E+03     0.7622995E+01
     0.1345905E+03     0.7621861E+01
     0.1345963E+03     0.7620039E+01
     0.1346011E+03     0.7617755E+01
     0.1346051E+03     0.7616848E+01
     0.1346097E+03     0.7617091E+01
     0.1346159E+03     0.7620789E+01
     0.1346207E+03     0.7625862E+01
     0.1346267E+03     0.7631858E+01
     0.1346306E+03     0.7635097E+01
     0.1346318E+03     0.7636013E+01
     0.1346341E+03     0.7641538E+01
     0.1346391E+03     0.7650061E+01
     0.1346414E+03     0.7653976E+01
     0.1346430E+03     0.7657430E+01
     0.1346428E+03     0.7658269E+01
END
3
     0.1344990E+03     0.7337809E+01
     0.1345092E+03     0.7358006E+01
     0.1345129E+03     0.7355026E+01
     0.1345164E+03     0.7350666E+01
     0.1345171E+03     0.7345606E+01
     0.1345173E+03     0.7342155E+01
     0.1345185E+03     0.7338707E+01
     0.1345217E+03     0.7336647E+01
     0.1345243E+03     0.7332513E+01
     0.1345248E+03     0.7328603E+01
     0.1345236E+03     0.7324688E+01
     0.1345213E+03     0.7321458E+01
     0.1345207E+03     0.7318695E+01
     0.1345188E+03     0.7316618E+01
     0.1345163E+03     0.7314079E+01
     0.1345163E+03     0.7310627E+01
     0.1345138E+03     0.7309238E+01
     0.1345115E+03     0.7310151E+01
     0.1345087E+03     0.7313593E+01
     0.1345071E+03     0.7315199E+01
     0.1345078E+03     0.7317963E+01
     0.1345075E+03     0.7322334E+01
     0.1345075E+03     0.7325555E+01
     0.1345087E+03     0.7327401E+01
     0.1345100E+03     0.7325794E+01
     0.1345107E+03     0.7321194E+01
     0.1345121E+03     0.7320968E+01
     0.1345137E+03     0.7322584E+01
     0.1345151E+03     0.7325810E+01
     0.1345163E+03     0.7328115E+01
     0.1345172E+03     0.7330420E+01
     0.1345162E+03     0.7332488E+01
     0.1345132E+03     0.7332247E+01
     0.1345093E+03     0.7332235E+01
     0.1345040E+03     0.7333598E+01
     0.1344982E+03     0.7334269E+01
     0.1344941E+03     0.7332875E+01
     0.1344893E+03     0.7329638E+01
     0.1344881E+03     0.7327333E+01
     0.1344807E+03     0.7334903E+01
     0.1344773E+03     0.7338803E+01
     0.1344726E+03     0.7343620E+01
     0.1344706E+03     0.7345914E+01
     0.1344687E+03     0.7348669E+01
     0.1344669E+03     0.7346592E+01
     0.1344646E+03     0.7343594E+01
     0.1344632E+03     0.7343359E+01
     0.1344581E+03     0.7346793E+01
     0.1344532E+03     0.7351609E+01
     0.1344491E+03     0.7354127E+01
     0.1344470E+03     0.7356651E+01
     0.1344461E+03     0.7360099E+01
     0.1344509E+03     0.7359195E+01
     0.1344578E+03     0.7356916E+01
     0.1344643E+03     0.7355788E+01
     0.1344710E+03     0.7353739E+01
     0.1344756E+03     0.7351914E+01
     0.1344784E+03     0.7346860E+01
     0.1344816E+03     0.7344570E+01
     0.1344862E+03     0.7344815E+01
     0.1344904E+03     0.7346900E+01
     0.1344954E+03     0.7348987E+01
     0.1345000E+03     0.7349462E+01
     0.1345044E+03     0.7350396E+01
     0.1345067E+03     0.7352015E+01
     0.1345071E+03     0.7353857E+01
     0.1345071E+03     0.7355928E+01
     0.1345092E+03     0.7358006E+01
END
4
     0.1344165E+03     0.7255216E+01
     0.1344374E+03     0.7335074E+01
     0.1344352E+03     0.7328838E+01
     0.1344354E+03     0.7326078E+01
     0.1344363E+03     0.7324012E+01
     0.1344377E+03     0.7321946E+01
     0.1344410E+03     0.7319426E+01
     0.1344442E+03     0.7316216E+01
     0.1344502E+03     0.7314165E+01
     0.1344553E+03     0.7310962E+01
     0.1344576E+03     0.7306828E+01
     0.1344590E+03     0.7303843E+01
     0.1344588E+03     0.7297861E+01
     0.1344519E+03     0.7297609E+01
     0.1344491E+03     0.7298520E+01
     0.1344463E+03     0.7297822E+01
     0.1344456E+03     0.7297130E+01
     0.1344464E+03     0.7285400E+01
     0.1344457E+03     0.7282867E+01
     0.1344462E+03     0.7278039E+01
     0.1344487E+03     0.7273906E+01
     0.1344522E+03     0.7267937E+01
     0.1344554E+03     0.7266797E+01
     0.1344579E+03     0.7269795E+01
     0.1344605E+03     0.7267503E+01
     0.1344603E+03     0.7264512E+01
     0.1344587E+03     0.7260366E+01
     0.1344582E+03     0.7255074E+01
     0.1344550E+03     0.7252533E+01
     0.1344538E+03     0.7255060E+01
     0.1344506E+03     0.7256430E+01
     0.1344483E+03     0.7257802E+01
     0.1344465E+03     0.7258717E+01
     0.1344432E+03     0.7263307E+01
     0.1344423E+03     0.7266524E+01
     0.1344418E+03     0.7269283E+01
     0.1344363E+03     0.7273176E+01
     0.1344319E+03     0.7272701E+01
     0.1344312E+03     0.7270629E+01
     0.1344337E+03     0.7268337E+01
     0.1344333E+03     0.7266955E+01
     0.1344257E+03     0.7262791E+01
     0.1344245E+03     0.7261866E+01
     0.1344220E+03     0.7257718E+01
     0.1344206E+03     0.7252653E+01
     0.1344202E+03     0.7248740E+01
     0.1344186E+03     0.7245284E+01
     0.1344131E+03     0.7242276E+01
     0.1344115E+03     0.7238821E+01
     0.1344103E+03     0.7237666E+01
     0.1344057E+03     0.7239262E+01
     0.1344020E+03     0.7237409E+01
     0.1344018E+03     0.7235568E+01
     0.1344013E+03     0.7233727E+01
     0.1344004E+03     0.7232573E+01
     0.1343958E+03     0.7229797E+01
     0.1343942E+03     0.7227032E+01
     0.1343912E+03     0.7222881E+01
     0.1343903E+03     0.7219197E+01
     0.1343885E+03     0.7217811E+01
     0.1343878E+03     0.7220339E+01
     0.1343873E+03     0.7224018E+01
     0.1343824E+03     0.7223543E+01
     0.1343806E+03     0.7222846E+01
     0.1343788E+03     0.7226060E+01
     0.1343720E+03     0.7235700E+01
     0.1343709E+03     0.7239146E+01
     0.1343674E+03     0.7243736E+01
     0.1343651E+03     0.7243728E+01
     0.1343616E+03     0.7244637E+01
     0.1343591E+03     0.7246469E+01
     0.1343566E+03     0.7250371E+01
     0.1343515E+03     0.7255875E+01
     0.1343549E+03     0.7255426E+01
     0.1343577E+03     0.7254975E+01
     0.1343607E+03     0.7253145E+01
     0.1343642E+03     0.7250856E+01
     0.1343656E+03     0.7248331E+01
     0.1343692E+03     0.7246042E+01
     0.1343723E+03     0.7244212E+01
     0.1343757E+03     0.7241693E+01
     0.1343773E+03     0.7237558E+01
     0.1343790E+03     0.7235033E+01
     0.1343822E+03     0.7233892E+01
     0.1343857E+03     0.7233444E+01
     0.1343889E+03     0.7235065E+01
     0.1343898E+03     0.7237369E+01
     0.1343914E+03     0.7239904E+01
     0.1343946E+03     0.7242906E+01
     0.1343971E+03     0.7244524E+01
     0.1343992E+03     0.7247061E+01
     0.1344027E+03     0.7248913E+01
     0.1344054E+03     0.7249382E+01
     0.1344077E+03     0.7250539E+01
     0.1344098E+03     0.7252387E+01
     0.1344128E+03     0.7256767E+01
     0.1344130E+03     0.7261369E+01
     0.1344135E+03     0.7263900E+01
     0.1344146E+03     0.7268965E+01
     0.1344171E+03     0.7273574E+01
     0.1344194E+03     0.7274501E+01
     0.1344233E+03     0.7277504E+01
     0.1344256E+03     0.7280733E+01
     0.1344263E+03     0.7283725E+01
     0.1344291E+03     0.7284424E+01
     0.1344307E+03     0.7281669E+01
     0.1344312E+03     0.7278680E+01
     0.1344326E+03     0.7277994E+01
     0.1344353E+03     0.7278924E+01
     0.1344365E+03     0.7280767E+01
     0.1344355E+03     0.7284904E+01
     0.1344374E+03     0.7287211E+01
     0.1344397E+03     0.7286528E+01
     0.1344420E+03     0.7286306E+01
     0.1344429E+03     0.7287689E+01
     0.1344427E+03     0.7290909E+01
     0.1344429E+03     0.7294820E+01
     0.1344417E+03     0.7300336E+01
     0.1344438E+03     0.7301953E+01
     0.1344461E+03     0.7301041E+01
     0.1344491E+03     0.7302201E+01
     0.1344486E+03     0.7304729E+01
     0.1344475E+03     0.7308866E+01
     0.1344447E+03     0.7312537E+01
     0.1344415E+03     0.7315517E+01
     0.1344389E+03     0.7317809E+01
     0.1344347E+03     0.7320786E+01
     0.1344317E+03     0.7323076E+01
     0.1344299E+03     0.7329051E+01
     0.1344296E+03     0.7334570E+01
     0.1344335E+03     0.7337803E+01
     0.1344374E+03     0.7335074E+01
END
5
     0.1344210E+03     0.7294826E+01
     0.1344206E+03     0.7299006E+01
     0.1344233E+03     0.7296597E+01
     0.1344251E+03     0.7293382E+01
     0.1344261E+03     0.7290625E+01
     0.1344240E+03     0.7289468E+01
     0.1344219E+03     0.7290151E+01
     0.1344203E+03     0.7292907E+01
     0.1344191E+03     0.7293592E+01
     0.1344178E+03     0.7294738E+01
     0.1344168E+03     0.7296576E+01
     0.1344150E+03     0.7296800E+01
     0.1344166E+03     0.7298185E+01
     0.1344196E+03     0.7298425E+01
     0.1344206E+03     0.7299006E+01
END
6
     0.1342905E+03     0.7287470E+01
     0.1342872E+03     0.7292358E+01
     0.1342923E+03     0.7290180E+01
     0.1342939E+03     0.7287425E+01
     0.1342942E+03     0.7284435E+01
     0.1342933E+03     0.7282362E+01
     0.1342914E+03     0.7281206E+01
     0.1342894E+03     0.7282349E+01
     0.1342882E+03     0.7285105E+01
     0.1342866E+03     0.7288320E+01
     0.1342861E+03     0.7290618E+01
     0.1342872E+03     0.7292358E+01
END
7
     0.1343064E+03     0.7278078E+01
     0.1343182E+03     0.7277557E+01
     0.1343196E+03     0.7275321E+01
     0.1343150E+03     0.7274155E+01
     0.1343104E+03     0.7275519E+01
     0.1343071E+03     0.7275968E+01
     0.1343044E+03     0.7275269E+01
     0.1343032E+03     0.7273425E+01
     0.1342998E+03     0.7274103E+01
     0.1342972E+03     0.7275245E+01
     0.1342958E+03     0.7277310E+01
     0.1342954E+03     0.7278919E+01
     0.1342990E+03     0.7280772E+01
     0.1343039E+03     0.7281708E+01
     0.1343090E+03     0.7280805E+01
     0.1343124E+03     0.7280126E+01
     0.1343156E+03     0.7278987E+01
     0.1343182E+03     0.7277557E+01
END
8
     0.1343903E+03     0.7266364E+01
     0.1343974E+03     0.7278940E+01
     0.1343991E+03     0.7273745E+01
     0.1343989E+03     0.7269373E+01
     0.1343987E+03     0.7266382E+01
     0.1343955E+03     0.7266372E+01
     0.1343929E+03     0.7265444E+01
     0.1343939E+03     0.7262226E+01
     0.1343953E+03     0.7258320E+01
     0.1343953E+03     0.7256480E+01
     0.1343937E+03     0.7252793E+01
     0.1343923E+03     0.7250719E+01
     0.1343879E+03     0.7250245E+01
     0.1343879E+03     0.7251625E+01
     0.1343881E+03     0.7255766E+01
     0.1343858E+03     0.7259900E+01
     0.1343846E+03     0.7263806E+01
     0.1343853E+03     0.7265189E+01
     0.1343842E+03     0.7270245E+01
     0.1343835E+03     0.7272543E+01
     0.1343878E+03     0.7273478E+01
     0.1343918E+03     0.7275101E+01
     0.1343936E+03     0.7276947E+01
     0.1343952E+03     0.7278563E+01
     0.1343974E+03     0.7278940E+01
END
9
     0.1343430E+03     0.7271257E+01
     0.1343404E+03     0.7277889E+01
     0.1343431E+03     0.7274710E+01
     0.1343457E+03     0.7270347E+01
     0.1343468E+03     0.7265520E+01
     0.1343471E+03     0.7262991E+01
     0.1343457E+03     0.7262756E+01
     0.1343441E+03     0.7264591E+01
     0.1343422E+03     0.7267115E+01
     0.1343410E+03     0.7271022E+01
     0.1343396E+03     0.7275158E+01
     0.1343394E+03     0.7276537E+01
     0.1343404E+03     0.7277889E+01
END
10
     0.1343668E+03     0.7151551E+01
     0.1343875E+03     0.7135924E+01
     0.1343848E+03     0.7140270E+01
     0.1343811E+03     0.7143019E+01
     0.1343772E+03     0.7146227E+01
     0.1343725E+03     0.7144142E+01
     0.1343709E+03     0.7143216E+01
     0.1343677E+03     0.7142975E+01
     0.1343626E+03     0.7142268E+01
     0.1343583E+03     0.7141793E+01
     0.1343546E+03     0.7142471E+01
     0.1343525E+03     0.7145915E+01
     0.1343499E+03     0.7150278E+01
     0.1343495E+03     0.7153497E+01
     0.1343497E+03     0.7159709E+01
     0.1343504E+03     0.7162932E+01
     0.1343497E+03     0.7165000E+01
     0.1343480E+03     0.7166835E+01
     0.1343489E+03     0.7171210E+01
     0.1343535E+03     0.7172835E+01
     0.1343598E+03     0.7171016E+01
     0.1343591E+03     0.7164342E+01
     0.1343593E+03     0.7160892E+01
     0.1343621E+03     0.7160441E+01
     0.1343635E+03     0.7158605E+01
     0.1343644E+03     0.7156077E+01
     0.1343700E+03     0.7157476E+01
     0.1343739E+03     0.7159329E+01
     0.1343757E+03     0.7161867E+01
     0.1343762E+03     0.7165089E+01
     0.1343775E+03     0.7167394E+01
     0.1343789E+03     0.7166018E+01
     0.1343817E+03     0.7164417E+01
     0.1343824E+03     0.7169710E+01
     0.1343826E+03     0.7177303E+01
     0.1343823E+03     0.7182364E+01
     0.1343833E+03     0.7185817E+01
     0.1343851E+03     0.7186053E+01
     0.1343856E+03     0.7181684E+01
     0.1343865E+03     0.7177316E+01
     0.1343886E+03     0.7173872E+01
     0.1343898E+03     0.7167434E+01
     0.1343891E+03     0.7162831E+01
     0.1343866E+03     0.7158452E+01
     0.1343852E+03     0.7156147E+01
     0.1343840E+03     0.7154072E+01
     0.1343838E+03     0.7149470E+01
     0.1343855E+03     0.7146255E+01
     0.1343866E+03     0.7143958E+01
     0.1343882E+03     0.7141202E+01
     0.1343892E+03     0.7137295E+01
     0.1343885E+03     0.7136055E+01
     0.1343875E+03     0.7135924E+01
END
11
     0.1342459E+03     0.6997460E+01
     0.1342753E+03     0.7044295E+01
     0.1342740E+03     0.7038435E+01
     0.1342717E+03     0.7033826E+01
     0.1342708E+03     0.7030141E+01
     0.1342694E+03     0.7026455E+01
     0.1342685E+03     0.7024382E+01
     0.1342639E+03     0.7022524E+01
     0.1342602E+03     0.7021592E+01
     0.1342565E+03     0.7019968E+01
     0.1342537E+03     0.7018118E+01
     0.1342519E+03     0.7016731E+01
     0.1342517E+03     0.7011898E+01
     0.1342538E+03     0.7012136E+01
     0.1342590E+03     0.7014455E+01
     0.1342611E+03     0.7015843E+01
     0.1342639E+03     0.7018153E+01
     0.1342657E+03     0.7018389E+01
     0.1342666E+03     0.7016782E+01
     0.1342685E+03     0.7015177E+01
     0.1342708E+03     0.7015876E+01
     0.1342722E+03     0.7015420E+01
     0.1342738E+03     0.7012205E+01
     0.1342757E+03     0.7011061E+01
     0.1342766E+03     0.7010374E+01
     0.1342768E+03     0.7008303E+01
     0.1342750E+03     0.7005306E+01
     0.1342718E+03     0.7005755E+01
     0.1342681E+03     0.7007353E+01
     0.1342660E+03     0.7007346E+01
     0.1342646E+03     0.7005040E+01
     0.1342623E+03     0.7000661E+01
     0.1342591E+03     0.6996738E+01
     0.1342554E+03     0.6994654E+01
     0.1342527E+03     0.6992804E+01
     0.1342504E+03     0.6991185E+01
     0.1342487E+03     0.6989799E+01
     0.1342453E+03     0.6990248E+01
     0.1342428E+03     0.6989088E+01
     0.1342402E+03     0.6987009E+01
     0.1342398E+03     0.6984705E+01
     0.1342412E+03     0.6982180E+01
     0.1342430E+03     0.6981956E+01
     0.1342439E+03     0.6979889E+01
     0.1342426E+03     0.6977812E+01
     0.1342405E+03     0.6979647E+01
     0.1342384E+03     0.6979639E+01
     0.1342380E+03     0.6975726E+01
     0.1342354E+03     0.6974106E+01
     0.1342341E+03     0.6975022E+01
     0.1342338E+03     0.6978243E+01
     0.1342324E+03     0.6981919E+01
     0.1342317E+03     0.6984678E+01
     0.1342324E+03     0.6988592E+01
     0.1342331E+03     0.6991815E+01
     0.1342331E+03     0.6994576E+01
     0.1342317E+03     0.6998944E+01
     0.1342317E+03     0.7003085E+01
     0.1342328E+03     0.7007691E+01
     0.1342349E+03     0.7011840E+01
     0.1342381E+03     0.7015532E+01
     0.1342415E+03     0.7018076E+01
     0.1342466E+03     0.7020854E+01
     0.1342507E+03     0.7024089E+01
     0.1342539E+03     0.7027552E+01
     0.1342569E+03     0.7032394E+01
     0.1342585E+03     0.7035621E+01
     0.1342601E+03     0.7039078E+01
     0.1342610E+03     0.7041612E+01
     0.1342626E+03     0.7044148E+01
     0.1342668E+03     0.7046003E+01
     0.1342700E+03     0.7047165E+01
     0.1342721E+03     0.7048553E+01
     0.1342753E+03     0.7049024E+01
     0.1342757E+03     0.7048264E+01
     0.1342757E+03     0.7047290E+01
     0.1342757E+03     0.7045410E+01
     0.1342753E+03     0.7044295E+01
END
12
     0.1341455E+03     0.6907253E+01
     0.1341508E+03     0.6922081E+01
     0.1341531E+03     0.6919051E+01
     0.1341549E+03     0.6916756E+01
     0.1341575E+03     0.6913774E+01
     0.1341580E+03     0.6909633E+01
     0.1341568E+03     0.6906868E+01
     0.1341559E+03     0.6904333E+01
     0.1341543E+03     0.6902256E+01
     0.1341518E+03     0.6900406E+01
     0.1341495E+03     0.6897407E+01
     0.1341479E+03     0.6895330E+01
     0.1341456E+03     0.6893941E+01
     0.1341435E+03     0.6892323E+01
     0.1341421E+03     0.6890017E+01
     0.1341405E+03     0.6887940E+01
     0.1341375E+03     0.6887239E+01
     0.1341313E+03     0.6886526E+01
     0.1341267E+03     0.6886280E+01
     0.1341239E+03     0.6886730E+01
     0.1341232E+03     0.6889949E+01
     0.1341248E+03     0.6893176E+01
     0.1341271E+03     0.6893875E+01
     0.1341287E+03     0.6895721E+01
     0.1341297E+03     0.6898026E+01
     0.1341326E+03     0.6898267E+01
     0.1341336E+03     0.6901491E+01
     0.1341347E+03     0.6904487E+01
     0.1341342E+03     0.6906326E+01
     0.1341335E+03     0.6910006E+01
     0.1341314E+03     0.6913910E+01
     0.1341307E+03     0.6919430E+01
     0.1341321E+03     0.6923577E+01
     0.1341333E+03     0.6923581E+01
     0.1341353E+03     0.6922899E+01
     0.1341411E+03     0.6923149E+01
     0.1341434E+03     0.6923617E+01
     0.1341469E+03     0.6923170E+01
     0.1341508E+03     0.6922081E+01
END
END
