rhode_island
1
        -71.580582         41.709496
        -71.805496         41.428806
        -71.798576         41.443630
        -71.791573         41.553623
        -71.791306         41.557831
        -71.792267         41.572231
        -71.789345         41.621758
        -71.790344         41.679382
        -71.790649         41.697052
        -71.789017         41.701447
        -71.792236         41.731586
        -71.794060         41.804947
        -71.796234         41.891998
        -71.794823         41.927986
        -71.795235         41.930748
        -71.796600         41.939850
        -71.795921         42.011772
        -71.636040         42.016445
        -71.627205         42.016575
        -71.467140         42.018803
        -71.458397         42.019127
        -71.403320         42.021149
        -71.380203         42.019367
        -71.377594         42.015530
        -71.380157         41.979298
        -71.378555         41.969715
        -71.382141         41.952732
        -71.382439         41.951317
        -71.381172         41.924099
        -71.381172         41.924099
        -71.380730         41.908665
        -71.341530         41.912308
        -71.337875         41.878334
        -71.337875         41.878334
        -71.337746         41.851089
        -71.343941         41.830925
        -71.343689         41.825111
        -71.340378         41.816006
        -71.334816         41.808479
        -71.327599         41.786289
        -71.317368         41.782848
        -71.311012         41.776802
        -71.294472         41.768089
        -71.293869         41.767776
        -71.293869         41.767776
        -71.297966         41.747593
        -71.300888         41.744099
        -71.321518         41.755562
        -71.321922         41.758072
        -71.318993         41.761341
        -71.311089         41.762882
        -71.309067         41.765903
        -71.315971         41.770332
        -71.322350         41.769051
        -71.325775         41.778595
        -71.329109         41.777836
        -71.330986         41.770927
        -71.327240         41.753147
        -71.324348         41.749546
        -71.307533         41.741894
        -71.300072         41.730606
        -71.300453         41.724644
        -71.303772         41.723431
        -71.306862         41.724277
        -71.308914         41.721947
        -71.307465         41.716022
        -71.309471         41.712547
        -71.314453         41.714729
        -71.319214         41.719437
        -71.318123         41.721016
        -71.316322         41.723618
        -71.317307         41.725430
        -71.325668         41.728226
        -71.338547         41.729092
        -71.346657         41.733036
        -71.352776         41.740917
        -71.362869         41.764507
        -71.365234         41.762398
        -71.366074         41.752533
        -71.367882         41.751804
        -71.371475         41.757679
        -71.373810         41.770222
        -71.376381         41.773373
        -71.373184         41.777790
        -71.379807         41.790466
        -71.378441         41.794621
        -71.381729         41.796940
        -71.383476         41.798172
        -71.385773         41.802013
        -71.385048         41.806839
        -71.389290         41.805828
        -71.389290         41.805828
        -71.397423         41.802444
        -71.397423         41.802444
        -71.392883         41.795902
        -71.398262         41.785023
        -71.394836         41.775711
        -71.396568         41.773155
        -71.399895         41.772163
        -71.400711         41.769627
        -71.390297         41.761616
        -71.387039         41.756649
        -71.394516         41.752132
        -71.388084         41.752048
        -71.386162         41.749802
        -71.388550         41.740589
        -71.393837         41.742764
        -71.396782         41.739948
        -71.383110         41.726742
        -71.378418         41.724098
        -71.367676         41.723190
        -71.364777         41.719360
        -71.373505         41.718491
        -71.371231         41.712353
        -71.371582         41.697918
        -71.378090         41.692509
        -71.380951         41.679626
        -71.386055         41.677452
        -71.392220         41.678688
        -71.395088         41.681602
        -71.391449         41.697937
        -71.392479         41.700665
        -71.400711         41.700253
        -71.403107         41.691269
        -71.406181         41.691658
        -71.411652         41.698631
        -71.418549         41.702827
        -71.421585         41.702301
        -71.421501         41.700245
        -71.412102         41.694500
        -71.417267         41.693699
        -71.415604         41.690304
        -71.418900         41.688625
        -71.422112         41.689018
        -71.439476         41.691139
        -71.452759         41.694500
        -71.457001         41.693718
        -71.457932         41.686371
        -71.454605         41.679806
        -71.453987         41.672035
        -71.456749         41.664875
        -71.463165         41.657402
        -71.462173         41.655361
        -71.458794         41.654984
        -71.452873         41.659695
        -71.448944         41.668259
        -71.436905         41.672878
        -71.431984         41.672073
        -71.421066         41.666367
        -71.419731         41.663651
        -71.430046         41.661816
        -71.436218         41.655788
        -71.441185         41.654938
        -71.443115         41.653027
        -71.439117         41.653107
        -71.427437         41.657753
        -71.414513         41.655296
        -71.411926         41.651691
        -71.413177         41.644794
        -71.409569         41.630909
        -71.410698         41.628593
        -71.419281         41.629318
        -71.423431         41.626247
        -71.422691         41.623058
        -71.413300         41.624870
        -71.410408         41.621273
        -71.420609         41.609138
        -71.417465         41.606922
        -71.411667         41.606823
        -71.411781         41.594456
        -71.419868         41.590611
        -71.439682         41.585087
        -71.443108         41.584133
        -71.449913         41.586498
        -71.452835         41.583225
        -71.456924         41.593895
        -71.460022         41.587414
        -71.465164         41.586380
        -71.456055         41.579948
        -71.454956         41.575394
        -71.449440         41.574833
        -71.448563         41.568211
        -71.436737         41.562298
        -71.436829         41.557030
        -71.441284         41.553955
        -71.439316         41.550564
        -71.432617         41.550945
        -71.429741         41.547577
        -71.424522         41.546776
        -71.422295         41.544312
        -71.426071         41.532089
        -71.423119         41.519108
        -71.423409         41.518364
        -71.429199         41.503632
        -71.422867         41.474701
        -71.424278         41.471920
        -71.434715         41.473972
        -71.435776         41.470058
        -71.430405         41.457588
        -71.443810         41.442631
        -71.457863         41.451241
        -71.459099         41.459225
        -71.456474         41.472321
        -71.455551         41.476933
        -71.456314         41.488365
        -71.457909         41.490158
        -71.465828         41.452431
        -71.470825         41.448196
        -71.480087         41.445770
        -71.481369         41.445435
        -71.480057         41.442947
        -71.476677         41.442337
        -71.464081         41.446976
        -71.457932         41.445515
        -71.452187         41.439007
        -71.465637         41.432747
        -71.469292         41.425339
        -71.466682         41.421047
        -71.461685         41.417957
        -71.458618         41.409786
        -71.463570         41.404408
        -71.466934         41.397236
        -71.478317         41.392853
        -71.488426         41.372242
        -71.488419         41.364689
        -71.492340         41.363911
        -71.494949         41.364590
        -71.498795         41.365593
        -71.504829         41.371861
        -71.515045         41.376202
        -71.509361         41.393276
        -71.506996         41.394932
        -71.502373         41.393436
        -71.507263         41.386684
        -71.505905         41.383282
        -71.500511         41.385239
        -71.496826         41.391735
        -71.499237         41.398548
        -71.497208         41.408440
        -71.498810         41.410461
        -71.505844         41.411213
        -71.503036         41.417004
        -71.497963         41.419411
        -71.497322         41.426064
        -71.499588         41.429443
        -71.502640         41.429604
        -71.504997         41.427715
        -71.505341         41.421299
        -71.508377         41.421818
        -71.512390         41.422508
        -71.514442         41.420628
        -71.512711         41.415401
        -71.515327         41.412594
        -71.514877         41.408943
        -71.522903         41.389751
        -71.528008         41.388031
        -71.532013         41.389309
        -71.537491         41.396736
        -71.542473         41.399364
        -71.546638         41.397205
        -71.546516         41.394234
        -71.539589         41.388672
        -71.540413         41.386593
        -71.548210         41.383892
        -71.546593         41.381638
        -71.542587         41.380360
        -71.523842         41.383091
        -71.520721         41.381104
        -71.525162         41.378254
        -71.542992         41.375542
        -71.546570         41.375881
        -71.554596         41.376640
        -71.570671         41.375572
        -71.576279         41.378643
        -71.582092         41.372322
        -71.622551         41.365620
        -71.642609         41.358257
        -71.646263         41.358398
        -71.649391         41.360382
        -71.644089         41.364403
        -71.627914         41.370068
        -71.613373         41.371338
        -71.621025         41.379620
        -71.621712         41.379265
        -71.636795         41.371452
        -71.642624         41.372681
        -71.651108         41.372013
        -71.652992         41.373341
        -71.655258         41.383358
        -71.659157         41.382118
        -71.659958         41.372711
        -71.668045         41.362896
        -71.674454         41.363422
        -71.682854         41.360695
        -71.695663         41.361748
        -71.705788         41.350048
        -71.702377         41.348530
        -71.690765         41.354088
        -71.670685         41.359386
        -71.660110         41.362179
        -71.659058         41.358997
        -71.660774         41.356438
        -71.685036         41.348278
        -71.699799         41.345161
        -71.722054         41.332924
        -71.725716         41.333290
        -71.730270         41.340042
        -71.724930         41.342926
        -71.722443         41.348484
        -71.723495         41.351662
        -71.738525         41.347847
        -71.743393         41.341877
        -71.753273         41.338718
        -71.757469         41.339458
        -71.760674         41.336033
        -71.755371         41.335529
        -71.739014         41.338448
        -71.738022         41.336639
        -71.757111         41.328598
        -71.763771         41.327969
        -71.768394         41.329453
        -71.774612         41.339134
        -71.777084         41.339989
        -71.780975         41.338741
        -71.786575         41.341572
        -71.791016         41.338940
        -71.796524         41.339714
        -71.799568         41.335758
        -71.809769         41.333633
        -71.816849         41.330116
        -71.819817         41.327953
        -71.817787         41.325909
        -71.806160         41.331219
        -71.795074         41.334713
        -71.785103         41.335888
        -71.780212         41.335327
        -71.777641         41.332188
        -71.781448         41.329113
        -71.795059         41.327618
        -71.801590         41.324242
        -71.821243         41.322124
        -71.835968         41.318531
        -71.858582         41.308319
        -71.874809         41.310860
        -71.893242         41.308765
        -71.895119         41.309860
        -71.891792         41.316589
        -71.874619         41.313385
        -71.868294         41.314468
        -71.860428         41.321777
        -71.852112         41.325890
        -71.854485         41.331093
        -71.840416         41.335815
        -71.836136         41.335239
        -71.834503         41.339405
        -71.836723         41.347816
        -71.835709         41.352196
        -71.837341         41.354671
        -71.843254         41.357491
        -71.845695         41.364296
        -71.845695         41.364296
        -71.846359         41.365421
        -71.839096         41.372711
        -71.837601         41.379848
        -71.839691         41.385517
        -71.848053         41.408192
        -71.845825         41.412601
        -71.834145         41.416801
        -71.828583         41.421528
        -71.824089         41.423019
        -71.812950         41.419189
        -71.808083         41.419086
        -71.805748         41.421440
        -71.805496         41.428806
END
2
        -71.281013         41.712826
        -71.287148         41.764233
        -71.282600         41.761837
        -71.266136         41.755314
        -71.257339         41.749088
        -71.257339         41.749088
        -71.250267         41.739849
        -71.239830         41.721203
        -71.236847         41.715862
        -71.234375         41.712612
        -71.234375         41.712612
        -71.244904         41.702694
        -71.248917         41.703754
        -71.248009         41.712242
        -71.251312         41.718815
        -71.265739         41.728584
        -71.269333         41.734692
        -71.265129         41.744854
        -71.267654         41.746861
        -71.270630         41.744740
        -71.271439         41.741573
        -71.273560         41.733231
        -71.271759         41.725941
        -71.264587         41.714188
        -71.256310         41.705429
        -71.250298         41.691589
        -71.243576         41.683487
        -71.245598         41.672001
        -71.255905         41.669952
        -71.263992         41.657421
        -71.265739         41.647079
        -71.276054         41.653275
        -71.278168         41.661472
        -71.279633         41.667164
        -71.288132         41.673851
        -71.291283         41.684315
        -71.294594         41.683102
        -71.305054         41.660671
        -71.304047         41.658401
        -71.306740         41.656971
        -71.309547         41.658512
        -71.313400         41.679264
        -71.311401         41.682972
        -71.306862         41.684212
        -71.302795         41.681782
        -71.301872         41.705612
        -71.297287         41.714760
        -71.293633         41.722042
        -71.292450         41.731228
        -71.294670         41.741482
        -71.286919         41.738670
        -71.285835         41.742355
        -71.288864         41.749619
        -71.289551         41.759678
        -71.287148         41.764233
END
3
        -71.290489         41.646801
        -71.291145         41.640362
        -71.294144         41.646938
        -71.292801         41.651772
        -71.289398         41.650700
        -71.285179         41.644150
        -71.285683         41.641392
        -71.291145         41.640362
END
4
        -71.172638         41.582462
        -71.125473         41.542194
        -71.120789         41.499744
        -71.120789         41.499744
        -71.129707         41.496250
        -71.131096         41.501030
        -71.128487         41.504974
        -71.141251         41.521202
        -71.142586         41.515911
        -71.139702         41.503151
        -71.141159         41.501289
        -71.144585         41.500916
        -71.146317         41.500729
        -71.143074         41.495300
        -71.146873         41.490643
        -71.147018         41.486065
        -71.155281         41.478573
        -71.164986         41.477463
        -71.169983         41.472324
        -71.175385         41.470154
        -71.177193         41.461189
        -71.190315         41.462067
        -71.195099         41.459450
        -71.202110         41.459766
        -71.204323         41.462009
        -71.204430         41.464985
        -71.197426         41.473370
        -71.196281         41.483692
        -71.201981         41.489758
        -71.204079         41.497040
        -71.209709         41.501045
        -71.210709         41.503540
        -71.210327         41.505917
        -71.208221         41.518929
        -71.213623         41.533241
        -71.211723         41.539692
        -71.212822         41.544704
        -71.221786         41.547955
        -71.223114         41.550900
        -71.214745         41.580605
        -71.215843         41.585621
        -71.220848         41.588951
        -71.221573         41.592140
        -71.214226         41.599846
        -71.219032         41.605930
        -71.221207         41.615269
        -71.219231         41.619659
        -71.217606         41.619602
        -71.215256         41.619514
        -71.210007         41.609550
        -71.206329         41.609165
        -71.205551         41.612846
        -71.208847         41.619644
        -71.216751         41.627037
        -71.219261         41.637287
        -71.215706         41.656822
        -71.209618         41.674118
        -71.207344         41.677513
        -71.207344         41.677513
        -71.178391         41.669220
        -71.142006         41.664581
        -71.142693         41.639797
        -71.142693         41.639797
        -71.142418         41.620266
        -71.139389         41.607540
        -71.132256         41.593224
        -71.129654         41.579998
        -71.126549         41.551949
        -71.126549         41.551949
        -71.129242         41.552345
        -71.132439         41.547932
        -71.130501         41.544765
        -71.125473         41.542194
END
5
        -71.324059         41.609680
        -71.330811         41.583878
        -71.337624         41.586475
        -71.340683         41.594650
        -71.339630         41.606808
        -71.331284         41.620041
        -71.329979         41.625790
        -71.334709         41.629581
        -71.352654         41.635601
        -71.355301         41.641037
        -71.354774         41.650894
        -71.352692         41.652294
        -71.347031         41.656101
        -71.354271         41.661667
        -71.352905         41.665817
        -71.349236         41.665668
        -71.343567         41.661213
        -71.340263         41.654873
        -71.345116         41.646069
        -71.342186         41.641323
        -71.334396         41.637371
        -71.316185         41.632271
        -71.312973         41.628220
        -71.309189         41.617081
        -71.310844         41.604454
        -71.318558         41.590553
        -71.325043         41.584686
        -71.330811         41.583878
END
6
        -71.386887         41.522469
        -71.398300         41.454189
        -71.404404         41.454510
        -71.405769         41.458370
        -71.402306         41.478596
        -71.403206         41.485901
        -71.407906         41.496784
        -71.401466         41.496601
        -71.394478         41.496399
        -71.390106         41.509087
        -71.394028         41.515865
        -71.401260         41.521431
        -71.402313         41.524841
        -71.394798         41.550877
        -71.386749         41.563190
        -71.382851         41.572662
        -71.379616         41.575710
        -71.370430         41.574997
        -71.367989         41.559254
        -71.371056         41.547626
        -71.372238         41.543137
        -71.369301         41.530380
        -71.373177         41.520451
        -71.371979         41.513149
        -71.376968         41.500450
        -71.374588         41.494091
        -71.366653         41.486027
        -71.366554         41.483509
        -71.373154         41.480846
        -71.379524         41.480247
        -71.385254         41.486530
        -71.390488         41.487785
        -71.391617         41.485474
        -71.389473         41.469723
        -71.394821         41.466400
        -71.398300         41.454189
END
7
        -71.285423         41.516121
        -71.347679         41.452332
        -71.352966         41.455193
        -71.359085         41.455975
        -71.366554         41.452145
        -71.368164         41.454399
        -71.367493         41.460594
        -71.370369         41.464195
        -71.368958         41.466972
        -71.356102         41.473209
        -71.350845         41.479046
        -71.346954         41.480732
        -71.344933         41.475742
        -71.326080         41.484623
        -71.333725         41.493156
        -71.330170         41.511776
        -71.332764         41.523743
        -71.333138         41.525448
        -71.326363         41.523762
        -71.321533         41.525013
        -71.318344         41.529202
        -71.321800         41.539886
        -71.318108         41.547062
        -71.318985         41.553913
        -71.306587         41.572723
        -71.298836         41.577469
        -71.296364         41.584846
        -71.297379         41.595356
        -71.283501         41.607784
        -71.280243         41.626629
        -71.277657         41.628460
        -71.260910         41.640312
        -71.257477         41.638325
        -71.249535         41.638264
        -71.233635         41.654392
        -71.230621         41.655369
        -71.227051         41.649719
        -71.227829         41.637569
        -71.237679         41.639656
        -71.241760         41.634533
        -71.236107         41.630302
        -71.236938         41.627995
        -71.248276         41.620888
        -71.251999         41.597919
        -71.252121         41.595734
        -71.252365         41.591270
        -71.243401         41.571770
        -71.242973         41.560104
        -71.240990         41.556023
        -71.242249         41.540661
        -71.237091         41.524742
        -71.238098         41.518997
        -71.243950         41.512466
        -71.245506         41.505108
        -71.250923         41.495152
        -71.250793         41.491489
        -71.241150         41.486198
        -71.247025         41.479012
        -71.250473         41.474785
        -71.254440         41.474934
        -71.254753         41.483395
        -71.259499         41.488102
        -71.266296         41.490707
        -71.274498         41.490074
        -71.280701         41.484909
        -71.284927         41.483902
        -71.291901         41.491081
        -71.301857         41.488350
        -71.305511         41.472473
        -71.312355         41.468204
        -71.315315         41.457840
        -71.318268         41.455486
        -71.321129         41.458630
        -71.325974         41.457840
        -71.335526         41.460838
        -71.347679         41.452332
END
8
        -71.591103         41.175892
        -71.573303         41.150024
        -71.590309         41.150761
        -71.603661         41.149921
        -71.608139         41.149639
        -71.618744         41.156708
        -71.624519         41.164120
        -71.612999         41.185459
        -71.605545         41.188389
        -71.604385         41.196659
        -71.601341         41.196503
        -71.594231         41.186146
        -71.587151         41.183571
        -71.580200         41.184196
        -71.577957         41.188370
        -71.581772         41.199722
        -71.584946         41.203079
        -71.592255         41.203819
        -71.589577         41.217991
        -71.586555         41.233944
        -71.581375         41.233383
        -71.576622         41.228691
        -71.570778         41.226768
        -71.566681         41.223206
        -71.565796         41.216587
        -71.574341         41.188915
        -71.574120         41.183655
        -71.562248         41.175468
        -71.555580         41.168076
        -71.552231         41.160603
        -71.554741         41.155277
        -71.561256         41.151688
        -71.573303         41.150024
END
END
