seychelles
1
     0.5329689E+02    -0.5117826E+01
     0.5329606E+02    -0.5112944E+01
     0.5329901E+02    -0.5112874E+01
     0.5330199E+02    -0.5114279E+01
     0.5330134E+02    -0.5117983E+01
     0.5329627E+02    -0.5121791E+01
     0.5329258E+02    -0.5121140E+01
     0.5329103E+02    -0.5118226E+01
     0.5329243E+02    -0.5115242E+01
     0.5329606E+02    -0.5112944E+01
END
2
     0.5329571E+02    -0.5410293E+01
     0.5330244E+02    -0.5408746E+01
     0.5330313E+02    -0.5411004E+01
     0.5330294E+02    -0.5412620E+01
     0.5330227E+02    -0.5413326E+01
     0.5330159E+02    -0.5414032E+01
     0.5329951E+02    -0.5413621E+01
     0.5329789E+02    -0.5412739E+01
     0.5329490E+02    -0.5413039E+01
     0.5329213E+02    -0.5412414E+01
     0.5328934E+02    -0.5411330E+01
     0.5328769E+02    -0.5409527E+01
     0.5328881E+02    -0.5408350E+01
     0.5329109E+02    -0.5407376E+01
     0.5329477E+02    -0.5407519E+01
     0.5330244E+02    -0.5408746E+01
END
3
     0.5333278E+02    -0.5427578E+01
     0.5332793E+02    -0.5419624E+01
     0.5333298E+02    -0.5419505E+01
     0.5333507E+02    -0.5420146E+01
     0.5333648E+02    -0.5421723E+01
     0.5333677E+02    -0.5424018E+01
     0.5333777E+02    -0.5427446E+01
     0.5333920E+02    -0.5429714E+01
     0.5334129E+02    -0.5430355E+01
     0.5334361E+02    -0.5431221E+01
     0.5334388E+02    -0.5433055E+01
     0.5334373E+02    -0.5436511E+01
     0.5334123E+02    -0.5437720E+01
     0.5333869E+02    -0.5437090E+01
     0.5333244E+02    -0.5435167E+01
     0.5332818E+02    -0.5429975E+01
     0.5332711E+02    -0.5423786E+01
     0.5332793E+02    -0.5419624E+01
END
4
     0.5323805E+02    -0.5667819E+01
     0.5322485E+02    -0.5661977E+01
     0.5322861E+02    -0.5660598E+01
     0.5322932E+02    -0.5661272E+01
     0.5323072E+02    -0.5662389E+01
     0.5323191E+02    -0.5663972E+01
     0.5323425E+02    -0.5665528E+01
     0.5323563E+02    -0.5665495E+01
     0.5323814E+02    -0.5664976E+01
     0.5323975E+02    -0.5664708E+01
     0.5324132E+02    -0.5663291E+01
     0.5324268E+02    -0.5662338E+01
     0.5324451E+02    -0.5661835E+01
     0.5324590E+02    -0.5662262E+01
     0.5324708E+02    -0.5663616E+01
     0.5324757E+02    -0.5664754E+01
     0.5324646E+02    -0.5666622E+01
     0.5324557E+02    -0.5667793E+01
     0.5324399E+02    -0.5668981E+01
     0.5324035E+02    -0.5670677E+01
     0.5323875E+02    -0.5671175E+01
     0.5323714E+02    -0.5671212E+01
     0.5323460E+02    -0.5670582E+01
     0.5322993E+02    -0.5667700E+01
     0.5322644E+02    -0.5665711E+01
     0.5322524E+02    -0.5663898E+01
     0.5322485E+02    -0.5661977E+01
END
5
     0.5366391E+02    -0.5690857E+01
     0.5370015E+02    -0.5677919E+01
     0.5369585E+02    -0.5681014E+01
     0.5369245E+02    -0.5682707E+01
     0.5368788E+02    -0.5683967E+01
     0.5368379E+02    -0.5686136E+01
     0.5368015E+02    -0.5687604E+01
     0.5367698E+02    -0.5689522E+01
     0.5367448E+02    -0.5690962E+01
     0.5367247E+02    -0.5693311E+01
     0.5367020E+02    -0.5694286E+01
     0.5366654E+02    -0.5695295E+01
     0.5366083E+02    -0.5696813E+01
     0.5365643E+02    -0.5695538E+01
     0.5365388E+02    -0.5694679E+01
     0.5365293E+02    -0.5693321E+01
     0.5365263E+02    -0.5690567E+01
     0.5365465E+02    -0.5688677E+01
     0.5365735E+02    -0.5686081E+01
     0.5366263E+02    -0.5685725E+01
     0.5366633E+02    -0.5686556E+01
     0.5367162E+02    -0.5686429E+01
     0.5367753E+02    -0.5683986E+01
     0.5368366E+02    -0.5680617E+01
     0.5368774E+02    -0.5678448E+01
     0.5369210E+02    -0.5678113E+01
     0.5369668E+02    -0.5677083E+01
     0.5370015E+02    -0.5677919E+01
END
6
     0.5331188E+02    -0.5753546E+01
     0.5330260E+02    -0.5755038E+01
     0.5330505E+02    -0.5751759E+01
     0.5330964E+02    -0.5751191E+01
     0.5331329E+02    -0.5750185E+01
     0.5331698E+02    -0.5750328E+01
     0.5331953E+02    -0.5751187E+01
     0.5332026E+02    -0.5752781E+01
     0.5331987E+02    -0.5756011E+01
     0.5331738E+02    -0.5757681E+01
     0.5331046E+02    -0.5756464E+01
     0.5330260E+02    -0.5755038E+01
END
7
     0.5331182E+02    -0.5771932E+01
     0.5330748E+02    -0.5766658E+01
     0.5330958E+02    -0.5767989E+01
     0.5331099E+02    -0.5769336E+01
     0.5331329E+02    -0.5769512E+01
     0.5331508E+02    -0.5767399E+01
     0.5331643E+02    -0.5765757E+01
     0.5331848E+02    -0.5765018E+01
     0.5331966E+02    -0.5766370E+01
     0.5331878E+02    -0.5768002E+01
     0.5331791E+02    -0.5770323E+01
     0.5331684E+02    -0.5773570E+01
     0.5331578E+02    -0.5777276E+01
     0.5331515E+02    -0.5779592E+01
     0.5331379E+02    -0.5780545E+01
     0.5331240E+02    -0.5780118E+01
     0.5331049E+02    -0.5777401E+01
     0.5330836E+02    -0.5774691E+01
     0.5330671E+02    -0.5773118E+01
     0.5330574E+02    -0.5771071E+01
     0.5330590E+02    -0.5767846E+01
     0.5330748E+02    -0.5766658E+01
END
8
     0.5303191E+02    -0.5884230E+01
     0.5302699E+02    -0.5886195E+01
     0.5302830E+02    -0.5883173E+01
     0.5303013E+02    -0.5882670E+01
     0.5303265E+02    -0.5882152E+01
     0.5303470E+02    -0.5881644E+01
     0.5303564E+02    -0.5882542E+01
     0.5303681E+02    -0.5883205E+01
     0.5303502E+02    -0.5885317E+01
     0.5303231E+02    -0.5887451E+01
     0.5303092E+02    -0.5887023E+01
     0.5302699E+02    -0.5886195E+01
END
9
     0.5314872E+02    -0.6175449E+01
     0.5315309E+02    -0.6170363E+01
     0.5315205E+02    -0.6175218E+01
     0.5315028E+02    -0.6178249E+01
     0.5314919E+02    -0.6180805E+01
     0.5314762E+02    -0.6182452E+01
     0.5314577E+02    -0.6182265E+01
     0.5314459E+02    -0.6180912E+01
     0.5314542E+02    -0.6176983E+01
     0.5314557E+02    -0.6173759E+01
     0.5314713E+02    -0.6171422E+01
     0.5314917E+02    -0.6169994E+01
     0.5315309E+02    -0.6170363E+01
END
10
     0.5305259E+02    -0.6232679E+01
     0.5305064E+02    -0.6235778E+01
     0.5304743E+02    -0.6236313E+01
     0.5304580E+02    -0.6235661E+01
     0.5304348E+02    -0.6234795E+01
     0.5304185E+02    -0.6233912E+01
     0.5304113E+02    -0.6232319E+01
     0.5304061E+02    -0.6230031E+01
     0.5304191E+02    -0.6226780E+01
     0.5304467E+02    -0.6226486E+01
     0.5304771E+02    -0.6228716E+01
     0.5304958E+02    -0.6230052E+01
     0.5305144E+02    -0.6230700E+01
     0.5305397E+02    -0.6230870E+01
     0.5305580E+02    -0.6230368E+01
     0.5305692E+02    -0.6228732E+01
     0.5305869E+02    -0.6225930E+01
     0.5306142E+02    -0.6224717E+01
     0.5306328E+02    -0.6225363E+01
     0.5306496E+02    -0.6228545E+01
     0.5306347E+02    -0.6233410E+01
     0.5305751E+02    -0.6234698E+01
     0.5305064E+02    -0.6235778E+01
END
11
     0.5274704E+02    -0.6997757E+01
     0.5276031E+02    -0.6999698E+01
     0.5275671E+02    -0.7003458E+01
     0.5275515E+02    -0.7005562E+01
     0.5275149E+02    -0.7006566E+01
     0.5274754E+02    -0.7005047E+01
     0.5274290E+02    -0.7003544E+01
     0.5273964E+02    -0.7002009E+01
     0.5273567E+02    -0.6999801E+01
     0.5273377E+02    -0.6997315E+01
     0.5273327E+02    -0.6995718E+01
     0.5273573E+02    -0.6992444E+01
     0.5274076E+02    -0.6990949E+01
     0.5274540E+02    -0.6992223E+01
     0.5274916E+02    -0.6995815E+01
     0.5275193E+02    -0.6995751E+01
     0.5275629E+02    -0.6995422E+01
     0.5275955E+02    -0.6996727E+01
     0.5276031E+02    -0.6999698E+01
END
12
     0.5275602E+02    -0.7060858E+01
     0.5275477E+02    -0.7058670E+01
     0.5275894E+02    -0.7059494E+01
     0.5276012E+02    -0.7060846E+01
     0.5276038E+02    -0.7061990E+01
     0.5275925E+02    -0.7062935E+01
     0.5275765E+02    -0.7063661E+01
     0.5275394E+02    -0.7062597E+01
     0.5275183E+02    -0.7060806E+01
     0.5275340E+02    -0.7058931E+01
     0.5275477E+02    -0.7058670E+01
END
13
     0.5273598E+02    -0.7167127E+01
     0.5273099E+02    -0.7155060E+01
     0.5273310E+02    -0.7156850E+01
     0.5273245E+02    -0.7158474E+01
     0.5273461E+02    -0.7162332E+01
     0.5273626E+02    -0.7164133E+01
     0.5273976E+02    -0.7165892E+01
     0.5274143E+02    -0.7168382E+01
     0.5274126E+02    -0.7171144E+01
     0.5273922E+02    -0.7172569E+01
     0.5273575E+02    -0.7171729E+01
     0.5273291E+02    -0.7168347E+01
     0.5273056E+02    -0.7166562E+01
     0.5272910E+02    -0.7163147E+01
     0.5272812E+02    -0.7160412E+01
     0.5272783E+02    -0.7157890E+01
     0.5272917E+02    -0.7156021E+01
     0.5273099E+02    -0.7155060E+01
END
14
     0.5274796E+02    -0.7159389E+01
     0.5274212E+02    -0.7158254E+01
     0.5274646E+02    -0.7157005E+01
     0.5274855E+02    -0.7157417E+01
     0.5275131E+02    -0.7157354E+01
     0.5275431E+02    -0.7157745E+01
     0.5275460E+02    -0.7160037E+01
     0.5275395E+02    -0.7161891E+01
     0.5275096E+02    -0.7161959E+01
     0.5274775E+02    -0.7162492E+01
     0.5274405E+02    -0.7162346E+01
     0.5274219E+02    -0.7161469E+01
     0.5274123E+02    -0.7159883E+01
     0.5274212E+02    -0.7158254E+01
END
15
     0.5104472E+02    -0.9233621E+01
     0.5104939E+02    -0.9249457E+01
     0.5104096E+02    -0.9240817E+01
     0.5103992E+02    -0.9231404E+01
     0.5104148E+02    -0.9226100E+01
     0.5104930E+02    -0.9221187E+01
     0.5105305E+02    -0.9225051E+01
     0.5104741E+02    -0.9237757E+01
     0.5104982E+02    -0.9246005E+01
     0.5104939E+02    -0.9249457E+01
END
16
     0.5072399E+02    -0.9323836E+01
     0.5072571E+02    -0.9333120E+01
     0.5071991E+02    -0.9331799E+01
     0.5071615E+02    -0.9327008E+01
     0.5071727E+02    -0.9323090E+01
     0.5072254E+02    -0.9317520E+01
     0.5072600E+02    -0.9316566E+01
     0.5073066E+02    -0.9319736E+01
     0.5073121E+02    -0.9327547E+01
     0.5072985E+02    -0.9330779E+01
     0.5072571E+02    -0.9333120E+01
END
17
     0.5101403E+02    -0.9502833E+01
     0.5100448E+02    -0.9514555E+01
     0.5100237E+02    -0.9512049E+01
     0.5100280E+02    -0.9509515E+01
     0.5100555E+02    -0.9506036E+01
     0.5100819E+02    -0.9494282E+01
     0.5101305E+02    -0.9493769E+01
     0.5101982E+02    -0.9497831E+01
     0.5102242E+02    -0.9501941E+01
     0.5102036E+02    -0.9504723E+01
     0.5101389E+02    -0.9506404E+01
     0.5100842E+02    -0.9514051E+01
     0.5100448E+02    -0.9514555E+01
END
18
     0.5100242E+02    -0.9535378E+01
     0.5100435E+02    -0.9543755E+01
     0.5099611E+02    -0.9532579E+01
     0.5099677E+02    -0.9529123E+01
     0.5100372E+02    -0.9528817E+01
     0.5100560E+02    -0.9531325E+01
     0.5100754E+02    -0.9538892E+01
     0.5100574E+02    -0.9543509E+01
     0.5100435E+02    -0.9543755E+01
END
19
     0.5539574E+02    -0.5867513E+01
     0.5539304E+02    -0.5862307E+01
     0.5539511E+02    -0.5861853E+01
     0.5539695E+02    -0.5862549E+01
     0.5539901E+02    -0.5865089E+01
     0.5540084E+02    -0.5868548E+01
     0.5540198E+02    -0.5872236E+01
     0.5540105E+02    -0.5874767E+01
     0.5539783E+02    -0.5873605E+01
     0.5539416E+02    -0.5871751E+01
     0.5539141E+02    -0.5867828E+01
     0.5538912E+02    -0.5864597E+01
     0.5539074E+02    -0.5862299E+01
     0.5539304E+02    -0.5862307E+01
END
20
     0.5626326E+02    -0.7137874E+01
     0.5625459E+02    -0.7130222E+01
     0.5625713E+02    -0.7127927E+01
     0.5625806E+02    -0.7124018E+01
     0.5625968E+02    -0.7120571E+01
     0.5626130E+02    -0.7114823E+01
     0.5626408E+02    -0.7109998E+01
     0.5626547E+02    -0.7105400E+01
     0.5626731E+02    -0.7103104E+01
     0.5627054E+02    -0.7102190E+01
     0.5627538E+02    -0.7101510E+01
     0.5627768E+02    -0.7103585E+01
     0.5627929E+02    -0.7106349E+01
     0.5627951E+02    -0.7110950E+01
     0.5627811E+02    -0.7115548E+01
     0.5627718E+02    -0.7119457E+01
     0.5627763E+02    -0.7129119E+01
     0.5627576E+02    -0.7137627E+01
     0.5627530E+02    -0.7140156E+01
     0.5627161E+02    -0.7142909E+01
     0.5626815E+02    -0.7145432E+01
     0.5626537E+02    -0.7149337E+01
     0.5626214E+02    -0.7155081E+01
     0.5625752E+02    -0.7161052E+01
     0.5625359E+02    -0.7167485E+01
     0.5624943E+02    -0.7174377E+01
     0.5624734E+02    -0.7178743E+01
     0.5624480E+02    -0.7182188E+01
     0.5624088E+02    -0.7184480E+01
     0.5623766E+02    -0.7184013E+01
     0.5623559E+02    -0.7180328E+01
     0.5623607E+02    -0.7173889E+01
     0.5623839E+02    -0.7165843E+01
     0.5624255E+02    -0.7160331E+01
     0.5624601E+02    -0.7155047E+01
     0.5624856E+02    -0.7150682E+01
     0.5625064E+02    -0.7144936E+01
     0.5625065E+02    -0.7140105E+01
     0.5625113E+02    -0.7133435E+01
     0.5625459E+02    -0.7130222E+01
END
21
     0.5521194E+02    -0.3718379E+01
     0.5521384E+02    -0.3711519E+01
     0.5521590E+02    -0.3714061E+01
     0.5521589E+02    -0.3716365E+01
     0.5521542E+02    -0.3719358E+01
     0.5521403E+02    -0.3723040E+01
     0.5521242E+02    -0.3725799E+01
     0.5520943E+02    -0.3727172E+01
     0.5520714E+02    -0.3725782E+01
     0.5520784E+02    -0.3723249E+01
     0.5520854E+02    -0.3719796E+01
     0.5520786E+02    -0.3715646E+01
     0.5521109E+02    -0.3711971E+01
     0.5521384E+02    -0.3711519E+01
END
22
     0.5567135E+02    -0.3805657E+01
     0.5566590E+02    -0.3809920E+01
     0.5566682E+02    -0.3807388E+01
     0.5566729E+02    -0.3804394E+01
     0.5566752E+02    -0.3803012E+01
     0.5566822E+02    -0.3800249E+01
     0.5566914E+02    -0.3799791E+01
     0.5567075E+02    -0.3798183E+01
     0.5567258E+02    -0.3798418E+01
     0.5567395E+02    -0.3799344E+01
     0.5567510E+02    -0.3800730E+01
     0.5567601E+02    -0.3802114E+01
     0.5567646E+02    -0.3803959E+01
     0.5567554E+02    -0.3805799E+01
     0.5567485E+02    -0.3807410E+01
     0.5567462E+02    -0.3809022E+01
     0.5567369E+02    -0.3812015E+01
     0.5567208E+02    -0.3814084E+01
     0.5567001E+02    -0.3814770E+01
     0.5566863E+02    -0.3815227E+01
     0.5566749E+02    -0.3814762E+01
     0.5566657E+02    -0.3813608E+01
     0.5566590E+02    -0.3809920E+01
END
23
     0.5566489E+02    -0.4207566E+01
     0.5565789E+02    -0.4205727E+01
     0.5566179E+02    -0.4205047E+01
     0.5566409E+02    -0.4205053E+01
     0.5566615E+02    -0.4204829E+01
     0.5566753E+02    -0.4204372E+01
     0.5567120E+02    -0.4204152E+01
     0.5567258E+02    -0.4205308E+01
     0.5567257E+02    -0.4208303E+01
     0.5567164E+02    -0.4211065E+01
     0.5566888E+02    -0.4211979E+01
     0.5566613E+02    -0.4211971E+01
     0.5566315E+02    -0.4211732E+01
     0.5566131E+02    -0.4211036E+01
     0.5566017E+02    -0.4209651E+01
     0.5565948E+02    -0.4209188E+01
     0.5565742E+02    -0.4208951E+01
     0.5565696E+02    -0.4208259E+01
     0.5565789E+02    -0.4205727E+01
END
24
     0.5572768E+02    -0.4278740E+01
     0.5571255E+02    -0.4275230E+01
     0.5571760E+02    -0.4272479E+01
     0.5572059E+02    -0.4272257E+01
     0.5572219E+02    -0.4272492E+01
     0.5572495E+02    -0.4273652E+01
     0.5572747E+02    -0.4274350E+01
     0.5573114E+02    -0.4274129E+01
     0.5573481E+02    -0.4273448E+01
     0.5573826E+02    -0.4273458E+01
     0.5574101E+02    -0.4274387E+01
     0.5574239E+02    -0.4275312E+01
     0.5574238E+02    -0.4277616E+01
     0.5573962E+02    -0.4279912E+01
     0.5573434E+02    -0.4280128E+01
     0.5573204E+02    -0.4280353E+01
     0.5573020E+02    -0.4281269E+01
     0.5572951E+02    -0.4283110E+01
     0.5573272E+02    -0.4285654E+01
     0.5573156E+02    -0.4287033E+01
     0.5573019E+02    -0.4286798E+01
     0.5572813E+02    -0.4285641E+01
     0.5572675E+02    -0.4283794E+01
     0.5572285E+02    -0.4282171E+01
     0.5571918E+02    -0.4281930E+01
     0.5571620E+02    -0.4280540E+01
     0.5571368E+02    -0.4277998E+01
     0.5571231E+02    -0.4276842E+01
     0.5571255E+02    -0.4275230E+01
END
25
     0.5585292E+02    -0.4283375E+01
     0.5584979E+02    -0.4283201E+01
     0.5585025E+02    -0.4280899E+01
     0.5585072E+02    -0.4279517E+01
     0.5585324E+02    -0.4278832E+01
     0.5585530E+02    -0.4282063E+01
     0.5585644E+02    -0.4284831E+01
     0.5585689E+02    -0.4287367E+01
     0.5585689E+02    -0.4288519E+01
     0.5585620E+02    -0.4289208E+01
     0.5585505E+02    -0.4288053E+01
     0.5585254E+02    -0.4285282E+01
     0.5584979E+02    -0.4283201E+01
END
26
     0.5586386E+02    -0.4286360E+01
     0.5586720E+02    -0.4295687E+01
     0.5586606E+02    -0.4291998E+01
     0.5586515E+02    -0.4290383E+01
     0.5586309E+02    -0.4288996E+01
     0.5586149E+02    -0.4285766E+01
     0.5586081E+02    -0.4282308E+01
     0.5586196E+02    -0.4279085E+01
     0.5586403E+02    -0.4279090E+01
     0.5586448E+02    -0.4281626E+01
     0.5586470E+02    -0.4283700E+01
     0.5586585E+02    -0.4286238E+01
     0.5586974E+02    -0.4291317E+01
     0.5587156E+02    -0.4294086E+01
     0.5586972E+02    -0.4295464E+01
     0.5586789E+02    -0.4295228E+01
     0.5586720E+02    -0.4295687E+01
END
27
     0.5573289E+02    -0.4316428E+01
     0.5568129E+02    -0.4289197E+01
     0.5568450E+02    -0.4289207E+01
     0.5568702E+02    -0.4290135E+01
     0.5568932E+02    -0.4290602E+01
     0.5569300E+02    -0.4289000E+01
     0.5569507E+02    -0.4286932E+01
     0.5569691E+02    -0.4284863E+01
     0.5569898E+02    -0.4283717E+01
     0.5570127E+02    -0.4283723E+01
     0.5570425E+02    -0.4284654E+01
     0.5570677E+02    -0.4287425E+01
     0.5570952E+02    -0.4290198E+01
     0.5571157E+02    -0.4293890E+01
     0.5571615E+02    -0.4298280E+01
     0.5571982E+02    -0.4301976E+01
     0.5572394E+02    -0.4303600E+01
     0.5572670E+02    -0.4304299E+01
     0.5572945E+02    -0.4304307E+01
     0.5573312E+02    -0.4304317E+01
     0.5573565E+02    -0.4302941E+01
     0.5573817E+02    -0.4303409E+01
     0.5574092E+02    -0.4305490E+01
     0.5574413E+02    -0.4308033E+01
     0.5574802E+02    -0.4310809E+01
     0.5575353E+02    -0.4311284E+01
     0.5575881E+02    -0.4311068E+01
     0.5576340E+02    -0.4312002E+01
     0.5576731E+02    -0.4311552E+01
     0.5577327E+02    -0.4312029E+01
     0.5577649E+02    -0.4312729E+01
     0.5577832E+02    -0.4314346E+01
     0.5577923E+02    -0.4316422E+01
     0.5578083E+02    -0.4319422E+01
     0.5578334E+02    -0.4322193E+01
     0.5578655E+02    -0.4324506E+01
     0.5578999E+02    -0.4324976E+01
     0.5579251E+02    -0.4327287E+01
     0.5579113E+02    -0.4330509E+01
     0.5578768E+02    -0.4331651E+01
     0.5578447E+02    -0.4331412E+01
     0.5577965E+02    -0.4329556E+01
     0.5577621E+02    -0.4328165E+01
     0.5577185E+02    -0.4327231E+01
     0.5576956E+02    -0.4326303E+01
     0.5576704E+02    -0.4326527E+01
     0.5576451E+02    -0.4327442E+01
     0.5576244E+02    -0.4328127E+01
     0.5576014E+02    -0.4330656E+01
     0.5576173E+02    -0.4333885E+01
     0.5576609E+02    -0.4337584E+01
     0.5576975E+02    -0.4341049E+01
     0.5577180E+02    -0.4344972E+01
     0.5577019E+02    -0.4349114E+01
     0.5576628E+02    -0.4350486E+01
     0.5576352E+02    -0.4351170E+01
     0.5576168E+02    -0.4352548E+01
     0.5576145E+02    -0.4355311E+01
     0.5576121E+02    -0.4357845E+01
     0.5575822E+02    -0.4358298E+01
     0.5575593E+02    -0.4357831E+01
     0.5575180E+02    -0.4356207E+01
     0.5574584E+02    -0.4353887E+01
     0.5573437E+02    -0.4350860E+01
     0.5572978E+02    -0.4349926E+01
     0.5572519E+02    -0.4349223E+01
     0.5572245E+02    -0.4347372E+01
     0.5572108E+02    -0.4343912E+01
     0.5571948E+02    -0.4340221E+01
     0.5571949E+02    -0.4335383E+01
     0.5571859E+02    -0.4331234E+01
     0.5571745E+02    -0.4329618E+01
     0.5571332E+02    -0.4326841E+01
     0.5570827E+02    -0.4324984E+01
     0.5570025E+02    -0.4321736E+01
     0.5569359E+02    -0.4321487E+01
     0.5568924E+02    -0.4319862E+01
     0.5568604E+02    -0.4315706E+01
     0.5568353E+02    -0.4310861E+01
     0.5568262E+02    -0.4305329E+01
     0.5568240E+02    -0.4302333E+01
     0.5568059E+02    -0.4294264E+01
     0.5568129E+02    -0.4289197E+01
END
28
     0.5587055E+02    -0.4322511E+01
     0.5586853E+02    -0.4312740E+01
     0.5587037E+02    -0.4312515E+01
     0.5587244E+02    -0.4312520E+01
     0.5587473E+02    -0.4313447E+01
     0.5587518E+02    -0.4314831E+01
     0.5587587E+02    -0.4316906E+01
     0.5587586E+02    -0.4318749E+01
     0.5587631E+02    -0.4321516E+01
     0.5587700E+02    -0.4323821E+01
     0.5587768E+02    -0.4326127E+01
     0.5587905E+02    -0.4329125E+01
     0.5588065E+02    -0.4332355E+01
     0.5588064E+02    -0.4334659E+01
     0.5587903E+02    -0.4335346E+01
     0.5587743E+02    -0.4335112E+01
     0.5587514E+02    -0.4332802E+01
     0.5587376E+02    -0.4331185E+01
     0.5587079E+02    -0.4327031E+01
     0.5586827E+02    -0.4324029E+01
     0.5586506E+02    -0.4322639E+01
     0.5586231E+02    -0.4321940E+01
     0.5585979E+02    -0.4318017E+01
     0.5586049E+02    -0.4316637E+01
     0.5586256E+02    -0.4316181E+01
     0.5586554E+02    -0.4315497E+01
     0.5586853E+02    -0.4314123E+01
     0.5586853E+02    -0.4312740E+01
END
29
     0.5566044E+02    -0.4326627E+01
     0.5565801E+02    -0.4323691E+01
     0.5566077E+02    -0.4324146E+01
     0.5566282E+02    -0.4325318E+01
     0.5566397E+02    -0.4327164E+01
     0.5566396E+02    -0.4328547E+01
     0.5566281E+02    -0.4330387E+01
     0.5566212E+02    -0.4330385E+01
     0.5565914E+02    -0.4330376E+01
     0.5565754E+02    -0.4328528E+01
     0.5565709E+02    -0.4325532E+01
     0.5565801E+02    -0.4323691E+01
END
30
     0.5583447E+02    -0.4351033E+01
     0.5582533E+02    -0.4332673E+01
     0.5582762E+02    -0.4331527E+01
     0.5582946E+02    -0.4331532E+01
     0.5583290E+02    -0.4333844E+01
     0.5583519E+02    -0.4335233E+01
     0.5583886E+02    -0.4337546E+01
     0.5584161E+02    -0.4339397E+01
     0.5584344E+02    -0.4341475E+01
     0.5584595E+02    -0.4344246E+01
     0.5584801E+02    -0.4348860E+01
     0.5584846E+02    -0.4351395E+01
     0.5585121E+02    -0.4354628E+01
     0.5585349E+02    -0.4357629E+01
     0.5585371E+02    -0.4361085E+01
     0.5585256E+02    -0.4362695E+01
     0.5585027E+02    -0.4361998E+01
     0.5584751E+02    -0.4362452E+01
     0.5584544E+02    -0.4363598E+01
     0.5584360E+02    -0.4365897E+01
     0.5584176E+02    -0.4367044E+01
     0.5584153E+02    -0.4368887E+01
     0.5583968E+02    -0.4371647E+01
     0.5583991E+02    -0.4373260E+01
     0.5583807E+02    -0.4374407E+01
     0.5583692E+02    -0.4376018E+01
     0.5583393E+02    -0.4375319E+01
     0.5583165E+02    -0.4370934E+01
     0.5582982E+02    -0.4368856E+01
     0.5582799E+02    -0.4365626E+01
     0.5582685E+02    -0.4364471E+01
     0.5582524E+02    -0.4362624E+01
     0.5582318E+02    -0.4360545E+01
     0.5582227E+02    -0.4357778E+01
     0.5582091E+02    -0.4353396E+01
     0.5582023E+02    -0.4349017E+01
     0.5582116E+02    -0.4346255E+01
     0.5582370E+02    -0.4338659E+01
     0.5582417E+02    -0.4336356E+01
     0.5582417E+02    -0.4334282E+01
     0.5582533E+02    -0.4332673E+01
END
31
     0.5591339E+02    -0.4340930E+01
     0.5591228E+02    -0.4348563E+01
     0.5591137E+02    -0.4348330E+01
     0.5591022E+02    -0.4345793E+01
     0.5590954E+02    -0.4344640E+01
     0.5590908E+02    -0.4342565E+01
     0.5590978E+02    -0.4340262E+01
     0.5591093E+02    -0.4338422E+01
     0.5591277E+02    -0.4336814E+01
     0.5591462E+02    -0.4334976E+01
     0.5591645E+02    -0.4336133E+01
     0.5591736E+02    -0.4338208E+01
     0.5591735E+02    -0.4340282E+01
     0.5591689E+02    -0.4342354E+01
     0.5591551E+02    -0.4344885E+01
     0.5591505E+02    -0.4345575E+01
     0.5591228E+02    -0.4348563E+01
END
32
     0.5564402E+02    -0.4344882E+01
     0.5564739E+02    -0.4343015E+01
     0.5564646E+02    -0.4346929E+01
     0.5564600E+02    -0.4348079E+01
     0.5564508E+02    -0.4348768E+01
     0.5564325E+02    -0.4348532E+01
     0.5564141E+02    -0.4345993E+01
     0.5564096E+02    -0.4344378E+01
     0.5564188E+02    -0.4342538E+01
     0.5564326E+02    -0.4342081E+01
     0.5564556E+02    -0.4341857E+01
     0.5564739E+02    -0.4343015E+01
END
33
     0.5525223E+02    -0.4393577E+01
     0.5524899E+02    -0.4378683E+01
     0.5525175E+02    -0.4379118E+01
     0.5525404E+02    -0.4380047E+01
     0.5525449E+02    -0.4381661E+01
     0.5525311E+02    -0.4383269E+01
     0.5525333E+02    -0.4386957E+01
     0.5525516E+02    -0.4388576E+01
     0.5525906E+02    -0.4390432E+01
     0.5525997E+02    -0.4392508E+01
     0.5525882E+02    -0.4394117E+01
     0.5525674E+02    -0.4395723E+01
     0.5525398E+02    -0.4398940E+01
     0.5524892E+02    -0.4400305E+01
     0.5524525E+02    -0.4398449E+01
     0.5524527E+02    -0.4392920E+01
     0.5524644E+02    -0.4386473E+01
     0.5524771E+02    -0.4380655E+01
     0.5524899E+02    -0.4378683E+01
END
34
     0.5523611E+02    -0.4484308E+01
     0.5525477E+02    -0.4505844E+01
     0.5525131E+02    -0.4509519E+01
     0.5525016E+02    -0.4511128E+01
     0.5524786E+02    -0.4511811E+01
     0.5524511E+02    -0.4512033E+01
     0.5524166E+02    -0.4511100E+01
     0.5523960E+02    -0.4509249E+01
     0.5523708E+02    -0.4508090E+01
     0.5523364E+02    -0.4507387E+01
     0.5522928E+02    -0.4506911E+01
     0.5522675E+02    -0.4507363E+01
     0.5522630E+02    -0.4505519E+01
     0.5522631E+02    -0.4503215E+01
     0.5522586E+02    -0.4500679E+01
     0.5522472E+02    -0.4497450E+01
     0.5522358E+02    -0.4495833E+01
     0.5522129E+02    -0.4493982E+01
     0.5521350E+02    -0.4488657E+01
     0.5521190E+02    -0.4486348E+01
     0.5520938E+02    -0.4483805E+01
     0.5520687E+02    -0.4480340E+01
     0.5520573E+02    -0.4477572E+01
     0.5520528E+02    -0.4475497E+01
     0.5520644E+02    -0.4472506E+01
     0.5520690E+02    -0.4470434E+01
     0.5520760E+02    -0.4469054E+01
     0.5520967E+02    -0.4467679E+01
     0.5521105E+02    -0.4465379E+01
     0.5521289E+02    -0.4463542E+01
     0.5521565E+02    -0.4463091E+01
     0.5522002E+02    -0.4462875E+01
     0.5522599E+02    -0.4462665E+01
     0.5523172E+02    -0.4462914E+01
     0.5523838E+02    -0.4463628E+01
     0.5524297E+02    -0.4464565E+01
     0.5524686E+02    -0.4466191E+01
     0.5524915E+02    -0.4468272E+01
     0.5525121E+02    -0.4471504E+01
     0.5525257E+02    -0.4477499E+01
     0.5525348E+02    -0.4480267E+01
     0.5525531E+02    -0.4482576E+01
     0.5525760E+02    -0.4482354E+01
     0.5525967E+02    -0.4482130E+01
     0.5526219E+02    -0.4483060E+01
     0.5526264E+02    -0.4485596E+01
     0.5526149E+02    -0.4487666E+01
     0.5525919E+02    -0.4489271E+01
     0.5525734E+02    -0.4492260E+01
     0.5525664E+02    -0.4495483E+01
     0.5525571E+02    -0.4499166E+01
     0.5525662E+02    -0.4501934E+01
     0.5525753E+02    -0.4504471E+01
     0.5525477E+02    -0.4505844E+01
END
35
     0.5546639E+02    -0.4669500E+01
     0.5552916E+02    -0.4803674E+01
     0.5552319E+02    -0.4804347E+01
     0.5552066E+02    -0.4805031E+01
     0.5551790E+02    -0.4805023E+01
     0.5551607E+02    -0.4803635E+01
     0.5551424E+02    -0.4801325E+01
     0.5551172E+02    -0.4798784E+01
     0.5550943E+02    -0.4796473E+01
     0.5550645E+02    -0.4793700E+01
     0.5550279E+02    -0.4789311E+01
     0.5550004E+02    -0.4787691E+01
     0.5549569E+02    -0.4782839E+01
     0.5549318E+02    -0.4779837E+01
     0.5549180E+02    -0.4779142E+01
     0.5548882E+02    -0.4777059E+01
     0.5548791E+02    -0.4773831E+01
     0.5548792E+02    -0.4770145E+01
     0.5548724E+02    -0.4767379E+01
     0.5548656E+02    -0.4764382E+01
     0.5548520E+02    -0.4760692E+01
     0.5548405E+02    -0.4757463E+01
     0.5548269E+02    -0.4754694E+01
     0.5548154E+02    -0.4753769E+01
     0.5547947E+02    -0.4754684E+01
     0.5547786E+02    -0.4755370E+01
     0.5547533E+02    -0.4756975E+01
     0.5547326E+02    -0.4758582E+01
     0.5547165E+02    -0.4759729E+01
     0.5546981E+02    -0.4760875E+01
     0.5546751E+02    -0.4761559E+01
     0.5546567E+02    -0.4760862E+01
     0.5546430E+02    -0.4758785E+01
     0.5546477E+02    -0.4755791E+01
     0.5546547E+02    -0.4752799E+01
     0.5546571E+02    -0.4750495E+01
     0.5546502E+02    -0.4748880E+01
     0.5546434E+02    -0.4745653E+01
     0.5546549E+02    -0.4744966E+01
     0.5546756E+02    -0.4743590E+01
     0.5547055E+02    -0.4742677E+01
     0.5547423E+02    -0.4741537E+01
     0.5547721E+02    -0.4741085E+01
     0.5547906E+02    -0.4739939E+01
     0.5548273E+02    -0.4739490E+01
     0.5548549E+02    -0.4739267E+01
     0.5548848E+02    -0.4737894E+01
     0.5548940E+02    -0.4736054E+01
     0.5549010E+02    -0.4733061E+01
     0.5549057E+02    -0.4730298E+01
     0.5548943E+02    -0.4727991E+01
     0.5548737E+02    -0.4725220E+01
     0.5548462E+02    -0.4722446E+01
     0.5548211E+02    -0.4719214E+01
     0.5548120E+02    -0.4716677E+01
     0.5548074E+02    -0.4714602E+01
     0.5548075E+02    -0.4712529E+01
     0.5548098E+02    -0.4711608E+01
     0.5548007E+02    -0.4709992E+01
     0.5547892E+02    -0.4709298E+01
     0.5547663E+02    -0.4708830E+01
     0.5547295E+02    -0.4708818E+01
     0.5546997E+02    -0.4707888E+01
     0.5546814E+02    -0.4703966E+01
     0.5546196E+02    -0.4697958E+01
     0.5545830E+02    -0.4693799E+01
     0.5545556E+02    -0.4689644E+01
     0.5545236E+02    -0.4685257E+01
     0.5544961E+02    -0.4681332E+01
     0.5544756E+02    -0.4678330E+01
     0.5544572E+02    -0.4676712E+01
     0.5544251E+02    -0.4675550E+01
     0.5543838E+02    -0.4675077E+01
     0.5543425E+02    -0.4675294E+01
     0.5543011E+02    -0.4675051E+01
     0.5542553E+02    -0.4670660E+01
     0.5542301E+02    -0.4668809E+01
     0.5542003E+02    -0.4667187E+01
     0.5541682E+02    -0.4665103E+01
     0.5541315E+02    -0.4663710E+01
     0.5541155E+02    -0.4661861E+01
     0.5540926E+02    -0.4660242E+01
     0.5540742E+02    -0.4660927E+01
     0.5540558E+02    -0.4661382E+01
     0.5540351E+02    -0.4661606E+01
     0.5539962E+02    -0.4660442E+01
     0.5539618E+02    -0.4657897E+01
     0.5539619E+02    -0.4655593E+01
     0.5539803E+02    -0.4652604E+01
     0.5539666E+02    -0.4650296E+01
     0.5539391E+02    -0.4649826E+01
     0.5539070E+02    -0.4648664E+01
     0.5538726E+02    -0.4647271E+01
     0.5538335E+02    -0.4648871E+01
     0.5537922E+02    -0.4648628E+01
     0.5537463E+02    -0.4647922E+01
     0.5537233E+02    -0.4646763E+01
     0.5536889E+02    -0.4645600E+01
     0.5536591E+02    -0.4643517E+01
     0.5536569E+02    -0.4640982E+01
     0.5537167E+02    -0.4639619E+01
     0.5537718E+02    -0.4638024E+01
     0.5537560E+02    -0.4632259E+01
     0.5537767E+02    -0.4630192E+01
     0.5537951E+02    -0.4628816E+01
     0.5537975E+02    -0.4626513E+01
     0.5538319E+02    -0.4625141E+01
     0.5538481E+02    -0.4622382E+01
     0.5538941E+02    -0.4621244E+01
     0.5539355E+02    -0.4619184E+01
     0.5539676E+02    -0.4618272E+01
     0.5539998E+02    -0.4618282E+01
     0.5540342E+02    -0.4618293E+01
     0.5540664E+02    -0.4617152E+01
     0.5540963E+02    -0.4617621E+01
     0.5541376E+02    -0.4616022E+01
     0.5541698E+02    -0.4614650E+01
     0.5542089E+02    -0.4613279E+01
     0.5542205E+02    -0.4611440E+01
     0.5542458E+02    -0.4608913E+01
     0.5542689E+02    -0.4605465E+01
     0.5542712E+02    -0.4602241E+01
     0.5542690E+02    -0.4599705E+01
     0.5542898E+02    -0.4596026E+01
     0.5542991E+02    -0.4591651E+01
     0.5542855E+02    -0.4587039E+01
     0.5542948E+02    -0.4583356E+01
     0.5543064E+02    -0.4579673E+01
     0.5543088E+02    -0.4576448E+01
     0.5543089E+02    -0.4573224E+01
     0.5543136E+02    -0.4570460E+01
     0.5543274E+02    -0.4568621E+01
     0.5543412E+02    -0.4567013E+01
     0.5543849E+02    -0.4566105E+01
     0.5544148E+02    -0.4565423E+01
     0.5544561E+02    -0.4564514E+01
     0.5544837E+02    -0.4564062E+01
     0.5545250E+02    -0.4563845E+01
     0.5545594E+02    -0.4565468E+01
     0.5545777E+02    -0.4568929E+01
     0.5545937E+02    -0.4572620E+01
     0.5546142E+02    -0.4575391E+01
     0.5546232E+02    -0.4581845E+01
     0.5546070E+02    -0.4585296E+01
     0.5545909E+02    -0.4587364E+01
     0.5545771E+02    -0.4589433E+01
     0.5545655E+02    -0.4592885E+01
     0.5545723E+02    -0.4595652E+01
     0.5545813E+02    -0.4600723E+01
     0.5546018E+02    -0.4604877E+01
     0.5545903E+02    -0.4608099E+01
     0.5545810E+02    -0.4611321E+01
     0.5545718E+02    -0.4612701E+01
     0.5545533E+02    -0.4615459E+01
     0.5545371E+02    -0.4618450E+01
     0.5545255E+02    -0.4622823E+01
     0.5545415E+02    -0.4626514E+01
     0.5545667E+02    -0.4628596E+01
     0.5545942E+02    -0.4630678E+01
     0.5546216E+02    -0.4633220E+01
     0.5546605E+02    -0.4637149E+01
     0.5547018E+02    -0.4641078E+01
     0.5547361E+02    -0.4643623E+01
     0.5548048E+02    -0.4650325E+01
     0.5548254E+02    -0.4653326E+01
     0.5548574E+02    -0.4656331E+01
     0.5548987E+02    -0.4658647E+01
     0.5549331E+02    -0.4660962E+01
     0.5549720E+02    -0.4663277E+01
     0.5550087E+02    -0.4665822E+01
     0.5550431E+02    -0.4668137E+01
     0.5550821E+02    -0.4669300E+01
     0.5551096E+02    -0.4670461E+01
     0.5551234E+02    -0.4670925E+01
     0.5551670E+02    -0.4672781E+01
     0.5551899E+02    -0.4675092E+01
     0.5552127E+02    -0.4678555E+01
     0.5552287E+02    -0.4681785E+01
     0.5552286E+02    -0.4685701E+01
     0.5552284E+02    -0.4690539E+01
     0.5552260E+02    -0.4694916E+01
     0.5552121E+02    -0.4698597E+01
     0.5552235E+02    -0.4701366E+01
     0.5552188E+02    -0.4706663E+01
     0.5552210E+02    -0.4709428E+01
     0.5552254E+02    -0.4713346E+01
     0.5552276E+02    -0.4716803E+01
     0.5552390E+02    -0.4721874E+01
     0.5552365E+02    -0.4728094E+01
     0.5552157E+02    -0.4731082E+01
     0.5552065E+02    -0.4734075E+01
     0.5552155E+02    -0.4737533E+01
     0.5552039E+02    -0.4741216E+01
     0.5552015E+02    -0.4744670E+01
     0.5551968E+02    -0.4747434E+01
     0.5552036E+02    -0.4751352E+01
     0.5552012E+02    -0.4755037E+01
     0.5552034E+02    -0.4758724E+01
     0.5552170E+02    -0.4764948E+01
     0.5552374E+02    -0.4773479E+01
     0.5552442E+02    -0.4777166E+01
     0.5552555E+02    -0.4781317E+01
     0.5552623E+02    -0.4785235E+01
     0.5553035E+02    -0.4790085E+01
     0.5553218E+02    -0.4791703E+01
     0.5553355E+02    -0.4794012E+01
     0.5553469E+02    -0.4797470E+01
     0.5553491E+02    -0.4800927E+01
     0.5553445E+02    -0.4802538E+01
     0.5552916E+02    -0.4803674E+01
END
36
     0.5593945E+02    -0.4584105E+01
     0.5593834E+02    -0.4576486E+01
     0.5594040E+02    -0.4578795E+01
     0.5594177E+02    -0.4581333E+01
     0.5594223E+02    -0.4582946E+01
     0.5594337E+02    -0.4585483E+01
     0.5594497E+02    -0.4586179E+01
     0.5594842E+02    -0.4586878E+01
     0.5595139E+02    -0.4590111E+01
     0.5595047E+02    -0.4592874E+01
     0.5594702E+02    -0.4594478E+01
     0.5594450E+02    -0.4593780E+01
     0.5594221E+02    -0.4588476E+01
     0.5594130E+02    -0.4587552E+01
     0.5593969E+02    -0.4585705E+01
     0.5593740E+02    -0.4584547E+01
     0.5593350E+02    -0.4583155E+01
     0.5593121E+02    -0.4581076E+01
     0.5593098E+02    -0.4579693E+01
     0.5593168E+02    -0.4577852E+01
     0.5593260E+02    -0.4576702E+01
     0.5593398E+02    -0.4576245E+01
     0.5593581E+02    -0.4576019E+01
     0.5593834E+02    -0.4576486E+01
END
37
     0.5550026E+02    -0.4604834E+01
     0.5549992E+02    -0.4600390E+01
     0.5550291E+02    -0.4600399E+01
     0.5550566E+02    -0.4601790E+01
     0.5550657E+02    -0.4606400E+01
     0.5550564E+02    -0.4608701E+01
     0.5550334E+02    -0.4610076E+01
     0.5549989E+02    -0.4610527E+01
     0.5549760E+02    -0.4610290E+01
     0.5549622E+02    -0.4609365E+01
     0.5549439E+02    -0.4607055E+01
     0.5549417E+02    -0.4603599E+01
     0.5549670E+02    -0.4601302E+01
     0.5549992E+02    -0.4600390E+01
END
38
     0.5550029E+02    -0.4632335E+01
     0.5549938E+02    -0.4628496E+01
     0.5550328E+02    -0.4629659E+01
     0.5550511E+02    -0.4630587E+01
     0.5550602E+02    -0.4632893E+01
     0.5550556E+02    -0.4635426E+01
     0.5550486E+02    -0.4636806E+01
     0.5550326E+02    -0.4637032E+01
     0.5550165E+02    -0.4637257E+01
     0.5549844E+02    -0.4635865E+01
     0.5549638E+02    -0.4634016E+01
     0.5549477E+02    -0.4632628E+01
     0.5549478E+02    -0.4630095E+01
     0.5549639E+02    -0.4628947E+01
     0.5549938E+02    -0.4628496E+01
END
39
     0.5536500E+02    -0.4662209E+01
     0.5537135E+02    -0.4665882E+01
     0.5537066E+02    -0.4666110E+01
     0.5536929E+02    -0.4666106E+01
     0.5536630E+02    -0.4665865E+01
     0.5536515E+02    -0.4665632E+01
     0.5536286E+02    -0.4665164E+01
     0.5536126E+02    -0.4663315E+01
     0.5536057E+02    -0.4661240E+01
     0.5536104E+02    -0.4659628E+01
     0.5536403E+02    -0.4659177E+01
     0.5536746E+02    -0.4661031E+01
     0.5537067E+02    -0.4663345E+01
     0.5537135E+02    -0.4665882E+01
END
40
     0.5539780E+02    -0.4672410E+01
     0.5540396E+02    -0.4667136E+01
     0.5540165E+02    -0.4670355E+01
     0.5540096E+02    -0.4671734E+01
     0.5540118E+02    -0.4672426E+01
     0.5540302E+02    -0.4674506E+01
     0.5540462E+02    -0.4676815E+01
     0.5540576E+02    -0.4677970E+01
     0.5540576E+02    -0.4679122E+01
     0.5540483E+02    -0.4679810E+01
     0.5540300E+02    -0.4678422E+01
     0.5540163E+02    -0.4677266E+01
     0.5540049E+02    -0.4675650E+01
     0.5539819E+02    -0.4674951E+01
     0.5539659E+02    -0.4674025E+01
     0.5539452E+02    -0.4672866E+01
     0.5539407E+02    -0.4671021E+01
     0.5539591E+02    -0.4669645E+01
     0.5539913E+02    -0.4668043E+01
     0.5540120E+02    -0.4666667E+01
     0.5540396E+02    -0.4667136E+01
END
END
