singapore
1
     0.1040264E+03     0.1414387E+01
     0.1040245E+03     0.1411027E+01
     0.1040220E+03     0.1414949E+01
     0.1040248E+03     0.1421827E+01
     0.1040287E+03     0.1418816E+01
     0.1040305E+03     0.1414668E+01
     0.1040291E+03     0.1411689E+01
     0.1040245E+03     0.1411027E+01
END
2
     0.1039748E+03     0.1406943E+01
     0.1039679E+03     0.1417570E+01
     0.1039670E+03     0.1413439E+01
     0.1039686E+03     0.1410901E+01
     0.1039720E+03     0.1410421E+01
     0.1039784E+03     0.1415209E+01
     0.1039825E+03     0.1416104E+01
     0.1039925E+03     0.1415173E+01
     0.1039930E+03     0.1415122E+01
     0.1039962E+03     0.1413494E+01
     0.1039976E+03     0.1410729E+01
     0.1039964E+03     0.1407748E+01
     0.1039923E+03     0.1405015E+01
     0.1039861E+03     0.1404822E+01
     0.1039674E+03     0.1398498E+01
     0.1039626E+03     0.1398757E+01
     0.1039533E+03     0.1408234E+01
     0.1039344E+03     0.1417538E+01
     0.1039310E+03     0.1421465E+01
     0.1039319E+03     0.1423298E+01
     0.1039369E+03     0.1425797E+01
     0.1039413E+03     0.1425541E+01
     0.1039586E+03     0.1418544E+01
     0.1039679E+03     0.1417570E+01
END
3
     0.1040616E+03     0.1416003E+01
     0.1040443E+03     0.1395051E+01
     0.1040357E+03     0.1407283E+01
     0.1040369E+03     0.1413251E+01
     0.1040362E+03     0.1419831E+01
     0.1040356E+03     0.1426818E+01
     0.1040424E+03     0.1425398E+01
     0.1040497E+03     0.1429720E+01
     0.1040598E+03     0.1429200E+01
     0.1040637E+03     0.1432394E+01
     0.1040717E+03     0.1430048E+01
     0.1040801E+03     0.1423562E+01
     0.1040882E+03     0.1413860E+01
     0.1040900E+03     0.1408563E+01
     0.1040891E+03     0.1403973E+01
     0.1040845E+03     0.1403311E+01
     0.1040724E+03     0.1397639E+01
     0.1040614E+03     0.1395637E+01
     0.1040443E+03     0.1395051E+01
END
4
     0.1038155E+03     0.1378046E+01
     0.1038728E+03     0.1298400E+01
     0.1038671E+03     0.1295905E+01
     0.1038659E+03     0.1293428E+01
     0.1038645E+03     0.1290405E+01
     0.1038579E+03     0.1284009E+01
     0.1038564E+03     0.1273447E+01
     0.1038530E+03     0.1261978E+01
     0.1038468E+03     0.1260175E+01
     0.1038386E+03     0.1264359E+01
     0.1038278E+03     0.1259825E+01
     0.1038155E+03     0.1261275E+01
     0.1038087E+03     0.1258557E+01
     0.1038064E+03     0.1259489E+01
     0.1037998E+03     0.1269407E+01
     0.1037891E+03     0.1275903E+01
     0.1037819E+03     0.1285825E+01
     0.1037779E+03     0.1287917E+01
     0.1037714E+03     0.1291399E+01
     0.1037678E+03     0.1297625E+01
     0.1037569E+03     0.1305959E+01
     0.1037527E+03     0.1305293E+01
     0.1037577E+03     0.1297911E+01
     0.1037550E+03     0.1295399E+01
     0.1037504E+03     0.1295655E+01
     0.1037452E+03     0.1298442E+01
     0.1037317E+03     0.1299437E+01
     0.1037292E+03     0.1304966E+01
     0.1037187E+03     0.1304336E+01
     0.1037137E+03     0.1301147E+01
     0.1037066E+03     0.1299119E+01
     0.1036886E+03     0.1299220E+01
     0.1036831E+03     0.1305463E+01
     0.1036824E+03     0.1299484E+01
     0.1036792E+03     0.1297893E+01
     0.1036722E+03     0.1304367E+01
     0.1036694E+03     0.1303463E+01
     0.1036730E+03     0.1297468E+01
     0.1036673E+03     0.1292674E+01
     0.1036634E+03     0.1292007E+01
     0.1036394E+03     0.1326379E+01
     0.1036383E+03     0.1331671E+01
     0.1036417E+03     0.1337856E+01
     0.1036397E+03     0.1344072E+01
     0.1036447E+03     0.1344964E+01
     0.1036484E+03     0.1343335E+01
     0.1036514E+03     0.1344467E+01
     0.1036482E+03     0.1351609E+01
     0.1036489E+03     0.1355512E+01
     0.1036492E+03     0.1355946E+01
     0.1036597E+03     0.1369470E+01
     0.1036650E+03     0.1373807E+01
     0.1036714E+03     0.1376299E+01
     0.1036730E+03     0.1378818E+01
     0.1036725E+03     0.1380889E+01
     0.1036659E+03     0.1382075E+01
     0.1036632E+03     0.1385537E+01
     0.1036688E+03     0.1402972E+01
     0.1036745E+03     0.1408455E+01
     0.1036792E+03     0.1422908E+01
     0.1036828E+03     0.1427254E+01
     0.1036975E+03     0.1432918E+01
     0.1037101E+03     0.1442989E+01
     0.1037170E+03     0.1448436E+01
     0.1037266E+03     0.1451829E+01
     0.1037345E+03     0.1449486E+01
     0.1037391E+03     0.1444634E+01
     0.1037445E+03     0.1426448E+01
     0.1037335E+03     0.1415249E+01
     0.1037232E+03     0.1411400E+01
     0.1037225E+03     0.1409336E+01
     0.1037288E+03     0.1405853E+01
     0.1037279E+03     0.1401262E+01
     0.1037226E+03     0.1392789E+01
     0.1037226E+03     0.1387733E+01
     0.1037249E+03     0.1385422E+01
     0.1037322E+03     0.1397393E+01
     0.1037352E+03     0.1402370E+01
     0.1037359E+03     0.1410179E+01
     0.1037472E+03     0.1422066E+01
     0.1037513E+03     0.1429167E+01
     0.1037502E+03     0.1434459E+01
     0.1037516E+03     0.1436749E+01
     0.1037644E+03     0.1436217E+01
     0.1037736E+03     0.1446277E+01
     0.1037857E+03     0.1452873E+01
     0.1038047E+03     0.1467013E+01
     0.1038120E+03     0.1469269E+01
     0.1038199E+03     0.1470649E+01
     0.1038235E+03     0.1471272E+01
     0.1038278E+03     0.1466651E+01
     0.1038326E+03     0.1466623E+01
     0.1038485E+03     0.1460326E+01
     0.1038542E+03     0.1456616E+01
     0.1038567E+03     0.1452694E+01
     0.1038519E+03     0.1452033E+01
     0.1038505E+03     0.1450892E+01
     0.1038512E+03     0.1448589E+01
     0.1038571E+03     0.1448095E+01
     0.1038603E+03     0.1442561E+01
     0.1038588E+03     0.1438813E+01
     0.1038612E+03     0.1440718E+01
     0.1038655E+03     0.1434717E+01
     0.1038556E+03     0.1410414E+01
     0.1038521E+03     0.1408366E+01
     0.1038428E+03     0.1410259E+01
     0.1038359E+03     0.1409379E+01
     0.1038391E+03     0.1407062E+01
     0.1038409E+03     0.1399238E+01
     0.1038452E+03     0.1399443E+01
     0.1038503E+03     0.1402861E+01
     0.1038560E+03     0.1404437E+01
     0.1038599E+03     0.1407861E+01
     0.1038631E+03     0.1414737E+01
     0.1038696E+03     0.1422284E+01
     0.1038730E+03     0.1423872E+01
     0.1038826E+03     0.1418531E+01
     0.1038965E+03     0.1414083E+01
     0.1038985E+03     0.1410624E+01
     0.1038978E+03     0.1407871E+01
     0.1039008E+03     0.1406245E+01
     0.1039060E+03     0.1407823E+01
     0.1039081E+03     0.1414935E+01
     0.1039113E+03     0.1418363E+01
     0.1039141E+03     0.1418807E+01
     0.1039225E+03     0.1406461E+01
     0.1039245E+03     0.1403578E+01
     0.1039261E+03     0.1397593E+01
     0.1039249E+03     0.1390017E+01
     0.1039326E+03     0.1390660E+01
     0.1039611E+03     0.1376014E+01
     0.1039675E+03     0.1377355E+01
     0.1039773E+03     0.1383042E+01
     0.1039803E+03     0.1389229E+01
     0.1039861E+03     0.1391723E+01
     0.1039982E+03     0.1392110E+01
     0.1040068E+03     0.1386543E+01
     0.1040075E+03     0.1381484E+01
     0.1040056E+03     0.1372532E+01
     0.1040049E+03     0.1371718E+01
     0.1039964E+03     0.1361786E+01
     0.1039876E+03     0.1345982E+01
     0.1039807E+03     0.1337750E+01
     0.1039734E+03     0.1325614E+01
     0.1039649E+03     0.1319000E+01
     0.1039582E+03     0.1308239E+01
     0.1039536E+03     0.1305279E+01
     0.1039137E+03     0.1295997E+01
     0.1038910E+03     0.1290710E+01
     0.1038727E+03     0.1290587E+01
     0.1038705E+03     0.1294047E+01
     0.1038728E+03     0.1298400E+01
END
5
     0.1037154E+03     0.1285189E+01
     0.1037145E+03     0.1277704E+01
     0.1037127E+03     0.1278404E+01
     0.1037093E+03     0.1286006E+01
     0.1037100E+03     0.1288989E+01
     0.1037127E+03     0.1291042E+01
     0.1037157E+03     0.1287119E+01
     0.1037207E+03     0.1286861E+01
     0.1037214E+03     0.1284789E+01
     0.1037197E+03     0.1281811E+01
     0.1037145E+03     0.1277704E+01
END
6
     0.1037034E+03     0.1270983E+01
     0.1037026E+03     0.1279379E+01
     0.1037047E+03     0.1278678E+01
     0.1037108E+03     0.1271291E+01
     0.1037101E+03     0.1267158E+01
     0.1036957E+03     0.1267469E+01
     0.1036948E+03     0.1269542E+01
     0.1037026E+03     0.1279379E+01
END
7
     0.1037226E+03     0.1265631E+01
     0.1037279E+03     0.1264301E+01
     0.1037256E+03     0.1259029E+01
     0.1037199E+03     0.1262967E+01
     0.1037169E+03     0.1267579E+01
     0.1037179E+03     0.1270791E+01
     0.1037265E+03     0.1266606E+01
     0.1037279E+03     0.1264301E+01
END
8
     0.1037058E+03     0.1259469E+01
     0.1037006E+03     0.1256651E+01
     0.1036999E+03     0.1259125E+01
     0.1037022E+03     0.1262606E+01
     0.1037070E+03     0.1263607E+01
     0.1037114E+03     0.1259811E+01
     0.1037114E+03     0.1256176E+01
     0.1037087E+03     0.1254151E+01
     0.1037006E+03     0.1256651E+01
END
9
     0.1038293E+03     0.1248657E+01
     0.1038341E+03     0.1238419E+01
     0.1038282E+03     0.1243968E+01
     0.1038200E+03     0.1247921E+01
     0.1038116E+03     0.1254403E+01
     0.1038137E+03     0.1256689E+01
     0.1038228E+03     0.1255029E+01
     0.1038285E+03     0.1251779E+01
     0.1038390E+03     0.1250110E+01
     0.1038423E+03     0.1242278E+01
     0.1038382E+03     0.1238625E+01
     0.1038341E+03     0.1238419E+01
END
10
     0.1037713E+03     0.1226984E+01
     0.1037788E+03     0.1222651E+01
     0.1037724E+03     0.1225215E+01
     0.1037655E+03     0.1223186E+01
     0.1037640E+03     0.1225033E+01
     0.1037652E+03     0.1235596E+01
     0.1037670E+03     0.1236505E+01
     0.1037759E+03     0.1230710E+01
     0.1037795E+03     0.1225405E+01
     0.1037788E+03     0.1222651E+01
END
11
     0.1037641E+03     0.1206480E+01
     0.1037643E+03     0.1198607E+01
     0.1037616E+03     0.1200001E+01
     0.1037609E+03     0.1202073E+01
     0.1037616E+03     0.1211720E+01
     0.1037650E+03     0.1212619E+01
     0.1037682E+03     0.1202721E+01
     0.1037643E+03     0.1198607E+01
END
12
     0.1037288E+03     0.1184153E+01
     0.1037233E+03     0.1177470E+01
     0.1037217E+03     0.1179087E+01
     0.1037220E+03     0.1182762E+01
     0.1037250E+03     0.1185503E+01
     0.1037311E+03     0.1189374E+01
     0.1037355E+03     0.1187052E+01
     0.1037325E+03     0.1180176E+01
     0.1037299E+03     0.1178122E+01
     0.1037233E+03     0.1177470E+01
END
13
     0.1037386E+03     0.1168696E+01
     0.1037420E+03     0.1164038E+01
     0.1037401E+03     0.1164048E+01
     0.1037335E+03     0.1169830E+01
     0.1037349E+03     0.1171430E+01
     0.1037427E+03     0.1172306E+01
     0.1037420E+03     0.1164038E+01
END
END
