somalia
1
     0.4255511E+02    -0.3823467E+00
     0.4254334E+02    -0.3943491E+00
     0.4254172E+02    -0.3925310E+00
     0.4254283E+02    -0.3897610E+00
     0.4254893E+02    -0.3853256E+00
     0.4255318E+02    -0.3772370E+00
     0.4255611E+02    -0.3744460E+00
     0.4256340E+02    -0.3729821E+00
     0.4256277E+02    -0.3778136E+00
     0.4255918E+02    -0.3831382E+00
     0.4254334E+02    -0.3943491E+00
END
2
     0.4233378E+02    -0.6387054E+00
     0.4232159E+02    -0.6594951E+00
     0.4231857E+02    -0.6549339E+00
     0.4231783E+02    -0.6505769E+00
     0.4232032E+02    -0.6489406E+00
     0.4232467E+02    -0.6493500E+00
     0.4232509E+02    -0.6463587E+00
     0.4232023E+02    -0.6411294E+00
     0.4232158E+02    -0.6392762E+00
     0.4233433E+02    -0.6363731E+00
     0.4234330E+02    -0.6224848E+00
     0.4234673E+02    -0.6229058E+00
     0.4234862E+02    -0.6281682E+00
     0.4234729E+02    -0.6318598E+00
     0.4234574E+02    -0.6357831E+00
     0.4233585E+02    -0.6485335E+00
     0.4233367E+02    -0.6575190E+00
     0.4232159E+02    -0.6594951E+00
END
3
     0.4227843E+02    -0.7248262E+00
     0.4226231E+02    -0.7460502E+00
     0.4226428E+02    -0.7389590E+00
     0.4227282E+02    -0.7266839E+00
     0.4227824E+02    -0.7217966E+00
     0.4228596E+02    -0.7178032E+00
     0.4229272E+02    -0.7099137E+00
     0.4229612E+02    -0.7082667E+00
     0.4229843E+02    -0.7103087E+00
     0.4229393E+02    -0.7161039E+00
     0.4228260E+02    -0.7238153E+00
     0.4227655E+02    -0.7337645E+00
     0.4226817E+02    -0.7396042E+00
     0.4226231E+02    -0.7460502E+00
END
4
     0.4225418E+02    -0.7452189E+00
     0.4225049E+02    -0.7510644E+00
     0.4224818E+02    -0.7485622E+00
     0.4225019E+02    -0.7441737E+00
     0.4225631E+02    -0.7406581E+00
     0.4225865E+02    -0.7452269E+00
     0.4225731E+02    -0.7479994E+00
     0.4225505E+02    -0.7500929E+00
     0.4225049E+02    -0.7510644E+00
END
5
     0.4223298E+02    -0.7819668E+00
     0.4222902E+02    -0.7901416E+00
     0.4222559E+02    -0.7899506E+00
     0.4222420E+02    -0.7878977E+00
     0.4223207E+02    -0.7776976E+00
     0.4223571E+02    -0.7755887E+00
     0.4223846E+02    -0.7764771E+00
     0.4223939E+02    -0.7780747E+00
     0.4223783E+02    -0.7813095E+00
     0.4222902E+02    -0.7901416E+00
END
6
     0.4217995E+02    -0.8356790E+00
     0.4213743E+02    -0.8886082E+00
     0.4213280E+02    -0.8829142E+00
     0.4213366E+02    -0.8787676E+00
     0.4213747E+02    -0.8720607E+00
     0.4213928E+02    -0.8700798E+00
     0.4214469E+02    -0.8641664E+00
     0.4215806E+02    -0.8550541E+00
     0.4216165E+02    -0.8497286E+00
     0.4216539E+02    -0.8377367E+00
     0.4217455E+02    -0.8392424E+00
     0.4217923E+02    -0.8293084E+00
     0.4218284E+02    -0.8253608E+00
     0.4219058E+02    -0.8232058E+00
     0.4219824E+02    -0.8139279E+00
     0.4221971E+02    -0.7943826E+00
     0.4222224E+02    -0.7957332E+00
     0.4221978E+02    -0.8005868E+00
     0.4220714E+02    -0.8135973E+00
     0.4219698E+02    -0.8235939E+00
     0.4218610E+02    -0.8312991E+00
     0.4218006E+02    -0.8421679E+00
     0.4217532E+02    -0.8470474E+00
     0.4216444E+02    -0.8538340E+00
     0.4216018E+02    -0.8610051E+00
     0.4215498E+02    -0.8658895E+00
     0.4214748E+02    -0.8687311E+00
     0.4214411E+02    -0.8733657E+00
     0.4214130E+02    -0.8878753E+00
     0.4213743E+02    -0.8886082E+00
END
7
     0.4211367E+02    -0.9097713E+00
     0.4211422E+02    -0.9159855E+00
     0.4211099E+02    -0.9134938E+00
     0.4211049E+02    -0.9095919E+00
     0.4211205E+02    -0.9063570E+00
     0.4211706E+02    -0.9049229E+00
     0.4211800E+02    -0.9069802E+00
     0.4211422E+02    -0.9159855E+00
END
8
     0.4210287E+02    -0.9368476E+00
     0.4209973E+02    -0.9478625E+00
     0.4209629E+02    -0.9465218E+00
     0.4209764E+02    -0.9448981E+00
     0.4209713E+02    -0.9400775E+00
     0.4210097E+02    -0.9361279E+00
     0.4210386E+02    -0.9287413E+00
     0.4210636E+02    -0.9282535E+00
     0.4210732E+02    -0.9316905E+00
     0.4210599E+02    -0.9358420E+00
     0.4209973E+02    -0.9478625E+00
END
9
     0.4203761E+02    -0.9993163E+00
     0.4202406E+02    -0.1022479E+01
     0.4202266E+02    -0.1019512E+01
     0.4202125E+02    -0.1016535E+01
     0.4201551E+02    -0.1014529E+01
     0.4201571E+02    -0.1011309E+01
     0.4201865E+02    -0.1008518E+01
     0.4202752E+02    -0.1005433E+01
     0.4203205E+02    -0.1002165E+01
     0.4203398E+02    -0.9911109E+00
     0.4204145E+02    -0.9852826E+00
     0.4204760E+02    -0.9836060E+00
     0.4204940E+02    -0.9812877E+00
     0.4205329E+02    -0.9812441E+00
     0.4204879E+02    -0.9879599E+00
     0.4204661E+02    -0.9971772E+00
     0.4204185E+02    -0.9997583E+00
     0.4204168E+02    -0.1004816E+01
     0.4203874E+02    -0.1007837E+01
     0.4203214E+02    -0.1009518E+01
     0.4203170E+02    -0.1011822E+01
     0.4203540E+02    -0.1015918E+01
     0.4203180E+02    -0.1019865E+01
     0.4202406E+02    -0.1022479E+01
END
10
     0.4198528E+02    -0.1075884E+01
     0.4197429E+02    -0.1085776E+01
     0.4197105E+02    -0.1082594E+01
     0.4198302E+02    -0.1070510E+01
     0.4198711E+02    -0.1068166E+01
     0.4199078E+02    -0.1069505E+01
     0.4199357E+02    -0.1073841E+01
     0.4199246E+02    -0.1077072E+01
     0.4198975E+02    -0.1079400E+01
     0.4198222E+02    -0.1080403E+01
     0.4197429E+02    -0.1085776E+01
END
11
     0.4193517E+02    -0.1144688E+01
     0.4192260E+02    -0.1162887E+01
     0.4191893E+02    -0.1161548E+01
     0.4191638E+02    -0.1158357E+01
     0.4191681E+02    -0.1156054E+01
     0.4193355E+02    -0.1140929E+01
     0.4193962E+02    -0.1132358E+01
     0.4194234E+02    -0.1130489E+01
     0.4194510E+02    -0.1131378E+01
     0.4194626E+02    -0.1133204E+01
     0.4194561E+02    -0.1136201E+01
     0.4194091E+02    -0.1144757E+01
     0.4193095E+02    -0.1153370E+01
     0.4192670E+02    -0.1161922E+01
     0.4192260E+02    -0.1162887E+01
END
12
     0.4345797E+02     0.1150258E+02
     0.4345139E+02     0.1149119E+02
     0.4345039E+02     0.1149438E+02
     0.4345212E+02     0.1150040E+02
     0.4345917E+02     0.1150860E+02
     0.4346470E+02     0.1151147E+02
     0.4346638E+02     0.1150898E+02
     0.4345599E+02     0.1149404E+02
     0.4345139E+02     0.1149119E+02
END
13
     0.4335468E+02     0.1146255E+02
     0.4333500E+02     0.1144763E+02
     0.4335628E+02     0.1146681E+02
     0.4335970E+02     0.1147580E+02
     0.4336379E+02     0.1149550E+02
     0.4336747E+02     0.1149290E+02
     0.4336255E+02     0.1146962E+02
     0.4335995E+02     0.1146421E+02
     0.4333862E+02     0.1144771E+02
     0.4333500E+02     0.1144763E+02
END
14
     0.4346294E+02     0.1143617E+02
     0.4345518E+02     0.1142087E+02
     0.4345467E+02     0.1142803E+02
     0.4345062E+02     0.1143185E+02
     0.4345871E+02     0.1144559E+02
     0.4346286E+02     0.1144752E+02
     0.4346914E+02     0.1144811E+02
     0.4347269E+02     0.1144612E+02
     0.4347395E+02     0.1144155E+02
     0.4347204E+02     0.1143323E+02
     0.4346797E+02     0.1142739E+02
     0.4345518E+02     0.1142087E+02
END
15
     0.4709781E+02     0.4978136E+01
     0.4989207E+02     0.8000000E+01
     0.4986032E+02     0.7959856E+01
     0.4985596E+02     0.7957314E+01
     0.4985020E+02     0.7957750E+01
     0.4983976E+02     0.7963996E+01
     0.4983936E+02     0.7961609E+01
     0.4984120E+02     0.7960227E+01
     0.4984999E+02     0.7953619E+01
     0.4984908E+02     0.7950172E+01
     0.4983533E+02     0.7934741E+01
     0.4982733E+02     0.7921857E+01
     0.4982186E+02     0.7907835E+01
     0.4981622E+02     0.7881647E+01
     0.4981175E+02     0.7847889E+01
     0.4980957E+02     0.7818270E+01
     0.4981190E+02     0.7813000E+01
     0.4981621E+02     0.7807671E+01
     0.4981746E+02     0.7806136E+01
     0.4981703E+02     0.7797871E+01
     0.4981889E+02     0.7792599E+01
     0.4982167E+02     0.7789855E+01
     0.4982858E+02     0.7788506E+01
     0.4983640E+02     0.7789684E+01
     0.4983894E+02     0.7787399E+01
     0.4983804E+02     0.7784182E+01
     0.4983162E+02     0.7777958E+01
     0.4983003E+02     0.7772443E+01
     0.4983119E+02     0.7769692E+01
     0.4983488E+02     0.7768101E+01
     0.4983627E+02     0.7765122E+01
     0.4982553E+02     0.7747173E+01
     0.4983109E+02     0.7738472E+01
     0.4982378E+02     0.7725358E+01
     0.4981518E+02     0.7714735E+01
     0.4980271E+02     0.7699333E+01
     0.4979678E+02     0.7688289E+01
     0.4978669E+02     0.7679065E+01
     0.4978028E+02     0.7670085E+01
     0.4977275E+02     0.7653525E+01
     0.4976891E+02     0.7638816E+01
     0.4976670E+02     0.7616996E+01
     0.4976221E+02     0.7603793E+01
     0.4975942E+02     0.7595614E+01
     0.4974208E+02     0.7559724E+01
     0.4970989E+02     0.7500811E+01
     0.4970539E+02     0.7491103E+01
     0.4969827E+02     0.7475733E+01
     0.4967886E+02     0.7440977E+01
     0.4963989E+02     0.7383288E+01
     0.4960388E+02     0.7329968E+01
     0.4957505E+02     0.7293786E+01
     0.4956579E+02     0.7281001E+01
     0.4954533E+02     0.7252774E+01
     0.4952954E+02     0.7234560E+01
     0.4951812E+02     0.7216594E+01
     0.4949033E+02     0.7179753E+01
     0.4947536E+02     0.7159900E+01
     0.4942628E+02     0.7081348E+01
     0.4942030E+02     0.7074753E+01
     0.4939745E+02     0.7049516E+01
     0.4937487E+02     0.7009439E+01
     0.4936121E+02     0.6980199E+01
     0.4935356E+02     0.6968393E+01
     0.4933747E+02     0.6943560E+01
     0.4932489E+02     0.6928798E+01
     0.4931966E+02     0.6914988E+01
     0.4931234E+02     0.6907832E+01
     0.4930735E+02     0.6894253E+01
     0.4930209E+02     0.6887335E+01
     0.4928868E+02     0.6861344E+01
     0.4928569E+02     0.6855550E+01
     0.4925945E+02     0.6813149E+01
     0.4925697E+02     0.6804175E+01
     0.4925193E+02     0.6800245E+01
     0.4924554E+02     0.6791024E+01
     0.4922777E+02     0.6757390E+01
     0.4922486E+02     0.6753255E+01
     0.4921110E+02     0.6733643E+01
     0.4920861E+02     0.6725128E+01
     0.4920711E+02     0.6703520E+01
     0.4919915E+02     0.6687395E+01
     0.4917964E+02     0.6637142E+01
     0.4917350E+02     0.6621316E+01
     0.4915371E+02     0.6578702E+01
     0.4914642E+02     0.6566256E+01
     0.4914420E+02     0.6551076E+01
     0.4912848E+02     0.6522041E+01
     0.4911326E+02     0.6487261E+01
     0.4908997E+02     0.6411526E+01
     0.4908796E+02     0.6402907E+01
     0.4908525E+02     0.6391274E+01
     0.4908063E+02     0.6350565E+01
     0.4907916E+02     0.6322743E+01
     0.4908083E+02     0.6312177E+01
     0.4908503E+02     0.6298865E+01
     0.4908373E+02     0.6282537E+01
     0.4908236E+02     0.6278174E+01
     0.4906180E+02     0.6213002E+01
     0.4905455E+02     0.6192506E+01
     0.4904818E+02     0.6181900E+01
     0.4903885E+02     0.6159827E+01
     0.4903319E+02     0.6146420E+01
     0.4898707E+02     0.6047787E+01
     0.4898562E+02     0.6045178E+01
     0.4896545E+02     0.6008821E+01
     0.4894766E+02     0.5984818E+01
     0.4893995E+02     0.5966614E+01
     0.4892309E+02     0.5939396E+01
     0.4892161E+02     0.5936580E+01
     0.4890445E+02     0.5903890E+01
     0.4889510E+02     0.5890966E+01
     0.4888008E+02     0.5864214E+01
     0.4885844E+02     0.5831910E+01
     0.4885646E+02     0.5828448E+01
     0.4882886E+02     0.5780016E+01
     0.4878884E+02     0.5721764E+01
     0.4878558E+02     0.5717009E+01
     0.4872593E+02     0.5623783E+01
     0.4872088E+02     0.5615173E+01
     0.4868726E+02     0.5557800E+01
     0.4866638E+02     0.5515599E+01
     0.4865932E+02     0.5504864E+01
     0.4865136E+02     0.5492748E+01
     0.4858364E+02     0.5403653E+01
     0.4857183E+02     0.5388122E+01
     0.4854263E+02     0.5356909E+01
     0.4853717E+02     0.5349748E+01
     0.4853627E+02     0.5345142E+01
     0.4853745E+02     0.5340779E+01
     0.4853427E+02     0.5334321E+01
     0.4850978E+02     0.5304311E+01
     0.4843264E+02     0.5209768E+01
     0.4843005E+02     0.5206244E+01
     0.4838847E+02     0.5149708E+01
     0.4837392E+02     0.5127771E+01
     0.4836274E+02     0.5117815E+01
     0.4835524E+02     0.5104906E+01
     0.4835456E+02     0.5103735E+01
     0.4831492E+02     0.5056347E+01
     0.4827852E+02     0.5004604E+01
     0.4827530E+02     0.5000000E+01
     0.4825737E+02     0.4974344E+01
     0.4824148E+02     0.4946644E+01
     0.4822214E+02     0.4919844E+01
     0.4819736E+02     0.4883578E+01
     0.4817216E+02     0.4832477E+01
     0.4817154E+02     0.4831201E+01
     0.4816455E+02     0.4810453E+01
     0.4815367E+02     0.4789683E+01
     0.4811736E+02     0.4728267E+01
     0.4811412E+02     0.4720594E+01
     0.4810899E+02     0.4708431E+01
     0.4809719E+02     0.4689494E+01
     0.4808632E+02     0.4667341E+01
     0.4805767E+02     0.4628284E+01
     0.4804803E+02     0.4613338E+01
     0.4803859E+02     0.4598718E+01
     0.4801910E+02     0.4563856E+01
     0.4800780E+02     0.4537098E+01
     0.4799212E+02     0.4515604E+01
     0.4798529E+02     0.4504042E+01
     0.4796853E+02     0.4475653E+01
     0.4793942E+02     0.4438889E+01
     0.4790670E+02     0.4405846E+01
     0.4790480E+02     0.4403927E+01
     0.4787425E+02     0.4377274E+01
     0.4786013E+02     0.4362689E+01
     0.4784330E+02     0.4341874E+01
     0.4782692E+02     0.4324512E+01
     0.4781976E+02     0.4314703E+01
     0.4779807E+02     0.4284982E+01
     0.4777168E+02     0.4253749E+01
     0.4775101E+02     0.4226005E+01
     0.4774114E+02     0.4215963E+01
     0.4774054E+02     0.4215352E+01
     0.4771501E+02     0.4193557E+01
     0.4769066E+02     0.4168087E+01
     0.4767569E+02     0.4145440E+01
     0.4765950E+02     0.4132907E+01
     0.4765882E+02     0.4130832E+01
     0.4765398E+02     0.4125997E+01
     0.4762400E+02     0.4096087E+01
     0.4757787E+02     0.4039866E+01
     0.4757023E+02     0.4031602E+01
     0.4753510E+02     0.3993558E+01
     0.4748653E+02     0.3937026E+01
     0.4742851E+02     0.3869500E+01
     0.4740003E+02     0.3845455E+01
     0.4737796E+02     0.3826811E+01
     0.4730777E+02     0.3759331E+01
     0.4729696E+02     0.3748931E+01
     0.4728739E+02     0.3741500E+01
     0.4726170E+02     0.3714627E+01
     0.4724831E+02     0.3698426E+01
     0.4721806E+02     0.3670830E+01
     0.4721577E+02     0.3668741E+01
     0.4720554E+02     0.3658084E+01
     0.4719715E+02     0.3645598E+01
     0.4718285E+02     0.3628929E+01
     0.4716716E+02     0.3612479E+01
     0.4713836E+02     0.3574306E+01
     0.4713774E+02     0.3573670E+01
     0.4710450E+02     0.3539316E+01
     0.4707225E+02     0.3502956E+01
     0.4705001E+02     0.3483042E+01
     0.4702380E+02     0.3459572E+01
     0.4700425E+02     0.3439870E+01
     0.4696861E+02     0.3399109E+01
     0.4696227E+02     0.3392483E+01
     0.4691137E+02     0.3339317E+01
     0.4687722E+02     0.3299228E+01
     0.4687212E+02     0.3293234E+01
     0.4683659E+02     0.3238896E+01
     0.4680687E+02     0.3204157E+01
     0.4680133E+02     0.3198667E+01
     0.4675167E+02     0.3149434E+01
     0.4674303E+02     0.3143154E+01
     0.4671299E+02     0.3108836E+01
     0.4667429E+02     0.3064625E+01
     0.4662426E+02     0.3019371E+01
     0.4660476E+02     0.3001728E+01
     0.4657571E+02     0.2971820E+01
     0.4653658E+02     0.2943209E+01
     0.4652952E+02     0.2936570E+01
     0.4651659E+02     0.2924413E+01
     0.4649655E+02     0.2912289E+01
     0.4646061E+02     0.2886461E+01
     0.4644652E+02     0.2874154E+01
     0.4643177E+02     0.2857838E+01
     0.4640525E+02     0.2828497E+01
     0.4638046E+02     0.2809890E+01
     0.4634519E+02     0.2786594E+01
     0.4633861E+02     0.2780559E+01
     0.4633645E+02     0.2776736E+01
     0.4633274E+02     0.2770158E+01
     0.4633056E+02     0.2758178E+01
     0.4632693E+02     0.2754697E+01
     0.4631962E+02     0.2753026E+01
     0.4631028E+02     0.2747888E+01
     0.4630143E+02     0.2738842E+01
     0.4629751E+02     0.2715576E+01
     0.4629525E+02     0.2711877E+01
     0.4628278E+02     0.2699581E+01
     0.4626165E+02     0.2685848E+01
     0.4625911E+02     0.2684201E+01
     0.4624912E+02     0.2675145E+01
     0.4622819E+02     0.2661857E+01
     0.4621639E+02     0.2650256E+01
     0.4619124E+02     0.2621520E+01
     0.4617655E+02     0.2601153E+01
     0.4617297E+02     0.2597631E+01
     0.4617042E+02     0.2595121E+01
     0.4616730E+02     0.2586123E+01
     0.4615614E+02     0.2580508E+01
     0.4614116E+02     0.2566578E+01
     0.4612643E+02     0.2549891E+01
     0.4611967E+02     0.2539022E+01
     0.4611768E+02     0.2531185E+01
     0.4610409E+02     0.2515197E+01
     0.4609089E+02     0.2506141E+01
     0.4607658E+02     0.2496329E+01
     0.4606409E+02     0.2485871E+01
     0.4602961E+02     0.2452451E+01
     0.4600196E+02     0.2423229E+01
     0.4599833E+02     0.2421044E+01
     0.4597944E+02     0.2409692E+01
     0.4595876E+02     0.2395251E+01
     0.4593674E+02     0.2376657E+01
     0.4592808E+02     0.2373361E+01
     0.4589831E+02     0.2351938E+01
     0.4589490E+02     0.2349856E+01
     0.4587806E+02     0.2339570E+01
     0.4583504E+02     0.2316877E+01
     0.4583396E+02     0.2310888E+01
     0.4583101E+02     0.2308562E+01
     0.4581730E+02     0.2306599E+01
     0.4581162E+02     0.2302639E+01
     0.4580664E+02     0.2296844E+01
     0.4580186E+02     0.2294271E+01
     0.4579364E+02     0.2292818E+01
     0.4578911E+02     0.2289583E+01
     0.4575706E+02     0.2266730E+01
     0.4572293E+02     0.2248023E+01
     0.4569020E+02     0.2226107E+01
     0.4568404E+02     0.2224671E+01
     0.4568235E+02     0.2223649E+01
     0.4567358E+02     0.2218366E+01
     0.4566042E+02     0.2207437E+01
     0.4565221E+02     0.2205982E+01
     0.4564676E+02     0.2201332E+01
     0.4563899E+02     0.2200801E+01
     0.4559652E+02     0.2169823E+01
     0.4557572E+02     0.2160604E+01
     0.4556578E+02     0.2156201E+01
     0.4551943E+02     0.2125415E+01
     0.4549577E+02     0.2112776E+01
     0.4547509E+02     0.2099014E+01
     0.4546809E+02     0.2095630E+01
     0.4545279E+02     0.2088226E+01
     0.4544190E+02     0.2078926E+01
     0.4542962E+02     0.2072371E+01
     0.4539419E+02     0.2047430E+01
     0.4537961E+02     0.2042233E+01
     0.4535987E+02     0.2032804E+01
     0.4534866E+02     0.2027452E+01
     0.4533119E+02     0.2014178E+01
     0.4531936E+02     0.2008316E+01
     0.4530387E+02     0.2002419E+01
     0.4528950E+02     0.1998832E+01
     0.4525724E+02     0.1978285E+01
     0.4524929E+02     0.1974754E+01
     0.4523607E+02     0.1968883E+01
     0.4522678E+02     0.1960285E+01
     0.4521057E+02     0.1958749E+01
     0.4520789E+02     0.1952514E+01
     0.4520378E+02     0.1951095E+01
     0.4519782E+02     0.1953336E+01
     0.4519303E+02     0.1952140E+01
     0.4518121E+02     0.1945587E+01
     0.4515987E+02     0.1930432E+01
     0.4514019E+02     0.1925237E+01
     0.4513183E+02     0.1923030E+01
     0.4512026E+02     0.1913949E+01
     0.4511412E+02     0.1911359E+01
     0.4510362E+02     0.1909647E+01
     0.4509225E+02     0.1903327E+01
     0.4508659E+02     0.1897752E+01
     0.4507405E+02     0.1895099E+01
     0.4506337E+02     0.1889016E+01
     0.4505657E+02     0.1882740E+01
     0.4503080E+02     0.1867552E+01
     0.4502839E+02     0.1866136E+01
     0.4500000E+02     0.1846600E+01
     0.4497346E+02     0.1828340E+01
     0.4496002E+02     0.1823607E+01
     0.4493096E+02     0.1804462E+01
     0.4492404E+02     0.1801860E+01
     0.4491776E+02     0.1799501E+01
     0.4488031E+02     0.1773832E+01
     0.4481628E+02     0.1737161E+01
     0.4481328E+02     0.1735445E+01
     0.4476151E+02     0.1703418E+01
     0.4475654E+02     0.1697619E+01
     0.4475321E+02     0.1688159E+01
     0.4475004E+02     0.1685597E+01
     0.4474274E+02     0.1683683E+01
     0.4473074E+02     0.1673674E+01
     0.4471617E+02     0.1668236E+01
     0.4471529E+02     0.1667507E+01
     0.4469102E+02     0.1647285E+01
     0.4468057E+02     0.1641659E+01
     0.4466985E+02     0.1639939E+01
     0.4465917E+02     0.1633621E+01
     0.4464037E+02     0.1618253E+01
     0.4462184E+02     0.1598289E+01
     0.4461638E+02     0.1595703E+01
     0.4461477E+02     0.1596080E+01
     0.4460791E+02     0.1597684E+01
     0.4460449E+02     0.1596498E+01
     0.4458258E+02     0.1572590E+01
     0.4456827E+02     0.1564624E+01
     0.4455131E+02     0.1548354E+01
     0.4454064E+02     0.1541575E+01
     0.4452502E+02     0.1527618E+01
     0.4451667E+02     0.1523305E+01
     0.4451275E+02     0.1521281E+01
     0.4449236E+02     0.1505434E+01
     0.4447249E+02     0.1482925E+01
     0.4441850E+02     0.1445505E+01
     0.4440310E+02     0.1434833E+01
     0.4437003E+02     0.1408964E+01
     0.4435736E+02     0.1397335E+01
     0.4432632E+02     0.1374015E+01
     0.4431972E+02     0.1367612E+01
     0.4430236E+02     0.1350770E+01
     0.4428240E+02     0.1337683E+01
     0.4425072E+02     0.1310217E+01
     0.4422721E+02     0.1287436E+01
     0.4422533E+02     0.1284784E+01
     0.4422046E+02     0.1277939E+01
     0.4421714E+02     0.1268249E+01
     0.4416796E+02     0.1233925E+01
     0.4413566E+02     0.1201623E+01
     0.4413511E+02     0.1200033E+01
     0.4413256E+02     0.1192626E+01
     0.4413496E+02     0.1182080E+01
     0.4413272E+02     0.1177689E+01
     0.4412038E+02     0.1178243E+01
     0.4410972E+02     0.1172379E+01
     0.4405107E+02     0.1126915E+01
     0.4404863E+02     0.1124235E+01
     0.4403709E+02     0.1111592E+01
     0.4402186E+02     0.1084764E+01
     0.4401799E+02     0.1083343E+01
     0.4401159E+02     0.1083961E+01
     0.4400478E+02     0.1080208E+01
     0.4397852E+02     0.1059921E+01
     0.4396061E+02     0.1048690E+01
     0.4395666E+02     0.1045127E+01
     0.4393710E+02     0.1027514E+01
     0.4393647E+02     0.1022452E+01
     0.4394225E+02     0.1016542E+01
     0.4393819E+02     0.1012360E+01
     0.4392471E+02     0.1013128E+01
     0.4391722E+02     0.1008907E+01
     0.4389913E+02     0.9933069E+00
     0.4387195E+02     0.9741569E+00
     0.4387096E+02     0.9736105E+00
     0.4384654E+02     0.9600817E+00
     0.4383187E+02     0.9449792E+00
     0.4382552E+02     0.9414601E+00
     0.4381084E+02     0.9268170E+00
     0.4379699E+02     0.9204550E+00
     0.4378183E+02     0.9085633E+00
     0.4377159E+02     0.8984581E+00
     0.4376016E+02     0.8871765E+00
     0.4375166E+02     0.8719146E+00
     0.4374603E+02     0.8658761E+00
     0.4371457E+02     0.8416193E+00
     0.4368986E+02     0.8266298E+00
     0.4367778E+02     0.8169402E+00
     0.4365526E+02     0.7988889E+00
     0.4362229E+02     0.7681798E+00
     0.4358822E+02     0.7337817E+00
     0.4358548E+02     0.7314646E+00
     0.4355816E+02     0.7083895E+00
     0.4354757E+02     0.6970088E+00
     0.4353241E+02     0.6858041E+00
     0.4351366E+02     0.6692735E+00
     0.4349630E+02     0.6511511E+00
     0.4349170E+02     0.6478825E+00
     0.4348612E+02     0.6439099E+00
     0.4343383E+02     0.5879319E+00
     0.4340189E+02     0.5599582E+00
     0.4340086E+02     0.5590575E+00
     0.4337652E+02     0.5332717E+00
     0.4331903E+02     0.4651487E+00
     0.4329350E+02     0.4348942E+00
     0.4325765E+02     0.3995535E+00
     0.4324055E+02     0.3795965E+00
     0.4323354E+02     0.3728650E+00
     0.4320785E+02     0.3481978E+00
     0.4316108E+02     0.2927458E+00
     0.4314875E+02     0.2799600E+00
     0.4312233E+02     0.2525471E+00
     0.4309582E+02     0.2196168E+00
     0.4308926E+02     0.2151738E+00
     0.4308115E+02     0.2061195E+00
     0.4306491E+02     0.1864733E+00
     0.4303935E+02     0.1555517E+00
     0.4299389E+02     0.1067757E+00
     0.4298003E+02     0.9363786E-01
     0.4297157E+02     0.8560704E-01
     0.4289606E+02     0.0000000E+00
     0.4288512E+02    -0.1204778E-01
     0.4285133E+02    -0.4666737E-01
     0.4284363E+02    -0.5158177E-01
     0.4283025E+02    -0.6553256E-01
     0.4280465E+02    -0.9223384E-01
     0.4278005E+02    -0.1145729E+00
     0.4276479E+02    -0.1349632E+00
     0.4274234E+02    -0.1551085E+00
     0.4271603E+02    -0.1787163E+00
     0.4265129E+02    -0.2419504E+00
     0.4265129E+02    -0.2419504E+00
     0.4263053E+02    -0.2558941E+00
     0.4262345E+02    -0.2606515E+00
     0.4260652E+02    -0.2764687E+00
     0.4259914E+02    -0.2887284E+00
     0.4257957E+02    -0.3128442E+00
     0.4256999E+02    -0.3324798E+00
     0.4256564E+02    -0.3506758E+00
     0.4255813E+02    -0.3523712E+00
     0.4255772E+02    -0.3528873E+00
     0.4255611E+02    -0.3549217E+00
     0.4255705E+02    -0.3576675E+00
     0.4256184E+02    -0.3569221E+00
     0.4256417E+02    -0.3612586E+00
     0.4256192E+02    -0.3640416E+00
     0.4255644E+02    -0.3641056E+00
     0.4255215E+02    -0.3676010E+00
     0.4254642E+02    -0.3658308E+00
     0.4253889E+02    -0.3656892E+00
     0.4252593E+02    -0.3702042E+00
     0.4251803E+02    -0.3778763E+00
     0.4249472E+02    -0.4139807E+00
     0.4248409E+02    -0.4242037E+00
     0.4247779E+02    -0.4302570E+00
     0.4247466E+02    -0.4355765E+00
     0.4247495E+02    -0.4406269E+00
     0.4247840E+02    -0.4433435E+00
     0.4248436E+02    -0.4451122E+00
     0.4248672E+02    -0.4515170E+00
     0.4248562E+02    -0.4549757E+00
     0.4247907E+02    -0.4612541E+00
     0.4247756E+02    -0.4686227E+00
     0.4247437E+02    -0.4691185E+00
     0.4247204E+02    -0.4650108E+00
     0.4247352E+02    -0.4551155E+00
     0.4247233E+02    -0.4507654E+00
     0.4246982E+02    -0.4507942E+00
     0.4246553E+02    -0.4547494E+00
     0.4245713E+02    -0.4587514E+00
     0.4245513E+02    -0.4635990E+00
     0.4244503E+02    -0.4779582E+00
     0.4244061E+02    -0.4811449E+00
     0.4242104E+02    -0.4952345E+00
     0.4241359E+02    -0.5026721E+00
     0.4240509E+02    -0.5177023E+00
     0.4240124E+02    -0.5205030E+00
     0.4239094E+02    -0.5376219E+00
     0.4236720E+02    -0.5567331E+00
     0.4235909E+02    -0.5664751E+00
     0.4235597E+02    -0.5717632E+00
     0.4235282E+02    -0.5771148E+00
     0.4234197E+02    -0.5861994E+00
     0.4233704E+02    -0.5940669E+00
     0.4232397E+02    -0.6091504E+00
     0.4231771E+02    -0.6202503E+00
     0.4231463E+02    -0.6303942E+00
     0.4229655E+02    -0.6464535E+00
     0.4228807E+02    -0.6633232E+00
     0.4228103E+02    -0.6704488E+00
     0.4226008E+02    -0.6916724E+00
     0.4225514E+02    -0.6986219E+00
     0.4225428E+02    -0.7034567E+00
     0.4225529E+02    -0.7119467E+00
     0.4225351E+02    -0.7154137E+00
     0.4224209E+02    -0.7157729E+00
     0.4223733E+02    -0.7185840E+00
     0.4223425E+02    -0.7287285E+00
     0.4222634E+02    -0.7357119E+00
     0.4222144E+02    -0.7461073E+00
     0.4221378E+02    -0.7558450E+00
     0.4220731E+02    -0.7610589E+00
     0.4219817E+02    -0.7684292E+00
     0.4218758E+02    -0.7811863E+00
     0.4218018E+02    -0.7929894E+00
     0.4216483E+02    -0.8085575E+00
     0.4214787E+02    -0.8229955E+00
     0.4214513E+02    -0.8234854E+00
     0.4213960E+02    -0.8187218E+00
     0.4213708E+02    -0.8185199E+00
     0.4213076E+02    -0.8245654E+00
     0.4211503E+02    -0.8336388E+00
     0.4211329E+02    -0.8346422E+00
     0.4210667E+02    -0.8349460E+00
     0.4209431E+02    -0.8325555E+00
     0.4207970E+02    -0.8329476E+00
     0.4206694E+02    -0.8356168E+00
     0.4205881E+02    -0.8437501E+00
     0.4205469E+02    -0.8433363E+00
     0.4204909E+02    -0.8328277E+00
     0.4204834E+02    -0.8270910E+00
     0.4205492E+02    -0.8033488E+00
     0.4206322E+02    -0.7861564E+00
     0.4206519E+02    -0.7820939E+00
     0.4206826E+02    -0.7712588E+00
     0.4208240E+02    -0.7492728E+00
     0.4208207E+02    -0.7407739E+00
     0.4207797E+02    -0.7412796E+00
     0.4207436E+02    -0.7456847E+00
     0.4207220E+02    -0.7565091E+00
     0.4206025E+02    -0.7695101E+00
     0.4204886E+02    -0.7921556E+00
     0.4204547E+02    -0.7956396E+00
     0.4203853E+02    -0.7952404E+00
     0.4203542E+02    -0.7950613E+00
     0.4202908E+02    -0.7997282E+00
     0.4202337E+02    -0.8000202E+00
     0.4201717E+02    -0.7968716E+00
     0.4200439E+02    -0.7977018E+00
     0.4199934E+02    -0.7956899E+00
     0.4199310E+02    -0.7884045E+00
     0.4199210E+02    -0.7810625E+00
     0.4200212E+02    -0.7379817E+00
     0.4199901E+02    -0.7258375E+00
     0.4199533E+02    -0.7233505E+00
     0.4199282E+02    -0.7240675E+00
     0.4199103E+02    -0.7268443E+00
     0.4198859E+02    -0.7328458E+00
     0.4198173E+02    -0.7726742E+00
     0.4198074E+02    -0.7867020E+00
     0.4198220E+02    -0.7942697E+00
     0.4198732E+02    -0.8029453E+00
     0.4199309E+02    -0.8083968E+00
     0.4200043E+02    -0.8115333E+00
     0.4200774E+02    -0.8116828E+00
     0.4202365E+02    -0.8050726E+00
     0.4203824E+02    -0.8026140E+00
     0.4204284E+02    -0.8048609E+00
     0.4204496E+02    -0.8112721E+00
     0.4204058E+02    -0.8278660E+00
     0.4204134E+02    -0.8340620E+00
     0.4204320E+02    -0.8371570E+00
     0.4204670E+02    -0.8429652E+00
     0.4205477E+02    -0.8500001E+00
     0.4206229E+02    -0.8483084E+00
     0.4207182E+02    -0.8431467E+00
     0.4208116E+02    -0.8412044E+00
     0.4208598E+02    -0.8434493E+00
     0.4208854E+02    -0.8475568E+00
     0.4208929E+02    -0.8532936E+00
     0.4207841E+02    -0.8803024E+00
     0.4207393E+02    -0.8879362E+00
     0.4207156E+02    -0.9006029E+00
     0.4206199E+02    -0.9023175E+00
     0.4205915E+02    -0.9049912E+00
     0.4205114E+02    -0.9125494E+00
     0.4204239E+02    -0.9264356E+00
     0.4203719E+02    -0.9317797E+00
     0.4203062E+02    -0.9566729E+00
     0.4202505E+02    -0.9693753E+00
     0.4201625E+02    -0.9786660E+00
     0.4200624E+02    -0.9824536E+00
     0.4199132E+02    -0.9961782E+00
     0.4198624E+02    -0.1002097E+01
     0.4198275E+02    -0.1006156E+01
     0.4197889E+02    -0.1007577E+01
     0.4197567E+02    -0.1005774E+01
     0.4197334E+02    -0.1001433E+01
     0.4197258E+02    -0.9956950E+00
     0.4197904E+02    -0.9804543E+00
     0.4197945E+02    -0.9763131E+00
     0.4197709E+02    -0.9696738E+00
     0.4196874E+02    -0.9582739E+00
     0.4196659E+02    -0.9502532E+00
     0.4197511E+02    -0.9156858E+00
     0.4197250E+02    -0.9062923E+00
     0.4196889E+02    -0.9005129E+00
     0.4196807E+02    -0.8992167E+00
     0.4194845E+02    -0.8803567E+00
     0.4193698E+02    -0.8756560E+00
     0.4192670E+02    -0.8753089E+00
     0.4192073E+02    -0.8726159E+00
     0.4191297E+02    -0.8733905E+00
     0.4191164E+02    -0.8766221E+00
     0.4191512E+02    -0.8814099E+00
     0.4192062E+02    -0.8834188E+00
     0.4192610E+02    -0.8835887E+00
     0.4193361E+02    -0.8802888E+00
     0.4193863E+02    -0.8806939E+00
     0.4194439E+02    -0.8849971E+00
     0.4195138E+02    -0.8975605E+00
     0.4196153E+02    -0.9059530E+00
     0.4196480E+02    -0.9125816E+00
     0.4196530E+02    -0.9164835E+00
     0.4196072E+02    -0.9353788E+00
     0.4195945E+02    -0.9619381E+00
     0.4195942E+02    -0.9625127E+00
     0.4196182E+02    -0.9725994E+00
     0.4196649E+02    -0.9815118E+00
     0.4196725E+02    -0.9886283E+00
     0.4196513E+02    -0.1002672E+01
     0.4196888E+02    -0.1011824E+01
     0.4197760E+02    -0.1015406E+01
     0.4198041E+02    -0.1020891E+01
     0.4197774E+02    -0.1027586E+01
     0.4196223E+02    -0.1049821E+01
     0.4196023E+02    -0.1054670E+01
     0.4195994E+02    -0.1069844E+01
     0.4195825E+02    -0.1073071E+01
     0.4195100E+02    -0.1086951E+01
     0.4194149E+02    -0.1094641E+01
     0.4192678E+02    -0.1127901E+01
     0.4192339E+02    -0.1131616E+01
     0.4191681E+02    -0.1135365E+01
     0.4190326E+02    -0.1149305E+01
     0.4189864E+02    -0.1165676E+01
     0.4189326E+02    -0.1175160E+01
     0.4189180E+02    -0.1176422E+01
     0.4188353E+02    -0.1183541E+01
     0.4188042E+02    -0.1190701E+01
     0.4188002E+02    -0.1195992E+01
     0.4188258E+02    -0.1200103E+01
     0.4188579E+02    -0.1201677E+01
     0.4190182E+02    -0.1184492E+01
     0.4190614E+02    -0.1182376E+01
     0.4190888E+02    -0.1182346E+01
     0.4191008E+02    -0.1187390E+01
     0.4190831E+02    -0.1192696E+01
     0.4189880E+02    -0.1200616E+01
     0.4189340E+02    -0.1208030E+01
     0.4188706E+02    -0.1213156E+01
     0.4187525E+02    -0.1219492E+01
     0.4187476E+02    -0.1216279E+01
     0.4187654E+02    -0.1212352E+01
     0.4187590E+02    -0.1211471E+01
     0.4187353E+02    -0.1208246E+01
     0.4186603E+02    -0.1211776E+01
     0.4186328E+02    -0.1211576E+01
     0.4185800E+02    -0.1209105E+01
     0.4185176E+02    -0.1202965E+01
     0.4184709E+02    -0.1194050E+01
     0.4184565E+02    -0.1187630E+01
     0.4184624E+02    -0.1179348E+01
     0.4184136E+02    -0.1171585E+01
     0.4183215E+02    -0.1165018E+01
     0.4182140E+02    -0.1164214E+01
     0.4181269E+02    -0.1161090E+01
     0.4180551E+02    -0.1152433E+01
     0.4180013E+02    -0.1141227E+01
     0.4179607E+02    -0.1146098E+01
     0.4176656E+02    -0.1142737E+01
     0.4176480E+02    -0.1144236E+01
     0.4174800E+02    -0.1158567E+01
     0.4173777E+02    -0.1163734E+01
     0.4172124E+02    -0.1176783E+01
     0.4170251E+02    -0.1198361E+01
     0.4169713E+02    -0.1207613E+01
     0.4169290E+02    -0.1217773E+01
     0.4168764E+02    -0.1238288E+01
     0.4169825E+02    -0.1226912E+01
     0.4170064E+02    -0.1215392E+01
     0.4171027E+02    -0.1197358E+01
     0.4171145E+02    -0.1196296E+01
     0.4174059E+02    -0.1170140E+01
     0.4175192E+02    -0.1162203E+01
     0.4177282E+02    -0.1150715E+01
     0.4178011E+02    -0.1149487E+01
     0.4179867E+02    -0.1153885E+01
     0.4180585E+02    -0.1162773E+01
     0.4181628E+02    -0.1166556E+01
     0.4183109E+02    -0.1171926E+01
     0.4183271E+02    -0.1174207E+01
     0.4183277E+02    -0.1179723E+01
     0.4183101E+02    -0.1185489E+01
     0.4183944E+02    -0.1204708E+01
     0.4184362E+02    -0.1231099E+01
     0.4184098E+02    -0.1240323E+01
     0.4183473E+02    -0.1253724E+01
     0.4182281E+02    -0.1274606E+01
     0.4180133E+02    -0.1312247E+01
     0.4177528E+02    -0.1354140E+01
     0.4175236E+02    -0.1378561E+01
     0.4175021E+02    -0.1380848E+01
     0.4174735E+02    -0.1391225E+01
     0.4173317E+02    -0.1410690E+01
     0.4171928E+02    -0.1436358E+01
     0.4170512E+02    -0.1458582E+01
     0.4169730E+02    -0.1474530E+01
     0.4168948E+02    -0.1487270E+01
     0.4166024E+02    -0.1534937E+01
     0.4163145E+02    -0.1578010E+01
     0.4161918E+02    -0.1585038E+01
     0.4161628E+02    -0.1588202E+01
     0.4161534E+02    -0.1589218E+01
     0.4160953E+02    -0.1601236E+01
     0.4159894E+02    -0.1615374E+01
     0.4159267E+02    -0.1628318E+01
     0.4159361E+02    -0.1629687E+01
     0.4159887E+02    -0.1630092E+01
     0.4160098E+02    -0.1635359E+01
     0.4159786E+02    -0.1642980E+01
     0.4159221E+02    -0.1648328E+01
     0.4159013E+02    -0.1647201E+01
     0.4158661E+02    -0.1638730E+01
     0.4158250E+02    -0.1639232E+01
     0.4157572E+02    -0.1645743E+01
     0.4156879E+02    -0.1660302E+01
     0.4156717E+02    -0.1662053E+01
     0.4156717E+02    -0.1662053E+01
     0.4156794E+02    -0.1591183E+01
     0.4153539E+02    -0.1547963E+01
     0.4150441E+02    -0.1506827E+01
     0.4149561E+02    -0.1492409E+01
     0.4149194E+02    -0.1490139E+01
     0.4148524E+02    -0.1481683E+01
     0.4148130E+02    -0.1473895E+01
     0.4146677E+02    -0.1457222E+01
     0.4145963E+02    -0.1447811E+01
     0.4144598E+02    -0.1429791E+01
     0.4139838E+02    -0.1363478E+01
     0.4139217E+02    -0.1357318E+01
     0.4138960E+02    -0.1351130E+01
     0.4138559E+02    -0.1346063E+01
     0.4135176E+02    -0.1303366E+01
     0.4130897E+02    -0.1245904E+01
     0.4129149E+02    -0.1222437E+01
     0.4127185E+02    -0.1193848E+01
     0.4123403E+02    -0.1144497E+01
     0.4119548E+02    -0.1094191E+01
     0.4116845E+02    -0.1055314E+01
     0.4115907E+02    -0.1043123E+01
     0.4108634E+02    -0.9485755E+00
     0.4108244E+02    -0.9430110E+00
     0.4103347E+02    -0.8731140E+00
     0.4102589E+02    -0.8660443E+00
     0.4100724E+02    -0.8420790E+00
     0.4100099E+02    -0.8340486E+00
     0.4099951E+02    -0.7178915E+00
     0.4099879E+02    -0.6614838E+00
     0.4099888E+02    -0.5915439E+00
     0.4099889E+02    -0.5822123E+00
     0.4099996E+02    -0.5718650E+00
     0.4099883E+02    -0.5420055E+00
     0.4100082E+02    -0.5029333E+00
     0.4099945E+02    -0.4653614E+00
     0.4099824E+02    -0.4321940E+00
     0.4099999E+02    -0.4220729E+00
     0.4099780E+02    -0.4037111E+00
     0.4100001E+02    -0.3940470E+00
     0.4099938E+02    -0.3400694E+00
     0.4100141E+02    -0.2435854E+00
     0.4100085E+02    -0.2133306E+00
     0.4099948E+02    -0.1377237E+00
     0.4100032E+02    -0.1280723E+00
     0.4099906E+02    -0.1120065E+00
     0.4100048E+02    -0.8765365E-01
     0.4100051E+02     0.0000000E+00
     0.4098863E+02     0.1401324E-01
     0.4098931E+02     0.9318604E-01
     0.4099096E+02     0.1066427E+00
     0.4098927E+02     0.1193125E+00
     0.4098937E+02     0.1289766E+00
     0.4099009E+02     0.1972122E+00
     0.4098973E+02     0.2551816E+00
     0.4098907E+02     0.3582266E+00
     0.4098925E+02     0.3814065E+00
     0.4099025E+02     0.5076481E+00
     0.4099125E+02     0.6339067E+00
     0.4099138E+02     0.6508170E+00
     0.4099001E+02     0.7223514E+00
     0.4099020E+02     0.7601702E+00
     0.4099088E+02     0.8864626E+00
     0.4099129E+02     0.9630588E+00
     0.4099037E+02     0.1012761E+01
     0.4099010E+02     0.1027149E+01
     0.4099043E+02     0.1139082E+01
     0.4099079E+02     0.1265418E+01
     0.4099115E+02     0.1391768E+01
     0.4099151E+02     0.1518130E+01
     0.4099180E+02     0.1619201E+01
     0.4099165E+02     0.1644503E+01
     0.4099096E+02     0.1757638E+01
     0.4099115E+02     0.1770884E+01
     0.4099148E+02     0.1792801E+01
     0.4099383E+02     0.1823886E+01
     0.4099129E+02     0.1831670E+01
     0.4099071E+02     0.1896777E+01
     0.4099031E+02     0.1941992E+01
     0.4099176E+02     0.2017509E+01
     0.4099165E+02     0.2023166E+01
     0.4099027E+02     0.2095263E+01
     0.4099144E+02     0.2109328E+01
     0.4099134E+02     0.2149519E+01
     0.4099102E+02     0.2275942E+01
     0.4099091E+02     0.2319638E+01
     0.4099208E+02     0.2333334E+01
     0.4099208E+02     0.2402324E+01
     0.4099209E+02     0.2528764E+01
     0.4099210E+02     0.2655210E+01
     0.4099211E+02     0.2781664E+01
     0.4099211E+02     0.2829568E+01
     0.4104811E+02     0.2884393E+01
     0.4108123E+02     0.2916805E+01
     0.4113354E+02     0.2970751E+01
     0.4113694E+02     0.2974011E+01
     0.4122794E+02     0.3061419E+01
     0.4126013E+02     0.3092333E+01
     0.4128568E+02     0.3115216E+01
     0.4131872E+02     0.3149008E+01
     0.4132813E+02     0.3158634E+01
     0.4139241E+02     0.3251363E+01
     0.4146439E+02     0.3355160E+01
     0.4153639E+02     0.3458952E+01
     0.4159253E+02     0.3539862E+01
     0.4160918E+02     0.3562177E+01
     0.4161065E+02     0.3564137E+01
     0.4166145E+02     0.3639192E+01
     0.4168094E+02     0.3666138E+01
     0.4174900E+02     0.3760231E+01
     0.4175542E+02     0.3768149E+01
     0.4176455E+02     0.3779404E+01
     0.4179058E+02     0.3819480E+01
     0.4182805E+02     0.3871442E+01
     0.4182975E+02     0.3873799E+01
     0.4183538E+02     0.3879222E+01
     0.4186019E+02     0.3912657E+01
     0.4187288E+02     0.3936615E+01
     0.4189908E+02     0.3975494E+01
     0.4189908E+02     0.3975494E+01
     0.4190690E+02     0.3978008E+01
     0.4191309E+02     0.3990754E+01
     0.4192142E+02     0.3994117E+01
     0.4192640E+02     0.4002609E+01
     0.4194346E+02     0.4016659E+01
     0.4194896E+02     0.4027875E+01
     0.4194609E+02     0.4044025E+01
     0.4194599E+02     0.4044590E+01
     0.4194622E+02     0.4055664E+01
     0.4196691E+02     0.4080088E+01
     0.4197268E+02     0.4079375E+01
     0.4197422E+02     0.4080559E+01
     0.4197905E+02     0.4095186E+01
     0.4200000E+02     0.4093367E+01
     0.4200871E+02     0.4101515E+01
     0.4203535E+02     0.4132223E+01
     0.4205114E+02     0.4151519E+01
     0.4206109E+02     0.4161539E+01
     0.4206902E+02     0.4168312E+01
     0.4208016E+02     0.4175357E+01
     0.4208767E+02     0.4179365E+01
     0.4209774E+02     0.4179727E+01
     0.4214151E+02     0.4179605E+01
     0.4219674E+02     0.4178940E+01
     0.4225238E+02     0.4181957E+01
     0.4229863E+02     0.4184389E+01
     0.4231695E+02     0.4185543E+01
     0.4237098E+02     0.4189451E+01
     0.4241650E+02     0.4194858E+01
     0.4244555E+02     0.4199364E+01
     0.4247552E+02     0.4202731E+01
     0.4248583E+02     0.4203320E+01
     0.4249752E+02     0.4202317E+01
     0.4252662E+02     0.4202912E+01
     0.4254263E+02     0.4204952E+01
     0.4255453E+02     0.4206250E+01
     0.4256572E+02     0.4209839E+01
     0.4257394E+02     0.4212011E+01
     0.4258788E+02     0.4215405E+01
     0.4259949E+02     0.4220608E+01
     0.4263827E+02     0.4235578E+01
     0.4267154E+02     0.4250478E+01
     0.4268341E+02     0.4254304E+01
     0.4269437E+02     0.4257889E+01
     0.4270236E+02     0.4260057E+01
     0.4270990E+02     0.4261759E+01
     0.4272020E+02     0.4262806E+01
     0.4272890E+02     0.4263372E+01
     0.4273760E+02     0.4263939E+01
     0.4275020E+02     0.4264553E+01
     0.4281734E+02     0.4264912E+01
     0.4282510E+02     0.4267076E+01
     0.4283331E+02     0.4270625E+01
     0.4284901E+02     0.4279555E+01
     0.4286242E+02     0.4289377E+01
     0.4287763E+02     0.4301519E+01
     0.4289805E+02     0.4318554E+01
     0.4292566E+02     0.4348094E+01
     0.4293967E+02     0.4364361E+01
     0.4295210E+02     0.4379919E+01
     0.4296924E+02     0.4403352E+01
     0.4298116E+02     0.4422583E+01
     0.4299016E+02     0.4436950E+01
     0.4299755E+02     0.4451756E+01
     0.4300340E+02     0.4461715E+01
     0.4300722E+02     0.4467740E+01
     0.4300967E+02     0.4473979E+01
     0.4301232E+02     0.4482289E+01
     0.4302124E+02     0.4523561E+01
     0.4302187E+02     0.4528398E+01
     0.4302385E+02     0.4535321E+01
     0.4302606E+02     0.4542247E+01
     0.4303033E+02     0.4549197E+01
     0.4303479E+02     0.4560288E+01
     0.4303909E+02     0.4565399E+01
     0.4304428E+02     0.4572129E+01
     0.4308014E+02     0.4602681E+01
     0.4312245E+02     0.4631236E+01
     0.4316958E+02     0.4659616E+01
     0.4323519E+02     0.4696257E+01
     0.4332432E+02     0.4741442E+01
     0.4342147E+02     0.4788548E+01
     0.4343493E+02     0.4794680E+01
     0.4346918E+02     0.4806797E+01
     0.4354343E+02     0.4831321E+01
     0.4365907E+02     0.4868027E+01
     0.4381386E+02     0.4909975E+01
     0.4400758E+02     0.4958976E+01
     0.4401514E+02     0.4960437E+01
     0.4403028E+02     0.4959679E+01
     0.4424320E+02     0.4950422E+01
     0.4498174E+02     0.4917296E+01
     0.4500000E+02     0.4936028E+01
     0.4506235E+02     0.5000000E+01
     0.4798618E+02     0.8000000E+01
     0.4798618E+02     0.8000000E+01
     0.4790000E+02     0.8000000E+01
     0.4780000E+02     0.8000000E+01
     0.4770000E+02     0.8000000E+01
     0.4760000E+02     0.8000000E+01
     0.4750000E+02     0.8000000E+01
     0.4740000E+02     0.8000000E+01
     0.4730000E+02     0.8000000E+01
     0.4720000E+02     0.8000000E+01
     0.4710000E+02     0.8000000E+01
     0.4700000E+02     0.8000000E+01
     0.4698970E+02     0.8000000E+01
     0.4698967E+02     0.8003058E+01
     0.4698779E+02     0.8003739E+01
     0.4691863E+02     0.8028798E+01
     0.4688931E+02     0.8037029E+01
     0.4686810E+02     0.8044557E+01
     0.4676314E+02     0.8081774E+01
     0.4675021E+02     0.8085095E+01
     0.4674849E+02     0.8085702E+01
     0.4662908E+02     0.8127764E+01
     0.4661545E+02     0.8131302E+01
     0.4658770E+02     0.8141582E+01
     0.4657913E+02     0.8146087E+01
     0.4652413E+02     0.8162286E+01
     0.4650920E+02     0.8167610E+01
     0.4648412E+02     0.8176562E+01
     0.4648063E+02     0.8179280E+01
     0.4645614E+02     0.8185452E+01
     0.4645080E+02     0.8188839E+01
     0.4638991E+02     0.8208385E+01
     0.4634628E+02     0.8222382E+01
     0.4632983E+02     0.8229548E+01
     0.4629399E+02     0.8240171E+01
     0.4626995E+02     0.8248594E+01
     0.4623938E+02     0.8259303E+01
     0.4621185E+02     0.8267944E+01
     0.4619337E+02     0.8271867E+01
     0.4618941E+02     0.8275034E+01
     0.4615006E+02     0.8287951E+01
     0.4611374E+02     0.8299869E+01
     0.4609913E+02     0.8307272E+01
     0.4608851E+02     0.8308066E+01
     0.4606907E+02     0.8314723E+01
     0.4606072E+02     0.8318985E+01
     0.4605171E+02     0.8320485E+01
     0.4603042E+02     0.8327241E+01
     0.4592694E+02     0.8360062E+01
     0.4591164E+02     0.8366758E+01
     0.4591028E+02     0.8367093E+01
     0.4589476E+02     0.8370911E+01
     0.4582895E+02     0.8395333E+01
     0.4579031E+02     0.8407469E+01
     0.4576573E+02     0.8415185E+01
     0.4567033E+02     0.8448129E+01
     0.4566517E+02     0.8449908E+01
     0.4565615E+02     0.8451166E+01
     0.4561164E+02     0.8467788E+01
     0.4555018E+02     0.8487820E+01
     0.4552914E+02     0.8494673E+01
     0.4551340E+02     0.8498129E+01
     0.4549415E+02     0.8505668E+01
     0.4548166E+02     0.8508019E+01
     0.4542934E+02     0.8525360E+01
     0.4530902E+02     0.8565199E+01
     0.4525768E+02     0.8582180E+01
     0.4523891E+02     0.8586724E+01
     0.4518828E+02     0.8603647E+01
     0.4512315E+02     0.8625397E+01
     0.4510109E+02     0.8634014E+01
     0.4506824E+02     0.8644347E+01
     0.4500157E+02     0.8665309E+01
     0.4500000E+02     0.8666076E+01
     0.4499110E+02     0.8670425E+01
     0.4494806E+02     0.8684394E+01
     0.4486693E+02     0.8710700E+01
     0.4483078E+02     0.8719888E+01
     0.4480491E+02     0.8732884E+01
     0.4479287E+02     0.8734983E+01
     0.4478100E+02     0.8740300E+01
     0.4470734E+02     0.8766075E+01
     0.4469203E+02     0.8771430E+01
     0.4458691E+02     0.8805899E+01
     0.4455684E+02     0.8815749E+01
     0.4452569E+02     0.8826693E+01
     0.4452008E+02     0.8830499E+01
     0.4450245E+02     0.8834556E+01
     0.4446691E+02     0.8846019E+01
     0.4444437E+02     0.8853287E+01
     0.4437903E+02     0.8876470E+01
     0.4434656E+02     0.8886117E+01
     0.4432072E+02     0.8893794E+01
     0.4427071E+02     0.8911488E+01
     0.4425284E+02     0.8915754E+01
     0.4423446E+02     0.8922536E+01
     0.4422587E+02     0.8925004E+01
     0.4417962E+02     0.8938288E+01
     0.4410495E+02     0.8963490E+01
     0.4403842E+02     0.8985927E+01
     0.4403379E+02     0.8986068E+01
     0.4400586E+02     0.8996557E+01
     0.4398879E+02     0.9010769E+01
     0.4398564E+02     0.9013393E+01
     0.4389731E+02     0.9100441E+01
     0.4388562E+02     0.9113654E+01
     0.4388428E+02     0.9115259E+01
     0.4387187E+02     0.9130152E+01
     0.4380928E+02     0.9194377E+01
     0.4379698E+02     0.9206948E+01
     0.4376982E+02     0.9234707E+01
     0.4376560E+02     0.9237149E+01
     0.4370756E+02     0.9296466E+01
     0.4366749E+02     0.9337391E+01
     0.4366557E+02     0.9341027E+01
     0.4366324E+02     0.9341669E+01
     0.4365681E+02     0.9350039E+01
     0.4364669E+02     0.9358332E+01
     0.4360727E+02     0.9358926E+01
     0.4360154E+02     0.9359013E+01
     0.4359386E+02     0.9360692E+01
     0.4356561E+02     0.9372743E+01
     0.4353487E+02     0.9381063E+01
     0.4351992E+02     0.9387183E+01
     0.4349137E+02     0.9401518E+01
     0.4348915E+02     0.9403248E+01
     0.4346830E+02     0.9419412E+01
     0.4344552E+02     0.9444892E+01
     0.4343222E+02     0.9470801E+01
     0.4341729E+02     0.9504577E+01
     0.4341371E+02     0.9512683E+01
     0.4341026E+02     0.9532829E+01
     0.4340488E+02     0.9545811E+01
     0.4339824E+02     0.9552792E+01
     0.4337518E+02     0.9569072E+01
     0.4337132E+02     0.9576112E+01
     0.4336067E+02     0.9586224E+01
     0.4334155E+02     0.9598605E+01
     0.4334062E+02     0.9600288E+01
     0.4332479E+02     0.9606131E+01
     0.4330690E+02     0.9608272E+01
     0.4329919E+02     0.9611092E+01
     0.4328958E+02     0.9657529E+01
     0.4328373E+02     0.9690647E+01
     0.4326995E+02     0.9768551E+01
     0.4326906E+02     0.9787375E+01
     0.4326299E+02     0.9815100E+01
     0.4325687E+02     0.9842637E+01
     0.4318181E+02     0.9882671E+01
     0.4316848E+02     0.9888139E+01
     0.4316215E+02     0.9890739E+01
     0.4314989E+02     0.9899430E+01
     0.4314526E+02     0.9898868E+01
     0.4314448E+02     0.9892646E+01
     0.4313813E+02     0.9886299E+01
     0.4312885E+02     0.9886322E+01
     0.4311535E+02     0.9888779E+01
     0.4309986E+02     0.9896477E+01
     0.4308947E+02     0.9904517E+01
     0.4308590E+02     0.9908804E+01
     0.4307638E+02     0.9933191E+01
     0.4306518E+02     0.9961888E+01
     0.4306182E+02     0.9966868E+01
     0.4304890E+02     0.1000000E+02
     0.4302924E+02     0.1005042E+02
     0.4301740E+02     0.1008078E+02
     0.4301065E+02     0.1009143E+02
     0.4300000E+02     0.1010120E+02
     0.4299321E+02     0.1010567E+02
     0.4297863E+02     0.1011705E+02
     0.4294323E+02     0.1015143E+02
     0.4294200E+02     0.1015253E+02
     0.4288115E+02     0.1020711E+02
     0.4286530E+02     0.1022426E+02
     0.4285833E+02     0.1023407E+02
     0.4285336E+02     0.1024254E+02
     0.4283263E+02     0.1027788E+02
     0.4280483E+02     0.1035184E+02
     0.4280325E+02     0.1035821E+02
     0.4279185E+02     0.1040410E+02
     0.4276308E+02     0.1045671E+02
     0.4275690E+02     0.1047156E+02
     0.4275612E+02     0.1047469E+02
     0.4274667E+02     0.1051226E+02
     0.4273944E+02     0.1052115E+02
     0.4273165E+02     0.1052639E+02
     0.4271687E+02     0.1053039E+02
     0.4270405E+02     0.1053896E+02
     0.4269840E+02     0.1054621E+02
     0.4269542E+02     0.1055823E+02
     0.4269039E+02     0.1057230E+02
     0.4268317E+02     0.1059253E+02
     0.4268301E+02     0.1060633E+02
     0.4268502E+02     0.1061296E+02
     0.4269296E+02     0.1062520E+02
     0.4270320E+02     0.1063601E+02
     0.4272261E+02     0.1065121E+02
     0.4273867E+02     0.1067709E+02
     0.4276653E+02     0.1072197E+02
     0.4278857E+02     0.1075068E+02
     0.4279750E+02     0.1076451E+02
     0.4281088E+02     0.1078030E+02
     0.4281127E+02     0.1078085E+02
     0.4284093E+02     0.1082286E+02
     0.4285571E+02     0.1083816E+02
     0.4286422E+02     0.1085429E+02
     0.4287044E+02     0.1086128E+02
     0.4287626E+02     0.1087149E+02
     0.4288554E+02     0.1088310E+02
     0.4291005E+02     0.1091373E+02
     0.4293132E+02     0.1094796E+02
     0.4296164E+02     0.1098441E+02
     0.4298590E+02     0.1102190E+02
     0.4299663E+02     0.1104258E+02
     0.4300000E+02     0.1105495E+02
     0.4325469E+02     0.1146960E+02
     0.4325469E+02     0.1146960E+02
     0.4325863E+02     0.1146744E+02
     0.4327352E+02     0.1146892E+02
     0.4328747E+02     0.1147083E+02
     0.4329310E+02     0.1146912E+02
     0.4329743E+02     0.1146347E+02
     0.4330167E+02     0.1146149E+02
     0.4330585E+02     0.1146227E+02
     0.4330694E+02     0.1146551E+02
     0.4330615E+02     0.1146941E+02
     0.4330006E+02     0.1148077E+02
     0.4329721E+02     0.1148323E+02
     0.4328453E+02     0.1148686E+02
     0.4328633E+02     0.1148966E+02
     0.4329052E+02     0.1149044E+02
     0.4330230E+02     0.1148519E+02
     0.4330756E+02     0.1147932E+02
     0.4331366E+02     0.1146776E+02
     0.4331511E+02     0.1146500E+02
     0.4332019E+02     0.1144718E+02
     0.4333115E+02     0.1142627E+02
     0.4333444E+02     0.1142542E+02
     0.4334359E+02     0.1143298E+02
     0.4334573E+02     0.1143119E+02
     0.4335429E+02     0.1141367E+02
     0.4338667E+02     0.1138357E+02
     0.4339095E+02     0.1137975E+02
     0.4340998E+02     0.1138338E+02
     0.4342757E+02     0.1137893E+02
     0.4343090E+02     0.1137556E+02
     0.4343178E+02     0.1136753E+02
     0.4343839E+02     0.1136376E+02
     0.4344734E+02     0.1135982E+02
     0.4345521E+02     0.1135171E+02
     0.4345965E+02     0.1135135E+02
     0.4347815E+02     0.1135772E+02
     0.4348684E+02     0.1136503E+02
     0.4349836E+02     0.1137126E+02
     0.4350327E+02     0.1137067E+02
     0.4350451E+02     0.1136748E+02
     0.4349209E+02     0.1135986E+02
     0.4348370E+02     0.1134933E+02
     0.4348211E+02     0.1133688E+02
     0.4347949E+02     0.1132901E+02
     0.4348035E+02     0.1132167E+02
     0.4348546E+02     0.1131212E+02
     0.4348659E+02     0.1130318E+02
     0.4349340E+02     0.1129022E+02
     0.4349369E+02     0.1126678E+02
     0.4349607E+02     0.1124361E+02
     0.4349982E+02     0.1123173E+02
     0.4350233E+02     0.1122681E+02
     0.4351614E+02     0.1119966E+02
     0.4351798E+02     0.1119005E+02
     0.4352140E+02     0.1118299E+02
     0.4352897E+02     0.1117763E+02
     0.4353272E+02     0.1117656E+02
     0.4354000E+02     0.1117828E+02
     0.4352767E+02     0.1118381E+02
     0.4352481E+02     0.1118674E+02
     0.4352803E+02     0.1118842E+02
     0.4355382E+02     0.1118115E+02
     0.4355596E+02     0.1117889E+02
     0.4355799E+02     0.1117179E+02
     0.4356504E+02     0.1114713E+02
     0.4357481E+02     0.1112664E+02
     0.4358421E+02     0.1111213E+02
     0.4359859E+02     0.1108231E+02
     0.4361503E+02     0.1105967E+02
     0.4362571E+02     0.1104495E+02
     0.4364702E+02     0.1100700E+02
     0.4365899E+02     0.1099185E+02
     0.4367447E+02     0.1096458E+02
     0.4368311E+02     0.1095299E+02
     0.4369220E+02     0.1094081E+02
     0.4373025E+02     0.1090251E+02
     0.4376843E+02     0.1085902E+02
     0.4378913E+02     0.1083544E+02
     0.4383834E+02     0.1078471E+02
     0.4385708E+02     0.1076738E+02
     0.4392950E+02     0.1070630E+02
     0.4395307E+02     0.1068470E+02
     0.4395675E+02     0.1068133E+02
     0.4397762E+02     0.1067208E+02
     0.4399503E+02     0.1066208E+02
     0.4404677E+02     0.1062056E+02
     0.4405784E+02     0.1061357E+02
     0.4406444E+02     0.1060872E+02
     0.4408189E+02     0.1058493E+02
     0.4409609E+02     0.1057187E+02
     0.4411023E+02     0.1056203E+02
     0.4411751E+02     0.1055803E+02
     0.4413079E+02     0.1055598E+02
     0.4414039E+02     0.1055272E+02
     0.4414862E+02     0.1054759E+02
     0.4418428E+02     0.1051861E+02
     0.4420168E+02     0.1050768E+02
     0.4420714E+02     0.1050204E+02
     0.4421802E+02     0.1049126E+02
     0.4423442E+02     0.1047502E+02
     0.4425824E+02     0.1045427E+02
     0.4428818E+02     0.1043138E+02
     0.4432026E+02     0.1041772E+02
     0.4435673E+02     0.1040481E+02
     0.4436656E+02     0.1040133E+02
     0.4441040E+02     0.1039179E+02
     0.4444761E+02     0.1040096E+02
     0.4448156E+02     0.1039904E+02
     0.4450977E+02     0.1039288E+02
     0.4452286E+02     0.1038829E+02
     0.4454123E+02     0.1038700E+02
     0.4455457E+02     0.1038103E+02
     0.4456458E+02     0.1037960E+02
     0.4459447E+02     0.1038334E+02
     0.4460604E+02     0.1038266E+02
     0.4461562E+02     0.1038210E+02
     0.4462254E+02     0.1038521E+02
     0.4463827E+02     0.1038824E+02
     0.4465247E+02     0.1039906E+02
     0.4465870E+02     0.1040146E+02
     0.4469780E+02     0.1040995E+02
     0.4471635E+02     0.1041118E+02
     0.4472577E+02     0.1041755E+02
     0.4475218E+02     0.1042098E+02
     0.4475965E+02     0.1041904E+02
     0.4476200E+02     0.1041701E+02
     0.4477663E+02     0.1041726E+02
     0.4478316E+02     0.1041553E+02
     0.4479407E+02     0.1041617E+02
     0.4479819E+02     0.1041946E+02
     0.4480167E+02     0.1041975E+02
     0.4480846E+02     0.1041664E+02
     0.4482120E+02     0.1041846E+02
     0.4482748E+02     0.1041765E+02
     0.4484340E+02     0.1041033E+02
     0.4486224E+02     0.1040903E+02
     0.4488063E+02     0.1040634E+02
     0.4488158E+02     0.1040521E+02
     0.4488318E+02     0.1040639E+02
     0.4491985E+02     0.1040790E+02
     0.4494349E+02     0.1041082E+02
     0.4496103E+02     0.1041708E+02
     0.4499559E+02     0.1043349E+02
     0.4500000E+02     0.1043716E+02
     0.4500178E+02     0.1043865E+02
     0.4500538E+02     0.1044560E+02
     0.4500417E+02     0.1044857E+02
     0.4500000E+02     0.1044964E+02
     0.4499256E+02     0.1044861E+02
     0.4498613E+02     0.1044368E+02
     0.4498540E+02     0.1044356E+02
     0.4498312E+02     0.1044317E+02
     0.4498239E+02     0.1044569E+02
     0.4498555E+02     0.1045080E+02
     0.4500000E+02     0.1045593E+02
     0.4500518E+02     0.1045778E+02
     0.4502338E+02     0.1046703E+02
     0.4504787E+02     0.1047500E+02
     0.4506464E+02     0.1048607E+02
     0.4507419E+02     0.1049886E+02
     0.4508244E+02     0.1050611E+02
     0.4508475E+02     0.1050638E+02
     0.4508797E+02     0.1050850E+02
     0.4512944E+02     0.1051558E+02
     0.4514469E+02     0.1052087E+02
     0.4516309E+02     0.1053265E+02
     0.4518502E+02     0.1054103E+02
     0.4521089E+02     0.1055108E+02
     0.4523325E+02     0.1056199E+02
     0.4524244E+02     0.1056903E+02
     0.4525638E+02     0.1058372E+02
     0.4526979E+02     0.1060254E+02
     0.4528380E+02     0.1061633E+02
     0.4529658E+02     0.1062891E+02
     0.4532445E+02     0.1066012E+02
     0.4533905E+02     0.1066310E+02
     0.4536023E+02     0.1066134E+02
     0.4539172E+02     0.1066180E+02
     0.4539532E+02     0.1066185E+02
     0.4540603E+02     0.1066040E+02
     0.4542180E+02     0.1066270E+02
     0.4544017E+02     0.1066227E+02
     0.4546060E+02     0.1066395E+02
     0.4546683E+02     0.1066702E+02
     0.4548006E+02     0.1068376E+02
     0.4549069E+02     0.1068828E+02
     0.4550908E+02     0.1069068E+02
     0.4551436E+02     0.1069137E+02
     0.4551828E+02     0.1069327E+02
     0.4553294E+02     0.1070841E+02
     0.4555539E+02     0.1071516E+02
     0.4556484E+02     0.1072081E+02
     0.4557197E+02     0.1072620E+02
     0.4557670E+02     0.1073638E+02
     0.4558380E+02     0.1074383E+02
     0.4559157E+02     0.1075868E+02
     0.4559240E+02     0.1076027E+02
     0.4559721E+02     0.1076493E+02
     0.4561813E+02     0.1076545E+02
     0.4563155E+02     0.1077023E+02
     0.4565835E+02     0.1078278E+02
     0.4567108E+02     0.1078686E+02
     0.4568147E+02     0.1079252E+02
     0.4570518E+02     0.1080939E+02
     0.4571554E+02     0.1081711E+02
     0.4575559E+02     0.1083029E+02
     0.4575835E+02     0.1083262E+02
     0.4576787E+02     0.1085045E+02
     0.4577382E+02     0.1085742E+02
     0.4578029E+02     0.1086072E+02
     0.4579135E+02     0.1086193E+02
     0.4580189E+02     0.1086308E+02
     0.4580741E+02     0.1086752E+02
     0.4581020E+02     0.1086732E+02
     0.4581986E+02     0.1085871E+02
     0.4584051E+02     0.1084542E+02
     0.4585455E+02     0.1083940E+02
     0.4585786E+02     0.1083484E+02
     0.4585939E+02     0.1082521E+02
     0.4586225E+02     0.1081996E+02
     0.4586578E+02     0.1081725E+02
     0.4587345E+02     0.1081734E+02
     0.4588377E+02     0.1081104E+02
     0.4588536E+02     0.1081382E+02
     0.4588284E+02     0.1081839E+02
     0.4586843E+02     0.1082739E+02
     0.4586488E+02     0.1083217E+02
     0.4586553E+02     0.1083563E+02
     0.4587855E+02     0.1083580E+02
     0.4591200E+02     0.1082151E+02
     0.4595539E+02     0.1079356E+02
     0.4597462E+02     0.1078116E+02
     0.4599491E+02     0.1077681E+02
     0.4602306E+02     0.1077555E+02
     0.4604165E+02     0.1076997E+02
     0.4604804E+02     0.1076804E+02
     0.4609694E+02     0.1076243E+02
     0.4611158E+02     0.1076353E+02
     0.4616764E+02     0.1077503E+02
     0.4616863E+02     0.1077524E+02
     0.4620600E+02     0.1078073E+02
     0.4623623E+02     0.1078039E+02
     0.4624534E+02     0.1077705E+02
     0.4626224E+02     0.1076391E+02
     0.4628635E+02     0.1075063E+02
     0.4629197E+02     0.1074701E+02
     0.4629786E+02     0.1074064E+02
     0.4632053E+02     0.1071056E+02
     0.4634472E+02     0.1068968E+02
     0.4635242E+02     0.1068770E+02
     0.4637467E+02     0.1068744E+02
     0.4638241E+02     0.1068734E+02
     0.4639805E+02     0.1068154E+02
     0.4640782E+02     0.1068169E+02
     0.4641573E+02     0.1068012E+02
     0.4644966E+02     0.1068072E+02
     0.4649295E+02     0.1069658E+02
     0.4649772E+02     0.1069913E+02
     0.4651883E+02     0.1071042E+02
     0.4657934E+02     0.1072576E+02
     0.4658839E+02     0.1072746E+02
     0.4661025E+02     0.1072722E+02
     0.4661998E+02     0.1073054E+02
     0.4662854E+02     0.1073430E+02
     0.4664085E+02     0.1073558E+02
     0.4666679E+02     0.1074503E+02
     0.4668987E+02     0.1076089E+02
     0.4670610E+02     0.1076588E+02
     0.4671691E+02     0.1077679E+02
     0.4672271E+02     0.1077868E+02
     0.4674193E+02     0.1078599E+02
     0.4675859E+02     0.1079443E+02
     0.4677111E+02     0.1079777E+02
     0.4678101E+02     0.1080775E+02
     0.4680016E+02     0.1081570E+02
     0.4680764E+02     0.1081880E+02
     0.4681569E+02     0.1082784E+02
     0.4682775E+02     0.1083117E+02
     0.4683445E+02     0.1083537E+02
     0.4683948E+02     0.1084439E+02
     0.4684570E+02     0.1085019E+02
     0.4686218E+02     0.1085425E+02
     0.4687051E+02     0.1085847E+02
     0.4688039E+02     0.1087074E+02
     0.4688848E+02     0.1087587E+02
     0.4689789E+02     0.1088906E+02
     0.4690089E+02     0.1089207E+02
     0.4691017E+02     0.1089469E+02
     0.4692133E+02     0.1089548E+02
     0.4692641E+02     0.1089874E+02
     0.4693373E+02     0.1091214E+02
     0.4693766E+02     0.1091401E+02
     0.4695582E+02     0.1091280E+02
     0.4696255E+02     0.1091470E+02
     0.4697224E+02     0.1092329E+02
     0.4698478E+02     0.1092661E+02
     0.4699287E+02     0.1093174E+02
     0.4699840E+02     0.1093754E+02
     0.4700259E+02     0.1094438E+02
     0.4700803E+02     0.1095325E+02
     0.4701194E+02     0.1095765E+02
     0.4701726E+02     0.1096069E+02
     0.4703076E+02     0.1096058E+02
     0.4705028E+02     0.1096350E+02
     0.4706276E+02     0.1097280E+02
     0.4708298E+02     0.1097573E+02
     0.4709966E+02     0.1098369E+02
     0.4710749E+02     0.1099251E+02
     0.4710879E+02     0.1099794E+02
     0.4711265E+02     0.1101414E+02
     0.4711863E+02     0.1102246E+02
     0.4714220E+02     0.1104105E+02
     0.4714471E+02     0.1104728E+02
     0.4714601E+02     0.1105878E+02
     0.4715040E+02     0.1106249E+02
     0.4719405E+02     0.1107786E+02
     0.4721793E+02     0.1108626E+02
     0.4723879E+02     0.1109700E+02
     0.4725634E+02     0.1111438E+02
     0.4727609E+02     0.1111844E+02
     0.4729417E+02     0.1112823E+02
     0.4730724E+02     0.1113147E+02
     0.4730951E+02     0.1113203E+02
     0.4733408E+02     0.1114509E+02
     0.4735521E+02     0.1115306E+02
     0.4737821E+02     0.1115852E+02
     0.4739234E+02     0.1116828E+02
     0.4740327E+02     0.1116974E+02
     0.4742209E+02     0.1117539E+02
     0.4744303E+02     0.1117309E+02
     0.4744563E+02     0.1117280E+02
     0.4745607E+02     0.1117816E+02
     0.4746095E+02     0.1117912E+02
     0.4747400E+02     0.1117737E+02
     0.4749098E+02     0.1118071E+02
     0.4750634E+02     0.1118105E+02
     0.4753548E+02     0.1117780E+02
     0.4754877E+02     0.1117467E+02
     0.4755743E+02     0.1116945E+02
     0.4756433E+02     0.1116273E+02
     0.4757689E+02     0.1115050E+02
     0.4759631E+02     0.1113753E+02
     0.4761032E+02     0.1113026E+02
     0.4762648E+02     0.1111773E+02
     0.4764190E+02     0.1110978E+02
     0.4766645E+02     0.1109362E+02
     0.4766980E+02     0.1109219E+02
     0.4767439E+02     0.1109023E+02
     0.4768441E+02     0.1108914E+02
     0.4769977E+02     0.1108970E+02
     0.4772046E+02     0.1109465E+02
     0.4776411E+02     0.1111193E+02
     0.4779234E+02     0.1111942E+02
     0.4780222E+02     0.1112204E+02
     0.4781832E+02     0.1111685E+02
     0.4784464E+02     0.1111401E+02
     0.4786422E+02     0.1111022E+02
     0.4788121E+02     0.1111100E+02
     0.4791351E+02     0.1112176E+02
     0.4791681E+02     0.1112209E+02
     0.4792561E+02     0.1112297E+02
     0.4794054E+02     0.1111708E+02
     0.4797176E+02     0.1111242E+02
     0.4798687E+02     0.1111640E+02
     0.4800761E+02     0.1111421E+02
     0.4802460E+02     0.1111499E+02
     0.4804203E+02     0.1111944E+02
     0.4805830E+02     0.1112435E+02
     0.4807367E+02     0.1112397E+02
     0.4809222E+02     0.1112853E+02
     0.4809274E+02     0.1112866E+02
     0.4809973E+02     0.1112755E+02
     0.4810766E+02     0.1112391E+02
     0.4812231E+02     0.1112788E+02
     0.4813559E+02     0.1112496E+02
     0.4815350E+02     0.1112918E+02
     0.4817460E+02     0.1114583E+02
     0.4818528E+02     0.1115254E+02
     0.4819083E+02     0.1116038E+02
     0.4820109E+02     0.1117130E+02
     0.4820797E+02     0.1117862E+02
     0.4822353E+02     0.1118673E+02
     0.4823465E+02     0.1120080E+02
     0.4824161E+02     0.1120451E+02
     0.4828815E+02     0.1121344E+02
     0.4830070E+02     0.1121924E+02
     0.4831157E+02     0.1122641E+02
     0.4831718E+02     0.1123011E+02
     0.4832460E+02     0.1123887E+02
     0.4833736E+02     0.1124881E+02
     0.4834640E+02     0.1125988E+02
     0.4835499E+02     0.1126727E+02
     0.4836010E+02     0.1126981E+02
     0.4838618E+02     0.1127244E+02
     0.4839314E+02     0.1127914E+02
     0.4840408E+02     0.1128079E+02
     0.4841906E+02     0.1128066E+02
     0.4846209E+02     0.1128031E+02
     0.4847419E+02     0.1128265E+02
     0.4848721E+02     0.1128821E+02
     0.4851743E+02     0.1130578E+02
     0.4853000E+02     0.1130973E+02
     0.4854026E+02     0.1131030E+02
     0.4854327E+02     0.1131046E+02
     0.4857497E+02     0.1130597E+02
     0.4860409E+02     0.1130698E+02
     0.4861945E+02     0.1131093E+02
     0.4864598E+02     0.1132158E+02
     0.4866205E+02     0.1132255E+02
     0.4866514E+02     0.1132138E+02
     0.4870194E+02     0.1130749E+02
     0.4871615E+02     0.1130546E+02
     0.4877374E+02     0.1129066E+02
     0.4878783E+02     0.1128612E+02
     0.4879356E+02     0.1128427E+02
     0.4881874E+02     0.1127330E+02
     0.4883671E+02     0.1126276E+02
     0.4885792E+02     0.1125637E+02
     0.4887960E+02     0.1124653E+02
     0.4890665E+02     0.1124120E+02
     0.4892458E+02     0.1123766E+02
     0.4895532E+02     0.1123840E+02
     0.4898396E+02     0.1124466E+02
     0.4901491E+02     0.1125459E+02
     0.4902749E+02     0.1125438E+02
     0.4903191E+02     0.1125554E+02
     0.4905123E+02     0.1126384E+02
     0.4908057E+02     0.1126802E+02
     0.4910968E+02     0.1127495E+02
     0.4914392E+02     0.1127867E+02
     0.4915416E+02     0.1128098E+02
     0.4917349E+02     0.1128606E+02
     0.4918350E+02     0.1129020E+02
     0.4919375E+02     0.1128975E+02
     0.4921611E+02     0.1129621E+02
     0.4923964E+02     0.1129852E+02
     0.4927293E+02     0.1131280E+02
     0.4928132E+02     0.1131763E+02
     0.4929063E+02     0.1132522E+02
     0.4929598E+02     0.1133281E+02
     0.4929948E+02     0.1133419E+02
     0.4930949E+02     0.1133374E+02
     0.4931998E+02     0.1133075E+02
     0.4932088E+02     0.1133065E+02
     0.4933443E+02     0.1132915E+02
     0.4938615E+02     0.1132779E+02
     0.4942203E+02     0.1133354E+02
     0.4943531E+02     0.1133975E+02
     0.4944369E+02     0.1134779E+02
     0.4944555E+02     0.1135400E+02
     0.4946466E+02     0.1135929E+02
     0.4947025E+02     0.1136411E+02
     0.4947421E+02     0.1137331E+02
     0.4949914E+02     0.1137606E+02
     0.4950940E+02     0.1138089E+02
     0.4952850E+02     0.1140272E+02
     0.4954692E+02     0.1143949E+02
     0.4955321E+02     0.1144546E+02
     0.4955482E+02     0.1144587E+02
     0.4957582E+02     0.1145120E+02
     0.4959377E+02     0.1145188E+02
     0.4960263E+02     0.1145372E+02
     0.4962873E+02     0.1145370E+02
     0.4964016E+02     0.1145783E+02
     0.4965577E+02     0.1145897E+02
     0.4966580E+02     0.1146563E+02
     0.4967793E+02     0.1147136E+02
     0.4969215E+02     0.1147733E+02
     0.4970345E+02     0.1147223E+02
     0.4972431E+02     0.1146282E+02
     0.4974272E+02     0.1145797E+02
     0.4976207E+02     0.1145634E+02
     0.4979540E+02     0.1145791E+02
     0.4980542E+02     0.1145629E+02
     0.4982407E+02     0.1145741E+02
     0.4982849E+02     0.1145849E+02
     0.4984482E+02     0.1146244E+02
     0.4986138E+02     0.1146817E+02
     0.4989964E+02     0.1148925E+02
     0.4991177E+02     0.1149889E+02
     0.4991713E+02     0.1149865E+02
     0.4992551E+02     0.1149059E+02
     0.4993180E+02     0.1148736E+02
     0.4993949E+02     0.1148068E+02
     0.4994112E+02     0.1148413E+02
     0.4993996E+02     0.1148873E+02
     0.4992506E+02     0.1149611E+02
     0.4992413E+02     0.1149795E+02
     0.4992717E+02     0.1150461E+02
     0.4993207E+02     0.1150759E+02
     0.4993953E+02     0.1150941E+02
     0.4995492E+02     0.1150916E+02
     0.4996936E+02     0.1150361E+02
     0.4997985E+02     0.1150176E+02
     0.4999638E+02     0.1150212E+02
     0.5000000E+02     0.1150221E+02
     0.5000000E+02     0.1150221E+02
     0.5000829E+02     0.1150239E+02
     0.5002997E+02     0.1150097E+02
     0.5006401E+02     0.1150365E+02
     0.5007848E+02     0.1150684E+02
     0.5008921E+02     0.1151095E+02
     0.5010065E+02     0.1151943E+02
     0.5011185E+02     0.1152469E+02
     0.5011640E+02     0.1153037E+02
     0.5012214E+02     0.1153754E+02
     0.5013753E+02     0.1153704E+02
     0.5014734E+02     0.1154552E+02
     0.5015668E+02     0.1155055E+02
     0.5016718E+02     0.1155398E+02
     0.5018398E+02     0.1155600E+02
     0.5019355E+02     0.1156057E+02
     0.5020987E+02     0.1155984E+02
     0.5021570E+02     0.1156166E+02
     0.5023110E+02     0.1157228E+02
     0.5023462E+02     0.1157471E+02
     0.5026052E+02     0.1158061E+02
     0.5026986E+02     0.1158426E+02
     0.5027617E+02     0.1158953E+02
     0.5028063E+02     0.1159848E+02
     0.5028928E+02     0.1160627E+02
     0.5030143E+02     0.1161359E+02
     0.5031893E+02     0.1161837E+02
     0.5034118E+02     0.1162918E+02
     0.5035654E+02     0.1163664E+02
     0.5037828E+02     0.1165151E+02
     0.5038762E+02     0.1165630E+02
     0.5041751E+02     0.1166424E+02
     0.5043153E+02     0.1167040E+02
     0.5045216E+02     0.1168883E+02
     0.5047178E+02     0.1170635E+02
     0.5048372E+02     0.1171987E+02
     0.5049286E+02     0.1173155E+02
     0.5051306E+02     0.1176711E+02
     0.5052129E+02     0.1178432E+02
     0.5052761E+02     0.1178912E+02
     0.5053113E+02     0.1179485E+02
     0.5053656E+02     0.1181138E+02
     0.5053931E+02     0.1182429E+02
     0.5054131E+02     0.1183366E+02
     0.5054673E+02     0.1184835E+02
     0.5055286E+02     0.1186281E+02
     0.5056155E+02     0.1187772E+02
     0.5056245E+02     0.1188368E+02
     0.5055477E+02     0.1187475E+02
     0.5054137E+02     0.1184975E+02
     0.5053713E+02     0.1183988E+02
     0.5053417E+02     0.1182864E+02
     0.5052577E+02     0.1179671E+02
     0.5052250E+02     0.1179603E+02
     0.5052181E+02     0.1179972E+02
     0.5053931E+02     0.1186010E+02
     0.5055057E+02     0.1188091E+02
     0.5055247E+02     0.1188442E+02
     0.5055880E+02     0.1189198E+02
     0.5058153E+02     0.1191212E+02
     0.5058995E+02     0.1191553E+02
     0.5060352E+02     0.1192444E+02
     0.5062315E+02     0.1192711E+02
     0.5062737E+02     0.1193100E+02
     0.5063020E+02     0.1193881E+02
     0.5063255E+02     0.1194087E+02
     0.5063838E+02     0.1194084E+02
     0.5065342E+02     0.1193752E+02
     0.5067338E+02     0.1193311E+02
     0.5070705E+02     0.1194537E+02
     0.5072647E+02     0.1195402E+02
     0.5073629E+02     0.1195604E+02
     0.5075314E+02     0.1196240E+02
     0.5076599E+02     0.1196487E+02
     0.5077368E+02     0.1197045E+02
     0.5077607E+02     0.1197217E+02
     0.5078775E+02     0.1197327E+02
     0.5079337E+02     0.1197784E+02
     0.5079198E+02     0.1197991E+02
     0.5077984E+02     0.1198066E+02
     0.5077188E+02     0.1197748E+02
     0.5076555E+02     0.1197038E+02
     0.5076299E+02     0.1197201E+02
     0.5076957E+02     0.1198209E+02
     0.5077378E+02     0.1198437E+02
     0.5079154E+02     0.1198520E+02
     0.5079877E+02     0.1198356E+02
     0.5080576E+02     0.1197939E+02
     0.5081994E+02     0.1196530E+02
     0.5083134E+02     0.1195743E+02
     0.5085138E+02     0.1194698E+02
     0.5085860E+02     0.1194373E+02
     0.5089290E+02     0.1193872E+02
     0.5090411E+02     0.1193982E+02
     0.5092019E+02     0.1193123E+02
     0.5095586E+02     0.1192184E+02
     0.5097337E+02     0.1191387E+02
     0.5100081E+02     0.1190137E+02
     0.5101780E+02     0.1189024E+02
     0.5105435E+02     0.1187256E+02
     0.5106438E+02     0.1187158E+02
     0.5108494E+02     0.1187284E+02
     0.5109116E+02     0.1187168E+02
     0.5110009E+02     0.1187000E+02
     0.5111574E+02     0.1187036E+02
     0.5114027E+02     0.1187389E+02
     0.5114540E+02     0.1187225E+02
     0.5116145E+02     0.1186227E+02
     0.5116888E+02     0.1185556E+02
     0.5118215E+02     0.1185065E+02
     0.5121160E+02     0.1184408E+02
     0.5121502E+02     0.1184332E+02
     0.5123225E+02     0.1183539E+02
     0.5124578E+02     0.1183531E+02
     0.5126310E+02     0.1184140E+02
     0.5127314E+02     0.1184180E+02
     0.5128105E+02     0.1183807E+02
     0.5128476E+02     0.1183368E+02
     0.5128679E+02     0.1182378E+02
     0.5128461E+02     0.1181161E+02
     0.5127293E+02     0.1178821E+02
     0.5126664E+02     0.1177564E+02
     0.5125864E+02     0.1176420E+02
     0.5125672E+02     0.1175662E+02
     0.5125826E+02     0.1174098E+02
     0.5125563E+02     0.1173111E+02
     0.5124739E+02     0.1171944E+02
     0.5124454E+02     0.1171234E+02
     0.5125423E+02     0.1169457E+02
     0.5125535E+02     0.1168744E+02
     0.5125294E+02     0.1167665E+02
     0.5125104E+02     0.1167259E+02
     0.5124065E+02     0.1165053E+02
     0.5122825E+02     0.1164463E+02
     0.5122543E+02     0.1164189E+02
     0.5121927E+02     0.1162538E+02
     0.5121574E+02     0.1162126E+02
     0.5120709E+02     0.1161718E+02
     0.5118708E+02     0.1158742E+02
     0.5117444E+02     0.1157666E+02
     0.5117395E+02     0.1157624E+02
     0.5116479E+02     0.1156457E+02
     0.5115749E+02     0.1155243E+02
     0.5114969E+02     0.1153501E+02
     0.5112478E+02     0.1150229E+02
     0.5111982E+02     0.1149175E+02
     0.5112003E+02     0.1148692E+02
     0.5112301E+02     0.1147839E+02
     0.5112318E+02     0.1146805E+02
     0.5112343E+02     0.1146696E+02
     0.5112545E+02     0.1145815E+02
     0.5112062E+02     0.1142853E+02
     0.5111186E+02     0.1140513E+02
     0.5111276E+02     0.1140030E+02
     0.5110619E+02     0.1139138E+02
     0.5108805E+02     0.1134850E+02
     0.5108398E+02     0.1133887E+02
     0.5107990E+02     0.1131752E+02
     0.5107791E+02     0.1129615E+02
     0.5108086E+02     0.1128326E+02
     0.5107802E+02     0.1127431E+02
     0.5107399E+02     0.1126238E+02
     0.5107584E+02     0.1121985E+02
     0.5107721E+02     0.1121363E+02
     0.5108637E+02     0.1118692E+02
     0.5109628E+02     0.1116962E+02
     0.5110021E+02     0.1116408E+02
     0.5110833E+02     0.1115804E+02
     0.5111111E+02     0.1115597E+02
     0.5113599E+02     0.1115099E+02
     0.5114833E+02     0.1115115E+02
     0.5115785E+02     0.1114649E+02
     0.5116998E+02     0.1114941E+02
     0.5117695E+02     0.1114707E+02
     0.5117926E+02     0.1114406E+02
     0.5118039E+02     0.1113877E+02
     0.5117848E+02     0.1113143E+02
     0.5117548E+02     0.1112734E+02
     0.5116017E+02     0.1110648E+02
     0.5115801E+02     0.1109569E+02
     0.5113231E+02     0.1103885E+02
     0.5112586E+02     0.1101223E+02
     0.5112420E+02     0.1100534E+02
     0.5111660E+02     0.1093988E+02
     0.5111914E+02     0.1089665E+02
     0.5112117E+02     0.1088676E+02
     0.5112275E+02     0.1087709E+02
     0.5112516E+02     0.1081364E+02
     0.5112940E+02     0.1076072E+02
     0.5112993E+02     0.1075409E+02
     0.5112742E+02     0.1072285E+02
     0.5113131E+02     0.1067295E+02
     0.5113362E+02     0.1066926E+02
     0.5114220E+02     0.1066599E+02
     0.5114541E+02     0.1065930E+02
     0.5114754E+02     0.1064193E+02
     0.5115095E+02     0.1061422E+02
     0.5116771E+02     0.1057965E+02
     0.5116930E+02     0.1057366E+02
     0.5116577E+02     0.1056633E+02
     0.5116041E+02     0.1056384E+02
     0.5114645E+02     0.1056024E+02
     0.5112391E+02     0.1055969E+02
     0.5112074E+02     0.1055847E+02
     0.5111506E+02     0.1055630E+02
     0.5110527E+02     0.1054992E+02
     0.5110291E+02     0.1054465E+02
     0.5110406E+02     0.1054234E+02
     0.5110962E+02     0.1053886E+02
     0.5111030E+02     0.1053656E+02
     0.5110564E+02     0.1053383E+02
     0.5110469E+02     0.1053154E+02
     0.5110743E+02     0.1052302E+02
     0.5110485E+02     0.1051844E+02
     0.5111016E+02     0.1051243E+02
     0.5111058E+02     0.1050508E+02
     0.5110820E+02     0.1049429E+02
     0.5110162E+02     0.1048215E+02
     0.5109272E+02     0.1046887E+02
     0.5108455E+02     0.1046157E+02
     0.5108206E+02     0.1046116E+02
     0.5105712E+02     0.1045713E+02
     0.5103993E+02     0.1045677E+02
     0.5103225E+02     0.1045268E+02
     0.5102664E+02     0.1044627E+02
     0.5102592E+02     0.1044214E+02
     0.5102985E+02     0.1043844E+02
     0.5103006E+02     0.1043522E+02
     0.5103115E+02     0.1042235E+02
     0.5102948E+02     0.1041523E+02
     0.5102209E+02     0.1042148E+02
     0.5101930E+02     0.1042173E+02
     0.5101720E+02     0.1041967E+02
     0.5101973E+02     0.1041414E+02
     0.5101899E+02     0.1040771E+02
     0.5102177E+02     0.1040494E+02
     0.5102967E+02     0.1040696E+02
     0.5103778E+02     0.1040370E+02
     0.5104266E+02     0.1040436E+02
     0.5105596E+02     0.1041508E+02
     0.5106364E+02     0.1041871E+02
     0.5108734E+02     0.1042133E+02
     0.5109101E+02     0.1042231E+02
     0.5112013E+02     0.1043010E+02
     0.5113685E+02     0.1042931E+02
     0.5118332E+02     0.1043339E+02
     0.5121740E+02     0.1043144E+02
     0.5122835E+02     0.1043081E+02
     0.5123370E+02     0.1043215E+02
     0.5123558E+02     0.1043605E+02
     0.5123353E+02     0.1044158E+02
     0.5122844E+02     0.1044506E+02
     0.5122732E+02     0.1045196E+02
     0.5122385E+02     0.1045336E+02
     0.5122195E+02     0.1044785E+02
     0.5121206E+02     0.1046263E+02
     0.5119657E+02     0.1047398E+02
     0.5119381E+02     0.1047883E+02
     0.5119223E+02     0.1048573E+02
     0.5119461E+02     0.1049468E+02
     0.5119953E+02     0.1050200E+02
     0.5120050E+02     0.1050912E+02
     0.5120010E+02     0.1051161E+02
     0.5119871E+02     0.1052016E+02
     0.5119712E+02     0.1052661E+02
     0.5118281E+02     0.1054163E+02
     0.5117547E+02     0.1055708E+02
     0.5117758E+02     0.1056051E+02
     0.5118152E+02     0.1055888E+02
     0.5119209E+02     0.1053813E+02
     0.5119924E+02     0.1053119E+02
     0.5121848E+02     0.1052349E+02
     0.5122691E+02     0.1051566E+02
     0.5123669E+02     0.1050659E+02
     0.5125040E+02     0.1050145E+02
     0.5125964E+02     0.1049472E+02
     0.5127287E+02     0.1049165E+02
     0.5129137E+02     0.1047935E+02
     0.5129993E+02     0.1047561E+02
     0.5130968E+02     0.1047463E+02
     0.5131849E+02     0.1047066E+02
     0.5132940E+02     0.1047082E+02
     0.5134094E+02     0.1047571E+02
     0.5135130E+02     0.1048009E+02
     0.5136477E+02     0.1048092E+02
     0.5137452E+02     0.1047970E+02
     0.5138796E+02     0.1047478E+02
     0.5139049E+02     0.1047201E+02
     0.5139204E+02     0.1046051E+02
     0.5139802E+02     0.1045173E+02
     0.5141236E+02     0.1044336E+02
     0.5141303E+02     0.1043968E+02
     0.5140480E+02     0.1042457E+02
     0.5140171E+02     0.1041494E+02
     0.5139817E+02     0.1041206E+02
     0.5139611E+02     0.1041038E+02
     0.5139275E+02     0.1039455E+02
     0.5138970E+02     0.1038974E+02
     0.5138340E+02     0.1038496E+02
     0.5137526E+02     0.1038341E+02
     0.5137293E+02     0.1038159E+02
     0.5137104E+02     0.1037746E+02
     0.5137513E+02     0.1036480E+02
     0.5137395E+02     0.1036205E+02
     0.5136030E+02     0.1036880E+02
     0.5135100E+02     0.1036634E+02
     0.5134822E+02     0.1036728E+02
     0.5134061E+02     0.1037423E+02
     0.5133620E+02     0.1037563E+02
     0.5133156E+02     0.1037590E+02
     0.5132086E+02     0.1037229E+02
     0.5131694E+02     0.1037252E+02
     0.5130322E+02     0.1037333E+02
     0.5128926E+02     0.1036837E+02
     0.5128485E+02     0.1036954E+02
     0.5127699E+02     0.1037511E+02
     0.5126841E+02     0.1037632E+02
     0.5126542E+02     0.1037955E+02
     0.5126382E+02     0.1038462E+02
     0.5126835E+02     0.1040274E+02
     0.5126677E+02     0.1040942E+02
     0.5126238E+02     0.1041312E+02
     0.5124479E+02     0.1042174E+02
     0.5122961E+02     0.1042258E+02
     0.5121205E+02     0.1042356E+02
     0.5117742E+02     0.1041849E+02
     0.5116162E+02     0.1041767E+02
     0.5110977E+02     0.1040534E+02
     0.5110386E+02     0.1040467E+02
     0.5108468E+02     0.1040250E+02
     0.5106630E+02     0.1039687E+02
     0.5104702E+02     0.1039583E+02
     0.5101584E+02     0.1038222E+02
     0.5098561E+02     0.1036337E+02
     0.5097274E+02     0.1035534E+02
     0.5094968E+02     0.1034122E+02
     0.5093642E+02     0.1033532E+02
     0.5089915E+02     0.1031001E+02
     0.5089704E+02     0.1030542E+02
     0.5089486E+02     0.1027015E+02
     0.5089401E+02     0.1025649E+02
     0.5089571E+02     0.1022431E+02
     0.5090227E+02     0.1019096E+02
     0.5090200E+02     0.1018292E+02
     0.5089558E+02     0.1014504E+02
     0.5089387E+02     0.1013494E+02
     0.5089055E+02     0.1012186E+02
     0.5088374E+02     0.1010466E+02
     0.5088207E+02     0.1009571E+02
     0.5088615E+02     0.1007570E+02
     0.5088766E+02     0.1005271E+02
     0.5089587E+02     0.1002487E+02
     0.5089601E+02     0.1002230E+02
     0.5089629E+02     0.1001706E+02
     0.5089463E+02     0.1001017E+02
     0.5089666E+02     0.1000000E+02
     0.5089825E+02     0.9992002E+01
     0.5089218E+02     0.9982153E+01
     0.5088629E+02     0.9964723E+01
     0.5087938E+02     0.9926849E+01
     0.5087259E+02     0.9900637E+01
     0.5086993E+02     0.9890368E+01
     0.5086824E+02     0.9876133E+01
     0.5086544E+02     0.9871323E+01
     0.5085309E+02     0.9858520E+01
     0.5085145E+02     0.9854623E+01
     0.5084213E+02     0.9795857E+01
     0.5083217E+02     0.9747664E+01
     0.5083489E+02     0.9734787E+01
     0.5083400E+02     0.9721695E+01
     0.5083389E+02     0.9720090E+01
     0.5082941E+02     0.9704262E+01
     0.5083005E+02     0.9692313E+01
     0.5082837E+02     0.9680146E+01
     0.5082067E+02     0.9667320E+01
     0.5082387E+02     0.9657427E+01
     0.5081751E+02     0.9636096E+01
     0.5080701E+02     0.9617082E+01
     0.5080555E+02     0.9602388E+01
     0.5080059E+02     0.9581510E+01
     0.5079864E+02     0.9560616E+01
     0.5080207E+02     0.9550723E+01
     0.5080132E+02     0.9538782E+01
     0.5080473E+02     0.9526133E+01
     0.5080397E+02     0.9513274E+01
     0.5080600E+02     0.9501550E+01
     0.5081106E+02     0.9493486E+01
     0.5081613E+02     0.9489098E+01
     0.5082257E+02     0.9485387E+01
     0.5082859E+02     0.9481915E+01
     0.5083806E+02     0.9478653E+01
     0.5084336E+02     0.9473803E+01
     0.5084656E+02     0.9465748E+01
     0.5084328E+02     0.9455888E+01
     0.5082996E+02     0.9429312E+01
     0.5082713E+02     0.9417613E+01
     0.5081008E+02     0.9384624E+01
     0.5080762E+02     0.9380925E+01
     0.5079075E+02     0.9355552E+01
     0.5077215E+02     0.9335201E+01
     0.5076352E+02     0.9318247E+01
     0.5074560E+02     0.9294448E+01
     0.5073817E+02     0.9287593E+01
     0.5072914E+02     0.9284163E+01
     0.5071964E+02     0.9280560E+01
     0.5070525E+02     0.9267994E+01
     0.5068780E+02     0.9241664E+01
     0.5067155E+02     0.9227268E+01
     0.5066156E+02     0.9214683E+01
     0.5065504E+02     0.9203459E+01
     0.5065198E+02     0.9189693E+01
     0.5064566E+02     0.9172499E+01
     0.5064422E+02     0.9158498E+01
     0.5064510E+02     0.9146553E+01
     0.5065036E+02     0.9133212E+01
     0.5065123E+02     0.9118973E+01
     0.5064958E+02     0.9108877E+01
     0.5064719E+02     0.9094192E+01
     0.5064089E+02     0.9076998E+01
     0.5062138E+02     0.9051365E+01
     0.5060378E+02     0.9043173E+01
     0.5058640E+02     0.9027632E+01
     0.5057476E+02     0.9007244E+01
     0.5056132E+02     0.8995131E+01
     0.5054604E+02     0.8985318E+01
     0.5050248E+02     0.8949442E+01
     0.5049470E+02     0.8942396E+01
     0.5047144E+02     0.8921320E+01
     0.5046402E+02     0.8911934E+01
     0.5045081E+02     0.8899355E+01
     0.5044572E+02     0.8896849E+01
     0.5044340E+02     0.8893184E+01
     0.5044338E+02     0.8886756E+01
     0.5043989E+02     0.8880340E+01
     0.5042807E+02     0.8866149E+01
     0.5042273E+02     0.8856297E+01
     0.5041741E+02     0.8853101E+01
     0.5041438E+02     0.8846454E+01
     0.5041227E+02     0.8834294E+01
     0.5040785E+02     0.8826046E+01
     0.5040471E+02     0.8780834E+01
     0.5040366E+02     0.8778667E+01
     0.5039751E+02     0.8765938E+01
     0.5038776E+02     0.8748297E+01
     0.5038255E+02     0.8706308E+01
     0.5037952E+02     0.8696218E+01
     0.5037419E+02     0.8689580E+01
     0.5036771E+02     0.8684552E+01
     0.5035429E+02     0.8671514E+01
     0.5033854E+02     0.8650218E+01
     0.5033040E+02     0.8629587E+01
     0.5032570E+02     0.8599766E+01
     0.5032797E+02     0.8586217E+01
     0.5033279E+02     0.8578629E+01
     0.5033392E+02     0.8570822E+01
     0.5033295E+02     0.8554989E+01
     0.5033180E+02     0.8554304E+01
     0.5033202E+02     0.8550860E+01
     0.5032477E+02     0.8534183E+01
     0.5030606E+02     0.8506420E+01
     0.5029172E+02     0.8489482E+01
     0.5028156E+02     0.8483316E+01
     0.5027600E+02     0.8473695E+01
     0.5027291E+02     0.8471006E+01
     0.5024457E+02     0.8446249E+01
     0.5023485E+02     0.8433886E+01
     0.5022860E+02     0.8423118E+01
     0.5022395E+02     0.8405003E+01
     0.5021909E+02     0.8399051E+01
     0.5021101E+02     0.8393566E+01
     0.5020338E+02     0.8386015E+01
     0.5019621E+02     0.8374331E+01
     0.5019135E+02     0.8365625E+01
     0.5018555E+02     0.8350038E+01
     0.5018483E+02     0.8336502E+01
     0.5018320E+02     0.8331917E+01
     0.5016936E+02     0.8326447E+01
     0.5016220E+02     0.8319812E+01
     0.5015688E+02     0.8309959E+01
     0.5015501E+02     0.8298263E+01
     0.5015361E+02     0.8292759E+01
     0.5014714E+02     0.8283598E+01
     0.5014550E+02     0.8269148E+01
     0.5014616E+02     0.8256527E+01
     0.5014360E+02     0.8245750E+01
     0.5013759E+02     0.8236130E+01
     0.5012922E+02     0.8198525E+01
     0.5011436E+02     0.8183389E+01
     0.5011260E+02     0.8181589E+01
     0.5007545E+02     0.8150476E+01
     0.5006207E+02     0.8136513E+01
     0.5005515E+02     0.8131940E+01
     0.5004547E+02     0.8126914E+01
     0.5001805E+02     0.8116650E+01
     0.5000000E+02     0.8105489E+01
     0.4998440E+02     0.8095842E+01
     0.4995148E+02     0.8062712E+01
     0.4993390E+02     0.8045012E+01
     0.4990600E+02     0.8012488E+01
     0.4989207E+02     0.8000000E+01
END
END
