south_carolina
1
        -80.187096         32.553516
        -80.182434         32.547169
        -80.184868         32.547134
        -80.190926         32.551632
        -80.192154         32.558495
        -80.188347         32.557861
        -80.183113         32.553810
        -80.180595         32.549950
        -80.182434         32.547169
END
2
        -80.393143         32.506973
        -80.411491         32.469311
        -80.417206         32.470364
        -80.422188         32.475098
        -80.425621         32.483063
        -80.425201         32.488117
        -80.421501         32.492077
        -80.413239         32.509411
        -80.411827         32.518604
        -80.413361         32.522865
        -80.416176         32.530685
        -80.415733         32.534821
        -80.413322         32.536236
        -80.406013         32.536358
        -80.382950         32.523209
        -80.367813         32.500984
        -80.368279         32.497536
        -80.380836         32.490223
        -80.393272         32.489101
        -80.395645         32.486313
        -80.394722         32.481743
        -80.395950         32.476219
        -80.401543         32.472000
        -80.411491         32.469311
END
3
        -80.491982         32.350052
        -80.579391         32.267853
        -80.584892         32.269573
        -80.587013         32.270233
        -80.582352         32.288891
        -80.575699         32.292908
        -80.565948         32.302711
        -80.561287         32.310589
        -80.561836         32.321815
        -80.551071         32.323612
        -80.548164         32.326187
        -80.545624         32.332649
        -80.546021         32.337688
        -80.550003         32.345871
        -80.534149         32.349590
        -80.521828         32.354164
        -80.517868         32.358360
        -80.517715         32.359264
        -80.515984         32.369400
        -80.504471         32.374413
        -80.497749         32.375908
        -80.495224         32.372051
        -80.486206         32.368309
        -80.483070         32.372723
        -80.486221         32.380005
        -80.481728         32.384209
        -80.473930         32.386177
        -80.469788         32.393814
        -80.456764         32.403664
        -80.448853         32.412281
        -80.444572         32.414188
        -80.439339         32.410378
        -80.432327         32.399719
        -80.431892         32.395470
        -80.431625         32.392853
        -80.432838         32.387100
        -80.453995         32.344101
        -80.457947         32.339676
        -80.460655         32.339859
        -80.478455         32.349644
        -80.484955         32.349991
        -80.486542         32.348587
        -80.485939         32.346077
        -80.465370         32.333820
        -80.461754         32.329525
        -80.463585         32.326973
        -80.468895         32.323822
        -80.482323         32.319313
        -80.495361         32.311066
        -80.503212         32.311615
        -80.507629         32.315437
        -80.512512         32.316269
        -80.514336         32.313484
        -80.510361         32.305531
        -80.511887         32.301605
        -80.515068         32.299259
        -80.526596         32.295616
        -80.544197         32.286366
        -80.558228         32.274879
        -80.570503         32.268929
        -80.579391         32.267853
END
4
        -80.518196         32.382271
        -80.525055         32.375431
        -80.527527         32.377220
        -80.523849         32.381413
        -80.510475         32.387608
        -80.509903         32.386242
        -80.516258         32.380627
        -80.525055         32.375431
END
5
        -80.544807         32.358608
        -80.539421         32.355228
        -80.547806         32.355309
        -80.553001         32.357510
        -80.552780         32.359577
        -80.542290         32.361828
        -80.535912         32.366066
        -80.534966         32.360809
        -80.539421         32.355228
END
6
        -80.764114         32.326851
        -80.744034         32.303505
        -80.747734         32.305832
        -80.748985         32.306618
        -80.756798         32.305775
        -80.761467         32.308437
        -80.769630         32.320427
        -80.778503         32.328506
        -80.786957         32.340717
        -80.787346         32.345066
        -80.774620         32.344402
        -80.742874         32.320263
        -80.735535         32.308712
        -80.736801         32.305710
        -80.744034         32.303505
END
7
        -79.172874         33.346928
        -79.173759         33.339958
        -79.176529         33.344299
        -79.174385         33.350048
        -79.170578         33.352364
        -79.169182         33.348930
        -79.173759         33.339958
END
8
        -79.233620         33.283821
        -79.240189         33.276012
        -79.254219         33.285328
        -79.253151         33.287628
        -79.243546         33.283791
        -79.241096         33.285183
        -79.236031         33.298977
        -79.233315         33.301060
        -79.229202         33.300167
        -79.223595         33.284603
        -79.224113         33.281849
        -79.233910         33.276741
        -79.240189         33.276012
END
9
        -79.213432         33.287033
        -79.215599         33.288013
        -79.213829         33.289650
        -79.211403         33.288708
        -79.211388         33.286266
        -79.213478         33.283680
        -79.215103         33.284351
        -79.215599         33.288013
END
10
        -79.264320         33.269688
        -79.281410         33.284054
        -79.270821         33.275105
        -79.256668         33.268349
        -79.253571         33.265362
        -79.253723         33.263180
        -79.275513         33.272362
        -79.281876         33.278873
        -79.283035         33.283363
        -79.281410         33.284054
END
11
        -79.403343         33.076084
        -79.398041         33.065937
        -79.404312         33.066116
        -79.404945         33.074142
        -79.407745         33.080082
        -79.405060         33.084003
        -79.402306         33.081501
        -79.398041         33.065937
END
12
        -79.416328         33.069096
        -79.418549         33.065113
        -79.420837         33.069172
        -79.419235         33.070538
        -79.411827         33.072205
        -79.411171         33.070580
        -79.413078         33.066498
        -79.418549         33.065113
END
13
        -79.353432         33.040062
        -79.370911         33.002838
        -79.373108         33.004429
        -79.365837         33.012051
        -79.368629         33.018452
        -79.367859         33.023045
        -79.360779         33.023327
        -79.358887         33.024944
        -79.357849         33.029770
        -79.357742         33.034409
        -79.357666         33.038029
        -79.366791         33.050117
        -79.364365         33.053116
        -79.359161         33.050632
        -79.354523         33.050438
        -79.346230         33.065178
        -79.342453         33.069103
        -79.341034         33.064297
        -79.343353         33.050747
        -79.356628         33.017853
        -79.365196         33.003571
        -79.370911         33.002838
END
14
        -79.389381         33.056122
        -79.383659         33.047237
        -79.392967         33.050838
        -79.402878         33.059246
        -79.401810         33.061321
        -79.393890         33.060234
        -79.385468         33.063053
        -79.381897         33.060783
        -79.376884         33.050732
        -79.378761         33.047962
        -79.383659         33.047237
END
15
        -79.407722         33.053680
        -79.412659         33.052662
        -79.411392         33.055382
        -79.407524         33.055943
        -79.403320         33.054066
        -79.402985         33.051624
        -79.403946         33.051079
        -79.408455         33.050781
        -79.412659         33.052662
END
16
        -79.394485         33.037682
        -79.397598         33.026260
        -79.401161         33.027607
        -79.413086         33.046322
        -79.408188         33.046593
        -79.402168         33.044804
        -79.391273         33.045574
        -79.382240         33.042202
        -79.380844         33.039463
        -79.381897         33.036015
        -79.386200         33.030476
        -79.391609         33.026993
        -79.397598         33.026260
END
17
        -79.375290         33.028629
        -79.378769         33.024109
        -79.381523         33.026154
        -79.375114         33.038357
        -79.372658         33.038605
        -79.370140         33.032433
        -79.370369         33.028530
        -79.374153         33.025063
        -79.378769         33.024109
END
18
        -79.390862         33.016853
        -79.376427         33.008991
        -79.394165         33.011379
        -79.403732         33.014286
        -79.406242         33.019081
        -79.405739         33.022987
        -79.397804         33.020294
        -79.382553         33.020641
        -79.376793         33.017242
        -79.374825         33.011753
        -79.376427         33.008991
END
19
        -79.623306         32.925724
        -79.634201         32.912270
        -79.637741         32.912464
        -79.641121         32.920689
        -79.636543         32.923943
        -79.628250         32.934803
        -79.624458         32.936218
        -79.612137         32.930832
        -79.610725         32.926945
        -79.612587         32.923717
        -79.626389         32.918079
        -79.634201         32.912270
END
20
        -79.641464         32.931664
        -79.644569         32.930561
        -79.644333         32.934235
        -79.642700         32.934479
        -79.638596         32.932442
        -79.638023         32.929688
        -79.641823         32.928055
        -79.642647         32.928738
        -79.644569         32.930561
END
21
        -79.616608         32.904419
        -79.646980         32.873154
        -79.650528         32.873810
        -79.657181         32.882687
        -79.654350         32.893951
        -79.655289         32.902657
        -79.652077         32.906361
        -79.648026         32.908234
        -79.631668         32.906559
        -79.624687         32.913052
        -79.613556         32.915451
        -79.604652         32.923344
        -79.603874         32.924030
        -79.594086         32.924809
        -79.583252         32.928810
        -79.566643         32.928505
        -79.565529         32.926449
        -79.579124         32.904537
        -79.622177         32.889221
        -79.635681         32.882210
        -79.646980         32.873154
END
22
        -79.757187         32.845413
        -79.761574         32.845848
        -79.755348         32.848652
        -79.753998         32.849354
        -79.753166         32.847752
        -79.752327         32.845921
        -79.755554         32.842220
        -79.758247         32.840363
        -79.761810         32.842628
        -79.761574         32.845848
END
23
        -79.717705         32.838554
        -79.719437         32.824715
        -79.724060         32.825123
        -79.730751         32.836292
        -79.728394         32.842049
        -79.723015         32.846233
        -79.710281         32.849350
        -79.705910         32.847561
        -79.704216         32.843449
        -79.706284         32.836090
        -79.719437         32.824715
END
24
        -79.746330         32.840496
        -79.750023         32.833794
        -79.751144         32.836304
        -79.749115         32.845726
        -79.746941         32.845520
        -79.742233         32.840298
        -79.746773         32.834515
        -79.750023         32.833794
END
25
        -79.764839         32.833977
        -79.769028         32.831089
        -79.770958         32.833141
        -79.770157         32.834755
        -79.761742         32.836201
        -79.758476         32.836227
        -79.758995         32.834156
        -79.759537         32.833466
        -79.763321         32.831596
        -79.769028         32.831089
END
26
        -79.738441         32.832161
        -79.739899         32.828804
        -79.742622         32.829468
        -79.742638         32.830616
        -79.743477         32.832905
        -79.742416         32.835442
        -79.738335         32.835472
        -79.736961         32.834335
        -79.733681         32.832756
        -79.733650         32.829769
        -79.733627         32.827934
        -79.735535         32.827919
        -79.739899         32.828804
END
27
        -79.791008         32.815819
        -79.791664         32.812073
        -79.793571         32.812286
        -79.794403         32.813656
        -79.793076         32.816193
        -79.790657         32.818741
        -79.789558         32.818058
        -79.788719         32.815769
        -79.791664         32.812073
END
28
        -79.782501         32.809750
        -79.784309         32.810757
        -79.781593         32.811470
        -79.780220         32.810333
        -79.780754         32.808949
        -79.783730         32.807549
        -79.784828         32.808685
        -79.784309         32.810757
END
29
        -79.888420         32.775879
        -79.893219         32.776493
        -79.887260         32.778385
        -79.883698         32.775894
        -79.883400         32.774059
        -79.885017         32.772667
        -79.888283         32.773094
        -79.892914         32.773743
        -79.893219         32.776493
END
30
        -81.113586         33.692421
        -81.082329         35.147438
        -81.061089         35.146759
        -81.059708         35.145676
        -81.056053         35.143532
        -81.055054         35.139854
        -81.055862         35.136517
        -81.053574         35.135082
        -81.046638         35.128197
        -81.044777         35.126015
        -81.039154         35.117626
        -81.035896         35.113625
        -81.035332         35.109573
        -81.037933         35.105831
        -81.040565         35.103565
        -81.046799         35.101234
        -81.052940         35.095947
        -81.056419         35.091450
        -81.058945         35.085491
        -81.062340         35.078041
        -81.063072         35.072117
        -81.061989         35.065491
        -81.059631         35.061474
        -81.047928         35.044338
        -81.014038         35.060337
        -81.014038         35.060337
        -80.991402         35.072392
        -80.979553         35.079689
        -80.973167         35.081623
        -80.951653         35.094341
        -80.937813         35.100517
        -80.932266         35.102432
        -80.907448         35.074741
        -80.887589         35.052570
        -80.882965         35.045059
        -80.866135         35.028767
        -80.846985         35.007683
        -80.840240         35.000000
        -80.824684         34.982277
        -80.784706         34.937134
        -80.786514         34.923313
        -80.790024         34.896427
        -80.791107         34.881027
        -80.796310         34.848816
        -80.798630         34.825596
        -80.797760         34.823772
        -80.792717         34.822464
        -80.754265         34.821831
        -80.736969         34.820450
        -80.730309         34.821915
        -80.716934         34.821400
        -80.705963         34.822769
        -80.700539         34.823444
        -80.695473         34.820984
        -80.667885         34.820183
        -80.654259         34.821270
        -80.581810         34.819851
        -80.563171         34.820984
        -80.540314         34.819870
        -80.512444         34.819038
        -80.491562         34.819267
        -80.476784         34.818512
        -80.384308         34.817875
        -80.365944         34.819206
        -80.332504         34.817924
        -80.299927         34.818466
        -80.294334         34.816681
        -80.214661         34.815331
        -80.195724         34.815262
        -80.173706         34.814072
        -80.155609         34.814217
        -80.137886         34.813778
        -80.120789         34.813351
        -80.116043         34.812927
        -80.037216         34.811680
        -80.033020         34.809875
        -80.017174         34.812050
        -80.000000         34.811432
        -79.995720         34.811279
        -79.985947         34.808823
        -79.979240         34.809315
        -79.958405         34.810841
        -79.949478         34.809750
        -79.931107         34.810326
        -79.835854         34.809044
        -79.798820         34.809010
        -79.791573         34.808361
        -79.771431         34.807030
        -79.759254         34.806221
        -79.755096         34.808998
        -79.703560         34.808304
        -79.676842         34.807507
        -79.662285         34.794479
        -79.621162         34.759514
        -79.617844         34.756752
        -79.599922         34.741917
        -79.560806         34.709217
        -79.524818         34.682697
        -79.505554         34.664387
        -79.482414         34.646080
        -79.409149         34.584721
        -79.402756         34.580830
        -79.398293         34.575329
        -79.397186         34.575329
        -79.367691         34.550587
        -79.348785         34.536381
        -79.345177         34.535469
        -79.324326         34.515755
        -79.317963         34.510532
        -79.274895         34.475170
        -79.240204         34.446499
        -79.225784         34.435715
        -79.223564         34.432041
        -79.212753         34.423782
        -79.146538         34.365932
        -79.143768         34.360653
        -79.131310         34.352844
        -79.114151         34.338833
        -79.109734         34.333092
        -79.087326         34.315170
        -79.074059         34.303680
        -79.063431         34.294182
        -79.063004         34.293800
        -78.993965         34.233799
        -78.989555         34.227135
        -78.980721         34.222530
        -78.964996         34.208729
        -78.960045         34.201603
        -78.949837         34.192863
        -78.943214         34.189865
        -78.918686         34.168694
        -78.897560         34.148556
        -78.848732         34.105938
        -78.836105         34.098473
        -78.825935         34.087654
        -78.818787         34.083042
        -78.769867         34.041107
        -78.766037         34.036041
        -78.751472         34.025200
        -78.734337         34.010277
        -78.721832         33.999382
        -78.710030         33.990383
        -78.696060         33.975178
        -78.693314         33.973560
        -78.688087         33.971703
        -78.556953         33.859268
        -78.556953         33.859268
        -78.561722         33.858322
        -78.563095         33.856255
        -78.563095         33.856255
        -78.563370         33.854420
        -78.563370         33.854420
        -78.563919         33.851208
        -78.572449         33.850056
        -78.603546         33.841312
        -78.616470         33.836254
        -78.674232         33.819473
        -78.698151         33.812515
        -78.742653         33.788570
        -78.778625         33.772198
        -78.796188         33.761143
        -78.802910         33.754997
        -78.808517         33.749866
        -78.869057         33.703117
        -78.911171         33.667049
        -78.932510         33.648750
        -78.980003         33.600616
        -79.005783         33.569046
        -79.017029         33.555260
        -79.029228         33.532951
        -79.043930         33.517742
        -79.054291         33.509434
        -79.076118         33.495564
        -79.098427         33.473198
        -79.099121         33.472042
        -79.147636         33.391033
        -79.152985         33.376091
        -79.154465         33.356201
        -79.154709         33.352913
        -79.157692         33.349224
        -79.160698         33.349209
        -79.163170         33.349884
        -79.167320         33.355137
        -79.170883         33.356033
        -79.178505         33.351631
        -79.181709         33.342205
        -79.190163         33.339172
        -79.196381         33.330421
        -79.194450         33.328827
        -79.185219         33.336910
        -79.178391         33.337635
        -79.174812         33.335594
        -79.173683         33.331242
        -79.175545         33.324577
        -79.173889         33.322979
        -79.168694         33.323471
        -79.167839         33.319344
        -79.174400         33.296032
        -79.180321         33.274998
        -79.182907         33.257549
        -79.178146         33.212387
        -79.179459         33.206184
        -79.183037         33.208920
        -79.194221         33.239132
        -79.199760         33.247356
        -79.198212         33.258148
        -79.203819         33.274174
        -79.197128         33.290272
        -79.196892         33.294628
        -79.198837         33.298748
        -79.203239         33.301476
        -79.217758         33.304829
        -79.244820         33.303741
        -79.254356         33.300011
        -79.260925         33.300655
        -79.270256         33.304035
        -79.270256         33.304035
        -79.273781         33.301670
        -79.273781         33.301670
        -79.267197         33.296234
        -79.267174         33.292149
        -79.269951         33.294724
        -79.276947         33.297409
        -79.276947         33.297409
        -79.288101         33.283501
        -79.288101         33.283501
        -79.277855         33.269573
        -79.267654         33.260925
        -79.264091         33.259800
        -79.250954         33.257362
        -79.215027         33.243595
        -79.209229         33.236290
        -79.203621         33.220036
        -79.207291         33.202808
        -79.205322         33.196171
        -79.200096         33.192303
        -79.198425         33.188183
        -79.204590         33.174843
        -79.201309         33.174633
        -79.197365         33.177433
        -79.193169         33.180416
        -79.189148         33.188927
        -79.189461         33.193741
        -79.187553         33.194210
        -79.185066         33.190556
        -79.184196         33.184597
        -79.187927         33.174252
        -79.225075         33.145813
        -79.237236         33.132206
        -79.241035         33.130573
        -79.241035         33.130573
        -79.245659         33.128483
        -79.248123         33.129154
        -79.248123         33.129154
        -79.252113         33.118118
        -79.279099         33.115646
        -79.279099         33.115646
        -79.286186         33.115601
        -79.286186         33.115601
        -79.289459         33.114891
        -79.310829         33.096851
        -79.332809         33.085690
        -79.351021         33.080051
        -79.358597         33.074722
        -79.367577         33.072590
        -79.376778         33.066330
        -79.389618         33.068985
        -79.394562         33.072155
        -79.400177         33.086334
        -79.400436         33.088799
        -79.400787         33.092064
        -79.405128         33.090195
        -79.409950         33.084679
        -79.421844         33.073090
        -79.422211         33.081573
        -79.433563         33.072769
        -79.428047         33.067078
        -79.430191         33.063850
        -79.443245         33.060764
        -79.450012         33.056808
        -79.452698         33.053345
        -79.449684         33.052223
        -79.438286         33.056675
        -79.429848         33.057430
        -79.431160         33.053291
        -79.426491         33.050117
        -79.423683         33.043259
        -79.414322         33.035076
        -79.415939         33.033226
        -79.425446         33.030628
        -79.426781         33.027866
        -79.424835         33.024899
        -79.420845         33.026058
        -79.413429         33.028202
        -79.411774         33.026608
        -79.412827         33.022930
        -79.410538         33.013546
        -79.412941         33.009399
        -79.453468         33.002880
        -79.491447         32.989948
        -79.499878         32.988270
        -79.502357         32.990543
        -79.501564         32.992844
        -79.494850         33.000469
        -79.485886         33.002838
        -79.485886         33.002838
        -79.489479         33.007168
        -79.489479         33.007168
        -79.495590         33.016289
        -79.508247         33.026272
        -79.509102         33.029247
        -79.509102         33.029247
        -79.513779         33.032417
        -79.513779         33.032417
        -79.523827         33.030037
        -79.523827         33.030037
        -79.533890         33.028111
        -79.533890         33.028111
        -79.537666         33.024868
        -79.549065         33.021324
        -79.570160         33.009205
        -79.579407         33.002174
        -79.581757         33.000381
        -79.601364         32.979557
        -79.606415         32.970562
        -79.609528         32.958836
        -79.614098         32.954433
        -79.619354         32.941082
        -79.628883         32.941219
        -79.634544         32.936806
        -79.639183         32.937679
        -79.640862         32.941101
        -79.638504         32.947319
        -79.631248         32.954269
        -79.632912         32.956318
        -79.638618         32.955803
        -79.648628         32.951118
        -79.648857         32.947903
        -79.653389         32.941437
        -79.662277         32.934696
        -79.665405         32.924805
        -79.662903         32.921158
        -79.660736         32.908257
        -79.659630         32.901699
        -79.660812         32.888844
        -79.662704         32.888134
        -79.668037         32.899548
        -79.673813         32.904079
        -79.676216         32.900612
        -79.670403         32.893791
        -79.667824         32.884872
        -79.659019         32.877621
        -79.656502         32.872833
        -79.658066         32.868000
        -79.665039         32.861279
        -79.682358         32.855141
        -79.692848         32.847466
        -79.697189         32.846733
        -79.699318         32.849701
        -79.699966         32.850601
        -79.707916         32.854877
        -79.707710         32.859238
        -79.703712         32.864784
        -79.701157         32.875820
        -79.694130         32.878872
        -79.684052         32.878288
        -79.681648         32.881065
        -79.681961         32.884041
        -79.687675         32.884212
        -79.687714         32.886967
        -79.690201         32.889233
        -79.706337         32.876682
        -79.707535         32.865662
        -79.717140         32.852947
        -79.726402         32.853996
        -79.729485         32.860157
        -79.727356         32.863159
        -79.732872         32.868378
        -79.737785         32.869473
        -79.741302         32.868286
        -79.749069         32.860405
        -79.760414         32.855465
        -79.763573         32.848324
        -79.768188         32.848042
        -79.773026         32.844322
        -79.780479         32.834148
        -79.794708         32.822754
        -79.797081         32.817909
        -79.795898         32.812191
        -79.794762         32.808762
        -79.787613         32.803795
        -79.780235         32.801125
        -79.772415         32.805111
        -79.774635         32.808296
        -79.769585         32.815231
        -79.776382         32.815617
        -79.777260         32.819736
        -79.781883         32.819454
        -79.784897         32.821026
        -79.776543         32.825706
        -79.766739         32.824894
        -79.757034         32.830048
        -79.752937         32.828716
        -79.742516         32.822865
        -79.721794         32.818954
        -79.720955         32.817360
        -79.724930         32.810436
        -79.732437         32.803707
        -79.738640         32.800659
        -79.756294         32.795589
        -79.763535         32.793510
        -79.798813         32.772942
        -79.830688         32.761803
        -79.844955         32.753609
        -79.853119         32.754662
        -79.866852         32.763443
        -79.867149         32.765274
        -79.864456         32.766453
        -79.853813         32.763828
        -79.850883         32.767529
        -79.856384         32.771133
        -79.865669         32.774006
        -79.881050         32.783916
        -79.886787         32.785683
        -79.898727         32.784851
        -79.905197         32.781563
        -79.905197         32.781563
        -79.930977         32.764046
        -79.937340         32.755253
        -79.937340         32.755253
        -79.928040         32.751469
        -79.925072         32.751808
        -79.900925         32.754551
        -79.894417         32.739037
        -79.895332         32.729164
        -79.885277         32.728828
        -79.876709         32.736038
        -79.873985         32.735382
        -79.874847         32.722301
        -79.879044         32.713535
        -79.884872         32.705212
        -79.897446         32.694054
        -79.890793         32.685879
        -79.891106         32.685478
        -79.896637         32.678471
        -79.910858         32.669353
        -79.937248         32.657562
        -79.968956         32.640427
        -79.975723         32.639423
        -79.979813         32.640747
        -79.977173         32.644680
        -79.989838         32.639931
        -80.000000         32.639534
        -80.007454         32.639244
        -80.012909         32.640778
        -80.012909         32.640778
        -80.017174         32.636593
        -80.017174         32.636593
        -80.006790         32.632374
        -80.000740         32.627865
        -80.000000         32.623425
        -80.000000         32.622372
        -80.002991         32.617516
        -80.009171         32.614456
        -80.077034         32.603920
        -80.113747         32.595615
        -80.115768         32.594929
        -80.129906         32.590115
        -80.153786         32.577621
        -80.165779         32.567589
        -80.172218         32.564285
        -80.179527         32.563953
        -80.186615         32.566143
        -80.197998         32.579044
        -80.204880         32.584217
        -80.216858         32.586563
        -80.222626         32.590145
        -80.222626         32.590145
        -80.231255         32.587952
        -80.231255         32.587952
        -80.217705         32.575085
        -80.207596         32.571335
        -80.200439         32.565937
        -80.199539         32.561825
        -80.200813         32.557907
        -80.205070         32.554176
        -80.214783         32.551968
        -80.220612         32.545921
        -80.226501         32.542393
        -80.241302         32.537586
        -80.267296         32.524349
        -80.282845         32.514545
        -80.323936         32.488613
        -80.340813         32.480549
        -80.346809         32.482059
        -80.350227         32.489799
        -80.349922         32.500126
        -80.356384         32.510338
        -80.370117         32.518829
        -80.382332         32.531521
        -80.388161         32.537567
        -80.395279         32.540894
        -80.416481         32.543751
        -80.416481         32.543751
        -80.423515         32.543179
        -80.424026         32.541794
        -80.424026         32.541794
        -80.425835         32.538094
        -80.434219         32.537495
        -80.434219         32.537495
        -80.433830         32.532455
        -80.433830         32.532455
        -80.430580         32.532509
        -80.425377         32.530075
        -80.421486         32.526012
        -80.418625         32.519638
        -80.418747         32.513218
        -80.422554         32.502377
        -80.425201         32.499580
        -80.430328         32.498806
        -80.437965         32.501202
        -80.443794         32.507065
        -80.446518         32.507706
        -80.457573         32.505455
        -80.473618         32.519630
        -80.480476         32.522953
        -80.487953         32.529701
        -80.491386         32.537437
        -80.493279         32.536949
        -80.493652         32.530293
        -80.488579         32.522125
        -80.474068         32.515724
        -80.465439         32.506241
        -80.463982         32.501907
        -80.466331         32.498199
        -80.470367         32.496983
        -80.489899         32.498253
        -80.496437         32.499973
        -80.503052         32.504677
        -80.512558         32.516663
        -80.512558         32.516663
        -80.525780         32.514599
        -80.525780         32.514599
        -80.528160         32.512264
        -80.538483         32.513458
        -80.546310         32.512402
        -80.546310         32.512402
        -80.544456         32.503262
        -80.544456         32.503262
        -80.543060         32.501453
        -80.528900         32.498264
        -80.520660         32.493820
        -80.510948         32.484131
        -80.494919         32.481888
        -80.482300         32.475224
        -80.479767         32.471371
        -80.483429         32.466034
        -80.486900         32.463909
        -80.486900         32.463909
        -80.483536         32.459152
        -80.481400         32.449329
        -80.482048         32.442440
        -80.482048         32.442440
        -80.476219         32.436348
        -80.470497         32.423378
        -80.468872         32.411026
        -80.468178         32.405762
        -80.469627         32.398403
        -80.474373         32.393505
        -80.479271         32.394569
        -80.479721         32.402126
        -80.482216         32.404606
        -80.484909         32.404102
        -80.492516         32.394112
        -80.509560         32.394272
        -80.516548         32.392544
        -80.541664         32.369175
        -80.567566         32.356102
        -80.561798         32.352539
        -80.561409         32.347958
        -80.553459         32.343517
        -80.550888         32.337830
        -80.552422         32.334362
        -80.568619         32.322838
        -80.572136         32.312229
        -80.589439         32.291283
        -80.594574         32.280643
        -80.605263         32.276321
        -80.622002         32.265469
        -80.625481         32.263844
        -80.640411         32.256874
        -80.646645         32.257675
        -80.651062         32.261261
        -80.649353         32.268169
        -80.645142         32.272377
        -80.650635         32.275940
        -80.647202         32.278984
        -80.637794         32.280766
        -80.639221         32.283718
        -80.647583         32.283104
        -80.651169         32.286018
        -80.652260         32.296772
        -80.651024         32.311470
        -80.654510         32.341438
        -80.654510         32.341438
        -80.667259         32.343037
        -80.667259         32.343037
        -80.667412         32.341743
        -80.671242         32.309486
        -80.675041         32.300014
        -80.678467         32.296738
        -80.686081         32.298428
        -80.695671         32.303520
        -80.701485         32.308681
        -80.718872         32.332191
        -80.737335         32.345364
        -80.741951         32.351852
        -80.742958         32.353279
        -80.756096         32.358982
        -80.764412         32.366386
        -80.791733         32.415146
        -80.804588         32.458687
        -80.806808         32.460705
        -80.806808         32.460705
        -80.830490         32.465275
        -80.830490         32.465275
        -80.833473         32.465443
        -80.834518         32.473675
        -80.838089         32.475208
        -80.840187         32.472874
        -80.837326         32.467659
        -80.838516         32.461670
        -80.836479         32.456669
        -80.829422         32.456123
        -80.819489         32.430412
        -80.817528         32.418297
        -80.818161         32.412094
        -80.819992         32.409763
        -80.826485         32.410545
        -80.826485         32.410545
        -80.825951         32.405785
        -80.825951         32.405785
        -80.816444         32.399059
        -80.812477         32.392715
        -80.811150         32.384029
        -80.805817         32.386662
        -80.800850         32.383320
        -80.795219         32.375408
        -80.789230         32.354660
        -80.788818         32.349396
        -80.793030         32.345413
        -80.798714         32.345528
        -80.814293         32.361267
        -80.818695         32.363930
        -80.818695         32.363930
        -80.823151         32.358795
        -80.823151         32.358795
        -80.815514         32.347027
        -80.806358         32.338497
        -80.802940         32.332375
        -80.802780         32.326645
        -80.805031         32.320183
        -80.805031         32.320183
        -80.798897         32.313427
        -80.798897         32.313427
        -80.798172         32.316422
        -80.795227         32.317627
        -80.787918         32.317085
        -80.780983         32.310574
        -80.763107         32.279743
        -80.762772         32.277458
        -80.767517         32.273010
        -80.767517         32.273010
        -80.764481         32.270775
        -80.764481         32.270775
        -80.761269         32.271755
        -80.755844         32.270947
        -80.753044         32.267330
        -80.752930         32.263206
        -80.752930         32.263206
        -80.748245         32.259632
        -80.748245         32.259632
        -80.740112         32.268501
        -80.726883         32.268757
        -80.722496         32.266323
        -80.713326         32.256641
        -80.705704         32.254494
        -80.701561         32.251133
        -80.697868         32.244099
        -80.690475         32.240341
        -80.683838         32.234509
        -80.678825         32.227287
        -80.675980         32.223194
        -80.674217         32.217724
        -80.676277         32.214016
        -80.691559         32.199970
        -80.717445         32.168987
        -80.729248         32.156609
        -80.738762         32.149315
        -80.754982         32.140976
        -80.767670         32.137150
        -80.774506         32.135090
        -80.802032         32.116428
        -80.818771         32.107613
        -80.824684         32.107033
        -80.828239         32.109024
        -80.829178         32.113361
        -80.826645         32.119373
        -80.823509         32.122875
        -80.818428         32.133980
        -80.796547         32.151844
        -80.791176         32.162495
        -80.791176         32.162495
        -80.792915         32.166588
        -80.792915         32.166588
        -80.799591         32.154533
        -80.804321         32.150082
        -80.809174         32.149986
        -80.809250         32.152733
        -80.797806         32.168095
        -80.797806         32.168095
        -80.810936         32.174480
        -80.810936         32.174480
        -80.833023         32.154087
        -80.840477         32.150726
        -80.848579         32.149796
        -80.848579         32.149796
        -80.848701         32.145744
        -80.848701         32.145744
        -80.841057         32.142464
        -80.838509         32.138390
        -80.845047         32.121750
        -80.856140         32.104099
        -80.866806         32.090584
        -80.877823         32.080040
        -80.880501         32.079529
        -80.884918         32.083103
        -80.887047         32.082142
        -80.889900         32.078415
        -80.890762         32.071060
        -80.905602         32.053101
        -80.905602         32.053101
        -80.900963         32.041737
        -80.900963         32.041737
        -80.899780         32.038322
        -80.899780         32.038322
        -80.895988         32.037487
        -80.893913         32.030880
        -80.893913         32.030880
        -80.888977         32.028004
        -80.887810         32.024818
        -80.889832         32.020195
        -80.889832         32.020195
        -80.888390         32.016510
        -80.888390         32.016510
        -80.896431         32.019905
        -80.901413         32.020870
        -80.915993         32.025879
        -80.933098         32.032597
        -80.941887         32.037010
        -80.951118         32.042465
        -80.960037         32.052147
        -80.963860         32.055946
        -80.972687         32.061760
        -80.978981         32.065514
        -80.983597         32.068237
        -80.989037         32.070950
        -81.000725         32.075302
        -81.007439         32.079041
        -81.013313         32.082447
        -81.019577         32.084789
        -81.026642         32.086060
        -81.032387         32.084541
        -81.038925         32.081600
        -81.046341         32.080750
        -81.051346         32.082413
        -81.084763         32.095123
        -81.097313         32.100502
        -81.110229         32.104115
        -81.117012         32.109959
        -81.120476         32.115871
        -81.122299         32.121815
        -81.124084         32.126705
        -81.126740         32.132984
        -81.128914         32.136810
        -81.132309         32.139908
        -81.139427         32.142929
        -81.140694         32.143959
        -81.144333         32.155849
        -81.145752         32.162155
        -81.148361         32.166676
        -81.152550         32.168701
        -81.156517         32.169418
        -81.156517         32.169418
        -81.160629         32.177082
        -81.160851         32.184822
        -81.162254         32.188667
        -81.162338         32.191429
        -81.161201         32.197540
        -81.158752         32.203121
        -81.156944         32.208138
        -81.157066         32.212563
        -81.155914         32.218117
        -81.153580         32.227573
        -81.157684         32.234680
        -81.161087         32.240143
        -81.160591         32.245686
        -81.158669         32.246834
        -81.153633         32.253021
        -81.151169         32.258053
        -81.147430         32.264214
        -81.146294         32.270325
        -81.145088         32.273670
        -81.142479         32.273720
        -81.139229         32.273788
        -81.137306         32.274933
        -81.132774         32.276131
        -81.130867         32.277832
        -81.130310         32.281162
        -81.127777         32.283978
        -81.127235         32.287865
        -81.128357         32.304993
        -81.129738         32.307732
        -81.135643         32.309273
        -81.136543         32.318108
        -81.138046         32.325272
        -81.139458         32.329113
        -81.138229         32.331905
        -81.134407         32.335304
        -81.134483         32.338070
        -81.141159         32.343468
        -81.145874         32.348904
        -81.147224         32.350536
        -81.148521         32.350510
        -81.150452         32.349365
        -81.153648         32.347084
        -81.156830         32.344254
        -81.158722         32.342003
        -81.163315         32.343014
        -81.162758         32.346348
        -81.162834         32.349110
        -81.163574         32.352417
        -81.166306         32.356785
        -81.172890         32.358864
        -81.174271         32.361603
        -81.175003         32.364353
        -81.175789         32.369320
        -81.176537         32.372623
        -81.181213         32.376400
        -81.183273         32.380230
        -81.183372         32.383549
        -81.182144         32.386341
        -81.180977         32.391346
        -81.182411         32.395744
        -81.188469         32.402260
        -81.194504         32.408222
        -81.203903         32.417431
        -81.207306         32.423923
        -81.209251         32.429897
        -81.209381         32.434406
        -81.207405         32.439865
        -81.206421         32.442593
        -81.206154         32.445606
        -81.207657         32.448582
        -81.206985         32.449799
        -81.205223         32.450439
        -81.202423         32.451698
        -81.199669         32.454765
        -81.195602         32.461468
        -81.193146         32.462421
        -81.193214         32.464825
        -81.195732         32.465977
        -81.201492         32.468864
        -81.208031         32.474144
        -81.213478         32.478241
        -81.237961         32.502396
        -81.239166         32.507183
        -81.238518         32.509304
        -81.237915         32.512928
        -81.237610         32.514740
        -81.240547         32.517986
        -81.243431         32.519428
        -81.249153         32.520813
        -81.254829         32.520691
        -81.258781         32.522110
        -81.275421         32.532284
        -81.280190         32.537296
        -81.280640         32.540596
        -81.282227         32.546280
        -81.284615         32.554955
        -81.287880         32.556988
        -81.293243         32.558075
        -81.297859         32.557976
        -81.301483         32.560307
        -81.302612         32.562386
        -81.305466         32.562927
        -81.311127         32.561901
        -81.316093         32.561794
        -81.319984         32.561108
        -81.328880         32.561512
        -81.338585         32.564911
        -81.356552         32.571434
        -81.359840         32.574371
        -81.359612         32.578587
        -81.361099         32.580662
        -81.365715         32.580559
        -81.368210         32.580803
        -81.370079         32.583771
        -81.374580         32.591492
        -81.376373         32.591755
        -81.378845         32.591396
        -81.383438         32.590393
        -81.386642         32.590622
        -81.392494         32.595905
        -81.399117         32.602978
        -81.402802         32.607109
        -81.412689         32.616211
        -81.415337         32.621269
        -81.419052         32.626598
        -81.418816         32.630215
        -81.419334         32.634705
        -81.418152         32.637115
        -81.412666         32.642010
        -81.404114         32.649094
        -81.401360         32.651276
        -81.402054         32.653381
        -81.405266         32.655960
        -81.407196         32.657505
        -81.407623         32.661205
        -81.407372         32.673401
        -81.408592         32.682384
        -81.410835         32.683926
        -81.412514         32.687332
        -81.411987         32.690788
        -81.412041         32.692379
        -81.413338         32.693676
        -81.416817         32.694656
        -81.419983         32.695644
        -81.423485         32.697418
        -81.428963         32.702065
        -81.429436         32.707092
        -81.427025         32.710327
        -81.424896         32.712494
        -81.423729         32.715172
        -81.421982         32.719452
        -81.418892         32.721111
        -81.418694         32.724827
        -81.420670         32.727695
        -81.419533         32.731434
        -81.414696         32.737373
        -81.410751         32.741703
        -81.411446         32.743809
        -81.412125         32.745384
        -81.414993         32.746906
        -81.420654         32.747311
        -81.421616         32.748085
        -81.421021         32.749157
        -81.416748         32.752964
        -81.414932         32.755127
        -81.417557         32.758778
        -81.420456         32.761097
        -81.426941         32.767841
        -81.427979         32.770733
        -81.426857         32.774998
        -81.428871         32.779194
        -81.429054         32.785019
        -81.427338         32.790359
        -81.428375         32.793518
        -81.431610         32.796623
        -81.432365         32.800583
        -81.428764         32.805965
        -81.427673         32.811291
        -81.425888         32.814247
        -81.427246         32.817661
        -81.431145         32.821815
        -81.431908         32.826038
        -81.430786         32.830303
        -81.430275         32.834026
        -81.430984         32.836662
        -81.435158         32.839481
        -81.436447         32.840515
        -81.440559         32.841480
        -81.445610         32.842159
        -81.447243         32.844242
        -81.447922         32.845818
        -81.449875         32.847893
        -81.451759         32.847851
        -81.454201         32.845673
        -81.457275         32.843483
        -81.458809         32.842388
        -81.461342         32.843124
        -81.464516         32.844112
        -81.464539         32.844906
        -81.463364         32.847321
        -81.459305         32.858017
        -81.458542         32.863598
        -81.459946         32.868340
        -81.462608         32.873047
        -81.465546         32.876427
        -81.469978         32.877384
        -81.474304         32.875164
        -81.477165         32.876160
        -81.482246         32.877895
        -81.483543         32.879192
        -81.484329         32.883945
        -81.481865         32.885593
        -81.476891         32.887299
        -81.472847         32.888718
        -81.471436         32.893520
        -81.470619         32.897514
        -81.471924         32.899075
        -81.473160         32.898518
        -81.477196         32.896832
        -81.480927         32.895420
        -81.482536         32.896709
        -81.485153         32.899830
        -81.485985         32.906174
        -81.486755         32.910660
        -81.489090         32.914848
        -81.490822         32.919846
        -81.492188         32.923260
        -81.492531         32.924046
        -81.494781         32.925583
        -81.500229         32.928638
        -81.504402         32.931458
        -81.507561         32.941456
        -81.508652         32.946201
        -81.512222         32.949566
        -81.514267         32.954288
        -81.515610         32.956909
        -81.515114         32.961163
        -81.515556         32.965126
        -81.514336         32.966217
        -81.513382         32.965973
        -81.511459         32.964695
        -81.503250         32.963825
        -81.502068         32.966236
        -81.500328         32.970783
        -81.500534         32.977142
        -81.498871         32.984074
        -81.498894         32.984867
        -81.496269         32.991291
        -81.498985         32.997326
        -81.501221         32.998333
        -81.503471         32.999870
        -81.500832         33.005764
        -81.507927         33.011166
        -81.515450         33.010197
        -81.520454         33.018826
        -81.521942         33.025951
        -81.528656         33.028973
        -81.531898         33.031815
        -81.535789         33.035435
        -81.538971         33.036419
        -81.544731         33.039200
        -81.548973         33.043606
        -81.552780         33.044575
        -81.554924         33.042667
        -81.560249         33.041748
        -81.564346         33.041916
        -81.567543         33.043430
        -81.567940         33.045807
        -81.568077         33.050045
        -81.568184         33.053223
        -81.569481         33.054253
        -81.573524         33.052830
        -81.576042         33.052769
        -81.578621         33.054565
        -81.581650         33.060326
        -81.583580         33.061604
        -81.586166         33.063663
        -81.589088         33.066242
        -81.593903         33.068779
        -81.598946         33.068924
        -81.602119         33.069641
        -81.605942         33.070873
        -81.606308         33.072456
        -81.604790         33.074085
        -81.604256         33.077011
        -81.604362         33.080193
        -81.607567         33.081703
        -81.610954         33.079502
        -81.614120         33.079956
        -81.616974         33.080418
        -81.618645         33.083294
        -81.619400         33.086987
        -81.619492         33.089634
        -81.620781         33.090664
        -81.622070         33.091427
        -81.625534         33.091343
        -81.634018         33.090607
        -81.646576         33.089241
        -81.649452         33.090496
        -81.653923         33.092239
        -81.660408         33.097649
        -81.666183         33.100689
        -81.671608         33.102673
        -81.679596         33.105659
        -81.686279         33.107613
        -81.691994         33.108795
        -81.698349         33.110229
        -81.707283         33.113453
        -81.713699         33.116737
        -81.718529         33.119534
        -81.721725         33.120781
        -81.725555         33.122272
        -81.729088         33.124043
        -81.731995         33.126087
        -81.739456         33.132000
        -81.747200         33.137104
        -81.756035         33.146160
        -81.764282         33.156292
        -81.769173         33.160938
        -81.771500         33.164326
        -81.773659         33.171696
        -81.773170         33.175686
        -81.771469         33.181030
        -81.768745         33.184284
        -81.766418         33.189911
        -81.765015         33.194717
        -81.765747         33.197617
        -81.767776         33.201279
        -81.770088         33.204136
        -81.770988         33.211800
        -81.773643         33.215446
        -81.775574         33.216457
        -81.777496         33.217205
        -81.781326         33.218430
        -81.783157         33.216793
        -81.784271         33.212521
        -81.784782         33.209328
        -81.785332         33.206924
        -81.789688         33.205223
        -81.794731         33.205093
        -81.805840         33.206928
        -81.811943         33.209953
        -81.814667         33.215450
        -81.816460         33.221237
        -81.818710         33.222504
        -81.826378         33.224957
        -81.831566         33.228798
        -81.837357         33.231831
        -81.846107         33.237965
        -81.851936         33.242054
        -81.854866         33.244366
        -81.855957         33.248314
        -81.854828         33.252056
        -81.853333         33.254215
        -81.853447         33.257397
        -81.852325         33.261135
        -81.849564         33.263332
        -81.846130         33.264481
        -81.842995         33.265095
        -81.841812         33.267246
        -81.842010         33.272808
        -81.844597         33.274334
        -81.846878         33.276394
        -81.849159         33.278191
        -81.853035         33.280476
        -81.857498         33.281685
        -81.860741         33.283985
        -81.866882         33.287800
        -81.867195         33.296280
        -81.859978         33.297531
        -81.856323         33.301338
        -81.856735         33.303978
        -81.857445         33.306084
        -81.859055         33.306835
        -81.861252         33.306511
        -81.865654         33.305866
        -81.867828         33.304749
        -81.870644         33.304142
        -81.871620         33.304913
        -81.872322         33.306751
        -81.871788         33.309418
        -81.873100         33.310707
        -81.875999         33.312222
        -81.881012         33.311031
        -81.881554         33.308628
        -81.883972         33.305649
        -81.888367         33.305000
        -81.889809         33.309734
        -81.889984         33.314503
        -81.893211         33.316277
        -81.897011         33.316441
        -81.898354         33.318523
        -81.898727         33.320107
        -81.898766         33.321167
        -81.901016         33.322166
        -81.904518         33.322868
        -81.905289         33.326561
        -81.906006         33.328930
        -81.907982         33.330997
        -81.911392         33.329315
        -81.911682         33.328510
        -81.914085         33.325264
        -81.916946         33.325718
        -81.917641         33.327290
        -81.919632         33.329891
        -81.929573         33.342087
        -81.933746         33.343830
        -81.941696         33.344944
        -81.944901         33.346184
        -81.946213         33.347473
        -81.942360         33.354206
        -81.944397         33.357864
        -81.951347         33.366161
        -81.952072         33.368530
        -81.950928         33.371742
        -81.949036         33.371796
        -81.940689         33.368572
        -81.935654         33.369240
        -81.933304         33.373810
        -81.932747         33.375946
        -81.934708         33.377487
        -81.938400         33.383221
        -81.941933         33.392937
        -81.944321         33.397648
        -81.948296         33.402313
        -81.949966         33.404655
        -81.950058         33.407040
        -81.948517         33.408142
        -81.944153         33.409851
        -81.939095         33.409988
        -81.936234         33.409534
        -81.931534         33.419209
        -81.932892         33.421558
        -81.935181         33.423618
        -81.935303         33.426796
        -81.932259         33.430061
        -81.928551         33.432281
        -81.924850         33.435032
        -81.922401         33.437222
        -81.921219         33.439373
        -81.921036         33.442825
        -81.922142         33.447041
        -81.924255         33.452820
        -81.929337         33.461700
        -81.931686         33.465084
        -81.936874         33.468391
        -81.941689         33.470119
        -81.948067         33.471275
        -81.962151         33.475403
        -81.970238         33.479954
        -81.988823         33.485550
        -81.991425         33.487335
        -81.994148         33.492298
        -81.995163         33.494129
        -81.996216         33.504974
        -81.999657         33.512039
        -82.003662         33.517235
        -82.008598         33.522137
        -82.012299         33.527607
        -82.016197         33.530151
        -82.022964         33.533146
        -82.030846         33.540089
        -82.041786         33.552517
        -82.049706         33.560520
        -82.058891         33.568485
        -82.068947         33.574306
        -82.081787         33.578190
        -82.093330         33.581577
        -82.103378         33.587128
        -82.112831         33.593491
        -82.115112         33.595020
        -82.120224         33.595936
        -82.123016         33.594528
        -82.129616         33.593014
        -82.134323         33.591820
        -82.139412         33.592205
        -82.145187         33.593895
        -82.154282         33.599205
        -82.156944         33.602310
        -82.158356         33.605721
        -82.161652         33.608807
        -82.167130         33.611038
        -82.169052         33.611511
        -82.175301         33.612179
        -82.175301         33.612179
        -82.176781         33.614658
        -82.188766         33.618412
        -82.195946         33.625301
        -82.200966         33.632950
        -82.204041         33.646172
        -82.204079         33.659027
        -82.204079         33.659027
        -82.207703         33.669910
        -82.212021         33.674934
        -82.218170         33.682770
        -82.236092         33.701992
        -82.238815         33.726238
        -82.252182         33.751030
        -82.266441         33.764061
        -82.275764         33.773804
        -82.284927         33.779541
        -82.296028         33.782642
        -82.299942         33.785961
        -82.301445         33.797081
        -82.323898         33.817013
        -82.329849         33.819695
        -82.347939         33.833462
        -82.365036         33.840096
        -82.381630         33.850754
        -82.387283         33.854588
        -82.394623         33.857510
        -82.396423         33.859459
        -82.407936         33.863686
        -82.415260         33.866322
        -82.430923         33.871277
        -82.439430         33.877308
        -82.449005         33.884167
        -82.453568         33.886314
        -82.475868         33.901360
        -82.490494         33.913498
        -82.510231         33.932339
        -82.513741         33.933945
        -82.525398         33.941017
        -82.533066         33.943352
        -82.539536         33.941998
        -82.545364         33.941811
        -82.557755         33.949718
        -82.560310         33.953072
        -82.563095         33.961285
        -82.587379         34.003445
        -82.591644         34.006454
        -82.602303         34.022419
        -82.602303         34.022419
        -82.604362         34.032658
        -82.614395         34.042866
        -82.625122         34.055622
        -82.627495         34.058353
        -82.631538         34.060562
        -82.637291         34.063183
        -82.643150         34.068142
        -82.648705         34.078724
        -82.649704         34.090015
        -82.649704         34.090015
        -82.656662         34.096428
        -82.665321         34.109848
        -82.668968         34.115353
        -82.673370         34.119072
        -82.677483         34.125614
        -82.684906         34.130642
        -82.705086         34.137001
        -82.713402         34.143051
        -82.726028         34.168285
        -82.727180         34.174572
        -82.726685         34.181969
        -82.732765         34.194069
        -82.732750         34.211292
        -82.738777         34.239910
        -82.742043         34.246128
        -82.747894         34.262100
        -82.752731         34.265804
        -82.762436         34.273911
        -82.770828         34.281010
        -82.775299         34.285778
        -82.785965         34.304749
        -82.788353         34.310291
        -82.795082         34.326584
        -82.802017         34.338299
        -82.819916         34.350842
        -82.819916         34.350842
        -82.823990         34.353291
        -82.828453         34.357819
        -82.837456         34.379986
        -82.841011         34.394848
        -82.844269         34.403633
        -82.846855         34.410099
        -82.856918         34.423180
        -82.862709         34.433403
        -82.866211         34.446728
        -82.867607         34.454411
        -82.869400         34.457710
        -82.874763         34.459541
        -82.880798         34.462360
        -82.883072         34.467323
        -82.887497         34.474567
        -82.890923         34.478146
        -82.898254         34.482597
        -82.910164         34.485207
        -82.918304         34.485596
        -82.932022         34.483772
        -82.948219         34.482700
        -82.959549         34.481964
        -82.969299         34.481956
        -82.978455         34.482304
        -82.987816         34.482643
        -82.991013         34.481689
        -82.992584         34.480625
        -82.995308         34.478344
        -82.998856         34.476200
        -83.004074         34.475006
        -83.008568         34.475517
        -83.015121         34.476627
        -83.020531         34.479122
        -83.025551         34.481968
        -83.029335         34.484524
        -83.035118         34.486332
        -83.037994         34.486900
        -83.043808         34.489380
        -83.051720         34.493130
        -83.057304         34.498981
        -83.062363         34.502495
        -83.069717         34.503239
        -83.074448         34.504414
        -83.077515         34.508671
        -83.079842         34.514301
        -83.083107         34.522255
        -83.086388         34.530540
        -83.090271         34.534767
        -83.094940         34.538635
        -83.097870         34.540207
        -83.100502         34.539944
        -83.104713         34.538948
        -83.110962         34.541748
        -83.117027         34.548923
        -83.120964         34.554157
        -83.125252         34.558372
        -83.130676         34.560863
        -83.140732         34.566544
        -83.145576         34.573425
        -83.148628         34.577351
        -83.155724         34.580788
        -83.160156         34.583817
        -83.161842         34.584930
        -83.162804         34.587585
        -83.162521         34.589951
        -83.163033         34.591946
        -83.165138         34.593216
        -83.168228         34.593941
        -83.170906         34.594681
        -83.173607         34.595760
        -83.174339         34.597916
        -83.173668         34.600632
        -83.170120         34.602779
        -83.166611         34.605602
        -83.166756         34.608284
        -83.168098         34.610588
        -83.170998         34.611492
        -83.176697         34.611614
        -83.184837         34.611649
        -83.191742         34.611393
        -83.197830         34.611164
        -83.201927         34.611687
        -83.207809         34.615166
        -83.211540         34.616371
        -83.218071         34.616798
        -83.226654         34.617485
        -83.234444         34.618538
        -83.239464         34.621040
        -83.245277         34.623177
        -83.248688         34.626072
        -83.250160         34.630726
        -83.251213         34.635056
        -83.253502         34.639675
        -83.256973         34.643581
        -83.261177         34.646111
        -83.264503         34.647331
        -83.282524         34.649338
        -83.282524         34.649338
        -83.284668         34.647911
        -83.288940         34.649578
        -83.286034         34.652222
        -83.288460         34.655571
        -83.292274         34.658863
        -83.299286         34.659729
        -83.307541         34.672031
        -83.316452         34.676723
        -83.328094         34.680386
        -83.342712         34.682774
        -83.345634         34.684952
        -83.345634         34.684952
        -83.347610         34.692245
        -83.349907         34.696865
        -83.353127         34.703465
        -83.353867         34.709492
        -83.354851         34.712479
        -83.356468         34.719479
        -83.357872         34.722786
        -83.356514         34.727547
        -83.353081         34.731716
        -83.350479         34.736187
        -83.347763         34.738644
        -83.343788         34.740479
        -83.340225         34.742298
        -83.335915         34.745487
        -83.333221         34.748283
        -83.330101         34.750755
        -83.327362         34.752880
        -83.326607         34.753918
        -83.324631         34.757057
        -83.324631         34.757057
        -83.327774         34.786114
        -83.325836         34.795616
        -83.310410         34.803371
        -83.308411         34.807358
        -83.310051         34.820621
        -83.306725         34.820988
        -83.305016         34.815769
        -83.302704         34.814484
        -83.299683         34.815296
        -83.297554         34.816994
        -83.296326         34.824398
        -83.293053         34.825680
        -83.287422         34.824757
        -83.282852         34.818279
        -83.278343         34.817539
        -83.274582         34.819992
        -83.272781         34.827187
        -83.272942         34.828762
        -83.273445         34.833595
        -83.276169         34.837162
        -83.275078         34.842262
        -83.272125         34.844219
        -83.258553         34.845917
        -83.255653         34.848793
        -83.255203         34.855244
        -83.253304         34.856239
        -83.252403         34.864548
        -83.249741         34.866726
        -83.246078         34.866180
        -83.243698         34.868347
        -83.242798         34.872059
        -83.246109         34.876064
        -83.244034         34.878674
        -83.234573         34.879284
        -83.228386         34.883209
        -83.222351         34.880230
        -83.220261         34.887440
        -83.218636         34.888191
        -83.215935         34.880257
        -83.211235         34.881134
        -83.207611         34.885876
        -83.206024         34.892143
        -83.202164         34.892986
        -83.198578         34.898415
        -83.194107         34.898361
        -83.186485         34.906475
        -83.172501         34.917278
        -83.172058         34.917618
        -83.168739         34.918209
        -83.163033         34.916134
        -83.161865         34.920090
        -83.163010         34.925327
        -83.159813         34.927982
        -83.156746         34.928104
        -83.151840         34.925308
        -83.143517         34.926327
        -83.136444         34.934414
        -83.132309         34.935268
        -83.127090         34.932022
        -83.121056         34.933868
        -83.120361         34.936424
        -83.127914         34.946239
        -83.127525         34.949242
        -83.122673         34.952190
        -83.123787         34.961796
        -83.121887         34.967617
        -83.114769         34.979843
        -83.109734         34.984638
        -83.100189         34.999168
        -83.100189         34.999168
        -83.096649         35.000000
        -83.043694         35.012428
        -83.025223         35.017620
        -83.013878         35.020058
        -82.956436         35.034302
        -82.950470         35.038166
        -82.938255         35.039932
        -82.916412         35.044987
        -82.901772         35.048660
        -82.884109         35.053577
        -82.868889         35.056808
        -82.839592         35.064144
        -82.832977         35.065842
        -82.791786         35.076405
        -82.778397         35.077042
        -82.777603         35.065578
        -82.765114         35.061363
        -82.760399         35.062191
        -82.747261         35.068562
        -82.727036         35.085247
        -82.718506         35.087318
        -82.695778         35.092834
        -82.690628         35.096661
        -82.690895         35.115490
        -82.683990         35.117531
        -82.672928         35.113953
        -82.660866         35.113159
        -82.648582         35.120178
        -82.637695         35.120724
        -82.622047         35.127609
        -82.600792         35.134193
        -82.591103         35.136539
        -82.571007         35.137802
        -82.564163         35.141212
        -82.553223         35.153927
        -82.548233         35.154987
        -82.538017         35.151604
        -82.528488         35.151180
        -82.514702         35.156162
        -82.500397         35.155415
        -82.490959         35.163944
        -82.486252         35.165226
        -82.462585         35.174839
        -82.457191         35.173149
        -82.455086         35.162640
        -82.451897         35.159969
        -82.443268         35.161125
        -82.428886         35.172085
        -82.425781         35.185265
        -82.419868         35.191395
        -82.406624         35.196121
        -82.394951         35.205162
        -82.388741         35.203953
        -82.382721         35.193550
        -82.379974         35.180759
        -82.372963         35.180489
        -82.368332         35.183598
        -82.358444         35.188457
        -82.348862         35.186874
        -82.339172         35.182537
        -82.334106         35.181755
        -82.325806         35.184269
        -82.315193         35.184780
        -82.302422         35.187412
        -82.270691         35.192142
        -82.257187         35.190426
        -82.232544         35.190140
        -82.227791         35.190262
        -82.207611         35.189629
        -82.198090         35.189751
        -82.189140         35.189865
        -82.173981         35.188641
        -82.092140         35.186058
        -82.084305         35.185806
        -82.037514         35.184410
        -82.006439         35.184235
        -81.956825         35.182186
        -81.871628         35.178627
        -81.856827         35.179520
        -81.847328         35.180092
        -81.838608         35.178680
        -81.838577         35.177761
        -81.818970         35.177277
        -81.799110         35.177486
        -81.795143         35.175964
        -81.730423         35.173695
        -81.696213         35.171432
        -81.689796         35.172028
        -81.646942         35.170628
        -81.626793         35.170582
        -81.581955         35.168278
        -81.540031         35.167442
        -81.530159         35.167244
        -81.504929         35.165440
        -81.468964         35.162643
        -81.468216         35.163395
        -81.464867         35.163414
        -81.433533         35.163597
        -81.428162         35.161633
        -81.385880         35.160355
        -81.368515         35.159523
        -81.336929         35.160561
        -81.333260         35.159248
        -81.325485         35.159077
        -81.321785         35.158997
        -81.283966         35.157143
        -81.261261         35.155472
        -81.232147         35.154598
        -81.206367         35.152744
        -81.204681         35.152714
        -81.197708         35.152580
        -81.187057         35.152382
        -81.157974         35.152637
        -81.152054         35.150898
        -81.119858         35.149590
        -81.082329         35.147438
END
END
