south_dakota
1
       -100.257561         43.681953
        -98.514458         42.995277
        -98.685898         42.992760
        -98.857460         42.989975
        -99.028999         42.986927
        -99.089622         42.987591
        -99.261192         42.989288
        -99.432777         42.990726
        -99.604370         42.991898
        -99.775970         42.992809
        -99.947571         42.993462
       -100.000000         42.993587
       -100.090721         42.993801
       -100.119171         42.993931
       -100.290779         42.994549
       -100.462387         42.994904
       -100.633995         42.994995
       -100.805603         42.994827
       -100.939293         42.994514
       -100.977203         42.994961
       -101.148796         42.996815
       -101.320396         42.998405
       -101.492012         42.999737
       -101.651741         42.999123
       -101.823357         42.998207
       -101.994965         42.997028
       -102.166565         42.995590
       -102.195251         42.995323
       -102.338158         42.996784
       -102.509758         42.998295
       -102.681374         42.999546
       -102.852989         43.000534
       -103.024612         43.001259
       -103.196236         43.001720
       -103.367859         43.001923
       -103.539490         43.001862
       -103.594940         43.001785
       -103.711113         43.002480
       -103.882736         43.003284
       -104.055847         43.001427
       -104.056061         43.048725
       -104.056625         43.174583
       -104.057381         43.303974
       -104.057800         43.372841
       -104.058571         43.498703
       -104.059349         43.624565
       -104.060127         43.750423
       -104.060905         43.876282
       -104.061691         44.002140
       -104.062485         44.127991
       -104.062775         44.238789
       -104.063118         44.364635
       -104.063454         44.490479
       -104.063797         44.616318
       -104.064140         44.742149
       -104.064484         44.867977
       -104.064842         45.000000
       -104.046822         45.000000
       -104.046822         45.060810
       -104.046822         45.186619
       -104.046829         45.312420
       -104.046829         45.438210
       -104.046829         45.563988
       -104.046837         45.689758
       -104.046837         45.815517
       -104.046837         45.941265
       -103.866455         45.942383
       -103.686066         45.943222
       -103.505669         45.943787
       -103.325264         45.944073
       -103.144867         45.944088
       -103.037216         45.943966
       -102.856819         45.943810
       -102.676422         45.943378
       -102.496025         45.942673
       -102.411285         45.942245
       -102.386757         45.936199
       -102.317139         45.936947
       -102.136780         45.938694
       -101.956406         45.940166
       -101.776016         45.941360
       -101.595634         45.942284
       -101.415237         45.942928
       -101.234840         45.943298
       -101.054443         45.943390
       -100.874039         45.943211
       -100.693649         45.942753
       -100.513252         45.942020
       -100.332863         45.941013
       -100.152489         45.939732
       -100.000000         45.938416
        -99.972115         45.938175
        -99.791756         45.936340
        -99.754692         45.935932
        -99.574318         45.936558
        -99.393936         45.936905
        -99.213562         45.936981
        -99.033180         45.936779
        -98.886848         45.936413
        -98.852806         45.936180
        -98.672440         45.934788
        -98.492088         45.933121
        -98.351021         45.931625
        -98.311745         45.931908
        -98.131386         45.933033
        -98.052444         45.933437
        -97.872078         45.932617
        -97.691727         45.931522
        -97.624565         45.931042
        -97.511368         45.931602
        -97.331009         45.932270
        -97.150642         45.932663
        -96.970276         45.932781
        -96.789909         45.932621
        -96.609543         45.932190
        -96.571381         45.932060
        -96.571381         45.932060
        -96.577446         45.913521
        -96.577019         45.869778
        -96.581581         45.857674
        -96.586357         45.835091
        -96.593353         45.824509
        -96.616844         45.800434
        -96.627548         45.781315
        -96.639397         45.767654
        -96.665855         45.744759
        -96.703026         45.723320
        -96.750748         45.705486
        -96.777504         45.689289
        -96.823479         45.661407
        -96.847374         45.651390
        -96.862114         45.617218
        -96.876068         45.600971
        -96.859718         45.589405
        -96.854355         45.586685
        -96.841354         45.575737
        -96.834175         45.574818
        -96.830933         45.572842
        -96.823494         45.561745
        -96.808105         45.557491
        -96.801765         45.552311
        -96.798157         45.548424
        -96.771637         45.519844
        -96.759010         45.502068
        -96.746315         45.463696
        -96.720840         45.436699
        -96.701912         45.416618
        -96.686935         45.410667
        -96.653069         45.410542
        -96.608917         45.403534
        -96.576324         45.386089
        -96.569656         45.384151
        -96.525093         45.371201
        -96.497314         45.351746
        -96.457741         45.293869
        -96.457741         45.293869
        -96.457588         45.253674
        -96.457108         45.127872
        -96.456635         45.002064
        -96.456627         45.000000
        -96.456161         44.876247
        -96.455688         44.750423
        -96.456940         44.638245
        -96.458336         44.512413
        -96.459732         44.386574
        -96.461121         44.260735
        -96.461372         44.237648
        -96.459961         44.134892
        -96.458237         44.009045
        -96.457489         43.954071
        -96.457626         43.883190
        -96.457870         43.757336
        -96.458115         43.631474
        -96.458351         43.505615
        -96.608009         43.502316
        -96.608009         43.502316
        -96.605080         43.499229
        -96.595871         43.495682
        -96.592674         43.491898
        -96.595436         43.465645
        -96.597054         43.461617
        -96.597343         43.460903
        -96.605835         43.456406
        -96.608742         43.450783
        -96.607040         43.443615
        -96.603584         43.438904
        -96.594635         43.431927
        -96.586128         43.432072
        -96.578392         43.434761
        -96.574020         43.429787
        -96.576958         43.423710
        -96.575455         43.418152
        -96.532303         43.392246
        -96.530838         43.386230
        -96.532608         43.374294
        -96.543961         43.297806
        -96.546280         43.296062
        -96.562637         43.295528
        -96.569481         43.296471
        -96.576332         43.301769
        -96.581322         43.302185
        -96.592476         43.299850
        -96.594246         43.296936
        -96.588997         43.291245
        -96.586365         43.288395
        -96.586777         43.282452
        -96.589607         43.277744
        -96.594902         43.273815
        -96.592278         43.270969
        -96.584045         43.272038
        -96.578682         43.267941
        -96.571518         43.267216
        -96.566734         43.263828
        -96.561279         43.256519
        -96.563324         43.249722
        -96.573494         43.243225
        -96.573242         43.233364
        -96.566414         43.227837
        -96.555534         43.226513
        -96.543556         43.227436
        -96.530853         43.220772
        -96.517723         43.219200
        -96.511269         43.218426
        -96.495743         43.229523
        -96.490364         43.230236
        -96.485062         43.225449
        -96.479683         43.212868
        -96.477493         43.195137
        -96.478500         43.180969
        -96.473633         43.156948
        -96.463394         43.142345
        -96.454140         43.136131
        -96.451447         43.134323
        -96.448166         43.123196
        -96.461464         43.103539
        -96.466461         43.090439
        -96.466736         43.077847
        -96.470139         43.069496
        -96.469124         43.066250
        -96.484924         43.063877
        -96.505493         43.051598
        -96.522728         43.046524
        -96.526382         43.043453
        -96.517265         43.035316
        -96.517204         43.027294
        -96.515511         43.024708
        -96.500717         43.017269
        -96.499283         43.011028
        -96.502411         43.006561
        -96.517120         42.997269
        -96.525192         42.989098
        -96.527199         42.982758
        -96.523788         42.973461
        -96.516083         42.972019
        -96.511375         42.967945
        -96.511513         42.961536
        -96.518616         42.949200
        -96.518265         42.945293
        -96.528053         42.939247
        -96.527115         42.934856
        -96.529419         42.933113
        -96.539001         42.934391
        -96.545837         42.930298
        -96.551064         42.922474
        -96.552536         42.914738
        -96.549690         42.901798
        -96.547424         42.898502
        -96.541710         42.895535
        -96.541046         42.891617
        -96.547401         42.885441
        -96.547440         42.883991
        -96.547600         42.878113
        -96.555786         42.872467
        -96.558670         42.866844
        -96.557571         42.860157
        -96.553711         42.852909
        -96.555115         42.850670
        -96.564117         42.846657
        -96.566872         42.842865
        -96.565620         42.838463
        -96.571449         42.835243
        -96.573441         42.828903
        -96.580803         42.830555
        -96.582397         42.834511
        -96.586128         42.834652
        -96.589096         42.832241
        -96.594917         42.820084
        -96.600655         42.813656
        -96.602631         42.807541
        -96.602135         42.801105
        -96.604652         42.796158
        -96.609222         42.791237
        -96.612045         42.788185
        -96.617821         42.785652
        -96.625633         42.785255
        -96.629929         42.781521
        -96.637215         42.770561
        -96.639587         42.763088
        -96.638283         42.759373
        -96.632477         42.757782
        -96.632683         42.754810
        -96.639183         42.746117
        -96.642624         42.736622
        -96.636765         42.717613
        -96.630295         42.707520
        -96.621124         42.700764
        -96.609512         42.697807
        -96.604568         42.692814
        -96.594650         42.692440
        -96.589531         42.685604
        -96.582405         42.680752
        -96.582405         42.676170
        -96.575447         42.677971
        -96.571762         42.677372
        -96.567642         42.674007
        -96.565834         42.668671
        -96.567177         42.662762
        -96.563675         42.659424
        -96.559013         42.659477
        -96.555153         42.661392
        -96.550232         42.660748
        -96.547775         42.656609
        -96.542442         42.647617
        -96.530365         42.638222
        -96.526962         42.633511
        -96.526016         42.629349
        -96.527977         42.623466
        -96.533195         42.619770
        -96.533699         42.617039
        -96.530823         42.613720
        -96.524651         42.613255
        -96.518250         42.615990
        -96.509193         42.603497
        -96.498917         42.581791
        -96.506126         42.576340
        -96.504158         42.564579
        -96.500893         42.562389
        -96.491043         42.561325
        -96.487984         42.556393
        -96.487747         42.537594
        -96.488823         42.535721
        -96.491989         42.530197
        -96.499741         42.525681
        -96.501236         42.522072
        -96.499031         42.518093
        -96.487221         42.514202
        -96.484352         42.510883
        -96.481056         42.500443
        -96.469185         42.489727
        -96.482788         42.487701
        -96.492081         42.486317
        -96.505943         42.491646
        -96.531120         42.510811
        -96.548561         42.520580
        -96.558754         42.522884
        -96.571159         42.521450
        -96.582642         42.514709
        -96.594536         42.511333
        -96.608231         42.509941
        -96.618942         42.514179
        -96.625648         42.520176
        -96.627419         42.541302
        -96.634308         42.554005
        -96.647797         42.565044
        -96.683365         42.582886
        -96.697296         42.589867
        -96.712677         42.611496
        -96.713318         42.621090
        -96.701012         42.649349
        -96.701195         42.656055
        -96.705826         42.664364
        -96.737869         42.670334
        -96.750771         42.668758
        -96.783028         42.664806
        -96.800255         42.669262
        -96.809143         42.682026
        -96.811188         42.690235
        -96.810425         42.701694
        -96.819893         42.705864
        -96.844841         42.711544
        -96.877731         42.722870
        -96.883591         42.724888
        -96.916580         42.727009
        -96.959084         42.722755
        -96.968590         42.726433
        -96.967239         42.737392
        -96.969002         42.750374
        -96.972527         42.756237
        -96.981300         42.761326
        -96.992264         42.762661
        -97.000847         42.760567
        -97.005821         42.760578
        -97.015800         42.760601
        -97.027321         42.763386
        -97.048134         42.763138
        -97.091507         42.766037
        -97.130013         42.774021
        -97.150955         42.782372
        -97.165237         42.793369
        -97.176430         42.801868
        -97.209068         42.810589
        -97.216240         42.818878
        -97.217583         42.820435
        -97.226425         42.846558
        -97.233963         42.851109
        -97.246758         42.854870
        -97.262939         42.856346
        -97.285789         42.855160
        -97.313957         42.863228
        -97.327606         42.863655
        -97.352318         42.859188
        -97.359177         42.857944
        -97.397697         42.867271
        -97.414703         42.865879
        -97.452118         42.848839
        -97.456665         42.848976
        -97.492378         42.862011
        -97.507927         42.863434
        -97.510239         42.862988
        -97.546738         42.855972
        -97.591698         42.854893
        -97.613091         42.856468
        -97.679398         42.849388
        -97.683769         42.848919
        -97.760963         42.853462
        -97.791840         42.860527
        -97.810593         42.862949
        -97.828194         42.862469
        -97.847900         42.858692
        -97.875877         42.845566
        -97.892731         42.833576
        -97.912521         42.814487
        -97.926338         42.797630
        -97.942734         42.785046
        -97.943214         42.784676
        -97.963188         42.774670
        -97.977074         42.769764
        -97.994682         42.768303
        -98.033508         42.771675
        -98.060303         42.782391
        -98.082413         42.796329
        -98.094002         42.802509
        -98.133194         42.823395
        -98.139870         42.834080
        -98.149399         42.839092
        -98.199806         42.846512
        -98.238434         42.861439
        -98.267006         42.872467
        -98.288277         42.877258
        -98.311340         42.885910
        -98.360840         42.900887
        -98.386848         42.917721
        -98.389145         42.918724
        -98.409882         42.927788
        -98.446678         42.936230
        -98.462090         42.941818
        -98.474709         42.952129
        -98.508904         42.994450
        -98.514458         42.995277
END
END
