spratly_islands
1
     0.1143771E+03     0.9686894E+01
     0.1143735E+03     0.9679463E+01
     0.1143708E+03     0.9681362E+01
     0.1143711E+03     0.9684116E+01
     0.1143749E+03     0.9689787E+01
     0.1143789E+03     0.9692693E+01
     0.1143812E+03     0.9692184E+01
     0.1143821E+03     0.9689635E+01
     0.1143811E+03     0.9686206E+01
     0.1143768E+03     0.9680085E+01
     0.1143735E+03     0.9679463E+01
END
2
     0.1142799E+03     0.1104619E+02
     0.1142788E+03     0.1104039E+02
     0.1142719E+03     0.1104353E+02
     0.1142724E+03     0.1104582E+02
     0.1142788E+03     0.1105006E+02
     0.1142830E+03     0.1105067E+02
     0.1142871E+03     0.1104667E+02
     0.1142832E+03     0.1104099E+02
     0.1142788E+03     0.1104039E+02
END
3
     0.1144550E+03     0.1039334E+02
     0.1144550E+03     0.1038829E+02
     0.1144504E+03     0.1038977E+02
     0.1144501E+03     0.1039438E+02
     0.1144522E+03     0.1039664E+02
     0.1144552E+03     0.1039727E+02
     0.1144587E+03     0.1039581E+02
     0.1144600E+03     0.1039279E+02
     0.1144550E+03     0.1038829E+02
END
4
     0.1143628E+03     0.1037387E+02
     0.1143640E+03     0.1036790E+02
     0.1143589E+03     0.1037261E+02
     0.1143584E+03     0.1037746E+02
     0.1143605E+03     0.1037856E+02
     0.1143666E+03     0.1037406E+02
     0.1143680E+03     0.1037081E+02
     0.1143672E+03     0.1036806E+02
     0.1143640E+03     0.1036790E+02
END
5
     0.1144668E+03     0.1037353E+02
     0.1144646E+03     0.1036738E+02
     0.1144619E+03     0.1037204E+02
     0.1144648E+03     0.1037796E+02
     0.1144671E+03     0.1037837E+02
     0.1144699E+03     0.1037670E+02
     0.1144712E+03     0.1037230E+02
     0.1144685E+03     0.1036775E+02
     0.1144646E+03     0.1036738E+02
END
6
     0.1143649E+03     0.1018208E+02
     0.1143655E+03     0.1017548E+02
     0.1143606E+03     0.1017627E+02
     0.1143588E+03     0.1017930E+02
     0.1143591E+03     0.1018344E+02
     0.1143632E+03     0.1018703E+02
     0.1143662E+03     0.1018720E+02
     0.1143700E+03     0.1018390E+02
     0.1143714E+03     0.1018042E+02
     0.1143655E+03     0.1017548E+02
END
7
     0.1157897E+03     0.1087017E+02
     0.1157924E+03     0.1086427E+02
     0.1157863E+03     0.1086692E+02
     0.1157839E+03     0.1086941E+02
     0.1157838E+03     0.1087286E+02
     0.1157861E+03     0.1087567E+02
     0.1157931E+03     0.1087764E+02
     0.1157980E+03     0.1087611E+02
     0.1157997E+03     0.1087131E+02
     0.1157979E+03     0.1086690E+02
     0.1157973E+03     0.1086551E+02
     0.1157924E+03     0.1086427E+02
END
8
     0.1158378E+03     0.1082781E+02
     0.1158460E+03     0.1082241E+02
     0.1158339E+03     0.1082403E+02
     0.1158303E+03     0.1082765E+02
     0.1158298E+03     0.1083179E+02
     0.1158314E+03     0.1083343E+02
     0.1158416E+03     0.1083269E+02
     0.1158454E+03     0.1083115E+02
     0.1158490E+03     0.1082638E+02
     0.1158472E+03     0.1082335E+02
     0.1158460E+03     0.1082241E+02
END
9
     0.1157722E+03     0.1075567E+02
     0.1157701E+03     0.1074944E+02
     0.1157678E+03     0.1075101E+02
     0.1157663E+03     0.1075444E+02
     0.1157685E+03     0.1076161E+02
     0.1157706E+03     0.1076326E+02
     0.1157750E+03     0.1076173E+02
     0.1157801E+03     0.1076090E+02
     0.1157825E+03     0.1075772E+02
     0.1157812E+03     0.1075448E+02
     0.1157798E+03     0.1075422E+02
     0.1157731E+03     0.1074996E+02
     0.1157701E+03     0.1074944E+02
END
10
     0.1158184E+03     0.1072758E+02
     0.1158186E+03     0.1072085E+02
     0.1158148E+03     0.1072331E+02
     0.1158131E+03     0.1072766E+02
     0.1158148E+03     0.1073436E+02
     0.1158181E+03     0.1073511E+02
     0.1158283E+03     0.1073599E+02
     0.1158316E+03     0.1073420E+02
     0.1158343E+03     0.1072942E+02
     0.1158329E+03     0.1072778E+02
     0.1158252E+03     0.1072672E+02
     0.1158186E+03     0.1072085E+02
END
11
     0.1150155E+03     0.1111316E+02
     0.1150186E+03     0.1110711E+02
     0.1150139E+03     0.1110771E+02
     0.1150094E+03     0.1111314E+02
     0.1150105E+03     0.1111592E+02
     0.1150126E+03     0.1111528E+02
     0.1150209E+03     0.1111798E+02
     0.1150219E+03     0.1111455E+02
     0.1150207E+03     0.1110923E+02
     0.1150186E+03     0.1110711E+02
END
12
     0.1140337E+03     0.1001706E+02
     0.1140299E+03     0.1001184E+02
     0.1140279E+03     0.1001510E+02
     0.1140295E+03     0.1001737E+02
     0.1140380E+03     0.1002111E+02
     0.1140403E+03     0.1001946E+02
     0.1140341E+03     0.1001245E+02
     0.1140299E+03     0.1001184E+02
END
END
