sri_lanka
1
     0.7987715E+02     0.9735461E+01
     0.7987846E+02     0.9701265E+01
     0.7987385E+02     0.9703201E+01
     0.7986836E+02     0.9702845E+01
     0.7986420E+02     0.9707077E+01
     0.7985622E+02     0.9709888E+01
     0.7985374E+02     0.9713472E+01
     0.7985779E+02     0.9718030E+01
     0.7986210E+02     0.9726559E+01
     0.7986240E+02     0.9735134E+01
     0.7985822E+02     0.9743700E+01
     0.7985787E+02     0.9744391E+01
     0.7985709E+02     0.9749213E+01
     0.7986436E+02     0.9759383E+01
     0.7986922E+02     0.9760583E+01
     0.7988374E+02     0.9758326E+01
     0.7989157E+02     0.9761584E+01
     0.7989769E+02     0.9762142E+01
     0.7989830E+02     0.9760461E+01
     0.7989635E+02     0.9755880E+01
     0.7989815E+02     0.9746862E+01
     0.7989104E+02     0.9733553E+01
     0.7988970E+02     0.9726664E+01
     0.7989459E+02     0.9711961E+01
     0.7989223E+02     0.9707595E+01
     0.7988843E+02     0.9706801E+01
     0.7988268E+02     0.9701636E+01
     0.7987846E+02     0.9701265E+01
END
2
     0.7981145E+02     0.9700780E+01
     0.7981275E+02     0.9684222E+01
     0.7980983E+02     0.9686975E+01
     0.7980906E+02     0.9693678E+01
     0.7981049E+02     0.9709146E+01
     0.7981244E+02     0.9713099E+01
     0.7981497E+02     0.9713698E+01
     0.7981578E+02     0.9710341E+01
     0.7981226E+02     0.9697409E+01
     0.7981367E+02     0.9691535E+01
     0.7981275E+02     0.9684222E+01
END
3
     0.7979372E+02     0.9683930E+01
     0.7979433E+02     0.9686964E+01
     0.7979528E+02     0.9686334E+01
     0.7979559E+02     0.9682873E+01
     0.7979369E+02     0.9680041E+01
     0.7979210E+02     0.9682559E+01
     0.7979179E+02     0.9685076E+01
     0.7979433E+02     0.9686964E+01
END
4
     0.7977681E+02     0.9667060E+01
     0.7977589E+02     0.9645716E+01
     0.7977257E+02     0.9650355E+01
     0.7976711E+02     0.9652717E+01
     0.7976424E+02     0.9659653E+01
     0.7977520E+02     0.9679408E+01
     0.7977903E+02     0.9682922E+01
     0.7978325E+02     0.9683713E+01
     0.7978563E+02     0.9669668E+01
     0.7978494E+02     0.9664655E+01
     0.7978320E+02     0.9659862E+01
     0.7977811E+02     0.9655943E+01
     0.7977803E+02     0.9649039E+01
     0.7977589E+02     0.9645716E+01
END
5
     0.7985868E+02     0.9627880E+01
     0.7985590E+02     0.9624319E+01
     0.7985262E+02     0.9632096E+01
     0.7985433E+02     0.9634797E+01
     0.7985770E+02     0.9634968E+01
     0.7986227E+02     0.9628640E+01
     0.7986477E+02     0.9625892E+01
     0.7986515E+02     0.9622331E+01
     0.7986321E+02     0.9618796E+01
     0.7986090E+02     0.9619241E+01
     0.7985590E+02     0.9624319E+01
END
6
     0.7983407E+02     0.9585710E+01
     0.7982182E+02     0.9608802E+01
     0.7982258E+02     0.9600842E+01
     0.7982758E+02     0.9595975E+01
     0.7983253E+02     0.9586505E+01
     0.7983705E+02     0.9595659E+01
     0.7984253E+02     0.9596226E+01
     0.7984735E+02     0.9594288E+01
     0.7984947E+02     0.9595101E+01
     0.7984491E+02     0.9601848E+01
     0.7984661E+02     0.9603084E+01
     0.7985418E+02     0.9602161E+01
     0.7985760E+02     0.9606307E+01
     0.7986077E+02     0.9607526E+01
     0.7986391E+02     0.9605398E+01
     0.7986447E+02     0.9599743E+01
     0.7985975E+02     0.9591428E+01
     0.7986256E+02     0.9578844E+01
     0.7985822E+02     0.9568014E+01
     0.7985053E+02     0.9568101E+01
     0.7983675E+02     0.9568256E+01
     0.7980820E+02     0.9577153E+01
     0.7980550E+02     0.9580531E+01
     0.7980725E+02     0.9586160E+01
     0.7981173E+02     0.9591340E+01
     0.7980927E+02     0.9616892E+01
     0.7981017E+02     0.9622321E+01
     0.7981483E+02     0.9624780E+01
     0.7981667E+02     0.9618901E+01
     0.7981918E+02     0.9617619E+01
     0.7982187E+02     0.9613194E+01
     0.7982182E+02     0.9608802E+01
END
7
     0.7976896E+02     0.9604964E+01
     0.7977333E+02     0.9584862E+01
     0.7976976E+02     0.9585529E+01
     0.7976373E+02     0.9592709E+01
     0.7976189E+02     0.9598587E+01
     0.7976308E+02     0.9610917E+01
     0.7976779E+02     0.9617769E+01
     0.7977225E+02     0.9620649E+01
     0.7977540E+02     0.9619778E+01
     0.7977576E+02     0.9614125E+01
     0.7977486E+02     0.9590284E+01
     0.7977333E+02     0.9584862E+01
END
8
     0.7984756E+02     0.9609982E+01
     0.7985297E+02     0.9606568E+01
     0.7984308E+02     0.9607726E+01
     0.7984079E+02     0.9610262E+01
     0.7984145E+02     0.9612975E+01
     0.7984656E+02     0.9617520E+01
     0.7985262E+02     0.9612639E+01
     0.7985447E+02     0.9609271E+01
     0.7985297E+02     0.9606568E+01
END
9
     0.7983157E+02     0.9608871E+01
     0.7982560E+02     0.9607504E+01
     0.7982733E+02     0.9612087E+01
     0.7983720E+02     0.9609884E+01
     0.7983676E+02     0.9607588E+01
     0.7983358E+02     0.9605532E+01
     0.7982873E+02     0.9604749E+01
     0.7982560E+02     0.9607504E+01
END
10
     0.7979696E+02     0.9585032E+01
     0.7980022E+02     0.9578916E+01
     0.7979582E+02     0.9580848E+01
     0.7979397E+02     0.9584634E+01
     0.7979549E+02     0.9589220E+01
     0.7979950E+02     0.9589803E+01
     0.7980022E+02     0.9578916E+01
END
11
     0.7969045E+02     0.9520244E+01
     0.7965297E+02     0.9553526E+01
     0.7965467E+02     0.9555182E+01
     0.7966078E+02     0.9555534E+01
     0.7966582E+02     0.9554645E+01
     0.7967461E+02     0.9549739E+01
     0.7968811E+02     0.9531185E+01
     0.7968723E+02     0.9527429E+01
     0.7968842E+02     0.9521140E+01
     0.7969157E+02     0.9520688E+01
     0.7969649E+02     0.9526911E+01
     0.7971630E+02     0.9528998E+01
     0.7971924E+02     0.9528131E+01
     0.7972507E+02     0.9522628E+01
     0.7972942E+02     0.9495137E+01
     0.7972961E+02     0.9493918E+01
     0.7972714E+02     0.9479929E+01
     0.7971762E+02     0.9475011E+01
     0.7971278E+02     0.9475482E+01
     0.7969139E+02     0.9483243E+01
     0.7966042E+02     0.9500728E+01
     0.7965834E+02     0.9503051E+01
     0.7965739E+02     0.9513311E+01
     0.7965292E+02     0.9529259E+01
     0.7965294E+02     0.9536768E+01
     0.7965297E+02     0.9553526E+01
END
12
     0.7983222E+02     0.9041283E+01
     0.7986333E+02     0.9044219E+01
     0.7986515E+02     0.9039155E+01
     0.7987717E+02     0.9023752E+01
     0.7988023E+02     0.9015771E+01
     0.7988830E+02     0.9003758E+01
     0.7990118E+02     0.8991063E+01
     0.7991099E+02     0.8984677E+01
     0.7991894E+02     0.8981867E+01
     0.7992227E+02     0.8979319E+01
     0.7992454E+02     0.8975110E+01
     0.7992324E+02     0.8972198E+01
     0.7989646E+02     0.8963514E+01
     0.7989156E+02     0.8957925E+01
     0.7988904E+02     0.8957953E+01
     0.7988182E+02     0.8969538E+01
     0.7987890E+02     0.8971453E+01
     0.7988018E+02     0.8968143E+01
     0.7987979E+02     0.8964290E+01
     0.7987201E+02     0.8975714E+01
     0.7983903E+02     0.9014565E+01
     0.7981632E+02     0.9032596E+01
     0.7979807E+02     0.9042343E+01
     0.7976073E+02     0.9062281E+01
     0.7974253E+02     0.9069799E+01
     0.7971339E+02     0.9076390E+01
     0.7970624E+02     0.9076259E+01
     0.7970039E+02     0.9080504E+01
     0.7969793E+02     0.9085968E+01
     0.7969862E+02     0.9092235E+01
     0.7969534E+02     0.9099172E+01
     0.7969585E+02     0.9099565E+01
     0.7969830E+02     0.9101440E+01
     0.7971095E+02     0.9103813E+01
     0.7972523E+02     0.9103240E+01
     0.7973052E+02     0.9106319E+01
     0.7974100E+02     0.9103068E+01
     0.7975319E+02     0.9103354E+01
     0.7979117E+02     0.9096869E+01
     0.7980227E+02     0.9092564E+01
     0.7981676E+02     0.9091356E+01
     0.7981897E+02     0.9090029E+01
     0.7982636E+02     0.9085602E+01
     0.7984440E+02     0.9081635E+01
     0.7985860E+02     0.9073109E+01
     0.7988316E+02     0.9051080E+01
     0.7990577E+02     0.9024888E+01
     0.7991701E+02     0.9014128E+01
     0.7991969E+02     0.9011553E+01
     0.7992536E+02     0.9010859E+01
     0.7992828E+02     0.9008526E+01
     0.7992637E+02     0.9007084E+01
     0.7991714E+02     0.9008027E+01
     0.7989922E+02     0.9021409E+01
     0.7988082E+02     0.9030402E+01
     0.7986584E+02     0.9044167E+01
     0.7986500E+02     0.9047822E+01
     0.7986500E+02     0.9047822E+01
     0.7986277E+02     0.9051520E+01
     0.7986029E+02     0.9055104E+01
     0.7985757E+02     0.9056390E+01
     0.7985671E+02     0.9054935E+01
     0.7986183E+02     0.9048052E+01
     0.7986333E+02     0.9044219E+01
END
13
     0.7969292E+02     0.9073538E+01
     0.7968899E+02     0.9074981E+01
     0.7969845E+02     0.9075506E+01
     0.7969927E+02     0.9073406E+01
     0.7968832E+02     0.9071014E+01
     0.7968560E+02     0.9072926E+01
     0.7968899E+02     0.9074981E+01
END
14
     0.7989771E+02     0.8948710E+01
     0.7989362E+02     0.8945339E+01
     0.7989096E+02     0.8949313E+01
     0.7989087E+02     0.8952496E+01
     0.7989585E+02     0.8954459E+01
     0.7990267E+02     0.8955288E+01
     0.7990432E+02     0.8952760E+01
     0.7990382E+02     0.8945028E+01
     0.7990103E+02     0.8940460E+01
     0.7989851E+02     0.8940280E+01
     0.7989362E+02     0.8945339E+01
END
15
     0.7990249E+02     0.8927610E+01
     0.7988490E+02     0.8951228E+01
     0.7988578E+02     0.8951081E+01
     0.7989081E+02     0.8945046E+01
     0.7989391E+02     0.8941072E+01
     0.7989740E+02     0.8935065E+01
     0.7990862E+02     0.8923644E+01
     0.7992368E+02     0.8900469E+01
     0.7992302E+02     0.8897340E+01
     0.7991782E+02     0.8901999E+01
     0.7991082E+02     0.8914209E+01
     0.7988803E+02     0.8943118E+01
     0.7988490E+02     0.8951228E+01
END
16
     0.7990987E+02     0.8941620E+01
     0.7990788E+02     0.8933063E+01
     0.7990395E+02     0.8938335E+01
     0.7991058E+02     0.8948297E+01
     0.7991309E+02     0.8948058E+01
     0.7991451E+02     0.8943859E+01
     0.7991084E+02     0.8934910E+01
     0.7990788E+02     0.8933063E+01
END
17
     0.7977934E+02     0.8474276E+01
     0.7978955E+02     0.8407998E+01
     0.7978790E+02     0.8410107E+01
     0.7978934E+02     0.8427229E+01
     0.7977563E+02     0.8478170E+01
     0.7977370E+02     0.8513099E+01
     0.7977569E+02     0.8521855E+01
     0.7978014E+02     0.8525987E+01
     0.7978221E+02     0.8523456E+01
     0.7977987E+02     0.8520764E+01
     0.7978065E+02     0.8515948E+01
     0.7977934E+02     0.8510528E+01
     0.7978221E+02     0.8504226E+01
     0.7977816E+02     0.8498418E+01
     0.7977766E+02     0.8491108E+01
     0.7978031E+02     0.8483972E+01
     0.7978127E+02     0.8475391E+01
     0.7978849E+02     0.8464233E+01
     0.7979322E+02     0.8417153E+01
     0.7979146E+02     0.8409231E+01
     0.7978955E+02     0.8407998E+01
END
18
     0.7979194E+02     0.8378716E+01
     0.7979394E+02     0.8368031E+01
     0.7978677E+02     0.8382949E+01
     0.7978869E+02     0.8386690E+01
     0.7979352E+02     0.8387054E+01
     0.7979580E+02     0.8384939E+01
     0.7979470E+02     0.8380144E+01
     0.7979712E+02     0.8371130E+01
     0.7979646E+02     0.8368421E+01
     0.7979394E+02     0.8368031E+01
END
19
     0.7980455E+02     0.8327950E+01
     0.7980785E+02     0.8316883E+01
     0.7980493E+02     0.8318796E+01
     0.7980090E+02     0.8333470E+01
     0.7980283E+02     0.8336583E+01
     0.7980470E+02     0.8335727E+01
     0.7980832E+02     0.8321475E+01
     0.7980785E+02     0.8316883E+01
END
20
     0.7979634E+02     0.8295048E+01
     0.7979750E+02     0.8290875E+01
     0.7979377E+02     0.8294261E+01
     0.7979257E+02     0.8299917E+01
     0.7979366E+02     0.8303457E+01
     0.7979660E+02     0.8304260E+01
     0.7979613E+02     0.8299251E+01
     0.7980087E+02     0.8292510E+01
     0.7979750E+02     0.8290875E+01
END
21
     0.7977930E+02     0.8266487E+01
     0.7978249E+02     0.8259070E+01
     0.7977769E+02     0.8261003E+01
     0.7977632E+02     0.8270632E+01
     0.7977907E+02     0.8272273E+01
     0.7978439E+02     0.8260511E+01
     0.7978249E+02     0.8259070E+01
END
22
     0.7980591E+02     0.8168566E+01
     0.7980720E+02     0.8161629E+01
     0.7980272E+02     0.8173171E+01
     0.7980524E+02     0.8173979E+01
     0.7980830E+02     0.8166005E+01
     0.7980720E+02     0.8161629E+01
END
23
     0.7982087E+02     0.7947724E+01
     0.7981738E+02     0.7944292E+01
     0.7981993E+02     0.7954160E+01
     0.7982201E+02     0.7955302E+01
     0.7982360E+02     0.7948407E+01
     0.7982290E+02     0.7944735E+01
     0.7981738E+02     0.7944292E+01
END
24
     0.8005686E+02     0.9337993E+01
     0.8005901E+02     0.9328233E+01
     0.8005526E+02     0.9331624E+01
     0.8005430E+02     0.9339167E+01
     0.8005457E+02     0.9344602E+01
     0.8005795E+02     0.9345607E+01
     0.8006071E+02     0.9329885E+01
     0.8005901E+02     0.9328233E+01
END
25
     0.8008246E+02     0.9315590E+01
     0.8008636E+02     0.9310749E+01
     0.8008069E+02     0.9311864E+01
     0.8007613E+02     0.9317567E+01
     0.8008289E+02     0.9319367E+01
     0.8009163E+02     0.9311731E+01
     0.8008636E+02     0.9310749E+01
END
26
     0.8121069E+02     0.8539172E+01
     0.8120770E+02     0.8536386E+01
     0.8120586E+02     0.8539969E+01
     0.8120804E+02     0.8544743E+01
     0.8121078E+02     0.8545324E+01
     0.8121530E+02     0.8539398E+01
     0.8121274E+02     0.8536513E+01
     0.8120770E+02     0.8536386E+01
END
27
     0.8093082E+02     0.7137101E+01
     0.8013579E+02     0.9811412E+01
     0.8013625E+02     0.9814963E+01
     0.8014370E+02     0.9820940E+01
     0.8017722E+02     0.9821570E+01
     0.8020515E+02     0.9829801E+01
     0.8021465E+02     0.9831354E+01
     0.8023858E+02     0.9823519E+01
     0.8024934E+02     0.9823592E+01
     0.8025336E+02     0.9819125E+01
     0.8025391E+02     0.9818512E+01
     0.8026000E+02     0.9800439E+01
     0.8027380E+02     0.9775572E+01
     0.8028870E+02     0.9753828E+01
     0.8030804E+02     0.9733074E+01
     0.8031996E+02     0.9712690E+01
     0.8032246E+02     0.9708406E+01
     0.8036567E+02     0.9660346E+01
     0.8040921E+02     0.9623123E+01
     0.8042607E+02     0.9608704E+01
     0.8048221E+02     0.9569661E+01
     0.8049992E+02     0.9555820E+01
     0.8050738E+02     0.9546722E+01
     0.8050900E+02     0.9545285E+01
     0.8054046E+02     0.9517398E+01
     0.8056233E+02     0.9500359E+01
     0.8060426E+02     0.9472159E+01
     0.8060955E+02     0.9468122E+01
     0.8062467E+02     0.9456600E+01
     0.8064296E+02     0.9439816E+01
     0.8066859E+02     0.9421879E+01
     0.8067231E+02     0.9416805E+01
     0.8067231E+02     0.9416805E+01
     0.8067437E+02     0.9413638E+01
     0.8067437E+02     0.9413638E+01
     0.8067794E+02     0.9412750E+01
     0.8068039E+02     0.9407485E+01
     0.8069158E+02     0.9395401E+01
     0.8071297E+02     0.9375011E+01
     0.8075081E+02     0.9342875E+01
     0.8076408E+02     0.9329504E+01
     0.8076647E+02     0.9327971E+01
     0.8078743E+02     0.9314519E+01
     0.8081170E+02     0.9290943E+01
     0.8081125E+02     0.9289067E+01
     0.8080991E+02     0.9288694E+01
     0.8080991E+02     0.9288694E+01
     0.8081101E+02     0.9286123E+01
     0.8081101E+02     0.9286123E+01
     0.8081163E+02     0.9286551E+01
     0.8081498E+02     0.9285037E+01
     0.8082019E+02     0.9267389E+01
     0.8083876E+02     0.9238436E+01
     0.8084280E+02     0.9232122E+01
     0.8085725E+02     0.9184636E+01
     0.8088539E+02     0.9125441E+01
     0.8088407E+02     0.9121905E+01
     0.8088407E+02     0.9121905E+01
     0.8088654E+02     0.9117894E+01
     0.8088654E+02     0.9117894E+01
     0.8088883E+02     0.9116814E+01
     0.8090302E+02     0.9095057E+01
     0.8091221E+02     0.9077351E+01
     0.8091759E+02     0.9071413E+01
     0.8093674E+02     0.9030968E+01
     0.8096307E+02     0.8993131E+01
     0.8096407E+02     0.8989560E+01
     0.8096191E+02     0.8986247E+01
     0.8096191E+02     0.8986247E+01
     0.8096664E+02     0.8979273E+01
     0.8096664E+02     0.8979273E+01
     0.8096955E+02     0.8978849E+01
     0.8097146E+02     0.8978572E+01
     0.8097534E+02     0.8971402E+01
     0.8097970E+02     0.8967779E+01
     0.8098959E+02     0.8955080E+01
     0.8100048E+02     0.8938809E+01
     0.8100229E+02     0.8933344E+01
     0.8100161E+02     0.8930218E+01
     0.8099302E+02     0.8918013E+01
     0.8099701E+02     0.8917742E+01
     0.8100706E+02     0.8929715E+01
     0.8101021E+02     0.8929039E+01
     0.8101881E+02     0.8914895E+01
     0.8101786E+02     0.8907591E+01
     0.8101384E+02     0.8905561E+01
     0.8101550E+02     0.8904073E+01
     0.8101565E+02     0.8900515E+01
     0.8101240E+02     0.8894083E+01
     0.8101299E+02     0.8891147E+01
     0.8102082E+02     0.8894998E+01
     0.8102097E+02     0.8904823E+01
     0.8102306E+02     0.8903746E+01
     0.8103185E+02     0.8888344E+01
     0.8104443E+02     0.8873092E+01
     0.8105892E+02     0.8859482E+01
     0.8107059E+02     0.8853653E+01
     0.8107350E+02     0.8851516E+01
     0.8107499E+02     0.8852747E+01
     0.8107336E+02     0.8856118E+01
     0.8107382E+02     0.8858621E+01
     0.8107720E+02     0.8859821E+01
     0.8107937E+02     0.8863970E+01
     0.8108168E+02     0.8864142E+01
     0.8108197E+02     0.8855774E+01
     0.8108495E+02     0.8858236E+01
     0.8108747E+02     0.8858405E+01
     0.8108848E+02     0.8855880E+01
     0.8108614E+02     0.8854035E+01
     0.8108631E+02     0.8851522E+01
     0.8109081E+02     0.8843506E+01
     0.8109479E+02     0.8829225E+01
     0.8109908E+02     0.8821629E+01
     0.8110571E+02     0.8816297E+01
     0.8110481E+02     0.8812547E+01
     0.8112184E+02     0.8786976E+01
     0.8112986E+02     0.8775766E+01
     0.8114208E+02     0.8765534E+01
     0.8114630E+02     0.8766513E+01
     0.8114857E+02     0.8764385E+01
     0.8115916E+02     0.8743098E+01
     0.8117133E+02     0.8729939E+01
     0.8117251E+02     0.8724484E+01
     0.8117563E+02     0.8722970E+01
     0.8118813E+02     0.8703533E+01
     0.8119646E+02     0.8686672E+01
     0.8120039E+02     0.8682636E+01
     0.8120133E+02     0.8676140E+01
     0.8120747E+02     0.8666423E+01
     0.8122669E+02     0.8647503E+01
     0.8122525E+02     0.8636028E+01
     0.8122780E+02     0.8624907E+01
     0.8122476E+02     0.8619102E+01
     0.8122411E+02     0.8618507E+01
     0.8122136E+02     0.8616021E+01
     0.8121964E+02     0.8613541E+01
     0.8122078E+02     0.8606205E+01
     0.8122982E+02     0.8580972E+01
     0.8123623E+02     0.8575013E+01
     0.8123916E+02     0.8574547E+01
     0.8124511E+02     0.8579258E+01
     0.8124612E+02     0.8576733E+01
     0.8124314E+02     0.8574273E+01
     0.8124096E+02     0.8569291E+01
     0.8124478E+02     0.8558986E+01
     0.8124707E+02     0.8557902E+01
     0.8124709E+02     0.8545777E+01
     0.8124577E+02     0.8542037E+01
     0.8124506E+02     0.8541722E+01
     0.8123985E+02     0.8539415E+01
     0.8123176E+02     0.8532022E+01
     0.8122568E+02     0.8532331E+01
     0.8122849E+02     0.8537302E+01
     0.8122790E+02     0.8539820E+01
     0.8122351E+02     0.8541355E+01
     0.8123174E+02     0.8557108E+01
     0.8122607E+02     0.8569534E+01
     0.8122188E+02     0.8570230E+01
     0.8121722E+02     0.8568007E+01
     0.8121252E+02     0.8562438E+01
     0.8120957E+02     0.8561859E+01
     0.8120879E+02     0.8565007E+01
     0.8121755E+02     0.8575317E+01
     0.8121676E+02     0.8577839E+01
     0.8121233E+02     0.8576239E+01
     0.8120483E+02     0.8567163E+01
     0.8120273E+02     0.8566778E+01
     0.8120266E+02     0.8568492E+01
     0.8120258E+02     0.8570334E+01
     0.8120053E+02     0.8573712E+01
     0.8119736E+02     0.8572510E+01
     0.8119266E+02     0.8566524E+01
     0.8119534E+02     0.8563553E+01
     0.8119211E+02     0.8558798E+01
     0.8119321E+02     0.8548954E+01
     0.8120060E+02     0.8551762E+01
     0.8120311E+02     0.8551093E+01
     0.8119734E+02     0.8544915E+01
     0.8119972E+02     0.8536098E+01
     0.8120431E+02     0.8534350E+01
     0.8120512E+02     0.8532247E+01
     0.8120274E+02     0.8528522E+01
     0.8120334E+02     0.8526423E+01
     0.8120775E+02     0.8526560E+01
     0.8120940E+02     0.8525070E+01
     0.8120792E+02     0.8523840E+01
     0.8120739E+02     0.8517368E+01
     0.8120966E+02     0.8514614E+01
     0.8120918E+02     0.8511276E+01
     0.8121185E+02     0.8507680E+01
     0.8121162E+02     0.8506430E+01
     0.8120365E+02     0.8506558E+01
     0.8119899E+02     0.8503499E+01
     0.8119309E+02     0.8507200E+01
     0.8119309E+02     0.8507200E+01
     0.8118957E+02     0.8501837E+01
     0.8118957E+02     0.8501837E+01
     0.8119362E+02     0.8495643E+01
     0.8119552E+02     0.8483069E+01
     0.8120284E+02     0.8468946E+01
     0.8119769E+02     0.8461504E+01
     0.8119996E+02     0.8459168E+01
     0.8120296E+02     0.8462882E+01
     0.8120612E+02     0.8464293E+01
     0.8122008E+02     0.8458005E+01
     0.8122511E+02     0.8457714E+01
     0.8122738E+02     0.8455796E+01
     0.8122971E+02     0.8457639E+01
     0.8123392E+02     0.8457780E+01
     0.8123745E+02     0.8455841E+01
     0.8124268E+02     0.8455337E+01
     0.8124805E+02     0.8449815E+01
     0.8125314E+02     0.8453493E+01
     0.8125753E+02     0.8452376E+01
     0.8125989E+02     0.8455891E+01
     0.8126242E+02     0.8456894E+01
     0.8127264E+02     0.8453382E+01
     0.8127341E+02     0.8448562E+01
     0.8127741E+02     0.8449750E+01
     0.8128288E+02     0.8445419E+01
     0.8128548E+02     0.8443137E+01
     0.8128964E+02     0.8441187E+01
     0.8129698E+02     0.8441066E+01
     0.8130148E+02     0.8433466E+01
     0.8130397E+02     0.8432589E+01
     0.8130444E+02     0.8435089E+01
     0.8130019E+02     0.8445192E+01
     0.8130478E+02     0.8456195E+01
     0.8130398E+02     0.8458299E+01
     0.8129977E+02     0.8457950E+01
     0.8129581E+02     0.8446519E+01
     0.8128452E+02     0.8446495E+01
     0.8128288E+02     0.8450496E+01
     0.8128374E+02     0.8451944E+01
     0.8128088E+02     0.8456800E+01
     0.8128515E+02     0.8461119E+01
     0.8128037E+02     0.8464333E+01
     0.8128593E+02     0.8470303E+01
     0.8128880E+02     0.8479244E+01
     0.8128804E+02     0.8484273E+01
     0.8128516E+02     0.8487665E+01
     0.8128526E+02     0.8493935E+01
     0.8128245E+02     0.8501298E+01
     0.8128310E+02     0.8503168E+01
     0.8129338E+02     0.8502789E+01
     0.8129970E+02     0.8504357E+01
     0.8130775E+02     0.8509031E+01
     0.8131278E+02     0.8509366E+01
     0.8131586E+02     0.8517676E+01
     0.8131992E+02     0.8521790E+01
     0.8132223E+02     0.8522378E+01
     0.8132925E+02     0.8512923E+01
     0.8132249E+02     0.8512967E+01
     0.8132121E+02     0.8511316E+01
     0.8132511E+02     0.8506234E+01
     0.8133580E+02     0.8505847E+01
     0.8134556E+02     0.8499621E+01
     0.8135297E+02     0.8490927E+01
     0.8135484E+02     0.8477099E+01
     0.8135851E+02     0.8470976E+01
     0.8136786E+02     0.8427759E+01
     0.8137141E+02     0.8417168E+01
     0.8137665E+02     0.8401484E+01
     0.8138367E+02     0.8370222E+01
     0.8138631E+02     0.8364534E+01
     0.8139372E+02     0.8356675E+01
     0.8138929E+02     0.8354869E+01
     0.8138914E+02     0.8333136E+01
     0.8139138E+02     0.8316795E+01
     0.8140509E+02     0.8271629E+01
     0.8140465E+02     0.8257844E+01
     0.8140800E+02     0.8257578E+01
     0.8141016E+02     0.8248555E+01
     0.8140774E+02     0.8241909E+01
     0.8141225E+02     0.8236608E+01
     0.8142025E+02     0.8213275E+01
     0.8142552E+02     0.8202945E+01
     0.8142635E+02     0.8189975E+01
     0.8142918E+02     0.8183240E+01
     0.8143781E+02     0.8173062E+01
     0.8143657E+02     0.8162008E+01
     0.8143705E+02     0.8153223E+01
     0.8143868E+02     0.8150687E+01
     0.8143587E+02     0.8145720E+01
     0.8144061E+02     0.8128296E+01
     0.8144189E+02     0.8125901E+01
     0.8144588E+02     0.8118384E+01
     0.8144588E+02     0.8118384E+01
     0.8145024E+02     0.8115803E+01
     0.8145024E+02     0.8115803E+01
     0.8145255E+02     0.8115764E+01
     0.8145779E+02     0.8110358E+01
     0.8146017E+02     0.8107902E+01
     0.8146198E+02     0.8104109E+01
     0.8146091E+02     0.8090128E+01
     0.8146200E+02     0.8079871E+01
     0.8147693E+02     0.8034274E+01
     0.8149180E+02     0.8009781E+01
     0.8150319E+02     0.8000000E+01
     0.8154389E+02     0.7962296E+01
     0.8154431E+02     0.7954026E+01
     0.8154797E+02     0.7948036E+01
     0.8155322E+02     0.7939052E+01
     0.8155322E+02     0.7939052E+01
     0.8155780E+02     0.7934665E+01
     0.8155780E+02     0.7934665E+01
     0.8155966E+02     0.7937871E+01
     0.8156772E+02     0.7938518E+01
     0.8156955E+02     0.7935753E+01
     0.8156583E+02     0.7927504E+01
     0.8156857E+02     0.7922668E+01
     0.8157640E+02     0.7924694E+01
     0.8158261E+02     0.7923743E+01
     0.8158743E+02     0.7920962E+01
     0.8158810E+02     0.7916825E+01
     0.8158624E+02     0.7913389E+01
     0.8158325E+02     0.7912715E+01
     0.8157520E+02     0.7915513E+01
     0.8157129E+02     0.7914844E+01
     0.8156781E+02     0.7910499E+01
     0.8156706E+02     0.7898099E+01
     0.8157269E+02     0.7870738E+01
     0.8157541E+02     0.7864091E+01
     0.8158382E+02     0.7843577E+01
     0.8158887E+02     0.7838498E+01
     0.8159296E+02     0.7829978E+01
     0.8160168E+02     0.7823731E+01
     0.8161248E+02     0.7818622E+01
     0.8161777E+02     0.7818824E+01
     0.8162218E+02     0.7825003E+01
     0.8162678E+02     0.7824749E+01
     0.8162880E+02     0.7814861E+01
     0.8164088E+02     0.7791139E+01
     0.8164821E+02     0.7783290E+01
     0.8165437E+02     0.7772921E+01
     0.8166332E+02     0.7767360E+01
     0.8167297E+02     0.7764324E+01
     0.8167847E+02     0.7757633E+01
     0.8168810E+02     0.7752528E+01
     0.8169405E+02     0.7746294E+01
     0.8169405E+02     0.7746294E+01
     0.8169890E+02     0.7747877E+01
     0.8169890E+02     0.7747877E+01
     0.8169799E+02     0.7749948E+01
     0.8169985E+02     0.7753614E+01
     0.8170557E+02     0.7746003E+01
     0.8171313E+02     0.7739760E+01
     0.8173324E+02     0.7711856E+01
     0.8173536E+02     0.7708316E+01
     0.8174510E+02     0.7692036E+01
     0.8175307E+02     0.7673384E+01
     0.8177133E+02     0.7644797E+01
     0.8178658E+02     0.7613699E+01
     0.8179318E+02     0.7598498E+01
     0.8179360E+02     0.7596580E+01
     0.8179768E+02     0.7578026E+01
     0.8179765E+02     0.7572052E+01
     0.8180238E+02     0.7551806E+01
     0.8180049E+02     0.7543315E+01
     0.8180890E+02     0.7523048E+01
     0.8180836E+02     0.7508805E+01
     0.8181271E+02     0.7503726E+01
     0.8181562E+02     0.7489004E+01
     0.8182040E+02     0.7478637E+01
     0.8181924E+02     0.7476346E+01
     0.8181924E+02     0.7476346E+01
     0.8181989E+02     0.7468070E+01
     0.8181989E+02     0.7468070E+01
     0.8182262E+02     0.7463459E+01
     0.8182142E+02     0.7453125E+01
     0.8182327E+02     0.7445126E+01
     0.8182524E+02     0.7436558E+01
     0.8183685E+02     0.7412825E+01
     0.8184576E+02     0.7401976E+01
     0.8184780E+02     0.7395530E+01
     0.8184615E+02     0.7388414E+01
     0.8185277E+02     0.7376657E+01
     0.8185751E+02     0.7358935E+01
     0.8186839E+02     0.7329688E+01
     0.8187177E+02     0.7315879E+01
     0.8187218E+02     0.7307373E+01
     0.8186938E+02     0.7300034E+01
     0.8186959E+02     0.7295896E+01
     0.8187231E+02     0.7287607E+01
     0.8186827E+02     0.7263496E+01
     0.8186532E+02     0.7226966E+01
     0.8186562E+02     0.7198002E+01
     0.8186444E+02     0.7190883E+01
     0.8186517E+02     0.7170544E+01
     0.8186544E+02     0.7163064E+01
     0.8186373E+02     0.7144455E+01
     0.8186139E+02     0.7136192E+01
     0.8186249E+02     0.7126301E+01
     0.8186037E+02     0.7116199E+01
     0.8186070E+02     0.7093668E+01
     0.8185862E+02     0.7090691E+01
     0.8185862E+02     0.7090691E+01
     0.8186091E+02     0.7088610E+01
     0.8186091E+02     0.7088610E+01
     0.8186434E+02     0.7085833E+01
     0.8186656E+02     0.7070188E+01
     0.8187204E+02     0.7062111E+01
     0.8187132E+02     0.7055449E+01
     0.8187558E+02     0.7035884E+01
     0.8188084E+02     0.7030568E+01
     0.8188128E+02     0.7026657E+01
     0.8187994E+02     0.7021683E+01
     0.8187589E+02     0.7006685E+01
     0.8187652E+02     0.6996336E+01
     0.8187045E+02     0.6978897E+01
     0.8186791E+02     0.6978221E+01
     0.8186474E+02     0.6986975E+01
     0.8185742E+02     0.6994602E+01
     0.8185420E+02     0.6994850E+01
     0.8184889E+02     0.6989591E+01
     0.8184956E+02     0.6985680E+01
     0.8185963E+02     0.6975738E+01
     0.8185707E+02     0.6970694E+01
     0.8185774E+02     0.6967241E+01
     0.8186003E+02     0.6965159E+01
     0.8186233E+02     0.6965377E+01
     0.8186948E+02     0.6970855E+01
     0.8187178E+02     0.6969693E+01
     0.8187292E+02     0.6966928E+01
     0.8187255E+02     0.6965387E+01
     0.8187103E+02     0.6958891E+01
     0.8186291E+02     0.6944452E+01
     0.8185752E+02     0.6926318E+01
     0.8185056E+02     0.6912791E+01
     0.8184840E+02     0.6897858E+01
     0.8184424E+02     0.6892362E+01
     0.8184193E+02     0.6891455E+01
     0.8183802E+02     0.6890097E+01
     0.8183639E+02     0.6885278E+01
     0.8183935E+02     0.6880663E+01
     0.8184327E+02     0.6882021E+01
     0.8184722E+02     0.6890966E+01
     0.8184998E+02     0.6890721E+01
     0.8185181E+02     0.6888412E+01
     0.8184927E+02     0.6873475E+01
     0.8184824E+02     0.6867508E+01
     0.8184525E+02     0.6864995E+01
     0.8184245E+02     0.6856503E+01
     0.8183967E+02     0.6854219E+01
     0.8183623E+02     0.6854698E+01
     0.8183234E+02     0.6859777E+01
     0.8182408E+02     0.6863502E+01
     0.8182109E+02     0.6862139E+01
     0.8181990E+02     0.6855247E+01
     0.8182056E+02     0.6849035E+01
     0.8182423E+02     0.6846486E+01
     0.8182698E+02     0.6846471E+01
     0.8183067E+02     0.6848979E+01
     0.8183297E+02     0.6848507E+01
     0.8183479E+02     0.6844818E+01
     0.8183893E+02     0.6843646E+01
     0.8184373E+02     0.6838101E+01
     0.8184440E+02     0.6834418E+01
     0.8184323E+02     0.6832126E+01
     0.8183885E+02     0.6830080E+01
     0.8183375E+02     0.6820681E+01
     0.8182938E+02     0.6819554E+01
     0.8182334E+02     0.6808780E+01
     0.8182652E+02     0.6801864E+01
     0.8182068E+02     0.6783501E+01
     0.8182135E+02     0.6780278E+01
     0.8182661E+02     0.6775421E+01
     0.8182568E+02     0.6769755E+01
     0.8182495E+02     0.6765311E+01
     0.8182311E+02     0.6764632E+01
     0.8181509E+02     0.6768584E+01
     0.8181117E+02     0.6768147E+01
     0.8180840E+02     0.6764712E+01
     0.8180976E+02     0.6762175E+01
     0.8181710E+02     0.6759376E+01
     0.8182585E+02     0.6761167E+01
     0.8182790E+02     0.6758626E+01
     0.8181797E+02     0.6748793E+01
     0.8180866E+02     0.6727228E+01
     0.8180395E+02     0.6704487E+01
     0.8179491E+02     0.6690508E+01
     0.8179301E+02     0.6689016E+01
     0.8178475E+02     0.6682514E+01
     0.8178172E+02     0.6672873E+01
     0.8177592E+02     0.6663935E+01
     0.8177563E+02     0.6653818E+01
     0.8178088E+02     0.6644360E+01
     0.8177808E+02     0.6636556E+01
     0.8177687E+02     0.6625753E+01
     0.8177316E+02     0.6617494E+01
     0.8176436E+02     0.6605813E+01
     0.8176636E+02     0.6592002E+01
     0.8176334E+02     0.6586500E+01
     0.8175484E+02     0.6579246E+01
     0.8174648E+02     0.6572101E+01
     0.8174253E+02     0.6562462E+01
     0.8174023E+02     0.6561095E+01
     0.8173518E+02     0.6563422E+01
     0.8173244E+02     0.6566887E+01
     0.8173058E+02     0.6562527E+01
     0.8173148E+02     0.6559992E+01
     0.8173792E+02     0.6558578E+01
     0.8173790E+02     0.6555357E+01
     0.8173489E+02     0.6551464E+01
     0.8173145E+02     0.6551712E+01
     0.8172594E+02     0.6555882E+01
     0.8172547E+02     0.6552204E+01
     0.8173233E+02     0.6545958E+01
     0.8172674E+02     0.6530808E+01
     0.8172050E+02     0.6523941E+01
     0.8171422E+02     0.6509485E+01
     0.8171006E+02     0.6505597E+01
     0.8170400E+02     0.6488379E+01
     0.8170029E+02     0.6481958E+01
     0.8169152E+02     0.6473955E+01
     0.8168219E+02     0.6468694E+01
     0.8166269E+02     0.6454328E+01
     0.8165550E+02     0.6440794E+01
     0.8165180E+02     0.6436673E+01
     0.8164491E+02     0.6435560E+01
     0.8163592E+02     0.6430547E+01
     0.8162649E+02     0.6428526E+01
     0.8161955E+02     0.6420512E+01
     0.8159728E+02     0.6424078E+01
     0.8159612E+02     0.6421554E+01
     0.8159702E+02     0.6418789E+01
     0.8160690E+02     0.6418737E+01
     0.8161243E+02     0.6417282E+01
     0.8161494E+02     0.6416625E+01
     0.8161745E+02     0.6413852E+01
     0.8161790E+02     0.6411089E+01
     0.8161350E+02     0.6405592E+01
     0.8159550E+02     0.6390274E+01
     0.8158283E+02     0.6384130E+01
     0.8156992E+02     0.6373384E+01
     0.8156528E+02     0.6365128E+01
     0.8155997E+02     0.6361245E+01
     0.8154570E+02     0.6356027E+01
     0.8152686E+02     0.6355434E+01
     0.8152202E+02     0.6352469E+01
     0.8150449E+02     0.6338296E+01
     0.8150305E+02     0.6327492E+01
     0.8149221E+02     0.6318115E+01
     0.8148686E+02     0.6305490E+01
     0.8148110E+02     0.6301839E+01
     0.8147191E+02     0.6300735E+01
     0.8146568E+02     0.6296396E+01
     0.8146040E+02     0.6295963E+01
     0.8145509E+02     0.6290699E+01
     0.8144543E+02     0.6287757E+01
     0.8143597E+02     0.6281593E+01
     0.8143414E+02     0.6274704E+01
     0.8143317E+02     0.6271025E+01
     0.8142580E+02     0.6267611E+01
     0.8141747E+02     0.6255230E+01
     0.8141010E+02     0.6250666E+01
     0.8140639E+02     0.6243783E+01
     0.8139764E+02     0.6238765E+01
     0.8138177E+02     0.6236313E+01
     0.8137138E+02     0.6226243E+01
     0.8136311E+02     0.6225823E+01
     0.8135551E+02     0.6220570E+01
     0.8134792E+02     0.6219916E+01
     0.8134538E+02     0.6217398E+01
     0.8134373E+02     0.6209354E+01
     0.8133978E+02     0.6205432E+01
     0.8133912E+02     0.6204776E+01
     0.8133360E+02     0.6202042E+01
     0.8132851E+02     0.6194475E+01
     0.8130300E+02     0.6193219E+01
     0.8129907E+02     0.6189097E+01
     0.8128758E+02     0.6187772E+01
     0.8128090E+02     0.6182513E+01
     0.8127629E+02     0.6180695E+01
     0.8125975E+02     0.6179854E+01
     0.8125422E+02     0.6176890E+01
     0.8124664E+02     0.6176235E+01
     0.8123282E+02     0.6168019E+01
     0.8122774E+02     0.6161141E+01
     0.8122221E+02     0.6158867E+01
     0.8120089E+02     0.6157859E+01
     0.8119458E+02     0.6157561E+01
     0.8120123E+02     0.6160776E+01
     0.8120364E+02     0.6166547E+01
     0.8120390E+02     0.6174598E+01
     0.8120277E+02     0.6177134E+01
     0.8119702E+02     0.6177621E+01
     0.8118805E+02     0.6173753E+01
     0.8118620E+02     0.6171691E+01
     0.8118526E+02     0.6166864E+01
     0.8118180E+02     0.6163429E+01
     0.8118178E+02     0.6159519E+01
     0.8118797E+02     0.6154658E+01
     0.8118151E+02     0.6150547E+01
     0.8117804E+02     0.6144121E+01
     0.8117228E+02     0.6140928E+01
     0.8115919E+02     0.6140299E+01
     0.8115112E+02     0.6135965E+01
     0.8114766E+02     0.6132070E+01
     0.8114098E+02     0.6131031E+01
     0.8113617E+02     0.6130283E+01
     0.8113455E+02     0.6128911E+01
     0.8113521E+02     0.6120164E+01
     0.8113358E+02     0.6117411E+01
     0.8109245E+02     0.6113230E+01
     0.8107841E+02     0.6108693E+01
     0.8106831E+02     0.6109889E+01
     0.8105151E+02     0.6102373E+01
     0.8104048E+02     0.6101273E+01
     0.8102886E+02     0.6102644E+01
     0.8102831E+02     0.6102709E+01
     0.8101938E+02     0.6107120E+01
     0.8101938E+02     0.6107120E+01
     0.8101667E+02     0.6107073E+01
     0.8101667E+02     0.6107073E+01
     0.8101269E+02     0.6100018E+01
     0.8100441E+02     0.6098444E+01
     0.8098184E+02     0.6085661E+01
     0.8097012E+02     0.6082953E+01
     0.8096758E+02     0.6082710E+01
     0.8095403E+02     0.6081414E+01
     0.8094667E+02     0.6078915E+01
     0.8094344E+02     0.6076398E+01
     0.8094181E+02     0.6070194E+01
     0.8093631E+02     0.6072519E+01
     0.8093034E+02     0.6072775E+01
     0.8090341E+02     0.6060929E+01
     0.8089629E+02     0.6058889E+01
     0.8088089E+02     0.6057806E+01
     0.8087122E+02     0.6053476E+01
     0.8086912E+02     0.6043822E+01
     0.8086589E+02     0.6040844E+01
     0.8086153E+02     0.6040404E+01
     0.8086053E+02     0.6040757E+01
     0.8085098E+02     0.6044130E+01
     0.8082547E+02     0.6041479E+01
     0.8081051E+02     0.6034180E+01
     0.8080567E+02     0.6030058E+01
     0.8080221E+02     0.6025241E+01
     0.8079942E+02     0.6017201E+01
     0.8079458E+02     0.6012850E+01
     0.8078262E+02     0.6008759E+01
     0.8076122E+02     0.5998264E+01
     0.8075753E+02     0.5995519E+01
     0.8075444E+02     0.5990823E+01
     0.8075360E+02     0.5989553E+01
     0.8074325E+02     0.5985224E+01
     0.8073977E+02     0.5974885E+01
     0.8073792E+02     0.5973052E+01
     0.8073563E+02     0.5973291E+01
     0.8073450E+02     0.5977899E+01
     0.8073220E+02     0.5979058E+01
     0.8072807E+02     0.5978615E+01
     0.8072019E+02     0.5960701E+01
     0.8071651E+02     0.5959335E+01
     0.8071215E+02     0.5959814E+01
     0.8070203E+02     0.5956864E+01
     0.8068803E+02     0.5959222E+01
     0.8066414E+02     0.5957479E+01
     0.8065500E+02     0.5953932E+01
     0.8064712E+02     0.5950876E+01
     0.8064021E+02     0.5944461E+01
     0.8062620E+02     0.5944287E+01
     0.8061997E+02     0.5938100E+01
     0.8061742E+02     0.5932358E+01
     0.8060915E+02     0.5930550E+01
     0.8059834E+02     0.5925071E+01
     0.8058682E+02     0.5916833E+01
     0.8058499E+02     0.5918221E+01
     0.8058067E+02     0.5929513E+01
     0.8057655E+02     0.5933441E+01
     0.8055315E+02     0.5941127E+01
     0.8054030E+02     0.5942787E+01
     0.8053223E+02     0.5936607E+01
     0.8052242E+02     0.5935877E+01
     0.8051753E+02     0.5935513E+01
     0.8050629E+02     0.5939699E+01
     0.8048723E+02     0.5939312E+01
     0.8048079E+02     0.5935655E+01
     0.8047115E+02     0.5935923E+01
     0.8045992E+02     0.5942638E+01
     0.8045579E+02     0.5943804E+01
     0.8044889E+02     0.5943141E+01
     0.8044730E+02     0.5946828E+01
     0.8045099E+02     0.5950956E+01
     0.8045216E+02     0.5958775E+01
     0.8044896E+02     0.5962928E+01
     0.8043566E+02     0.5968961E+01
     0.8042992E+02     0.5970134E+01
     0.8042474E+02     0.5967291E+01
     0.8042325E+02     0.5966477E+01
     0.8042094E+02     0.5962574E+01
     0.8042023E+02     0.5956825E+01
     0.8041793E+02     0.5954993E+01
     0.8040485E+02     0.5957803E+01
     0.8040187E+02     0.5960805E+01
     0.8038280E+02     0.5959496E+01
     0.8037776E+02     0.5961816E+01
     0.8036265E+02     0.5974987E+01
     0.8034267E+02     0.5975751E+01
     0.8032847E+02     0.5986387E+01
     0.8031782E+02     0.5990392E+01
     0.8031241E+02     0.5992428E+01
     0.8029702E+02     0.5992253E+01
     0.8027384E+02     0.5997399E+01
     0.8025780E+02     0.6006890E+01
     0.8024999E+02     0.6009449E+01
     0.8024425E+02     0.6006938E+01
     0.8024195E+02     0.6008557E+01
     0.8024108E+02     0.6023746E+01
     0.8023720E+02     0.6029742E+01
     0.8023216E+02     0.6033901E+01
     0.8022849E+02     0.6035064E+01
     0.8022481E+02     0.6033467E+01
     0.8022372E+02     0.6024730E+01
     0.8022363E+02     0.6024037E+01
     0.8022179E+02     0.6021743E+01
     0.8021857E+02     0.6021985E+01
     0.8021630E+02     0.6029586E+01
     0.8021241E+02     0.6034891E+01
     0.8020279E+02     0.6041827E+01
     0.8019749E+02     0.6040005E+01
     0.8019405E+02     0.6040707E+01
     0.8017277E+02     0.6063329E+01
     0.8016405E+02     0.6067270E+01
     0.8015970E+02     0.6070966E+01
     0.8015078E+02     0.6082731E+01
     0.8013106E+02     0.6092922E+01
     0.8013055E+02     0.6093499E+01
     0.8012808E+02     0.6096384E+01
     0.8012468E+02     0.6109739E+01
     0.8011919E+02     0.6116889E+01
     0.8010336E+02     0.6124765E+01
     0.8009855E+02     0.6128923E+01
     0.8009698E+02     0.6141811E+01
     0.8009061E+02     0.6160468E+01
     0.8008100E+02     0.6174534E+01
     0.8006428E+02     0.6188394E+01
     0.8006176E+02     0.6192313E+01
     0.8006067E+02     0.6210491E+01
     0.8005293E+02     0.6232831E+01
     0.8004790E+02     0.6240900E+01
     0.8004331E+02     0.6244365E+01
     0.8003876E+02     0.6257033E+01
     0.8003143E+02     0.6265570E+01
     0.8003029E+02     0.6269253E+01
     0.8003446E+02     0.6279821E+01
     0.8003566E+02     0.6298221E+01
     0.8003172E+02     0.6308115E+01
     0.8002905E+02     0.6314805E+01
     0.8002521E+02     0.6336441E+01
     0.8001106E+02     0.6369151E+01
     0.8000996E+02     0.6383417E+01
     0.8000497E+02     0.6403675E+01
     0.8000000E+02     0.6408219E+01
     0.7999740E+02     0.6410600E+01
     0.7999466E+02     0.6415669E+01
     0.7999582E+02     0.6419576E+01
     0.8000000E+02     0.6423141E+01
     0.8000000E+02     0.6423141E+01
     0.8000000E+02     0.6424527E+01
     0.8000000E+02     0.6424527E+01
     0.7999791E+02     0.6427159E+01
     0.7999630E+02     0.6427165E+01
     0.7999630E+02     0.6427165E+01
     0.7999423E+02     0.6427631E+01
     0.7999219E+02     0.6435228E+01
     0.7998830E+02     0.6439841E+01
     0.7998647E+02     0.6445597E+01
     0.7998119E+02     0.6447685E+01
     0.7997959E+02     0.6449990E+01
     0.7997846E+02     0.6456894E+01
     0.7997572E+02     0.6459663E+01
     0.7997458E+02     0.6464036E+01
     0.7997565E+02     0.6468516E+01
     0.7998657E+02     0.6477108E+01
     0.7998016E+02     0.6485179E+01
     0.7997765E+02     0.6493927E+01
     0.7998115E+02     0.6507486E+01
     0.7997956E+02     0.6514852E+01
     0.7996929E+02     0.6539494E+01
     0.7996544E+02     0.6558596E+01
     0.7996086E+02     0.6565971E+01
     0.7995724E+02     0.6582311E+01
     0.7994720E+02     0.6610631E+01
     0.7994077E+02     0.6619763E+01
     0.7993828E+02     0.6623309E+01
     0.7991843E+02     0.6675806E+01
     0.7990907E+02     0.6695842E+01
     0.7989469E+02     0.6733830E+01
     0.7989470E+02     0.6737050E+01
     0.7989470E+02     0.6737050E+01
     0.7989242E+02     0.6743036E+01
     0.7989242E+02     0.6743036E+01
     0.7989164E+02     0.6745107E+01
     0.7986869E+02     0.6805655E+01
     0.7986188E+02     0.6833960E+01
     0.7985838E+02     0.6866307E+01
     0.7985784E+02     0.6871221E+01
     0.7985287E+02     0.6899747E+01
     0.7984715E+02     0.6913789E+01
     0.7984307E+02     0.6933345E+01
     0.7984424E+02     0.6938859E+01
     0.7985459E+02     0.6940437E+01
     0.7985555E+02     0.6957678E+01
     0.7986132E+02     0.6962028E+01
     0.7987125E+02     0.6975563E+01
     0.7986902E+02     0.7002698E+01
     0.7985834E+02     0.7047560E+01
     0.7985496E+02     0.7069870E+01
     0.7985107E+02     0.7077698E+01
     0.7984538E+02     0.7098670E+01
     0.7983536E+02     0.7135675E+01
     0.7982144E+02     0.7176404E+01
     0.7981896E+02     0.7193420E+01
     0.7981990E+02     0.7199624E+01
     0.7982197E+02     0.7199618E+01
     0.7982495E+02     0.7196391E+01
     0.7982495E+02     0.7196391E+01
     0.7983071E+02     0.7201660E+01
     0.7983071E+02     0.7201660E+01
     0.7983096E+02     0.7206486E+01
     0.7983743E+02     0.7217270E+01
     0.7984419E+02     0.7250117E+01
     0.7984563E+02     0.7270569E+01
     0.7985415E+02     0.7272381E+01
     0.7985921E+02     0.7275584E+01
     0.7985646E+02     0.7277661E+01
     0.7985162E+02     0.7275147E+01
     0.7984450E+02     0.7276088E+01
     0.7984224E+02     0.7292643E+01
     0.7984135E+02     0.7301150E+01
     0.7983909E+02     0.7317705E+01
     0.7982893E+02     0.7360404E+01
     0.7982727E+02     0.7367382E+01
     0.7982232E+02     0.7407384E+01
     0.7980274E+02     0.7482586E+01
     0.7980261E+02     0.7483720E+01
     0.7979240E+02     0.7571771E+01
     0.7979154E+02     0.7593601E+01
     0.7979317E+02     0.7601408E+01
     0.7979548E+02     0.7602090E+01
     0.7979815E+02     0.7597339E+01
     0.7979815E+02     0.7597339E+01
     0.7980105E+02     0.7598701E+01
     0.7980105E+02     0.7598701E+01
     0.7980199E+02     0.7605735E+01
     0.7979848E+02     0.7607825E+01
     0.7979758E+02     0.7611274E+01
     0.7980222E+02     0.7624816E+01
     0.7980341E+02     0.7639056E+01
     0.7980620E+02     0.7651684E+01
     0.7980461E+02     0.7659270E+01
     0.7980442E+02     0.7674203E+01
     0.7980101E+02     0.7687539E+01
     0.7979767E+02     0.7727521E+01
     0.7979754E+02     0.7728051E+01
     0.7979130E+02     0.7755106E+01
     0.7977837E+02     0.7826354E+01
     0.7977043E+02     0.7851222E+01
     0.7975737E+02     0.7892107E+01
     0.7975127E+02     0.7931628E+01
     0.7973848E+02     0.7971857E+01
     0.7973801E+02     0.7972907E+01
     0.7972066E+02     0.8000000E+01
     0.7971717E+02     0.8008850E+01
     0.7971177E+02     0.8032516E+01
     0.7970645E+02     0.8044481E+01
     0.7970528E+02     0.8052642E+01
     0.7970404E+02     0.8093814E+01
     0.7970189E+02     0.8103082E+01
     0.7969903E+02     0.8115388E+01
     0.7969878E+02     0.8132315E+01
     0.7970051E+02     0.8136475E+01
     0.7970284E+02     0.8138748E+01
     0.7970451E+02     0.8138312E+01
     0.7970276E+02     0.8131227E+01
     0.7970544E+02     0.8128273E+01
     0.7970490E+02     0.8115952E+01
     0.7970654E+02     0.8112382E+01
     0.7970802E+02     0.8113411E+01
     0.7970818E+02     0.8129079E+01
     0.7970949E+02     0.8134289E+01
     0.7970667E+02     0.8144975E+01
     0.7970819E+02     0.8169405E+01
     0.7970786E+02     0.8170637E+01
     0.7970638E+02     0.8176320E+01
     0.7969932E+02     0.8182456E+01
     0.7969872E+02     0.8185179E+01
     0.7970410E+02     0.8198912E+01
     0.7970374E+02     0.8205184E+01
     0.7969839E+02     0.8213809E+01
     0.7969990E+02     0.8217763E+01
     0.7971055E+02     0.8214305E+01
     0.7971516E+02     0.8214254E+01
     0.7971791E+02     0.8216732E+01
     0.7973096E+02     0.8242710E+01
     0.7973555E+02     0.8260004E+01
     0.7973595E+02     0.8266444E+01
     0.7973656E+02     0.8276293E+01
     0.7973807E+02     0.8280038E+01
     0.7974506E+02     0.8287066E+01
     0.7974876E+02     0.8299565E+01
     0.7976636E+02     0.8330898E+01
     0.7977202E+02     0.8340003E+01
     0.7978117E+02     0.8349757E+01
     0.7978356E+02     0.8348022E+01
     0.7976727E+02     0.8327040E+01
     0.7976657E+02     0.8326129E+01
     0.7975633E+02     0.8307054E+01
     0.7975778E+02     0.8300093E+01
     0.7976387E+02     0.8301279E+01
     0.7976489E+02     0.8298760E+01
     0.7975879E+02     0.8296529E+01
     0.7975259E+02     0.8285939E+01
     0.7975436E+02     0.8275262E+01
     0.7975108E+02     0.8261715E+01
     0.7975398E+02     0.8258966E+01
     0.7975723E+02     0.8268126E+01
     0.7976546E+02     0.8273887E+01
     0.7976546E+02     0.8270202E+01
     0.7976024E+02     0.8267167E+01
     0.7975732E+02     0.8257050E+01
     0.7975732E+02     0.8257050E+01
     0.7976292E+02     0.8252390E+01
     0.7976292E+02     0.8252390E+01
     0.7976611E+02     0.8256117E+01
     0.7977032E+02     0.8257742E+01
     0.7977513E+02     0.8257480E+01
     0.7977657E+02     0.8254121E+01
     0.7976817E+02     0.8233525E+01
     0.7977036E+02     0.8222426E+01
     0.7976881E+02     0.8215548E+01
     0.7976564E+02     0.8212657E+01
     0.7976251E+02     0.8214154E+01
     0.7975964E+02     0.8219619E+01
     0.7975671E+02     0.8220279E+01
     0.7975312E+02     0.8217811E+01
     0.7975122E+02     0.8215279E+01
     0.7974036E+02     0.8200815E+01
     0.7974068E+02     0.8190991E+01
     0.7974918E+02     0.8182958E+01
     0.7974516E+02     0.8178196E+01
     0.7974361E+02     0.8170482E+01
     0.7974395E+02     0.8163792E+01
     0.7974033E+02     0.8157354E+01
     0.7973743E+02     0.8141506E+01
     0.7973679E+02     0.8139842E+01
     0.7973238E+02     0.8139054E+01
     0.7973067E+02     0.8136774E+01
     0.7972975E+02     0.8128844E+01
     0.7973111E+02     0.8118175E+01
     0.7973705E+02     0.8106200E+01
     0.7973701E+02     0.8105017E+01
     0.7973677E+02     0.8099517E+01
     0.7973161E+02     0.8086829E+01
     0.7973378E+02     0.8074478E+01
     0.7973873E+02     0.8067321E+01
     0.7974851E+02     0.8061573E+01
     0.7975352E+02     0.8060473E+01
     0.7975414E+02     0.8058168E+01
     0.7974356E+02     0.8048882E+01
     0.7974269E+02     0.8045549E+01
     0.7974460E+02     0.8028189E+01
     0.7973815E+02     0.8012799E+01
     0.7974265E+02     0.8000000E+01
     0.7976177E+02     0.7985797E+01
     0.7977282E+02     0.7983237E+01
     0.7981264E+02     0.7979215E+01
     0.7981631E+02     0.7977596E+01
     0.7981860E+02     0.7971848E+01
     0.7981071E+02     0.7947527E+01
     0.7981321E+02     0.7938104E+01
     0.7981415E+02     0.7937088E+01
     0.7981872E+02     0.7932117E+01
     0.7981985E+02     0.7925911E+01
     0.7981869E+02     0.7919484E+01
     0.7981429E+02     0.7910541E+01
     0.7981473E+02     0.7903879E+01
     0.7981147E+02     0.7890567E+01
     0.7980778E+02     0.7887133E+01
     0.7980823E+02     0.7883916E+01
     0.7981791E+02     0.7889859E+01
     0.7982488E+02     0.7912805E+01
     0.7982652E+02     0.7920609E+01
     0.7982494E+02     0.7931868E+01
     0.7982912E+02     0.7947931E+01
     0.7982800E+02     0.7958959E+01
     0.7982988E+02     0.7970436E+01
     0.7982843E+02     0.7980975E+01
     0.7983352E+02     0.8000000E+01
     0.7983399E+02     0.8007138E+01
     0.7983240E+02     0.8015095E+01
     0.7982108E+02     0.8032771E+01
     0.7981239E+02     0.8042688E+01
     0.7979766E+02     0.8055388E+01
     0.7978963E+02     0.8068222E+01
     0.7979257E+02     0.8068607E+01
     0.7980191E+02     0.8061191E+01
     0.7980862E+02     0.8061115E+01
     0.7980468E+02     0.8064920E+01
     0.7980008E+02     0.8065807E+01
     0.7979908E+02     0.8069997E+01
     0.7979412E+02     0.8076111E+01
     0.7979478E+02     0.8079238E+01
     0.7980003E+02     0.8080015E+01
     0.7980680E+02     0.8086625E+01
     0.7980978E+02     0.8090979E+01
     0.7981614E+02     0.8097802E+01
     0.7981810E+02     0.8105093E+01
     0.7982202E+02     0.8118839E+01
     0.7982793E+02     0.8122743E+01
     0.7983025E+02     0.8124388E+01
     0.7983244E+02     0.8132093E+01
     0.7983377E+02     0.8139601E+01
     0.7982964E+02     0.8144662E+01
     0.7983053E+02     0.8149248E+01
     0.7982889E+02     0.8152819E+01
     0.7981811E+02     0.8163178E+01
     0.7981738E+02     0.8173007E+01
     0.7981324E+02     0.8177859E+01
     0.7981392E+02     0.8181822E+01
     0.7981978E+02     0.8181338E+01
     0.7982171E+02     0.8185705E+01
     0.7981541E+02     0.8203746E+01
     0.7980858E+02     0.8211345E+01
     0.7979464E+02     0.8220277E+01
     0.7979528E+02     0.8221732E+01
     0.7979947E+02     0.8221059E+01
     0.7980484E+02     0.8218239E+01
     0.7980801E+02     0.8216575E+01
     0.7980949E+02     0.8217394E+01
     0.7980288E+02     0.8226663E+01
     0.7979492E+02     0.8226751E+01
     0.7978972E+02     0.8230152E+01
     0.7979163E+02     0.8232012E+01
     0.7980653E+02     0.8233935E+01
     0.7981012E+02     0.8237448E+01
     0.7981777E+02     0.8266199E+01
     0.7982079E+02     0.8273062E+01
     0.7982635E+02     0.8283447E+01
     0.7983352E+02     0.8287337E+01
     0.7983420E+02     0.8291927E+01
     0.7983777E+02     0.8292514E+01
     0.7984108E+02     0.8288715E+01
     0.7984180E+02     0.8286387E+01
     0.7984512E+02     0.8275713E+01
     0.7984763E+02     0.8274221E+01
     0.7984995E+02     0.8276703E+01
     0.7984708E+02     0.8281542E+01
     0.7984859E+02     0.8285913E+01
     0.7985360E+02     0.8283767E+01
     0.7985843E+02     0.8284548E+01
     0.7985469E+02     0.8287934E+01
     0.7984694E+02     0.8288022E+01
     0.7983781E+02     0.8297319E+01
     0.7983618E+02     0.8301100E+01
     0.7983510E+02     0.8316995E+01
     0.7983598E+02     0.8320538E+01
     0.7983536E+02     0.8321381E+01
     0.7983876E+02     0.8325730E+01
     0.7983721E+02     0.8337033E+01
     0.7983894E+02     0.8342447E+01
     0.7984594E+02     0.8349056E+01
     0.7984630E+02     0.8381446E+01
     0.7984338E+02     0.8421189E+01
     0.7984451E+02     0.8428909E+01
     0.7984838E+02     0.8437017E+01
     0.7985151E+02     0.8439487E+01
     0.7985282E+02     0.8440520E+01
     0.7985661E+02     0.8441522E+01
     0.7986320E+02     0.8449598E+01
     0.7986332E+02     0.8479486E+01
     0.7986784E+02     0.8527719E+01
     0.7987086E+02     0.8535210E+01
     0.7987527E+02     0.8535578E+01
     0.7987860E+02     0.8532822E+01
     0.7988427E+02     0.8533384E+01
     0.7989318E+02     0.8536818E+01
     0.7989481E+02     0.8537444E+01
     0.7990286E+02     0.8545085E+01
     0.7991421E+02     0.8546000E+01
     0.7991654E+02     0.8548272E+01
     0.7991683E+02     0.8555376E+01
     0.7991961E+02     0.8559733E+01
     0.7992631E+02     0.8559029E+01
     0.7992510E+02     0.8563224E+01
     0.7992013E+02     0.8569134E+01
     0.7992081E+02     0.8574143E+01
     0.7991926E+02     0.8584613E+01
     0.7992445E+02     0.8598141E+01
     0.7994144E+02     0.8615503E+01
     0.7994460E+02     0.8634908E+01
     0.7994289E+02     0.8651025E+01
     0.7994250E+02     0.8653538E+01
     0.7994985E+02     0.8672685E+01
     0.7995185E+02     0.8682279E+01
     0.7994925E+02     0.8692971E+01
     0.7994835E+02     0.8706362E+01
     0.7994945E+02     0.8710530E+01
     0.7995583E+02     0.8717355E+01
     0.7995608E+02     0.8720905E+01
     0.7995324E+02     0.8730138E+01
     0.7994552E+02     0.8743315E+01
     0.7994218E+02     0.8753892E+01
     0.7992475E+02     0.8790683E+01
     0.7993723E+02     0.8798902E+01
     0.7993793E+02     0.8804748E+01
     0.7994005E+02     0.8806814E+01
     0.7993882E+02     0.8809338E+01
     0.7993545E+02     0.8808331E+01
     0.7993285E+02     0.8801670E+01
     0.7992506E+02     0.8799879E+01
     0.7992534E+02     0.8805730E+01
     0.7992092E+02     0.8805154E+01
     0.7991844E+02     0.8808319E+01
     0.7992015E+02     0.8811018E+01
     0.7992708E+02     0.8811147E+01
     0.7993069E+02     0.8814659E+01
     0.7992022E+02     0.8817080E+01
     0.7991898E+02     0.8818768E+01
     0.7992134E+02     0.8823339E+01
     0.7992358E+02     0.8836277E+01
     0.7992702E+02     0.8843347E+01
     0.7993409E+02     0.8873374E+01
     0.7993290E+02     0.8879452E+01
     0.7992874E+02     0.8883055E+01
     0.7992835E+02     0.8885986E+01
     0.7993090E+02     0.8888257E+01
     0.7993447E+02     0.8888425E+01
     0.7993577E+02     0.8891336E+01
     0.7993496E+02     0.8894065E+01
     0.7992706E+02     0.8900847E+01
     0.7992481E+02     0.8907355E+01
     0.7992025E+02     0.8912427E+01
     0.7991202E+02     0.8927368E+01
     0.7991225E+02     0.8929875E+01
     0.7991476E+02     0.8931960E+01
     0.7992265E+02     0.8938538E+01
     0.7994119E+02     0.8943550E+01
     0.7994602E+02     0.8943285E+01
     0.7995026E+02     0.8946372E+01
     0.7995520E+02     0.8955306E+01
     0.7996706E+02     0.8964159E+01
     0.7997758E+02     0.8965499E+01
     0.7998244E+02     0.8967533E+01
     0.7998754E+02     0.8972074E+01
     0.7999105E+02     0.8984997E+01
     0.8000000E+02     0.8993398E+01
     0.8000975E+02     0.9002550E+01
     0.8001715E+02     0.9006644E+01
     0.8003189E+02     0.9009187E+01
     0.8004034E+02     0.9013268E+01
     0.8004720E+02     0.9024269E+01
     0.8005498E+02     0.9041952E+01
     0.8005927E+02     0.9049010E+01
     0.8006608E+02     0.9056248E+01
     0.8007069E+02     0.9072713E+01
     0.8007260E+02     0.9074990E+01
     0.8007260E+02     0.9074990E+01
     0.8007503E+02     0.9084373E+01
     0.8007503E+02     0.9084373E+01
     0.8007505E+02     0.9086463E+01
     0.8007717E+02     0.9088111E+01
     0.8007682E+02     0.9093553E+01
     0.8007893E+02     0.9093946E+01
     0.8008572E+02     0.9099928E+01
     0.8008174E+02     0.9101022E+01
     0.8007794E+02     0.9099395E+01
     0.8007587E+02     0.9101511E+01
     0.8007506E+02     0.9104658E+01
     0.8007790E+02     0.9113198E+01
     0.8007609E+02     0.9120331E+01
     0.8008294E+02     0.9130705E+01
     0.8008926E+02     0.9131883E+01
     0.8008717E+02     0.9133372E+01
     0.8008932E+02     0.9137111E+01
     0.8009500E+02     0.9137251E+01
     0.8009232E+02     0.9141048E+01
     0.8009257E+02     0.9144392E+01
     0.8009810E+02     0.9149762E+01
     0.8010223E+02     0.9161424E+01
     0.8010405E+02     0.9172696E+01
     0.8010732E+02     0.9180446E+01
     0.8010773E+02     0.9181436E+01
     0.8010784E+02     0.9190637E+01
     0.8011729E+02     0.9207253E+01
     0.8011869E+02     0.9218531E+01
     0.8011656E+02     0.9233826E+01
     0.8011816E+02     0.9244055E+01
     0.8012310E+02     0.9252779E+01
     0.8012251E+02     0.9255923E+01
     0.8011176E+02     0.9271324E+01
     0.8011161E+02     0.9276765E+01
     0.8011570E+02     0.9284245E+01
     0.8011931E+02     0.9286711E+01
     0.8012521E+02     0.9288102E+01
     0.8012777E+02     0.9290581E+01
     0.8012355E+02     0.9299237E+01
     0.8012243E+02     0.9301523E+01
     0.8011578E+02     0.9308298E+01
     0.8009135E+02     0.9323866E+01
     0.8008508E+02     0.9326662E+01
     0.8007265E+02     0.9326185E+01
     0.8006763E+02     0.9328756E+01
     0.8006174E+02     0.9345771E+01
     0.8006435E+02     0.9353270E+01
     0.8006398E+02     0.9357457E+01
     0.8005900E+02     0.9362956E+01
     0.8005675E+02     0.9368631E+01
     0.8005421E+02     0.9384978E+01
     0.8005427E+02     0.9385541E+01
     0.8005492E+02     0.9391455E+01
     0.8005917E+02     0.9395378E+01
     0.8006782E+02     0.9396737E+01
     0.8007693E+02     0.9402275E+01
     0.8010653E+02     0.9413421E+01
     0.8012520E+02     0.9425952E+01
     0.8014657E+02     0.9434684E+01
     0.8015999E+02     0.9447697E+01
     0.8017049E+02     0.9463675E+01
     0.8018091E+02     0.9471704E+01
     0.8018456E+02     0.9477306E+01
     0.8018610E+02     0.9482726E+01
     0.8017667E+02     0.9503764E+01
     0.8017068E+02     0.9512416E+01
     0.8014612E+02     0.9536152E+01
     0.8014565E+02     0.9536502E+01
     0.8010563E+02     0.9565729E+01
     0.8009605E+02     0.9574215E+01
     0.8007911E+02     0.9584463E+01
     0.8006947E+02     0.9588137E+01
     0.8005608E+02     0.9595620E+01
     0.8005400E+02     0.9597946E+01
     0.8005805E+02     0.9602291E+01
     0.8006023E+02     0.9608123E+01
     0.8006342E+02     0.9610386E+01
     0.8006342E+02     0.9610386E+01
     0.8006575E+02     0.9612032E+01
     0.8007291E+02     0.9611945E+01
     0.8007883E+02     0.9614175E+01
     0.8008760E+02     0.9624948E+01
     0.8008760E+02     0.9624948E+01
     0.8007025E+02     0.9636499E+01
     0.8006231E+02     0.9641783E+01
     0.8005204E+02     0.9645672E+01
     0.8003519E+02     0.9645455E+01
     0.8002299E+02     0.9647484E+01
     0.8001756E+02     0.9650896E+01
     0.8000922E+02     0.9658527E+01
     0.8000405E+02     0.9667167E+01
     0.8000084E+02     0.9681014E+01
     0.8000000E+02     0.9682155E+01
     0.7999773E+02     0.9685235E+01
     0.7998975E+02     0.9686794E+01
     0.7998506E+02     0.9682874E+01
     0.7997169E+02     0.9692028E+01
     0.7996922E+02     0.9697288E+01
     0.7997226E+02     0.9704993E+01
     0.7997102E+02     0.9707728E+01
     0.7996828E+02     0.9707760E+01
     0.7996564E+02     0.9698167E+01
     0.7996183E+02     0.9696118E+01
     0.7995754E+02     0.9689474E+01
     0.7995457E+02     0.9686997E+01
     0.7994804E+02     0.9687074E+01
     0.7994366E+02     0.9691100E+01
     0.7994084E+02     0.9702849E+01
     0.7992811E+02     0.9731453E+01
     0.7991581E+02     0.9743521E+01
     0.7991314E+02     0.9750328E+01
     0.7990987E+02     0.9758654E+01
     0.7991525E+02     0.9767590E+01
     0.7994214E+02     0.9779204E+01
     0.7994751E+02     0.9788349E+01
     0.7995282E+02     0.9792053E+01
     0.7997719E+02     0.9803276E+01
     0.7998923E+02     0.9805855E+01
     0.8000000E+02     0.9806290E+01
     0.8000526E+02     0.9806502E+01
     0.8001114E+02     0.9808584E+01
     0.8002241E+02     0.9812576E+01
     0.8002953E+02     0.9809771E+01
     0.8003629E+02     0.9810527E+01
     0.8004180E+02     0.9812972E+01
     0.8005044E+02     0.9812450E+01
     0.8005693E+02     0.9809024E+01
     0.8008660E+02     0.9805109E+01
     0.8009653E+02     0.9807080E+01
     0.8010558E+02     0.9805923E+01
     0.8011468E+02     0.9808742E+01
     0.8012507E+02     0.9814473E+01
     0.8013056E+02     0.9815034E+01
     0.8013286E+02     0.9813332E+01
     0.8013286E+02     0.9813332E+01
     0.8013579E+02     0.9811412E+01
END
28
     0.7991301E+02     0.9639473E+01
     0.7997012E+02     0.9611496E+01
     0.7994355E+02     0.9626870E+01
     0.7992487E+02     0.9632944E+01
     0.7991959E+02     0.9631123E+01
     0.7991406E+02     0.9626793E+01
     0.7991058E+02     0.9617000E+01
     0.7990675E+02     0.9613487E+01
     0.7989567E+02     0.9620519E+01
     0.7988503E+02     0.9630264E+01
     0.7987434E+02     0.9634779E+01
     0.7987054E+02     0.9642447E+01
     0.7986631E+02     0.9650981E+01
     0.7986824E+02     0.9653679E+01
     0.7987330E+02     0.9654458E+01
     0.7987650E+02     0.9657978E+01
     0.7987659E+02     0.9666555E+01
     0.7987431E+02     0.9669092E+01
     0.7987135E+02     0.9668289E+01
     0.7986979E+02     0.9660565E+01
     0.7986723E+02     0.9657665E+01
     0.7986301E+02     0.9657085E+01
     0.7986112E+02     0.9658153E+01
     0.7985760E+02     0.9662796E+01
     0.7985825E+02     0.9665299E+01
     0.7985222E+02     0.9671644E+01
     0.7984518E+02     0.9683649E+01
     0.7984565E+02     0.9687410E+01
     0.7985091E+02     0.9687350E+01
     0.7985262E+02     0.9689424E+01
     0.7984366E+02     0.9697894E+01
     0.7984349E+02     0.9701243E+01
     0.7985126E+02     0.9699273E+01
     0.7985518E+02     0.9701114E+01
     0.7986434E+02     0.9701217E+01
     0.7986812E+02     0.9699500E+01
     0.7987268E+02     0.9693380E+01
     0.7987774E+02     0.9693323E+01
     0.7988684E+02     0.9696776E+01
     0.7989976E+02     0.9684074E+01
     0.7990159E+02     0.9678195E+01
     0.7990087E+02     0.9670880E+01
     0.7990519E+02     0.9661416E+01
     0.7991081E+02     0.9655911E+01
     0.7991376E+02     0.9655459E+01
     0.7991504E+02     0.9656909E+01
     0.7990961E+02     0.9661993E+01
     0.7991029E+02     0.9665124E+01
     0.7990738E+02     0.9668923E+01
     0.7990845E+02     0.9671212E+01
     0.7991606E+02     0.9672589E+01
     0.7991946E+02     0.9675270E+01
     0.7992097E+02     0.9678600E+01
     0.7992393E+02     0.9679402E+01
     0.7993339E+02     0.9677619E+01
     0.7993716E+02     0.9675065E+01
     0.7993543E+02     0.9671947E+01
     0.7993163E+02     0.9671573E+01
     0.7992993E+02     0.9669918E+01
     0.7993156E+02     0.9664878E+01
     0.7992711E+02     0.9662418E+01
     0.7993584E+02     0.9652484E+01
     0.7994649E+02     0.9643991E+01
     0.7995820E+02     0.9636950E+01
     0.7998151E+02     0.9630192E+01
     0.7998421E+02     0.9628068E+01
     0.7998307E+02     0.9620340E+01
     0.7997498E+02     0.9612276E+01
     0.7997012E+02     0.9611496E+01
END
29
     0.8001064E+02     0.9642412E+01
     0.8000651E+02     0.9644999E+01
     0.8000904E+02     0.9645310E+01
     0.8001285E+02     0.9642790E+01
     0.8001443E+02     0.9641214E+01
     0.8001506E+02     0.9639326E+01
     0.8001348E+02     0.9638699E+01
     0.8000999E+02     0.9640904E+01
     0.8000714E+02     0.9643109E+01
     0.8000651E+02     0.9644999E+01
END
30
     0.7999713E+02     0.9640002E+01
     0.8000000E+02     0.9643671E+01
     0.8000639E+02     0.9632827E+01
     0.8000000E+02     0.9633508E+01
     0.7999551E+02     0.9638605E+01
     0.7999363E+02     0.9640719E+01
     0.7999726E+02     0.9645070E+01
     0.8000000E+02     0.9643671E+01
END
31
     0.7999086E+02     0.9606802E+01
     0.7999201E+02     0.9628185E+01
     0.7999305E+02     0.9629332E+01
     0.7999581E+02     0.9630195E+01
     0.7999930E+02     0.9630192E+01
     0.8000000E+02     0.9629869E+01
     0.8000337E+02     0.9628313E+01
     0.8000611E+02     0.9627181E+01
     0.8000222E+02     0.9618649E+01
     0.8000588E+02     0.9607517E+01
     0.8000000E+02     0.9601639E+01
     0.7999885E+02     0.9600488E+01
     0.7998644E+02     0.9596207E+01
     0.7996812E+02     0.9602523E+01
     0.7996605E+02     0.9605058E+01
     0.7996629E+02     0.9607356E+01
     0.7997089E+02     0.9605419E+01
     0.7997742E+02     0.9604924E+01
     0.7998100E+02     0.9605510E+01
     0.7998273E+02     0.9608627E+01
     0.7998631E+02     0.9608795E+01
     0.7998804E+02     0.9612122E+01
     0.7998638E+02     0.9614861E+01
     0.7998836E+02     0.9621951E+01
     0.7999201E+02     0.9628185E+01
END
32
     0.8001318E+02     0.9477614E+01
     0.8001286E+02     0.9466430E+01
     0.8001063E+02     0.9473150E+01
     0.8000546E+02     0.9481161E+01
     0.8000594E+02     0.9485758E+01
     0.8000973E+02     0.9486341E+01
     0.8001745E+02     0.9480182E+01
     0.8001888E+02     0.9477027E+01
     0.8001540E+02     0.9466818E+01
     0.8001286E+02     0.9466430E+01
END
33
     0.7998048E+02     0.9287324E+01
     0.7997575E+02     0.9278813E+01
     0.7997099E+02     0.9286190E+01
     0.7997085E+02     0.9291631E+01
     0.7997721E+02     0.9296158E+01
     0.7998427E+02     0.9306114E+01
     0.7998719E+02     0.9304406E+01
     0.7998994E+02     0.9287432E+01
     0.7999180E+02     0.9284481E+01
     0.7999094E+02     0.9282609E+01
     0.7998655E+02     0.9284962E+01
     0.7998293E+02     0.9281240E+01
     0.7997575E+02     0.9278813E+01
END
34
     0.8000299E+02     0.9278045E+01
     0.8000000E+02     0.9270336E+01
     0.7999808E+02     0.9281688E+01
     0.7999877E+02     0.9286909E+01
     0.8000000E+02     0.9287098E+01
     0.8000256E+02     0.9287491E+01
     0.8000486E+02     0.9286209E+01
     0.8000670E+02     0.9281376E+01
     0.8000412E+02     0.9269445E+01
     0.8000336E+02     0.9265938E+01
     0.8000063E+02     0.9266598E+01
     0.8000000E+02     0.9270336E+01
END
END
