st._vincent
1
    -0.6119129E+02     0.1326422E+02
    -0.6111992E+02     0.1323350E+02
    -0.6113005E+02     0.1320817E+02
    -0.6113907E+02     0.1318561E+02
    -0.6114497E+02     0.1315187E+02
    -0.6114809E+02     0.1314293E+02
    -0.6115892E+02     0.1313704E+02
    -0.6117335E+02     0.1312107E+02
    -0.6118392E+02     0.1311885E+02
    -0.6119096E+02     0.1311845E+02
    -0.6119680E+02     0.1312103E+02
    -0.6119755E+02     0.1312203E+02
    -0.6120237E+02     0.1312843E+02
    -0.6121313E+02     0.1313196E+02
    -0.6122812E+02     0.1313438E+02
    -0.6122665E+02     0.1314265E+02
    -0.6122919E+02     0.1314795E+02
    -0.6123198E+02     0.1315028E+02
    -0.6124417E+02     0.1315083E+02
    -0.6124791E+02     0.1315293E+02
    -0.6124881E+02     0.1315822E+02
    -0.6125206E+02     0.1316262E+02
    -0.6126325E+02     0.1317121E+02
    -0.6127225E+02     0.1319151E+02
    -0.6127738E+02     0.1319546E+02
    -0.6127876E+02     0.1319892E+02
    -0.6127857E+02     0.1320035E+02
    -0.6127603E+02     0.1321936E+02
    -0.6127758E+02     0.1323178E+02
    -0.6127253E+02     0.1324829E+02
    -0.6126470E+02     0.1325927E+02
    -0.6126390E+02     0.1327213E+02
    -0.6126008E+02     0.1328130E+02
    -0.6125701E+02     0.1328334E+02
    -0.6124856E+02     0.1328420E+02
    -0.6124456E+02     0.1328623E+02
    -0.6123958E+02     0.1329240E+02
    -0.6123693E+02     0.1330204E+02
    -0.6123266E+02     0.1330775E+02
    -0.6120906E+02     0.1335606E+02
    -0.6120219E+02     0.1336405E+02
    -0.6119701E+02     0.1336562E+02
    -0.6119039E+02     0.1337223E+02
    -0.6117862E+02     0.1337742E+02
    -0.6117251E+02     0.1337783E+02
    -0.6115612E+02     0.1337195E+02
    -0.6114384E+02     0.1337341E+02
    -0.6113509E+02     0.1336121E+02
    -0.6112753E+02     0.1333793E+02
    -0.6112128E+02     0.1332707E+02
    -0.6111537E+02     0.1330312E+02
    -0.6111388E+02     0.1328425E+02
    -0.6111827E+02     0.1326406E+02
    -0.6111615E+02     0.1325413E+02
    -0.6111600E+02     0.1325347E+02
    -0.6111890E+02     0.1324407E+02
    -0.6111825E+02     0.1323717E+02
    -0.6111992E+02     0.1323350E+02
END
2
    -0.6123144E+02     0.1300130E+02
    -0.6124593E+02     0.1298141E+02
    -0.6125475E+02     0.1298190E+02
    -0.6125553E+02     0.1298195E+02
    -0.6126580E+02     0.1298732E+02
    -0.6127871E+02     0.1298535E+02
    -0.6128456E+02     0.1298631E+02
    -0.6128525E+02     0.1298816E+02
    -0.6128311E+02     0.1299182E+02
    -0.6126576E+02     0.1299283E+02
    -0.6125190E+02     0.1299709E+02
    -0.6124038E+02     0.1300252E+02
    -0.6123682E+02     0.1300732E+02
    -0.6123727E+02     0.1301031E+02
    -0.6124054E+02     0.1301080E+02
    -0.6124900E+02     0.1300879E+02
    -0.6125108E+02     0.1301249E+02
    -0.6123581E+02     0.1302672E+02
    -0.6123054E+02     0.1303164E+02
    -0.6122372E+02     0.1303503E+02
    -0.6121292E+02     0.1303656E+02
    -0.6121219E+02     0.1304069E+02
    -0.6120489E+02     0.1304523E+02
    -0.6120375E+02     0.1304085E+02
    -0.6120594E+02     0.1303029E+02
    -0.6120879E+02     0.1302572E+02
    -0.6121607E+02     0.1302371E+02
    -0.6121892E+02     0.1301844E+02
    -0.6121454E+02     0.1300875E+02
    -0.6123041E+02     0.1298704E+02
    -0.6123932E+02     0.1298665E+02
    -0.6124593E+02     0.1298141E+02
END
3
    -0.6112888E+02     0.1296204E+02
    -0.6112589E+02     0.1295699E+02
    -0.6113362E+02     0.1295751E+02
    -0.6113618E+02     0.1295960E+02
    -0.6113474E+02     0.1296327E+02
    -0.6112371E+02     0.1296594E+02
    -0.6112232E+02     0.1296340E+02
    -0.6112281E+02     0.1296041E+02
    -0.6112589E+02     0.1295699E+02
END
4
    -0.6125832E+02     0.1295334E+02
    -0.6125625E+02     0.1294839E+02
    -0.6126724E+02     0.1295146E+02
    -0.6126793E+02     0.1295377E+02
    -0.6125713E+02     0.1295621E+02
    -0.6125146E+02     0.1296260E+02
    -0.6124793E+02     0.1296419E+02
    -0.6124325E+02     0.1296323E+02
    -0.6124305E+02     0.1295886E+02
    -0.6124941E+02     0.1295431E+02
    -0.6124664E+02     0.1294946E+02
    -0.6125625E+02     0.1294839E+02
END
5
    -0.6114255E+02     0.1294550E+02
    -0.6114174E+02     0.1293804E+02
    -0.6114733E+02     0.1294222E+02
    -0.6114824E+02     0.1294568E+02
    -0.6114816E+02     0.1295625E+02
    -0.6114626E+02     0.1295992E+02
    -0.6114225E+02     0.1296195E+02
    -0.6113947E+02     0.1295917E+02
    -0.6114233E+02     0.1295299E+02
    -0.6113514E+02     0.1294304E+02
    -0.6113657E+02     0.1294053E+02
    -0.6114174E+02     0.1293804E+02
END
6
    -0.6118158E+02     0.1287760E+02
    -0.6118150E+02     0.1285721E+02
    -0.6118454E+02     0.1285792E+02
    -0.6118709E+02     0.1286231E+02
    -0.6119060E+02     0.1286211E+02
    -0.6119479E+02     0.1286605E+02
    -0.6118908E+02     0.1287773E+02
    -0.6119161E+02     0.1288304E+02
    -0.6118923E+02     0.1288785E+02
    -0.6118499E+02     0.1289034E+02
    -0.6117984E+02     0.1288961E+02
    -0.6117607E+02     0.1289303E+02
    -0.6117162E+02     0.1289345E+02
    -0.6116928E+02     0.1289205E+02
    -0.6116606E+02     0.1288490E+02
    -0.6116749E+02     0.1288169E+02
    -0.6117432E+02     0.1287738E+02
    -0.6118150E+02     0.1285721E+02
END
7
    -0.6132332E+02     0.1271858E+02
    -0.6133825E+02     0.1269105E+02
    -0.6134059E+02     0.1269153E+02
    -0.6134710E+02     0.1269825E+02
    -0.6135201E+02     0.1269921E+02
    -0.6135316E+02     0.1270174E+02
    -0.6135220E+02     0.1270541E+02
    -0.6134938E+02     0.1270631E+02
    -0.6134332E+02     0.1270282E+02
    -0.6133745E+02     0.1270695E+02
    -0.6133204E+02     0.1270779E+02
    -0.6133085E+02     0.1271077E+02
    -0.6133152E+02     0.1271538E+02
    -0.6133453E+02     0.1271977E+02
    -0.6133636E+02     0.1272668E+02
    -0.6133443E+02     0.1273310E+02
    -0.6132808E+02     0.1273834E+02
    -0.6132201E+02     0.1273485E+02
    -0.6131920E+02     0.1273551E+02
    -0.6131378E+02     0.1274007E+02
    -0.6131097E+02     0.1274005E+02
    -0.6130935E+02     0.1273682E+02
    -0.6130828E+02     0.1272371E+02
    -0.6130924E+02     0.1272003E+02
    -0.6131582E+02     0.1271733E+02
    -0.6131775E+02     0.1270929E+02
    -0.6132465E+02     0.1269463E+02
    -0.6132979E+02     0.1269536E+02
    -0.6133825E+02     0.1269105E+02
END
8
    -0.6139008E+02     0.1263908E+02
    -0.6139512E+02     0.1262710E+02
    -0.6139933E+02     0.1262828E+02
    -0.6140072E+02     0.1263013E+02
    -0.6139641E+02     0.1264389E+02
    -0.6139240E+02     0.1264777E+02
    -0.6138748E+02     0.1264843E+02
    -0.6138399E+02     0.1264541E+02
    -0.6138148E+02     0.1263620E+02
    -0.6138267E+02     0.1263414E+02
    -0.6138899E+02     0.1263395E+02
    -0.6139512E+02     0.1262710E+02
END
9
    -0.6143904E+02     0.1259130E+02
    -0.6144412E+02     0.1258101E+02
    -0.6144763E+02     0.1258127E+02
    -0.6145508E+02     0.1258615E+02
    -0.6145719E+02     0.1258930E+02
    -0.6145926E+02     0.1259239E+02
    -0.6145807E+02     0.1259514E+02
    -0.6144963E+02     0.1259692E+02
    -0.6144632E+02     0.1260126E+02
    -0.6144771E+02     0.1260380E+02
    -0.6145308E+02     0.1260637E+02
    -0.6145515E+02     0.1261006E+02
    -0.6145304E+02     0.1261166E+02
    -0.6143243E+02     0.1261404E+02
    -0.6142780E+02     0.1260596E+02
    -0.6142477E+02     0.1260386E+02
    -0.6141261E+02     0.1260355E+02
    -0.6140959E+02     0.1260007E+02
    -0.6141737E+02     0.1259208E+02
    -0.6142675E+02     0.1258824E+02
    -0.6144011E+02     0.1258558E+02
    -0.6144412E+02     0.1258101E+02
END
10
    -0.6139481E+02     0.1258739E+02
    -0.6139215E+02     0.1258362E+02
    -0.6139729E+02     0.1258389E+02
    -0.6140125E+02     0.1258691E+02
    -0.6139772E+02     0.1259033E+02
    -0.6139047E+02     0.1258936E+02
    -0.6138884E+02     0.1258797E+02
    -0.6138910E+02     0.1258452E+02
    -0.6139215E+02     0.1258362E+02
END
11
    -0.6138284E+02     0.1253654E+02
    -0.6137778E+02     0.1253017E+02
    -0.6138129E+02     0.1253066E+02
    -0.6138895E+02     0.1253922E+02
    -0.6138706E+02     0.1254151E+02
    -0.6137891E+02     0.1253639E+02
    -0.6137637E+02     0.1253223E+02
    -0.6137778E+02     0.1253017E+02
END
12
    -0.6146140E+02     0.1246392E+02
    -0.6149517E+02     0.1243445E+02
    -0.6149843E+02     0.1243608E+02
    -0.6150097E+02     0.1244115E+02
    -0.6149789E+02     0.1244711E+02
    -0.6148592E+02     0.1245462E+02
    -0.6148285E+02     0.1245850E+02
    -0.6148259E+02     0.1246287E+02
    -0.6148586E+02     0.1246358E+02
    -0.6148985E+02     0.1246039E+02
    -0.6149313E+02     0.1245995E+02
    -0.6149616E+02     0.1246136E+02
    -0.6149727E+02     0.1247033E+02
    -0.6149630E+02     0.1247607E+02
    -0.6149318E+02     0.1247682E+02
    -0.6149161E+02     0.1247719E+02
    -0.6148230E+02     0.1246977E+02
    -0.6147430E+02     0.1247730E+02
    -0.6146822E+02     0.1247656E+02
    -0.6146540E+02     0.1247861E+02
    -0.6145122E+02     0.1250036E+02
    -0.6144449E+02     0.1252652E+02
    -0.6144261E+02     0.1252812E+02
    -0.6143558E+02     0.1252921E+02
    -0.6143325E+02     0.1252736E+02
    -0.6142936E+02     0.1251537E+02
    -0.6142147E+02     0.1250543E+02
    -0.6142068E+02     0.1250323E+02
    -0.6141964E+02     0.1250036E+02
    -0.6142185E+02     0.1248497E+02
    -0.6142726E+02     0.1248018E+02
    -0.6142870E+02     0.1247490E+02
    -0.6142598E+02     0.1246223E+02
    -0.6142789E+02     0.1245627E+02
    -0.6143212E+02     0.1245400E+02
    -0.6143937E+02     0.1245336E+02
    -0.6144989E+02     0.1245528E+02
    -0.6146091E+02     0.1245122E+02
    -0.6146915E+02     0.1244369E+02
    -0.6147336E+02     0.1244303E+02
    -0.6148270E+02     0.1244586E+02
    -0.6148763E+02     0.1244382E+02
    -0.6149517E+02     0.1243445E+02
END
13
    -0.6138343E+02     0.1251894E+02
    -0.6137769E+02     0.1250948E+02
    -0.6138118E+02     0.1251249E+02
    -0.6138634E+02     0.1251023E+02
    -0.6138985E+02     0.1251095E+02
    -0.6139170E+02     0.1251395E+02
    -0.6139191E+02     0.1251763E+02
    -0.6138296E+02     0.1252561E+02
    -0.6138038E+02     0.1252628E+02
    -0.6137712E+02     0.1252465E+02
    -0.6137645E+02     0.1252073E+02
    -0.6137652E+02     0.1251062E+02
    -0.6137769E+02     0.1250948E+02
END
14
    -0.6147656E+02     0.1241241E+02
    -0.6147477E+02     0.1240671E+02
    -0.6147758E+02     0.1240719E+02
    -0.6148153E+02     0.1241113E+02
    -0.6147892E+02     0.1241686E+02
    -0.6147354E+02     0.1241636E+02
    -0.6147216E+02     0.1241244E+02
    -0.6147477E+02     0.1240671E+02
END
END
