st._helena
1
    -0.5706743E+01    -0.1595074E+02
    -0.5644170E+01    -0.1595971E+02
    -0.5643114E+01    -0.1596153E+02
    -0.5641797E+01    -0.1596198E+02
    -0.5640681E+01    -0.1596237E+02
    -0.5639430E+01    -0.1596280E+02
    -0.5640361E+01    -0.1596519E+02
    -0.5642278E+01    -0.1596555E+02
    -0.5643443E+01    -0.1596576E+02
    -0.5644607E+01    -0.1596597E+02
    -0.5646474E+01    -0.1596632E+02
    -0.5647977E+01    -0.1596698E+02
    -0.5649054E+01    -0.1596746E+02
    -0.5649953E+01    -0.1596785E+02
    -0.5651206E+01    -0.1596841E+02
    -0.5652283E+01    -0.1596888E+02
    -0.5653615E+01    -0.1596947E+02
    -0.5653736E+01    -0.1597149E+02
    -0.5653805E+01    -0.1597263E+02
    -0.5653890E+01    -0.1597405E+02
    -0.5654275E+01    -0.1597549E+02
    -0.5655350E+01    -0.1597676E+02
    -0.5656103E+01    -0.1597764E+02
    -0.5657410E+01    -0.1597918E+02
    -0.5658398E+01    -0.1597917E+02
    -0.5659194E+01    -0.1598112E+02
    -0.5660243E+01    -0.1598156E+02
    -0.5661389E+01    -0.1598185E+02
    -0.5662020E+01    -0.1598201E+02
    -0.5662548E+01    -0.1598195E+02
    -0.5663723E+01    -0.1598180E+02
    -0.5664860E+01    -0.1598148E+02
    -0.5665990E+01    -0.1598114E+02
    -0.5666991E+01    -0.1598083E+02
    -0.5668055E+01    -0.1598159E+02
    -0.5668900E+01    -0.1598219E+02
    -0.5669609E+01    -0.1598327E+02
    -0.5670101E+01    -0.1598402E+02
    -0.5671408E+01    -0.1598464E+02
    -0.5672007E+01    -0.1598492E+02
    -0.5672525E+01    -0.1598492E+02
    -0.5673710E+01    -0.1598491E+02
    -0.5674895E+01    -0.1598490E+02
    -0.5675389E+01    -0.1598581E+02
    -0.5676063E+01    -0.1598787E+02
    -0.5676073E+01    -0.1598915E+02
    -0.5676085E+01    -0.1599062E+02
    -0.5676327E+01    -0.1599257E+02
    -0.5676277E+01    -0.1599372E+02
    -0.5676208E+01    -0.1599486E+02
    -0.5676139E+01    -0.1599601E+02
    -0.5677092E+01    -0.1599657E+02
    -0.5678037E+01    -0.1599702E+02
    -0.5679238E+01    -0.1599649E+02
    -0.5680317E+01    -0.1599602E+02
    -0.5681396E+01    -0.1599555E+02
    -0.5682291E+01    -0.1599516E+02
    -0.5683667E+01    -0.1599498E+02
    -0.5684841E+01    -0.1599483E+02
    -0.5686017E+01    -0.1599468E+02
    -0.5687181E+01    -0.1599487E+02
    -0.5688344E+01    -0.1599509E+02
    -0.5689509E+01    -0.1599531E+02
    -0.5690511E+01    -0.1599590E+02
    -0.5691491E+01    -0.1599654E+02
    -0.5692471E+01    -0.1599719E+02
    -0.5693327E+01    -0.1599797E+02
    -0.5694946E+01    -0.1599859E+02
    -0.5695378E+01    -0.1600010E+02
    -0.5697011E+01    -0.1599963E+02
    -0.5698145E+01    -0.1599930E+02
    -0.5699645E+01    -0.1599887E+02
    -0.5701633E+01    -0.1599891E+02
    -0.5703433E+01    -0.1599895E+02
    -0.5703979E+01    -0.1599755E+02
    -0.5705645E+01    -0.1599707E+02
    -0.5706496E+01    -0.1599635E+02
    -0.5707716E+01    -0.1599615E+02
    -0.5708884E+01    -0.1599595E+02
    -0.5710051E+01    -0.1599575E+02
    -0.5711218E+01    -0.1599556E+02
    -0.5712180E+01    -0.1599539E+02
    -0.5713447E+01    -0.1599596E+02
    -0.5714524E+01    -0.1599644E+02
    -0.5715601E+01    -0.1599692E+02
    -0.5716678E+01    -0.1599740E+02
    -0.5717265E+01    -0.1599766E+02
    -0.5717672E+01    -0.1599800E+02
    -0.5718566E+01    -0.1599875E+02
    -0.5719054E+01    -0.1599974E+02
    -0.5719342E+01    -0.1600086E+02
    -0.5719611E+01    -0.1600189E+02
    -0.5720737E+01    -0.1600245E+02
    -0.5721791E+01    -0.1600298E+02
    -0.5722845E+01    -0.1600350E+02
    -0.5723899E+01    -0.1600402E+02
    -0.5725034E+01    -0.1600426E+02
    -0.5726217E+01    -0.1600432E+02
    -0.5727401E+01    -0.1600439E+02
    -0.5728386E+01    -0.1600444E+02
    -0.5729556E+01    -0.1600515E+02
    -0.5731171E+01    -0.1600484E+02
    -0.5732184E+01    -0.1600558E+02
    -0.5733127E+01    -0.1600628E+02
    -0.5733833E+01    -0.1600679E+02
    -0.5734516E+01    -0.1600829E+02
    -0.5735500E+01    -0.1600893E+02
    -0.5736258E+01    -0.1600942E+02
    -0.5737544E+01    -0.1601009E+02
    -0.5738878E+01    -0.1601078E+02
    -0.5740714E+01    -0.1601159E+02
    -0.5742074E+01    -0.1601219E+02
    -0.5743685E+01    -0.1601366E+02
    -0.5744545E+01    -0.1601444E+02
    -0.5745405E+01    -0.1601522E+02
    -0.5746994E+01    -0.1601667E+02
    -0.5747824E+01    -0.1601772E+02
    -0.5748544E+01    -0.1601863E+02
    -0.5749262E+01    -0.1601954E+02
    -0.5749873E+01    -0.1602032E+02
    -0.5750903E+01    -0.1601945E+02
    -0.5751798E+01    -0.1601870E+02
    -0.5752693E+01    -0.1601795E+02
    -0.5753588E+01    -0.1601719E+02
    -0.5754482E+01    -0.1601644E+02
    -0.5755269E+01    -0.1601578E+02
    -0.5756368E+01    -0.1601506E+02
    -0.5757349E+01    -0.1601442E+02
    -0.5758330E+01    -0.1601378E+02
    -0.5759311E+01    -0.1601313E+02
    -0.5760292E+01    -0.1601249E+02
    -0.5761272E+01    -0.1601185E+02
    -0.5762084E+01    -0.1601102E+02
    -0.5762865E+01    -0.1601016E+02
    -0.5763302E+01    -0.1600968E+02
    -0.5763456E+01    -0.1600919E+02
    -0.5763807E+01    -0.1600810E+02
    -0.5764156E+01    -0.1600701E+02
    -0.5764507E+01    -0.1600591E+02
    -0.5764857E+01    -0.1600482E+02
    -0.5765148E+01    -0.1600370E+02
    -0.5765426E+01    -0.1600259E+02
    -0.5765607E+01    -0.1600187E+02
    -0.5766849E+01    -0.1600089E+02
    -0.5767769E+01    -0.1600017E+02
    -0.5768864E+01    -0.1599977E+02
    -0.5770004E+01    -0.1599946E+02
    -0.5770566E+01    -0.1599931E+02
    -0.5771137E+01    -0.1599913E+02
    -0.5772264E+01    -0.1599877E+02
    -0.5773391E+01    -0.1599842E+02
    -0.5774517E+01    -0.1599806E+02
    -0.5775643E+01    -0.1599771E+02
    -0.5776770E+01    -0.1599735E+02
    -0.5777897E+01    -0.1599699E+02
    -0.5779023E+01    -0.1599664E+02
    -0.5780149E+01    -0.1599628E+02
    -0.5781276E+01    -0.1599593E+02
    -0.5782403E+01    -0.1599557E+02
    -0.5783529E+01    -0.1599522E+02
    -0.5784656E+01    -0.1599486E+02
    -0.5785782E+01    -0.1599450E+02
    -0.5786751E+01    -0.1599389E+02
    -0.5787634E+01    -0.1599312E+02
    -0.5788518E+01    -0.1599236E+02
    -0.5789401E+01    -0.1599159E+02
    -0.5790286E+01    -0.1599083E+02
    -0.5791169E+01    -0.1599007E+02
    -0.5792052E+01    -0.1598930E+02
    -0.5791556E+01    -0.1598827E+02
    -0.5791041E+01    -0.1598724E+02
    -0.5790527E+01    -0.1598621E+02
    -0.5790131E+01    -0.1598541E+02
    -0.5789298E+01    -0.1598426E+02
    -0.5788621E+01    -0.1598332E+02
    -0.5787944E+01    -0.1598238E+02
    -0.5787267E+01    -0.1598143E+02
    -0.5786590E+01    -0.1598049E+02
    -0.5785913E+01    -0.1597955E+02
    -0.5785235E+01    -0.1597861E+02
    -0.5784559E+01    -0.1597767E+02
    -0.5783882E+01    -0.1597673E+02
    -0.5783408E+01    -0.1597607E+02
    -0.5783068E+01    -0.1597462E+02
    -0.5782807E+01    -0.1597350E+02
    -0.5782546E+01    -0.1597238E+02
    -0.5781960E+01    -0.1597140E+02
    -0.5781283E+01    -0.1597046E+02
    -0.5780607E+01    -0.1596952E+02
    -0.5779701E+01    -0.1596878E+02
    -0.5778786E+01    -0.1596805E+02
    -0.5777871E+01    -0.1596733E+02
    -0.5776956E+01    -0.1596660E+02
    -0.5776041E+01    -0.1596587E+02
    -0.5775300E+01    -0.1596498E+02
    -0.5774570E+01    -0.1596407E+02
    -0.5773839E+01    -0.1596317E+02
    -0.5773108E+01    -0.1596227E+02
    -0.5772501E+01    -0.1596129E+02
    -0.5771963E+01    -0.1596027E+02
    -0.5771423E+01    -0.1595925E+02
    -0.5771162E+01    -0.1595875E+02
    -0.5771180E+01    -0.1595816E+02
    -0.5771215E+01    -0.1595702E+02
    -0.5771251E+01    -0.1595587E+02
    -0.5771287E+01    -0.1595472E+02
    -0.5771322E+01    -0.1595358E+02
    -0.5771347E+01    -0.1595279E+02
    -0.5771204E+01    -0.1595129E+02
    -0.5771096E+01    -0.1595015E+02
    -0.5770987E+01    -0.1594901E+02
    -0.5770878E+01    -0.1594787E+02
    -0.5770824E+01    -0.1594730E+02
    -0.5770433E+01    -0.1594687E+02
    -0.5769649E+01    -0.1594601E+02
    -0.5768865E+01    -0.1594515E+02
    -0.5768081E+01    -0.1594429E+02
    -0.5767712E+01    -0.1594388E+02
    -0.5767171E+01    -0.1594358E+02
    -0.5766150E+01    -0.1594300E+02
    -0.5765129E+01    -0.1594241E+02
    -0.5764108E+01    -0.1594183E+02
    -0.5763086E+01    -0.1594125E+02
    -0.5762065E+01    -0.1594067E+02
    -0.5761190E+01    -0.1593991E+02
    -0.5760378E+01    -0.1593908E+02
    -0.5759567E+01    -0.1593824E+02
    -0.5758883E+01    -0.1593754E+02
    -0.5757905E+01    -0.1593661E+02
    -0.5757060E+01    -0.1593580E+02
    -0.5756214E+01    -0.1593500E+02
    -0.5755255E+01    -0.1593433E+02
    -0.5754261E+01    -0.1593371E+02
    -0.5753267E+01    -0.1593308E+02
    -0.5752273E+01    -0.1593246E+02
    -0.5751640E+01    -0.1593206E+02
    -0.5750039E+01    -0.1593186E+02
    -0.5748864E+01    -0.1593171E+02
    -0.5747689E+01    -0.1593156E+02
    -0.5746736E+01    -0.1593144E+02
    -0.5745393E+01    -0.1593185E+02
    -0.5744429E+01    -0.1593153E+02
    -0.5743584E+01    -0.1593073E+02
    -0.5742740E+01    -0.1592992E+02
    -0.5741895E+01    -0.1592912E+02
    -0.5741052E+01    -0.1592832E+02
    -0.5740207E+01    -0.1592751E+02
    -0.5739362E+01    -0.1592671E+02
    -0.5738518E+01    -0.1592590E+02
    -0.5737674E+01    -0.1592510E+02
    -0.5737192E+01    -0.1592464E+02
    -0.5736829E+01    -0.1592429E+02
    -0.5735984E+01    -0.1592349E+02
    -0.5735138E+01    -0.1592269E+02
    -0.5734293E+01    -0.1592188E+02
    -0.5733449E+01    -0.1592108E+02
    -0.5732603E+01    -0.1592028E+02
    -0.5731931E+01    -0.1591964E+02
    -0.5730836E+01    -0.1591875E+02
    -0.5729928E+01    -0.1591801E+02
    -0.5729104E+01    -0.1591735E+02
    -0.5727860E+01    -0.1591700E+02
    -0.5726721E+01    -0.1591668E+02
    -0.5725976E+01    -0.1591647E+02
    -0.5724410E+01    -0.1591676E+02
    -0.5723372E+01    -0.1591695E+02
    -0.5723361E+01    -0.1591568E+02
    -0.5723352E+01    -0.1591453E+02
    -0.5723343E+01    -0.1591351E+02
    -0.5722745E+01    -0.1591238E+02
    -0.5722207E+01    -0.1591136E+02
    -0.5721897E+01    -0.1591078E+02
    -0.5721474E+01    -0.1591051E+02
    -0.5720385E+01    -0.1591008E+02
    -0.5719256E+01    -0.1590973E+02
    -0.5718127E+01    -0.1590938E+02
    -0.5716998E+01    -0.1590903E+02
    -0.5715868E+01    -0.1590869E+02
    -0.5715289E+01    -0.1590851E+02
    -0.5715277E+01    -0.1590795E+02
    -0.5715250E+01    -0.1590680E+02
    -0.5715225E+01    -0.1590566E+02
    -0.5715207E+01    -0.1590487E+02
    -0.5714824E+01    -0.1590341E+02
    -0.5714531E+01    -0.1590230E+02
    -0.5714239E+01    -0.1590119E+02
    -0.5713570E+01    -0.1590025E+02
    -0.5712874E+01    -0.1589932E+02
    -0.5712069E+01    -0.1589824E+02
    -0.5710914E+01    -0.1589799E+02
    -0.5709759E+01    -0.1589773E+02
    -0.5708604E+01    -0.1589748E+02
    -0.5707450E+01    -0.1589722E+02
    -0.5706276E+01    -0.1589719E+02
    -0.5705094E+01    -0.1589727E+02
    -0.5703913E+01    -0.1589735E+02
    -0.5703288E+01    -0.1589739E+02
    -0.5702946E+01    -0.1589782E+02
    -0.5702222E+01    -0.1589873E+02
    -0.5701497E+01    -0.1589963E+02
    -0.5700771E+01    -0.1590054E+02
    -0.5699950E+01    -0.1590136E+02
    -0.5699118E+01    -0.1590218E+02
    -0.5698287E+01    -0.1590300E+02
    -0.5697649E+01    -0.1590362E+02
    -0.5696363E+01    -0.1590429E+02
    -0.5695320E+01    -0.1590484E+02
    -0.5694278E+01    -0.1590538E+02
    -0.5693636E+01    -0.1590571E+02
    -0.5692013E+01    -0.1590595E+02
    -0.5690842E+01    -0.1590612E+02
    -0.5690321E+01    -0.1590620E+02
    -0.5689708E+01    -0.1590596E+02
    -0.5688604E+01    -0.1590555E+02
    -0.5687943E+01    -0.1590530E+02
    -0.5686284E+01    -0.1590531E+02
    -0.5685232E+01    -0.1590578E+02
    -0.5684213E+01    -0.1590636E+02
    -0.5683213E+01    -0.1590693E+02
    -0.5682008E+01    -0.1590701E+02
    -0.5680826E+01    -0.1590708E+02
    -0.5679644E+01    -0.1590715E+02
    -0.5678947E+01    -0.1590720E+02
    -0.5677410E+01    -0.1590656E+02
    -0.5676321E+01    -0.1590611E+02
    -0.5675231E+01    -0.1590566E+02
    -0.5674193E+01    -0.1590510E+02
    -0.5673159E+01    -0.1590454E+02
    -0.5672125E+01    -0.1590398E+02
    -0.5671092E+01    -0.1590342E+02
    -0.5670138E+01    -0.1590291E+02
    -0.5668917E+01    -0.1590326E+02
    -0.5667783E+01    -0.1590359E+02
    -0.5666648E+01    -0.1590392E+02
    -0.5666117E+01    -0.1590408E+02
    -0.5665526E+01    -0.1590429E+02
    -0.5664413E+01    -0.1590468E+02
    -0.5663300E+01    -0.1590508E+02
    -0.5662807E+01    -0.1590525E+02
    -0.5662156E+01    -0.1590535E+02
    -0.5660986E+01    -0.1590553E+02
    -0.5659817E+01    -0.1590572E+02
    -0.5659362E+01    -0.1590673E+02
    -0.5659089E+01    -0.1590892E+02
    -0.5658916E+01    -0.1590970E+02
    -0.5657301E+01    -0.1591084E+02
    -0.5656930E+01    -0.1591148E+02
    -0.5657541E+01    -0.1591292E+02
    -0.5657990E+01    -0.1591398E+02
    -0.5658440E+01    -0.1591504E+02
    -0.5659812E+01    -0.1591581E+02
    -0.5660270E+01    -0.1591673E+02
    -0.5658406E+01    -0.1591784E+02
    -0.5657441E+01    -0.1591850E+02
    -0.5656991E+01    -0.1591881E+02
    -0.5656513E+01    -0.1591921E+02
    -0.5655620E+01    -0.1591996E+02
    -0.5655062E+01    -0.1592094E+02
    -0.5654655E+01    -0.1592202E+02
    -0.5655176E+01    -0.1592304E+02
    -0.5655714E+01    -0.1592406E+02
    -0.5656092E+01    -0.1592478E+02
    -0.5656274E+01    -0.1592625E+02
    -0.5656346E+01    -0.1592684E+02
    -0.5656298E+01    -0.1592739E+02
    -0.5656200E+01    -0.1592854E+02
    -0.5656130E+01    -0.1592936E+02
    -0.5657423E+01    -0.1593013E+02
    -0.5658036E+01    -0.1593049E+02
    -0.5657780E+01    -0.1593187E+02
    -0.5657087E+01    -0.1593188E+02
    -0.5655124E+01    -0.1593190E+02
    -0.5653908E+01    -0.1593100E+02
    -0.5652795E+01    -0.1593060E+02
    -0.5651688E+01    -0.1593086E+02
    -0.5650691E+01    -0.1593123E+02
    -0.5649598E+01    -0.1593191E+02
    -0.5648602E+01    -0.1593254E+02
    -0.5648095E+01    -0.1593285E+02
    -0.5647787E+01    -0.1593333E+02
    -0.5647158E+01    -0.1593430E+02
    -0.5646529E+01    -0.1593527E+02
    -0.5645863E+01    -0.1593622E+02
    -0.5645190E+01    -0.1593716E+02
    -0.5644815E+01    -0.1593769E+02
    -0.5644398E+01    -0.1593799E+02
    -0.5643455E+01    -0.1593869E+02
    -0.5642512E+01    -0.1593938E+02
    -0.5641570E+01    -0.1594008E+02
    -0.5640627E+01    -0.1594077E+02
    -0.5640100E+01    -0.1594116E+02
    -0.5639856E+01    -0.1594161E+02
    -0.5639305E+01    -0.1594262E+02
    -0.5638753E+01    -0.1594363E+02
    -0.5639012E+01    -0.1594462E+02
    -0.5639647E+01    -0.1594558E+02
    -0.5640283E+01    -0.1594655E+02
    -0.5640919E+01    -0.1594752E+02
    -0.5641572E+01    -0.1594847E+02
    -0.5642225E+01    -0.1594943E+02
    -0.5642879E+01    -0.1595039E+02
    -0.5643463E+01    -0.1595138E+02
    -0.5644002E+01    -0.1595240E+02
    -0.5644543E+01    -0.1595342E+02
    -0.5644783E+01    -0.1595388E+02
    -0.5644719E+01    -0.1595451E+02
    -0.5644604E+01    -0.1595565E+02
    -0.5644488E+01    -0.1595679E+02
    -0.5644364E+01    -0.1595793E+02
    -0.5644240E+01    -0.1595907E+02
    -0.5644170E+01    -0.1595971E+02
END
END
