st._pierre
1
    -0.5632771E+02     0.4689706E+02
    -0.5639265E+02     0.4707129E+02
    -0.5639145E+02     0.4707377E+02
    -0.5638007E+02     0.4709372E+02
    -0.5637189E+02     0.4709937E+02
    -0.5635831E+02     0.4710114E+02
    -0.5634428E+02     0.4709624E+02
    -0.5633490E+02     0.4708786E+02
    -0.5632138E+02     0.4708092E+02
    -0.5630055E+02     0.4707323E+02
    -0.5627908E+02     0.4706918E+02
    -0.5627019E+02     0.4706310E+02
    -0.5626832E+02     0.4704951E+02
    -0.5626479E+02     0.4704364E+02
    -0.5626600E+02     0.4703727E+02
    -0.5627873E+02     0.4701619E+02
    -0.5629208E+02     0.4699407E+02
    -0.5630336E+02     0.4699153E+02
    -0.5631428E+02     0.4698508E+02
    -0.5632044E+02     0.4698349E+02
    -0.5632161E+02     0.4698560E+02
    -0.5631166E+02     0.4699232E+02
    -0.5630926E+02     0.4699704E+02
    -0.5631321E+02     0.4700590E+02
    -0.5632058E+02     0.4700595E+02
    -0.5633038E+02     0.4700106E+02
    -0.5633580E+02     0.4700036E+02
    -0.5635645E+02     0.4700597E+02
    -0.5636508E+02     0.4700699E+02
    -0.5636660E+02     0.4700476E+02
    -0.5635933E+02     0.4699324E+02
    -0.5635001E+02     0.4697845E+02
    -0.5634237E+02     0.4697770E+02
    -0.5632909E+02     0.4698429E+02
    -0.5632208E+02     0.4697989E+02
    -0.5633221E+02     0.4695874E+02
    -0.5633850E+02     0.4692324E+02
    -0.5633613E+02     0.4691146E+02
    -0.5633215E+02     0.4690695E+02
    -0.5631643E+02     0.4690290E+02
    -0.5630145E+02     0.4689406E+02
    -0.5629245E+02     0.4689761E+02
    -0.5628273E+02     0.4689791E+02
    -0.5627373E+02     0.4688953E+02
    -0.5626878E+02     0.4688865E+02
    -0.5626292E+02     0.4689071E+02
    -0.5626040E+02     0.4688099E+02
    -0.5625338E+02     0.4686902E+02
    -0.5625299E+02     0.4685778E+02
    -0.5625623E+02     0.4685103E+02
    -0.5626635E+02     0.4684203E+02
    -0.5629268E+02     0.4682680E+02
    -0.5629786E+02     0.4682509E+02
    -0.5630574E+02     0.4682250E+02
    -0.5633104E+02     0.4680745E+02
    -0.5634091E+02     0.4679706E+02
    -0.5634404E+02     0.4679558E+02
    -0.5634938E+02     0.4679556E+02
    -0.5635906E+02     0.4678745E+02
    -0.5636419E+02     0.4678605E+02
    -0.5636632E+02     0.4679667E+02
    -0.5637259E+02     0.4679760E+02
    -0.5637885E+02     0.4680265E+02
    -0.5638840E+02     0.4679615E+02
    -0.5639252E+02     0.4679883E+02
    -0.5639089E+02     0.4680243E+02
    -0.5639386E+02     0.4680690E+02
    -0.5639037E+02     0.4681295E+02
    -0.5639059E+02     0.4682648E+02
    -0.5639468E+02     0.4682962E+02
    -0.5639995E+02     0.4683051E+02
    -0.5641004E+02     0.4682975E+02
    -0.5641439E+02     0.4682556E+02
    -0.5641632E+02     0.4682543E+02
    -0.5641875E+02     0.4682527E+02
    -0.5642066E+02     0.4683886E+02
    -0.5640653E+02     0.4685230E+02
    -0.5639446E+02     0.4686100E+02
    -0.5637894E+02     0.4686683E+02
    -0.5637261E+02     0.4686658E+02
    -0.5636383E+02     0.4687174E+02
    -0.5635754E+02     0.4687906E+02
    -0.5635431E+02     0.4688581E+02
    -0.5635428E+02     0.4689429E+02
    -0.5634704E+02     0.4690088E+02
    -0.5634496E+02     0.4690584E+02
    -0.5634510E+02     0.4692585E+02
    -0.5634517E+02     0.4693564E+02
    -0.5634871E+02     0.4695366E+02
    -0.5636083E+02     0.4698529E+02
    -0.5637332E+02     0.4700456E+02
    -0.5637987E+02     0.4701054E+02
    -0.5638711E+02     0.4701219E+02
    -0.5639288E+02     0.4701539E+02
    -0.5639744E+02     0.4702106E+02
    -0.5640120E+02     0.4704069E+02
    -0.5640324E+02     0.4704443E+02
    -0.5640288E+02     0.4705702E+02
    -0.5639918E+02     0.4706536E+02
    -0.5640085E+02     0.4707779E+02
    -0.5640625E+02     0.4710206E+02
    -0.5641402E+02     0.4710968E+02
    -0.5641472E+02     0.4711338E+02
    -0.5640289E+02     0.4713080E+02
    -0.5639892E+02     0.4713408E+02
    -0.5638945E+02     0.4713487E+02
    -0.5637772E+02     0.4713854E+02
    -0.5636369E+02     0.4714579E+02
    -0.5635860E+02     0.4714629E+02
    -0.5635670E+02     0.4713682E+02
    -0.5636076E+02     0.4713523E+02
    -0.5637267E+02     0.4713056E+02
    -0.5637685E+02     0.4712476E+02
    -0.5639082E+02     0.4711819E+02
    -0.5639423E+02     0.4711351E+02
    -0.5638934E+02     0.4710347E+02
    -0.5637960E+02     0.4709943E+02
    -0.5638347E+02     0.4709729E+02
    -0.5639534E+02     0.4709591E+02
    -0.5639761E+02     0.4709279E+02
    -0.5639265E+02     0.4707129E+02
END
2
    -0.5616332E+02     0.4678949E+02
    -0.5616905E+02     0.4678405E+02
    -0.5617156E+02     0.4678599E+02
    -0.5617040E+02     0.4678778E+02
    -0.5616226E+02     0.4679318E+02
    -0.5615821E+02     0.4679370E+02
    -0.5615737E+02     0.4679183E+02
    -0.5616234E+02     0.4678447E+02
    -0.5616905E+02     0.4678405E+02
END
3
    -0.5620910E+02     0.4679005E+02
    -0.5623575E+02     0.4675327E+02
    -0.5623950E+02     0.4675600E+02
    -0.5624141E+02     0.4675739E+02
    -0.5624202E+02     0.4676200E+02
    -0.5623233E+02     0.4676619E+02
    -0.5623276E+02     0.4676896E+02
    -0.5623632E+02     0.4677025E+02
    -0.5624261E+02     0.4676683E+02
    -0.5625506E+02     0.4676572E+02
    -0.5625542E+02     0.4676941E+02
    -0.5624740E+02     0.4677344E+02
    -0.5622109E+02     0.4680425E+02
    -0.5620931E+02     0.4681318E+02
    -0.5620031E+02     0.4681694E+02
    -0.5618646E+02     0.4681868E+02
    -0.5617651E+02     0.4681782E+02
    -0.5617342E+02     0.4681495E+02
    -0.5617129E+02     0.4680902E+02
    -0.5617099E+02     0.4680820E+02
    -0.5617387E+02     0.4680190E+02
    -0.5618401E+02     0.4679268E+02
    -0.5619048E+02     0.4677942E+02
    -0.5618825E+02     0.4677818E+02
    -0.5618224E+02     0.4678207E+02
    -0.5617577E+02     0.4677974E+02
    -0.5617422E+02     0.4677441E+02
    -0.5616729E+02     0.4677344E+02
    -0.5616612E+02     0.4677156E+02
    -0.5616817E+02     0.4676706E+02
    -0.5617672E+02     0.4676465E+02
    -0.5618895E+02     0.4676606E+02
    -0.5620000E+02     0.4676169E+02
    -0.5620769E+02     0.4676154E+02
    -0.5620836E+02     0.4676936E+02
    -0.5622115E+02     0.4676414E+02
    -0.5622929E+02     0.4676263E+02
    -0.5623575E+02     0.4675327E+02
END
END
