st._lucia
1
    -0.6096582E+02     0.1392877E+02
    -0.6088248E+02     0.1392186E+02
    -0.6088326E+02     0.1391360E+02
    -0.6088874E+02     0.1390607E+02
    -0.6088690E+02     0.1390099E+02
    -0.6088062E+02     0.1389289E+02
    -0.6087995E+02     0.1388898E+02
    -0.6088164E+02     0.1388463E+02
    -0.6088243E+02     0.1388376E+02
    -0.6089209E+02     0.1387324E+02
    -0.6089306E+02     0.1386934E+02
    -0.6088107E+02     0.1386946E+02
    -0.6087826E+02     0.1386759E+02
    -0.6087736E+02     0.1386345E+02
    -0.6088667E+02     0.1382102E+02
    -0.6088649E+02     0.1381504E+02
    -0.6088958E+02     0.1381185E+02
    -0.6089294E+02     0.1380384E+02
    -0.6089569E+02     0.1378456E+02
    -0.6089811E+02     0.1377792E+02
    -0.6090837E+02     0.1375963E+02
    -0.6091143E+02     0.1375965E+02
    -0.6092056E+02     0.1376410E+02
    -0.6092291E+02     0.1376390E+02
    -0.6092647E+02     0.1376025E+02
    -0.6092369E+02     0.1375494E+02
    -0.6092442E+02     0.1375242E+02
    -0.6093202E+02     0.1374352E+02
    -0.6093975E+02     0.1371969E+02
    -0.6093903E+02     0.1371759E+02
    -0.6093700E+02     0.1371162E+02
    -0.6094010E+02     0.1370614E+02
    -0.6094246E+02     0.1370478E+02
    -0.6095771E+02     0.1370813E+02
    -0.6095412E+02     0.1371545E+02
    -0.6095479E+02     0.1371937E+02
    -0.6095830E+02     0.1372147E+02
    -0.6097778E+02     0.1372509E+02
    -0.6098685E+02     0.1373597E+02
    -0.6099641E+02     0.1374387E+02
    -0.6100204E+02     0.1374575E+02
    -0.6101803E+02     0.1374474E+02
    -0.6102483E+02     0.1374618E+02
    -0.6102983E+02     0.1374931E+02
    -0.6103115E+02     0.1375014E+02
    -0.6104771E+02     0.1376545E+02
    -0.6105794E+02     0.1377841E+02
    -0.6106333E+02     0.1378075E+02
    -0.6106706E+02     0.1378446E+02
    -0.6106746E+02     0.1379320E+02
    -0.6107212E+02     0.1379783E+02
    -0.6107346E+02     0.1380612E+02
    -0.6106323E+02     0.1382166E+02
    -0.6106904E+02     0.1382952E+02
    -0.6106710E+02     0.1383640E+02
    -0.6106020E+02     0.1384714E+02
    -0.6105998E+02     0.1385070E+02
    -0.6105992E+02     0.1385174E+02
    -0.6106884E+02     0.1385365E+02
    -0.6107187E+02     0.1385758E+02
    -0.6107415E+02     0.1386541E+02
    -0.6107410E+02     0.1387162E+02
    -0.6106200E+02     0.1391380E+02
    -0.6105627E+02     0.1392363E+02
    -0.6103772E+02     0.1394829E+02
    -0.6103222E+02     0.1395835E+02
    -0.6102266E+02     0.1397665E+02
    -0.6101768E+02     0.1398166E+02
    -0.6101367E+02     0.1398301E+02
    -0.6101385E+02     0.1398921E+02
    -0.6100402E+02     0.1401165E+02
    -0.6100277E+02     0.1402014E+02
    -0.6099757E+02     0.1402193E+02
    -0.6099124E+02     0.1402004E+02
    -0.6098700E+02     0.1402069E+02
    -0.6098297E+02     0.1402456E+02
    -0.6097509E+02     0.1403805E+02
    -0.6097315E+02     0.1404423E+02
    -0.6097638E+02     0.1405574E+02
    -0.6097657E+02     0.1405644E+02
    -0.6097511E+02     0.1406286E+02
    -0.6095876E+02     0.1407559E+02
    -0.6095343E+02     0.1409300E+02
    -0.6094818E+02     0.1410146E+02
    -0.6094275E+02     0.1410324E+02
    -0.6092558E+02     0.1410286E+02
    -0.6091926E+02     0.1409867E+02
    -0.6091859E+02     0.1409499E+02
    -0.6092027E+02     0.1409041E+02
    -0.6092525E+02     0.1408632E+02
    -0.6092156E+02     0.1407801E+02
    -0.6091759E+02     0.1407407E+02
    -0.6091031E+02     0.1407331E+02
    -0.6091023E+02     0.1406927E+02
    -0.6091014E+02     0.1406458E+02
    -0.6090876E+02     0.1406158E+02
    -0.6089817E+02     0.1406126E+02
    -0.6089209E+02     0.1405798E+02
    -0.6088677E+02     0.1404691E+02
    -0.6088634E+02     0.1404300E+02
    -0.6088971E+02     0.1403361E+02
    -0.6088419E+02     0.1402023E+02
    -0.6088249E+02     0.1399976E+02
    -0.6087788E+02     0.1398961E+02
    -0.6087461E+02     0.1398590E+02
    -0.6087420E+02     0.1397947E+02
    -0.6087596E+02     0.1396730E+02
    -0.6087544E+02     0.1396190E+02
    -0.6087424E+02     0.1394936E+02
    -0.6087528E+02     0.1393788E+02
    -0.6088248E+02     0.1392186E+02
END
END
