surinam
1
    -0.5522071E+02     0.5941091E+01
    -0.5522005E+02     0.5935858E+01
    -0.5522295E+02     0.5936466E+01
    -0.5522524E+02     0.5941423E+01
    -0.5522278E+02     0.5944538E+01
    -0.5521989E+02     0.5945173E+01
    -0.5521740E+02     0.5943528E+01
    -0.5521594E+02     0.5940223E+01
    -0.5522005E+02     0.5935858E+01
END
2
    -0.5637537E+02     0.3611181E+01
    -0.5509489E+02     0.5899160E+01
    -0.5510420E+02     0.5903051E+01
    -0.5512019E+02     0.5920366E+01
    -0.5512952E+02     0.5927362E+01
    -0.5515252E+02     0.5942576E+01
    -0.5515792E+02     0.5948554E+01
    -0.5516375E+02     0.5958876E+01
    -0.5516277E+02     0.5969643E+01
    -0.5515865E+02     0.5973594E+01
    -0.5515123E+02     0.5977145E+01
    -0.5513368E+02     0.5979084E+01
    -0.5509780E+02     0.5985659E+01
    -0.5508970E+02     0.5987142E+01
    -0.5505278E+02     0.6000961E+01
    -0.5503730E+02     0.6004546E+01
    -0.5503193E+02     0.6004362E+01
    -0.5501558E+02     0.5998637E+01
    -0.5500000E+02     0.5996636E+01
    -0.5499842E+02     0.5996433E+01
    -0.5497561E+02     0.5996080E+01
    -0.5494593E+02     0.5995620E+01
    -0.5492587E+02     0.5992806E+01
    -0.5491555E+02     0.5993884E+01
    -0.5490212E+02     0.5994353E+01
    -0.5487565E+02     0.5990116E+01
    -0.5485940E+02     0.5989742E+01
    -0.5484591E+02     0.5993548E+01
    -0.5483846E+02     0.5993840E+01
    -0.5483414E+02     0.5994010E+01
    -0.5481490E+02     0.5988499E+01
    -0.5476775E+02     0.5978340E+01
    -0.5473756E+02     0.5973699E+01
    -0.5471441E+02     0.5971927E+01
    -0.5470263E+02     0.5969903E+01
    -0.5467945E+02     0.5960680E+01
    -0.5466106E+02     0.5961992E+01
    -0.5464472E+02     0.5956053E+01
    -0.5462032E+02     0.5952834E+01
    -0.5459881E+02     0.5945671E+01
    -0.5459267E+02     0.5944119E+01
    -0.5455207E+02     0.5933842E+01
    -0.5449811E+02     0.5924933E+01
    -0.5446836E+02     0.5925040E+01
    -0.5445865E+02     0.5925075E+01
    -0.5441152E+02     0.5918414E+01
    -0.5440057E+02     0.5918452E+01
    -0.5439271E+02     0.5917237E+01
    -0.5438423E+02     0.5913335E+01
    -0.5434389E+02     0.5907338E+01
    -0.5431622E+02     0.5903222E+01
    -0.5427362E+02     0.5891154E+01
    -0.5422100E+02     0.5878722E+01
    -0.5422006E+02     0.5878500E+01
    -0.5421449E+02     0.5878520E+01
    -0.5421181E+02     0.5880598E+01
    -0.5420705E+02     0.5881027E+01
    -0.5419858E+02     0.5880434E+01
    -0.5411127E+02     0.5839941E+01
    -0.5410457E+02     0.5838353E+01
    -0.5408542E+02     0.5833813E+01
    -0.5405814E+02     0.5831000E+01
    -0.5404491E+02     0.5826901E+01
    -0.5403168E+02     0.5826114E+01
    -0.5402424E+02     0.5823861E+01
    -0.5402113E+02     0.5820766E+01
    -0.5401801E+02     0.5813737E+01
    -0.5401629E+02     0.5792424E+01
    -0.5401068E+02     0.5783054E+01
    -0.5400009E+02     0.5765358E+01
    -0.5399179E+02     0.5754621E+01
    -0.5398701E+02     0.5744285E+01
    -0.5398742E+02     0.5741179E+01
    -0.5399050E+02     0.5737651E+01
    -0.5400102E+02     0.5732031E+01
    -0.5401151E+02     0.5719373E+01
    -0.5401664E+02     0.5707973E+01
    -0.5402030E+02     0.5688504E+01
    -0.5402378E+02     0.5679800E+01
    -0.5402591E+02     0.5677709E+01
    -0.5403263E+02     0.5671079E+01
    -0.5403777E+02     0.5662990E+01
    -0.5403668E+02     0.5643536E+01
    -0.5403668E+02     0.5643536E+01
    -0.5403168E+02     0.5632166E+01
    -0.5403230E+02     0.5630301E+01
    -0.5402710E+02     0.5620381E+01
    -0.5402165E+02     0.5615723E+01
    -0.5401408E+02     0.5617523E+01
    -0.5401409E+02     0.5618972E+01
    -0.5401162E+02     0.5621387E+01
    -0.5401162E+02     0.5621387E+01
    -0.5401007E+02     0.5596631E+01
    -0.5401024E+02     0.5571884E+01
    -0.5401336E+02     0.5549604E+01
    -0.5401453E+02     0.5543812E+01
    -0.5402419E+02     0.5525429E+01
    -0.5403683E+02     0.5509351E+01
    -0.5406188E+02     0.5485014E+01
    -0.5407681E+02     0.5469859E+01
    -0.5409681E+02     0.5441601E+01
    -0.5411773E+02     0.5416105E+01
    -0.5412669E+02     0.5405309E+01
    -0.5413267E+02     0.5393588E+01
    -0.5413544E+02     0.5373350E+01
    -0.5413614E+02     0.5365531E+01
    -0.5414074E+02     0.5357257E+01
    -0.5415291E+02     0.5348536E+01
    -0.5417540E+02     0.5341671E+01
    -0.5418045E+02     0.5337999E+01
    -0.5420366E+02     0.5311583E+01
    -0.5421560E+02     0.5302630E+01
    -0.5423419E+02     0.5293228E+01
    -0.5424666E+02     0.5284518E+01
    -0.5424666E+02     0.5284518E+01
    -0.5426311E+02     0.5273029E+01
    -0.5427368E+02     0.5265913E+01
    -0.5430077E+02     0.5239499E+01
    -0.5431295E+02     0.5218813E+01
    -0.5432559E+02     0.5198128E+01
    -0.5433846E+02     0.5173761E+01
    -0.5434834E+02     0.5156752E+01
    -0.5435363E+02     0.5143647E+01
    -0.5436304E+02     0.5138139E+01
    -0.5436878E+02     0.5131015E+01
    -0.5437430E+02     0.5113080E+01
    -0.5438578E+02     0.5097452E+01
    -0.5439795E+02     0.5088956E+01
    -0.5440299E+02     0.5086432E+01
    -0.5441540E+02     0.5066204E+01
    -0.5442436E+02     0.5040910E+01
    -0.5443608E+02     0.5013779E+01
    -0.5443577E+02     0.5012317E+01
    -0.5443796E+02     0.5007124E+01
    -0.5443986E+02     0.5000000E+01
    -0.5444091E+02     0.4996070E+01
    -0.5444299E+02     0.4979739E+01
    -0.5444186E+02     0.4961793E+01
    -0.5444371E+02     0.4948222E+01
    -0.5444807E+02     0.4938335E+01
    -0.5445978E+02     0.4927767E+01
    -0.5446713E+02     0.4912822E+01
    -0.5447425E+02     0.4903628E+01
    -0.5447494E+02     0.4896267E+01
    -0.5446648E+02     0.4865888E+01
    -0.5446719E+02     0.4844953E+01
    -0.5446538E+02     0.4809290E+01
    -0.5445967E+02     0.4783745E+01
    -0.5446060E+02     0.4771323E+01
    -0.5446636E+02     0.4739120E+01
    -0.5446018E+02     0.4728988E+01
    -0.5445262E+02     0.4726908E+01
    -0.5444299E+02     0.4728507E+01
    -0.5443932E+02     0.4726892E+01
    -0.5442558E+02     0.4714220E+01
    -0.5442466E+02     0.4710537E+01
    -0.5442834E+02     0.4700879E+01
    -0.5442722E+02     0.4676029E+01
    -0.5442447E+02     0.4665903E+01
    -0.5442953E+02     0.4655786E+01
    -0.5443344E+02     0.4636924E+01
    -0.5441849E+02     0.4619464E+01
    -0.5441317E+02     0.4610653E+01
    -0.5441126E+02     0.4593086E+01
    -0.5441136E+02     0.4577557E+01
    -0.5441688E+02     0.4556660E+01
    -0.5442166E+02     0.4546562E+01
    -0.5442978E+02     0.4539186E+01
    -0.5443992E+02     0.4531822E+01
    -0.5444638E+02     0.4521899E+01
    -0.5443861E+02     0.4492899E+01
    -0.5443061E+02     0.4467809E+01
    -0.5443062E+02     0.4454464E+01
    -0.5443361E+02     0.4446185E+01
    -0.5443225E+02     0.4424325E+01
    -0.5442952E+02     0.4411206E+01
    -0.5441922E+02     0.4387723E+01
    -0.5441875E+02     0.4373012E+01
    -0.5441342E+02     0.4364876E+01
    -0.5440873E+02     0.4362145E+01
    -0.5440336E+02     0.4360086E+01
    -0.5439805E+02     0.4348573E+01
    -0.5439075E+02     0.4332997E+01
    -0.5438904E+02     0.4322568E+01
    -0.5439019E+02     0.4314517E+01
    -0.5439067E+02     0.4294729E+01
    -0.5438999E+02     0.4286675E+01
    -0.5438176E+02     0.4262734E+01
    -0.5438018E+02     0.4240873E+01
    -0.5438134E+02     0.4227299E+01
    -0.5438869E+02     0.4205220E+01
    -0.5438916E+02     0.4189804E+01
    -0.5438367E+02     0.4181973E+01
    -0.5437177E+02     0.4175975E+01
    -0.5436283E+02     0.4172972E+01
    -0.5435276E+02     0.4166055E+01
    -0.5434727E+02     0.4161215E+01
    -0.5433353E+02     0.4156594E+01
    -0.5432346E+02     0.4148757E+01
    -0.5432117E+02     0.4143001E+01
    -0.5432462E+02     0.4131501E+01
    -0.5433884E+02     0.4113803E+01
    -0.5433884E+02     0.4113803E+01
    -0.5434368E+02     0.4088039E+01
    -0.5434896E+02     0.4077463E+01
    -0.5435790E+02     0.4063900E+01
    -0.5436272E+02     0.4057463E+01
    -0.5436250E+02     0.4046188E+01
    -0.5435838E+02     0.4039740E+01
    -0.5435015E+02     0.4031215E+01
    -0.5434030E+02     0.4026139E+01
    -0.5433298E+02     0.4023828E+01
    -0.5432702E+02     0.4021748E+01
    -0.5431696E+02     0.4012070E+01
    -0.5431513E+02     0.4007696E+01
    -0.5431124E+02     0.4001087E+01
    -0.5430118E+02     0.3985126E+01
    -0.5429640E+02     0.3957737E+01
    -0.5429731E+02     0.3957739E+01
    -0.5429000E+02     0.3940931E+01
    -0.5428246E+02     0.3929185E+01
    -0.5427171E+02     0.3917664E+01
    -0.5425981E+02     0.3908673E+01
    -0.5425318E+02     0.3898538E+01
    -0.5424998E+02     0.3889100E+01
    -0.5424175E+02     0.3874821E+01
    -0.5422757E+02     0.3863755E+01
    -0.5420583E+02     0.3856892E+01
    -0.5419712E+02     0.3854503E+01
    -0.5419274E+02     0.3851380E+01
    -0.5419274E+02     0.3851380E+01
    -0.5418774E+02     0.3847816E+01
    -0.5418706E+02     0.3838611E+01
    -0.5419395E+02     0.3825276E+01
    -0.5419533E+02     0.3816765E+01
    -0.5419282E+02     0.3809397E+01
    -0.5418664E+02     0.3805476E+01
    -0.5418161E+02     0.3804087E+01
    -0.5417634E+02     0.3804079E+01
    -0.5415917E+02     0.3803822E+01
    -0.5413718E+02     0.3804015E+01
    -0.5412757E+02     0.3803079E+01
    -0.5412299E+02     0.3798930E+01
    -0.5409991E+02     0.3762305E+01
    -0.5408895E+02     0.3737437E+01
    -0.5407570E+02     0.3714864E+01
    -0.5407755E+02     0.3700832E+01
    -0.5407757E+02     0.3688406E+01
    -0.5407179E+02     0.3679411E+01
    -0.5406455E+02     0.3668136E+01
    -0.5404945E+02     0.3657525E+01
    -0.5404421E+02     0.3640949E+01
    -0.5403620E+02     0.3634952E+01
    -0.5402613E+02     0.3634014E+01
    -0.5401054E+02     0.3651068E+01
    -0.5400142E+02     0.3648905E+01
    -0.5399157E+02     0.3638865E+01
    -0.5398618E+02     0.3621101E+01
    -0.5397854E+02     0.3608860E+01
    -0.5397749E+02     0.3601097E+01
    -0.5398199E+02     0.3588940E+01
    -0.5399088E+02     0.3580136E+01
    -0.5399534E+02     0.3572411E+01
    -0.5399992E+02     0.3549174E+01
    -0.5400114E+02     0.3532562E+01
    -0.5400242E+02     0.3507087E+01
    -0.5400367E+02     0.3486043E+01
    -0.5400933E+02     0.3463922E+01
    -0.5401272E+02     0.3452865E+01
    -0.5401175E+02     0.3435131E+01
    -0.5401402E+02     0.3425174E+01
    -0.5402294E+02     0.3410831E+01
    -0.5403184E+02     0.3399811E+01
    -0.5403704E+02     0.3394956E+01
    -0.5404662E+02     0.3384861E+01
    -0.5404753E+02     0.3384863E+01
    -0.5405074E+02     0.3378426E+01
    -0.5405214E+02     0.3359791E+01
    -0.5406227E+02     0.3319775E+01
    -0.5406686E+02     0.3308968E+01
    -0.5407648E+02     0.3298861E+01
    -0.5408564E+02     0.3294275E+01
    -0.5409182E+02     0.3294286E+01
    -0.5410075E+02     0.3292230E+01
    -0.5411793E+02     0.3281905E+01
    -0.5412962E+02     0.3265359E+01
    -0.5413901E+02     0.3258012E+01
    -0.5414543E+02     0.3251350E+01
    -0.5415025E+02     0.3238934E+01
    -0.5415919E+02     0.3224453E+01
    -0.5416092E+02     0.3219328E+01
    -0.5416092E+02     0.3219328E+01
    -0.5416503E+02     0.3215863E+01
    -0.5417056E+02     0.3204456E+01
    -0.5417323E+02     0.3202377E+01
    -0.5418805E+02     0.3202121E+01
    -0.5419134E+02     0.3200454E+01
    -0.5419298E+02     0.3197963E+01
    -0.5418966E+02     0.3190934E+01
    -0.5419682E+02     0.3176829E+01
    -0.5420230E+02     0.3154240E+01
    -0.5420806E+02     0.3150908E+01
    -0.5421051E+02     0.3146966E+01
    -0.5421017E+02     0.3146235E+01
    -0.5420885E+02     0.3143451E+01
    -0.5420350E+02     0.3142640E+01
    -0.5419896E+02     0.3138514E+01
    -0.5420717E+02     0.3133310E+01
    -0.5421025E+02     0.3128951E+01
    -0.5420838E+02     0.3125023E+01
    -0.5420301E+02     0.3121727E+01
    -0.5419890E+02     0.3122983E+01
    -0.5419378E+02     0.3129005E+01
    -0.5418739E+02     0.3129854E+01
    -0.5418037E+02     0.3124286E+01
    -0.5417540E+02     0.3114363E+01
    -0.5417102E+02     0.3097397E+01
    -0.5417655E+02     0.3088268E+01
    -0.5417301E+02     0.3078547E+01
    -0.5417279E+02     0.3073371E+01
    -0.5417525E+02     0.3070878E+01
    -0.5418737E+02     0.3062142E+01
    -0.5418860E+02     0.3059446E+01
    -0.5418879E+02     0.3055304E+01
    -0.5417906E+02     0.3039806E+01
    -0.5417488E+02     0.3021597E+01
    -0.5416948E+02     0.3007120E+01
    -0.5417234E+02     0.3001313E+01
    -0.5418077E+02     0.2996730E+01
    -0.5418301E+02     0.2989890E+01
    -0.5417844E+02     0.2978516E+01
    -0.5416963E+02     0.2971263E+01
    -0.5416791E+02     0.2969853E+01
    -0.5416194E+02     0.2968630E+01
    -0.5415801E+02     0.2963052E+01
    -0.5415944E+02     0.2959942E+01
    -0.5416768E+02     0.2959915E+01
    -0.5417218E+02     0.2954310E+01
    -0.5416990E+02     0.2948312E+01
    -0.5417255E+02     0.2942299E+01
    -0.5417233E+02     0.2935259E+01
    -0.5417518E+02     0.2927589E+01
    -0.5417970E+02     0.2922398E+01
    -0.5418484E+02     0.2921139E+01
    -0.5418689E+02     0.2918233E+01
    -0.5418460E+02     0.2912028E+01
    -0.5418436E+02     0.2903954E+01
    -0.5419212E+02     0.2882395E+01
    -0.5419312E+02     0.2875144E+01
    -0.5419245E+02     0.2871731E+01
    -0.5419165E+02     0.2867695E+01
    -0.5418753E+02     0.2864809E+01
    -0.5418073E+02     0.2864003E+01
    -0.5417701E+02     0.2859046E+01
    -0.5417700E+02     0.2856147E+01
    -0.5418027E+02     0.2850132E+01
    -0.5418169E+02     0.2841431E+01
    -0.5418414E+02     0.2837282E+01
    -0.5419010E+02     0.2834571E+01
    -0.5419648E+02     0.2834136E+01
    -0.5419956E+02     0.2831641E+01
    -0.5420098E+02     0.2827081E+01
    -0.5419952E+02     0.2819425E+01
    -0.5420155E+02     0.2811757E+01
    -0.5419844E+02     0.2804521E+01
    -0.5419822E+02     0.2800380E+01
    -0.5420416E+02     0.2792700E+01
    -0.5420661E+02     0.2786480E+01
    -0.5420699E+02     0.2776747E+01
    -0.5420944E+02     0.2772184E+01
    -0.5421415E+02     0.2764508E+01
    -0.5421682E+02     0.2763463E+01
    -0.5422053E+02     0.2764694E+01
    -0.5422175E+02     0.2760548E+01
    -0.5422071E+02     0.2756204E+01
    -0.5422893E+02     0.2752243E+01
    -0.5423159E+02     0.2748300E+01
    -0.5423508E+02     0.2746218E+01
    -0.5424429E+02     0.2732315E+01
    -0.5425231E+02     0.2728976E+01
    -0.5425620E+02     0.2722544E+01
    -0.5426194E+02     0.2718177E+01
    -0.5426583E+02     0.2710917E+01
    -0.5427314E+02     0.2683769E+01
    -0.5427654E+02     0.2677282E+01
    -0.5428009E+02     0.2670495E+01
    -0.5428440E+02     0.2664890E+01
    -0.5429876E+02     0.2651798E+01
    -0.5431658E+02     0.2628962E+01
    -0.5431760E+02     0.2626681E+01
    -0.5431361E+02     0.2614649E+01
    -0.5431918E+02     0.2608457E+01
    -0.5432327E+02     0.2598711E+01
    -0.5433017E+02     0.2574672E+01
    -0.5433427E+02     0.2568654E+01
    -0.5434453E+02     0.2562200E+01
    -0.5434576E+02     0.2559090E+01
    -0.5434385E+02     0.2544190E+01
    -0.5435730E+02     0.2508121E+01
    -0.5436063E+02     0.2502875E+01
    -0.5436283E+02     0.2499406E+01
    -0.5437534E+02     0.2488597E+01
    -0.5438294E+02     0.2485051E+01
    -0.5438683E+02     0.2480896E+01
    -0.5438763E+02     0.2473234E+01
    -0.5439835E+02     0.2467156E+01
    -0.5439835E+02     0.2467156E+01
    -0.5440795E+02     0.2452758E+01
    -0.5441665E+02     0.2440118E+01
    -0.5442534E+02     0.2435759E+01
    -0.5443814E+02     0.2438536E+01
    -0.5444180E+02     0.2434860E+01
    -0.5444456E+02     0.2422903E+01
    -0.5444573E+02     0.2388171E+01
    -0.5444461E+02     0.2368159E+01
    -0.5443456E+02     0.2353426E+01
    -0.5443365E+02     0.2353425E+01
    -0.5443114E+02     0.2345601E+01
    -0.5443297E+02     0.2340313E+01
    -0.5444006E+02     0.2333882E+01
    -0.5445013E+02     0.2326535E+01
    -0.5445676E+02     0.2324473E+01
    -0.5446819E+02     0.2324487E+01
    -0.5447299E+02     0.2322193E+01
    -0.5447779E+02     0.2316679E+01
    -0.5449037E+02     0.2309334E+01
    -0.5452283E+02     0.2307073E+01
    -0.5452573E+02     0.2303486E+01
    -0.5453129E+02     0.2307543E+01
    -0.5453402E+02     0.2321576E+01
    -0.5453904E+02     0.2328712E+01
    -0.5454910E+02     0.2336314E+01
    -0.5456212E+02     0.2338629E+01
    -0.5457515E+02     0.2336574E+01
    -0.5458818E+02     0.2337278E+01
    -0.5459481E+02     0.2338435E+01
    -0.5461173E+02     0.2331784E+01
    -0.5463116E+02     0.2326514E+01
    -0.5464259E+02     0.2325145E+01
    -0.5465334E+02     0.2327457E+01
    -0.5468442E+02     0.2328638E+01
    -0.5469630E+02     0.2331640E+01
    -0.5470202E+02     0.2336015E+01
    -0.5470385E+02     0.2339697E+01
    -0.5470109E+02     0.2354645E+01
    -0.5469949E+02     0.2360164E+01
    -0.5470154E+02     0.2368446E+01
    -0.5470680E+02     0.2373512E+01
    -0.5470954E+02     0.2376274E+01
    -0.5471617E+02     0.2380881E+01
    -0.5472393E+02     0.2395149E+01
    -0.5472438E+02     0.2400440E+01
    -0.5472049E+02     0.2410327E+01
    -0.5471638E+02     0.2414003E+01
    -0.5470746E+02     0.2412844E+01
    -0.5469695E+02     0.2409844E+01
    -0.5469329E+02     0.2409841E+01
    -0.5469168E+02     0.2414439E+01
    -0.5470060E+02     0.2425949E+01
    -0.5470082E+02     0.2430780E+01
    -0.5468961E+02     0.2446180E+01
    -0.5468915E+02     0.2450780E+01
    -0.5469281E+02     0.2454234E+01
    -0.5471955E+02     0.2469211E+01
    -0.5473372E+02     0.2474514E+01
    -0.5474377E+02     0.2477054E+01
    -0.5475315E+02     0.2476372E+01
    -0.5476047E+02     0.2474078E+01
    -0.5476367E+02     0.2473161E+01
    -0.5476939E+02     0.2470406E+01
    -0.5477885E+02     0.2460159E+01
    -0.5477885E+02     0.2460159E+01
    -0.5478266E+02     0.2454351E+01
    -0.5479140E+02     0.2446823E+01
    -0.5480360E+02     0.2441355E+01
    -0.5481638E+02     0.2437640E+01
    -0.5482659E+02     0.2432270E+01
    -0.5482953E+02     0.2432503E+01
    -0.5483367E+02     0.2432056E+01
    -0.5483799E+02     0.2431590E+01
    -0.5485833E+02     0.2435056E+01
    -0.5486382E+02     0.2438510E+01
    -0.5486976E+02     0.2444036E+01
    -0.5487090E+02     0.2448637E+01
    -0.5488095E+02     0.2465206E+01
    -0.5490450E+02     0.2485235E+01
    -0.5493009E+02     0.2511476E+01
    -0.5494632E+02     0.2528508E+01
    -0.5496026E+02     0.2542779E+01
    -0.5496941E+02     0.2555437E+01
    -0.5497284E+02     0.2565790E+01
    -0.5497100E+02     0.2572920E+01
    -0.5494310E+02     0.2601656E+01
    -0.5493761E+02     0.2609704E+01
    -0.5493395E+02     0.2619593E+01
    -0.5493394E+02     0.2626034E+01
    -0.5493646E+02     0.2630177E+01
    -0.5493989E+02     0.2632479E+01
    -0.5495613E+02     0.2616157E+01
    -0.5497260E+02     0.2604666E+01
    -0.5498403E+02     0.2599382E+01
    -0.5499889E+02     0.2595020E+01
    -0.5500000E+02     0.2594325E+01
    -0.5500951E+02     0.2588348E+01
    -0.5501421E+02     0.2588358E+01
    -0.5502519E+02     0.2578473E+01
    -0.5504783E+02     0.2562384E+01
    -0.5506269E+02     0.2548589E+01
    -0.5507984E+02     0.2536867E+01
    -0.5508419E+02     0.2532268E+01
    -0.5510271E+02     0.2522386E+01
    -0.5510957E+02     0.2522159E+01
    -0.5511620E+02     0.2523772E+01
    -0.5512123E+02     0.2526995E+01
    -0.5512557E+02     0.2535278E+01
    -0.5512809E+02     0.2564723E+01
    -0.5512900E+02     0.2569784E+01
    -0.5513288E+02     0.2574156E+01
    -0.5513700E+02     0.2575308E+01
    -0.5515026E+02     0.2574624E+01
    -0.5516284E+02     0.2571178E+01
    -0.5517678E+02     0.2563823E+01
    -0.5518570E+02     0.2555085E+01
    -0.5521199E+02     0.2512078E+01
    -0.5522023E+02     0.2505640E+01
    -0.5523920E+02     0.2494835E+01
    -0.5525018E+02     0.2492538E+01
    -0.5525681E+02     0.2493460E+01
    -0.5526641E+02     0.2498063E+01
    -0.5528745E+02     0.2514860E+01
    -0.5529934E+02     0.2521994E+01
    -0.5530688E+02     0.2524066E+01
    -0.5531945E+02     0.2524069E+01
    -0.5533591E+02     0.2516481E+01
    -0.5534894E+02     0.2500151E+01
    -0.5535831E+02     0.2486581E+01
    -0.5536128E+02     0.2473240E+01
    -0.5535305E+02     0.2450007E+01
    -0.5535693E+02     0.2443107E+01
    -0.5536379E+02     0.2435748E+01
    -0.5536607E+02     0.2425627E+01
    -0.5536493E+02     0.2415966E+01
    -0.5536538E+02     0.2411136E+01
    -0.5537018E+02     0.2407456E+01
    -0.5537270E+02     0.2407456E+01
    -0.5538710E+02     0.2413899E+01
    -0.5539076E+02     0.2418270E+01
    -0.5539968E+02     0.2425631E+01
    -0.5541774E+02     0.2434834E+01
    -0.5542849E+02     0.2439435E+01
    -0.5543946E+02     0.2441736E+01
    -0.5544880E+02     0.2441350E+01
    -0.5545158E+02     0.2440816E+01
    -0.5548084E+02     0.2442657E+01
    -0.5549936E+02     0.2440817E+01
    -0.5553913E+02     0.2432764E+01
    -0.5557091E+02     0.2433222E+01
    -0.5558257E+02     0.2434140E+01
    -0.5559171E+02     0.2433450E+01
    -0.5561411E+02     0.2427236E+01
    -0.5562348E+02     0.2423784E+01
    -0.5564703E+02     0.2419869E+01
    -0.5567857E+02     0.2417792E+01
    -0.5568909E+02     0.2414339E+01
    -0.5571423E+02     0.2402372E+01
    -0.5572702E+02     0.2399148E+01
    -0.5573891E+02     0.2401214E+01
    -0.5574944E+02     0.2414782E+01
    -0.5575244E+02     0.2421686E+01
    -0.5575494E+02     0.2427431E+01
    -0.5576089E+02     0.2437090E+01
    -0.5576844E+02     0.2445598E+01
    -0.5578696E+02     0.2455712E+01
    -0.5583178E+02     0.2463975E+01
    -0.5584344E+02     0.2471101E+01
    -0.5586014E+02     0.2478684E+01
    -0.5586120E+02     0.2478575E+01
    -0.5588896E+02     0.2496842E+01
    -0.5589468E+02     0.2499600E+01
    -0.5592236E+02     0.2522128E+01
    -0.5593883E+02     0.2531550E+01
    -0.5594821E+02     0.2532005E+01
    -0.5597061E+02     0.2527161E+01
    -0.5597815E+02     0.2524166E+01
    -0.5598729E+02     0.2517030E+01
    -0.5599048E+02     0.2506907E+01
    -0.5598859E+02     0.2502463E+01
    -0.5598452E+02     0.2492879E+01
    -0.5598589E+02     0.2483677E+01
    -0.5599182E+02     0.2472172E+01
    -0.5600049E+02     0.2459746E+01
    -0.5600035E+02     0.2452615E+01
    -0.5600025E+02     0.2447785E+01
    -0.5599659E+02     0.2439966E+01
    -0.5598788E+02     0.2425941E+01
    -0.5598833E+02     0.2417660E+01
    -0.5599518E+02     0.2404775E+01
    -0.5599952E+02     0.2401782E+01
    -0.5601460E+02     0.2389812E+01
    -0.5602807E+02     0.2376462E+01
    -0.5603606E+02     0.2363116E+01
    -0.5604427E+02     0.2344939E+01
    -0.5605112E+02     0.2341254E+01
    -0.5605592E+02     0.2341941E+01
    -0.5607262E+02     0.2354350E+01
    -0.5608337E+02     0.2355492E+01
    -0.5609022E+02     0.2352037E+01
    -0.5609912E+02     0.2340760E+01
    -0.5611623E+02     0.2308546E+01
    -0.5612587E+02     0.2284645E+01
    -0.5612922E+02     0.2276335E+01
    -0.5613377E+02     0.2262532E+01
    -0.5613354E+02     0.2256321E+01
    -0.5613239E+02     0.2254483E+01
    -0.5612783E+02     0.2251955E+01
    -0.5610267E+02     0.2247146E+01
    -0.5607890E+02     0.2240953E+01
    -0.5604826E+02     0.2226485E+01
    -0.5604276E+02     0.2217059E+01
    -0.5604230E+02     0.2211310E+01
    -0.5605005E+02     0.2191525E+01
    -0.5605118E+02     0.2183705E+01
    -0.5604797E+02     0.2176807E+01
    -0.5603836E+02     0.2166464E+01
    -0.5601733E+02     0.2155669E+01
    -0.5600909E+02     0.2149924E+01
    -0.5600201E+02     0.2148089E+01
    -0.5599878E+02     0.2144894E+01
    -0.5598531E+02     0.2131541E+01
    -0.5597730E+02     0.2119816E+01
    -0.5597318E+02     0.2109010E+01
    -0.5596242E+02     0.2094758E+01
    -0.5595098E+02     0.2085105E+01
    -0.5593864E+02     0.2073613E+01
    -0.5593497E+02     0.2068326E+01
    -0.5592239E+02     0.2056144E+01
    -0.5591256E+02     0.2040511E+01
    -0.5591049E+02     0.2031083E+01
    -0.5591208E+02     0.2018664E+01
    -0.5591595E+02     0.2005324E+01
    -0.5591914E+02     0.2000723E+01
    -0.5592097E+02     0.1997732E+01
    -0.5592371E+02     0.1989222E+01
    -0.5592346E+02     0.1974735E+01
    -0.5591543E+02     0.1935186E+01
    -0.5591314E+02     0.1921849E+01
    -0.5591015E+02     0.1908744E+01
    -0.5590648E+02     0.1889429E+01
    -0.5591082E+02     0.1882989E+01
    -0.5592565E+02     0.1869414E+01
    -0.5593958E+02     0.1856069E+01
    -0.5595008E+02     0.1848935E+01
    -0.5595304E+02     0.1848243E+01
    -0.5595692E+02     0.1844332E+01
    -0.5597245E+02     0.1837195E+01
    -0.5598022E+02     0.1835351E+01
    -0.5599497E+02     0.1831145E+01
    -0.5601334E+02     0.1833490E+01
    -0.5602682E+02     0.1835321E+01
    -0.5606339E+02     0.1848862E+01
    -0.5610132E+02     0.1858722E+01
    -0.5610543E+02     0.1859409E+01
    -0.5611023E+02     0.1862625E+01
    -0.5614817E+02     0.1877771E+01
    -0.5617446E+02     0.1887867E+01
    -0.5618863E+02     0.1891764E+01
    -0.5621308E+02     0.1895422E+01
    -0.5622404E+02     0.1895412E+01
    -0.5623547E+02     0.1893102E+01
    -0.5625396E+02     0.1886876E+01
    -0.5626744E+02     0.1889393E+01
    -0.5628002E+02     0.1896049E+01
    -0.5629968E+02     0.1908217E+01
    -0.5631042E+02     0.1911886E+01
    -0.5632414E+02     0.1915321E+01
    -0.5634225E+02     0.1926954E+01
    -0.5634952E+02     0.1931622E+01
    -0.5635913E+02     0.1939890E+01
    -0.5636415E+02     0.1938965E+01
    -0.5638607E+02     0.1924683E+01
    -0.5639749E+02     0.1922371E+01
    -0.5640731E+02     0.1923970E+01
    -0.5642377E+02     0.1930390E+01
    -0.5644298E+02     0.1940486E+01
    -0.5645372E+02     0.1944612E+01
    -0.5647863E+02     0.1942283E+01
    -0.5648025E+02     0.1941472E+01
    -0.5648367E+02     0.1955384E+01
    -0.5649192E+02     0.1970551E+01
    -0.5649895E+02     0.1974007E+01
    -0.5650359E+02     0.1976286E+01
    -0.5652003E+02     0.1976955E+01
    -0.5652781E+02     0.1981545E+01
    -0.5654337E+02     0.1995782E+01
    -0.5654656E+02     0.2000135E+01
    -0.5655144E+02     0.2006789E+01
    -0.5655551E+02     0.2009794E+01
    -0.5656574E+02     0.2012935E+01
    -0.5658088E+02     0.2017580E+01
    -0.5658180E+02     0.2018269E+01
    -0.5658706E+02     0.2020561E+01
    -0.5659597E+02     0.2020319E+01
    -0.5661264E+02     0.2017536E+01
    -0.5663206E+02     0.2016589E+01
    -0.5664714E+02     0.2015648E+01
    -0.5665491E+02     0.2014717E+01
    -0.5666565E+02     0.2015967E+01
    -0.5667639E+02     0.2017216E+01
    -0.5668211E+02     0.2017437E+01
    -0.5668919E+02     0.2018347E+01
    -0.5669243E+02     0.2020737E+01
    -0.5669697E+02     0.2024085E+01
    -0.5670704E+02     0.2033958E+01
    -0.5671323E+02     0.2042918E+01
    -0.5672377E+02     0.2059460E+01
    -0.5675036E+02     0.2102195E+01
    -0.5676181E+02     0.2114596E+01
    -0.5677875E+02     0.2131818E+01
    -0.5678654E+02     0.2141925E+01
    -0.5679205E+02     0.2155486E+01
    -0.5680261E+02     0.2179618E+01
    -0.5681315E+02     0.2190870E+01
    -0.5681958E+02     0.2204659E+01
    -0.5682098E+02     0.2221216E+01
    -0.5681692E+02     0.2248822E+01
    -0.5682016E+02     0.2265837E+01
    -0.5682565E+02     0.2270658E+01
    -0.5683114E+02     0.2271799E+01
    -0.5685378E+02     0.2277511E+01
    -0.5686636E+02     0.2283010E+01
    -0.5687346E+02     0.2287598E+01
    -0.5688147E+02     0.2295865E+01
    -0.5688377E+02     0.2300921E+01
    -0.5688471E+02     0.2312880E+01
    -0.5688405E+02     0.2326911E+01
    -0.5687975E+02     0.2348309E+01
    -0.5688114E+02     0.2355207E+01
    -0.5688618E+02     0.2361409E+01
    -0.5689763E+02     0.2370359E+01
    -0.5691799E+02     0.2378375E+01
    -0.5692623E+02     0.2381810E+01
    -0.5693447E+02     0.2389616E+01
    -0.5693723E+02     0.2397201E+01
    -0.5693931E+02     0.2406168E+01
    -0.5693887E+02     0.2411920E+01
    -0.5693682E+02     0.2418364E+01
    -0.5693043E+02     0.2424125E+01
    -0.5693090E+02     0.2428265E+01
    -0.5693822E+02     0.2432853E+01
    -0.5694258E+02     0.2438135E+01
    -0.5694513E+02     0.2452852E+01
    -0.5695751E+02     0.2471461E+01
    -0.5695821E+02     0.2480431E+01
    -0.5694497E+02     0.2486896E+01
    -0.5694230E+02     0.2501347E+01
    -0.5694545E+02     0.2503089E+01
    -0.5694689E+02     0.2501362E+01
    -0.5694978E+02     0.2495310E+01
    -0.5695294E+02     0.2495032E+01
    -0.5696297E+02     0.2499104E+01
    -0.5696957E+02     0.2500279E+01
    -0.5697417E+02     0.2497697E+01
    -0.5698546E+02     0.2499474E+01
    -0.5699482E+02     0.2503534E+01
    -0.5699611E+02     0.2528700E+01
    -0.5699480E+02     0.2545081E+01
    -0.5699603E+02     0.2553908E+01
    -0.5700477E+02     0.2564020E+01
    -0.5701260E+02     0.2568055E+01
    -0.5701351E+02     0.2567970E+01
    -0.5702451E+02     0.2579451E+01
    -0.5702818E+02     0.2585885E+01
    -0.5702913E+02     0.2602216E+01
    -0.5703281E+02     0.2609570E+01
    -0.5703374E+02     0.2615319E+01
    -0.5702647E+02     0.2640177E+01
    -0.5702991E+02     0.2643851E+01
    -0.5703289E+02     0.2644076E+01
    -0.5703951E+02     0.2641532E+01
    -0.5704499E+02     0.2636001E+01
    -0.5705482E+02     0.2637823E+01
    -0.5705987E+02     0.2644254E+01
    -0.5706402E+02     0.2660119E+01
    -0.5706751E+02     0.2686567E+01
    -0.5708198E+02     0.2710693E+01
    -0.5709963E+02     0.2730443E+01
    -0.5710376E+02     0.2735726E+01
    -0.5710790E+02     0.2744919E+01
    -0.5710838E+02     0.2752740E+01
    -0.5710451E+02     0.2761720E+01
    -0.5710361E+02     0.2767933E+01
    -0.5710979E+02     0.2770451E+01
    -0.5712167E+02     0.2766977E+01
    -0.5713151E+02     0.2766957E+01
    -0.5713769E+02     0.2770395E+01
    -0.5714228E+02     0.2777977E+01
    -0.5714323E+02     0.2789938E+01
    -0.5713594E+02     0.2805827E+01
    -0.5713503E+02     0.2805828E+01
    -0.5712386E+02     0.2820574E+01
    -0.5713095E+02     0.2821481E+01
    -0.5714123E+02     0.2817089E+01
    -0.5715083E+02     0.2811778E+01
    -0.5716637E+02     0.2807375E+01
    -0.5717186E+02     0.2807364E+01
    -0.5718215E+02     0.2809413E+01
    -0.5718354E+02     0.2817462E+01
    -0.5717830E+02     0.2824374E+01
    -0.5718083E+02     0.2828280E+01
    -0.5719775E+02     0.2829395E+01
    -0.5720440E+02     0.2833982E+01
    -0.5720762E+02     0.2841797E+01
    -0.5720423E+02     0.2856988E+01
    -0.5720769E+02     0.2868484E+01
    -0.5722124E+02     0.2890311E+01
    -0.5722584E+02     0.2902034E+01
    -0.5722564E+02     0.2911927E+01
    -0.5722473E+02     0.2914920E+01
    -0.5721811E+02     0.2918615E+01
    -0.5720370E+02     0.2921176E+01
    -0.5719776E+02     0.2924179E+01
    -0.5718999E+02     0.2929717E+01
    -0.5718543E+02     0.2935018E+01
    -0.5718134E+02     0.2945379E+01
    -0.5718456E+02     0.2949744E+01
    -0.5719050E+02     0.2950191E+01
    -0.5720534E+02     0.2938427E+01
    -0.5721106E+02     0.2936114E+01
    -0.5721884E+02     0.2937939E+01
    -0.5722457E+02     0.2944598E+01
    -0.5722596E+02     0.2950577E+01
    -0.5722462E+02     0.2965304E+01
    -0.5722787E+02     0.2981862E+01
    -0.5722423E+02     0.2991762E+01
    -0.5721612E+02     0.3001997E+01
    -0.5723115E+02     0.3012914E+01
    -0.5723689E+02     0.3022794E+01
    -0.5723439E+02     0.3027401E+01
    -0.5722616E+02     0.3031560E+01
    -0.5720831E+02     0.3030217E+01
    -0.5720512E+02     0.3035746E+01
    -0.5721156E+02     0.3048386E+01
    -0.5721367E+02     0.3068398E+01
    -0.5721757E+02     0.3072761E+01
    -0.5723200E+02     0.3078482E+01
    -0.5724092E+02     0.3079844E+01
    -0.5724142E+02     0.3079086E+01
    -0.5726177E+02     0.3090612E+01
    -0.5726522E+02     0.3097276E+01
    -0.5726593E+02     0.3105327E+01
    -0.5726206E+02     0.3112928E+01
    -0.5726114E+02     0.3112930E+01
    -0.5725179E+02     0.3123304E+01
    -0.5725180E+02     0.3128596E+01
    -0.5725729E+02     0.3128354E+01
    -0.5726711E+02     0.3119819E+01
    -0.5727442E+02     0.3116812E+01
    -0.5728404E+02     0.3119322E+01
    -0.5729459E+02     0.3129192E+01
    -0.5729736E+02     0.3140460E+01
    -0.5729578E+02     0.3145525E+01
    -0.5728460E+02     0.3157974E+01
    -0.5728804E+02     0.3161417E+01
    -0.5729513E+02     0.3162552E+01
    -0.5730293E+02     0.3167366E+01
    -0.5730364E+02     0.3179559E+01
    -0.5730116E+02     0.3193599E+01
    -0.5729277E+02     0.3223758E+01
    -0.5729143E+02     0.3234805E+01
    -0.5729351E+02     0.3245614E+01
    -0.5728919E+02     0.3255057E+01
    -0.5729057E+02     0.3258275E+01
    -0.5729654E+02     0.3263094E+01
    -0.5730208E+02     0.3282178E+01
    -0.5730164E+02     0.3292073E+01
    -0.5729344E+02     0.3304515E+01
    -0.5729072E+02     0.3313955E+01
    -0.5729007E+02     0.3329602E+01
    -0.5729447E+02     0.3348690E+01
    -0.5730045E+02     0.3358800E+01
    -0.5730506E+02     0.3373516E+01
    -0.5730827E+02     0.3376960E+01
    -0.5731559E+02     0.3374643E+01
    -0.5732495E+02     0.3364038E+01
    -0.5733936E+02     0.3359633E+01
    -0.5736590E+02     0.3358882E+01
    -0.5737780E+02     0.3357474E+01
    -0.5739565E+02     0.3356512E+01
    -0.5741258E+02     0.3356932E+01
    -0.5742516E+02     0.3352991E+01
    -0.5744687E+02     0.3340975E+01
    -0.5746083E+02     0.3339331E+01
    -0.5747797E+02     0.3333537E+01
    -0.5748690E+02     0.3333745E+01
    -0.5749309E+02     0.3337872E+01
    -0.5750068E+02     0.3351198E+01
    -0.5750802E+02     0.3356012E+01
    -0.5751649E+02     0.3357831E+01
    -0.5752542E+02     0.3358039E+01
    -0.5754806E+02     0.3352690E+01
    -0.5755402E+02     0.3354056E+01
    -0.5756045E+02     0.3363013E+01
    -0.5757629E+02     0.3378848E+01
    -0.5758339E+02     0.3382972E+01
    -0.5759072E+02     0.3385714E+01
    -0.5761064E+02     0.3385432E+01
    -0.5762184E+02     0.3382182E+01
    -0.5763464E+02     0.3373635E+01
    -0.5764400E+02     0.3369469E+01
    -0.5765063E+02     0.3367381E+01
    -0.5765567E+02     0.3367827E+01
    -0.5766370E+02     0.3373558E+01
    -0.5766898E+02     0.3379526E+01
    -0.5767311E+02     0.3381816E+01
    -0.5769240E+02     0.3402242E+01
    -0.5769930E+02     0.3414418E+01
    -0.5770048E+02     0.3426149E+01
    -0.5770026E+02     0.3427301E+01
    -0.5769894E+02     0.3444561E+01
    -0.5769691E+02     0.3454690E+01
    -0.5769077E+02     0.3468282E+01
    -0.5767937E+02     0.3484649E+01
    -0.5767506E+02     0.3497086E+01
    -0.5767418E+02     0.3506522E+01
    -0.5767625E+02     0.3512499E+01
    -0.5768431E+02     0.3527203E+01
    -0.5770292E+02     0.3549472E+01
    -0.5771325E+02     0.3557727E+01
    -0.5772611E+02     0.3572418E+01
    -0.5773603E+02     0.3596781E+01
    -0.5774086E+02     0.3604130E+01
    -0.5775371E+02     0.3613298E+01
    -0.5777090E+02     0.3618083E+01
    -0.5777571E+02     0.3620830E+01
    -0.5777800E+02     0.3620133E+01
    -0.5778603E+02     0.3624483E+01
    -0.5780943E+02     0.3640293E+01
    -0.5781722E+02     0.3643492E+01
    -0.5782824E+02     0.3651974E+01
    -0.5783836E+02     0.3665291E+01
    -0.5784297E+02     0.3676552E+01
    -0.5784715E+02     0.3695178E+01
    -0.5784952E+02     0.3718180E+01
    -0.5785099E+02     0.3748549E+01
    -0.5785240E+02     0.3759360E+01
    -0.5785727E+02     0.3777523E+01
    -0.5786441E+02     0.3790618E+01
    -0.5789018E+02     0.3829429E+01
    -0.5791115E+02     0.3867794E+01
    -0.5791967E+02     0.3880654E+01
    -0.5792863E+02     0.3889601E+01
    -0.5793711E+02     0.3890956E+01
    -0.5794214E+02     0.3890941E+01
    -0.5795015E+02     0.3889306E+01
    -0.5800000E+02     0.3893642E+01
    -0.5800000E+02     0.3893642E+01
    -0.5800000E+02     0.3900000E+01
    -0.5800000E+02     0.3928631E+01
    -0.5800000E+02     0.3928631E+01
    -0.5800202E+02     0.3928649E+01
    -0.5800655E+02     0.3930594E+01
    -0.5801317E+02     0.3934783E+01
    -0.5802978E+02     0.3953083E+01
    -0.5803908E+02     0.3967419E+01
    -0.5805068E+02     0.3982001E+01
    -0.5805271E+02     0.3987540E+01
    -0.5805541E+02     0.3994235E+01
    -0.5805447E+02     0.3998373E+01
    -0.5805330E+02     0.4001359E+01
    -0.5805416E+02     0.4010804E+01
    -0.5805265E+02     0.4031746E+01
    -0.5805547E+02     0.4056170E+01
    -0.5805679E+02     0.4065389E+01
    -0.5805676E+02     0.4069993E+01
    -0.5805719E+02     0.4074831E+01
    -0.5806126E+02     0.4084068E+01
    -0.5806554E+02     0.4094227E+01
    -0.5807166E+02     0.4106470E+01
    -0.5808075E+02     0.4118502E+01
    -0.5808640E+02     0.4131202E+01
    -0.5808656E+02     0.4141334E+01
    -0.5807704E+02     0.4161302E+01
    -0.5806754E+02     0.4176666E+01
    -0.5806082E+02     0.4187903E+01
    -0.5805897E+02     0.4190654E+01
    -0.5804645E+02     0.4212904E+01
    -0.5803648E+02     0.4228955E+01
    -0.5802261E+02     0.4248434E+01
    -0.5801104E+02     0.4263552E+01
    -0.5800184E+02     0.4268556E+01
    -0.5800108E+02     0.4280063E+01
    -0.5800000E+02     0.4280895E+01
    -0.5800000E+02     0.4280895E+01
    -0.5800000E+02     0.4300000E+01
    -0.5800000E+02     0.4326353E+01
    -0.5800000E+02     0.4326353E+01
    -0.5796746E+02     0.4334260E+01
    -0.5796543E+02     0.4341169E+01
    -0.5796890E+02     0.4352893E+01
    -0.5797125E+02     0.4369223E+01
    -0.5797264E+02     0.4375200E+01
    -0.5796791E+02     0.4397534E+01
    -0.5796040E+02     0.4412282E+01
    -0.5795107E+02     0.4431638E+01
    -0.5794102E+02     0.4442252E+01
    -0.5792458E+02     0.4461399E+01
    -0.5790909E+02     0.4487905E+01
    -0.5790273E+02     0.4504720E+01
    -0.5789408E+02     0.4525683E+01
    -0.5789275E+02     0.4538802E+01
    -0.5788345E+02     0.4568050E+01
    -0.5787502E+02     0.4583260E+01
    -0.5785016E+02     0.4621296E+01
    -0.5784584E+02     0.4630972E+01
    -0.5784793E+02     0.4638558E+01
    -0.5785323E+02     0.4646136E+01
    -0.5785509E+02     0.4656484E+01
    -0.5785329E+02     0.4667763E+01
    -0.5785286E+02     0.4676277E+01
    -0.5786808E+02     0.4701312E+01
    -0.5787408E+02     0.4713718E+01
    -0.5787501E+02     0.4718547E+01
    -0.5787740E+02     0.4746839E+01
    -0.5788317E+02     0.4760627E+01
    -0.5789212E+02     0.4764512E+01
    -0.5791919E+02     0.4769263E+01
    -0.5792265E+02     0.4772704E+01
    -0.5792840E+02     0.4780969E+01
    -0.5793169E+02     0.4803046E+01
    -0.5793127E+02     0.4816622E+01
    -0.5792858E+02     0.4832965E+01
    -0.5792379E+02     0.4842642E+01
    -0.5790687E+02     0.4855806E+01
    -0.5789045E+02     0.4883233E+01
    -0.5787356E+02     0.4904678E+01
    -0.5786076E+02     0.4917368E+01
    -0.5785389E+02     0.4921989E+01
    -0.5783927E+02     0.4936985E+01
    -0.5782645E+02     0.4943924E+01
    -0.5781820E+02     0.4945098E+01
    -0.5780120E+02     0.4937095E+01
    -0.5778559E+02     0.4931617E+01
    -0.5777573E+02     0.4930725E+01
    -0.5776633E+02     0.4933281E+01
    -0.5776199E+02     0.4936975E+01
    -0.5776110E+02     0.4944339E+01
    -0.5775749E+02     0.4965054E+01
    -0.5775134E+02     0.4975194E+01
    -0.5772525E+02     0.4995741E+01
    -0.5772111E+02     0.4998476E+01
    -0.5771880E+02     0.5000000E+01
    -0.5771564E+02     0.5002090E+01
    -0.5770145E+02     0.5011450E+01
    -0.5769047E+02     0.5017920E+01
    -0.5768084E+02     0.5020937E+01
    -0.5765401E+02     0.5022159E+01
    -0.5764392E+02     0.5020115E+01
    -0.5762486E+02     0.5010963E+01
    -0.5761384E+02     0.5006851E+01
    -0.5760008E+02     0.5007347E+01
    -0.5759882E+02     0.5007534E+01
    -0.5758747E+02     0.5009220E+01
    -0.5758218E+02     0.5011004E+01
    -0.5757991E+02     0.5011769E+01
    -0.5755060E+02     0.5026568E+01
    -0.5755060E+02     0.5027488E+01
    -0.5753937E+02     0.5027977E+01
    -0.5750792E+02     0.5017012E+01
    -0.5749965E+02     0.5013630E+01
    -0.5749506E+02     0.5011753E+01
    -0.5748221E+02     0.5008103E+01
    -0.5746537E+02     0.5007662E+01
    -0.5745009E+02     0.5004500E+01
    -0.5744920E+02     0.5004344E+01
    -0.5743839E+02     0.5002457E+01
    -0.5743289E+02     0.5004081E+01
    -0.5743174E+02     0.5004176E+01
    -0.5741570E+02     0.5005502E+01
    -0.5741524E+02     0.5005767E+01
    -0.5740654E+02     0.5010815E+01
    -0.5739931E+02     0.5015810E+01
    -0.5739051E+02     0.5021895E+01
    -0.5737860E+02     0.5025603E+01
    -0.5737104E+02     0.5027001E+01
    -0.5735521E+02     0.5027038E+01
    -0.5734492E+02     0.5036723E+01
    -0.5734080E+02     0.5039033E+01
    -0.5732980E+02     0.5041589E+01
    -0.5731313E+02     0.5038786E+01
    -0.5730570E+02     0.5034511E+01
    -0.5730409E+02     0.5034745E+01
    -0.5730227E+02     0.5040040E+01
    -0.5730526E+02     0.5042563E+01
    -0.5731567E+02     0.5045747E+01
    -0.5731652E+02     0.5045963E+01
    -0.5731788E+02     0.5046677E+01
    -0.5732936E+02     0.5049642E+01
    -0.5733556E+02     0.5053078E+01
    -0.5733971E+02     0.5061581E+01
    -0.5733996E+02     0.5071012E+01
    -0.5733359E+02     0.5089660E+01
    -0.5732652E+02     0.5102329E+01
    -0.5731260E+02     0.5129506E+01
    -0.5731033E+02     0.5140323E+01
    -0.5730901E+02     0.5161951E+01
    -0.5730650E+02     0.5169087E+01
    -0.5730125E+02     0.5177150E+01
    -0.5729095E+02     0.5185685E+01
    -0.5727652E+02     0.5192387E+01
    -0.5726391E+02     0.5195405E+01
    -0.5724968E+02     0.5191986E+01
    -0.5723865E+02     0.5184418E+01
    -0.5722968E+02     0.5172475E+01
    -0.5722345E+02     0.5159606E+01
    -0.5721816E+02     0.5155706E+01
    -0.5721312E+02     0.5155257E+01
    -0.5719640E+02     0.5164264E+01
    -0.5719182E+02     0.5169795E+01
    -0.5719138E+02     0.5176006E+01
    -0.5720106E+02     0.5194849E+01
    -0.5721118E+02     0.5207020E+01
    -0.5722455E+02     0.5232066E+01
    -0.5722802E+02     0.5242410E+01
    -0.5723147E+02     0.5248844E+01
    -0.5724044E+02     0.5255956E+01
    -0.5724617E+02     0.5257324E+01
    -0.5724754E+02     0.5252491E+01
    -0.5724752E+02     0.5247429E+01
    -0.5724131E+02     0.5237091E+01
    -0.5723899E+02     0.5227205E+01
    -0.5724103E+02     0.5217999E+01
    -0.5724514E+02     0.5212469E+01
    -0.5725064E+02     0.5209467E+01
    -0.5726325E+02     0.5208519E+01
    -0.5727220E+02     0.5209190E+01
    -0.5728437E+02     0.5213074E+01
    -0.5729517E+02     0.5220871E+01
    -0.5730162E+02     0.5230979E+01
    -0.5730440E+02     0.5242244E+01
    -0.5730445E+02     0.5263637E+01
    -0.5729765E+02     0.5292176E+01
    -0.5729858E+02     0.5299996E+01
    -0.5730524E+02     0.5298831E+01
    -0.5731234E+02     0.5294904E+01
    -0.5732082E+02     0.5291895E+01
    -0.5732425E+02     0.5290507E+01
    -0.5733458E+02     0.5291864E+01
    -0.5734446E+02     0.5297593E+01
    -0.5734746E+02     0.5303337E+01
    -0.5734863E+02     0.5312995E+01
    -0.5734385E+02     0.5327037E+01
    -0.5733083E+02     0.5348690E+01
    -0.5732214E+02     0.5358140E+01
    -0.5731318E+02     0.5364460E+01
    -0.5731284E+02     0.5366403E+01
    -0.5729283E+02     0.5380057E+01
    -0.5728780E+02     0.5385819E+01
    -0.5728071E+02     0.5396416E+01
    -0.5727754E+02     0.5412064E+01
    -0.5727968E+02     0.5441961E+01
    -0.5727926E+02     0.5457143E+01
    -0.5727676E+02     0.5467730E+01
    -0.5727380E+02     0.5476017E+01
    -0.5726329E+02     0.5491680E+01
    -0.5724338E+02     0.5513574E+01
    -0.5723285E+02     0.5522336E+01
    -0.5722506E+02     0.5530863E+01
    -0.5720952E+02     0.5554587E+01
    -0.5719581E+02     0.5579916E+01
    -0.5719264E+02     0.5585866E+01
    -0.5718075E+02     0.5613526E+01
    -0.5717939E+02     0.5622270E+01
    -0.5717713E+02     0.5636074E+01
    -0.5717758E+02     0.5646888E+01
    -0.5717195E+02     0.5675183E+01
    -0.5717265E+02     0.5682541E+01
    -0.5717497E+02     0.5691735E+01
    -0.5718165E+02     0.5701841E+01
    -0.5718835E+02     0.5718386E+01
    -0.5719045E+02     0.5731491E+01
    -0.5718890E+02     0.5756562E+01
    -0.5718366E+02     0.5771981E+01
    -0.5718048E+02     0.5787166E+01
    -0.5717688E+02     0.5813620E+01
    -0.5717485E+02     0.5828573E+01
    -0.5717053E+02     0.5845829E+01
    -0.5716095E+02     0.5870225E+01
    -0.5715665E+02     0.5898058E+01
    -0.5715945E+02     0.5916220E+01
    -0.5716087E+02     0.5935303E+01
    -0.5715839E+02     0.5954394E+01
    -0.5715498E+02     0.5967508E+01
    -0.5714632E+02     0.5994199E+01
    -0.5714622E+02     0.5999986E+01
    -0.5714622E+02     0.5999986E+01
    -0.5714550E+02     0.5998998E+01
    -0.5714216E+02     0.5963423E+01
    -0.5713969E+02     0.5935914E+01
    -0.5713406E+02     0.5898284E+01
    -0.5713478E+02     0.5882756E+01
    -0.5713696E+02     0.5870116E+01
    -0.5714262E+02     0.5852277E+01
    -0.5714262E+02     0.5852277E+01
    -0.5714054E+02     0.5849808E+01
    -0.5713899E+02     0.5835536E+01
    -0.5714261E+02     0.5821230E+01
    -0.5714113E+02     0.5816273E+01
    -0.5713845E+02     0.5816912E+01
    -0.5713631E+02     0.5836383E+01
    -0.5712560E+02     0.5841010E+01
    -0.5711985E+02     0.5846431E+01
    -0.5711985E+02     0.5846431E+01
    -0.5711698E+02     0.5848934E+01
    -0.5711375E+02     0.5860133E+01
    -0.5710805E+02     0.5872590E+01
    -0.5710273E+02     0.5879042E+01
    -0.5709882E+02     0.5881759E+01
    -0.5709366E+02     0.5882623E+01
    -0.5708952E+02     0.5880788E+01
    -0.5708952E+02     0.5880788E+01
    -0.5708210E+02     0.5884357E+01
    -0.5708210E+02     0.5884357E+01
    -0.5708069E+02     0.5888713E+01
    -0.5707938E+02     0.5909626E+01
    -0.5707571E+02     0.5916275E+01
    -0.5707578E+02     0.5926208E+01
    -0.5706887E+02     0.5943433E+01
    -0.5706416E+02     0.5949467E+01
    -0.5703342E+02     0.5955677E+01
    -0.5702230E+02     0.5961546E+01
    -0.5702067E+02     0.5964248E+01
    -0.5701757E+02     0.5963854E+01
    -0.5701527E+02     0.5959938E+01
    -0.5701419E+02     0.5953735E+01
    -0.5700818E+02     0.5950671E+01
    -0.5700135E+02     0.5949683E+01
    -0.5700885E+02     0.5958118E+01
    -0.5701076E+02     0.5964935E+01
    -0.5701059E+02     0.5971559E+01
    -0.5700713E+02     0.5978618E+01
    -0.5699953E+02     0.5985085E+01
    -0.5696818E+02     0.5993987E+01
    -0.5695685E+02     0.5999029E+01
    -0.5694384E+02     0.6000150E+01
    -0.5690783E+02     0.5991074E+01
    -0.5688653E+02     0.5988317E+01
    -0.5683901E+02     0.5989661E+01
    -0.5683074E+02     0.5988679E+01
    -0.5681972E+02     0.5984955E+01
    -0.5680610E+02     0.5980354E+01
    -0.5677197E+02     0.5976020E+01
    -0.5673181E+02     0.5964272E+01
    -0.5669613E+02     0.5962644E+01
    -0.5668490E+02     0.5962706E+01
    -0.5667645E+02     0.5965243E+01
    -0.5667149E+02     0.5965068E+01
    -0.5666235E+02     0.5957675E+01
    -0.5664000E+02     0.5952847E+01
    -0.5661246E+02     0.5944326E+01
    -0.5658971E+02     0.5939707E+01
    -0.5654610E+02     0.5937699E+01
    -0.5653970E+02     0.5938566E+01
    -0.5653146E+02     0.5942756E+01
    -0.5652465E+02     0.5944246E+01
    -0.5650705E+02     0.5937316E+01
    -0.5649672E+02     0.5937794E+01
    -0.5648923E+02     0.5937013E+01
    -0.5647821E+02     0.5935863E+01
    -0.5647418E+02     0.5933997E+01
    -0.5645227E+02     0.5932888E+01
    -0.5641358E+02     0.5924841E+01
    -0.5639848E+02     0.5922033E+01
    -0.5638266E+02     0.5917723E+01
    -0.5635481E+02     0.5908425E+01
    -0.5634282E+02     0.5906840E+01
    -0.5632977E+02     0.5902363E+01
    -0.5632336E+02     0.5901987E+01
    -0.5631347E+02     0.5904943E+01
    -0.5631181E+02     0.5903711E+01
    -0.5631076E+02     0.5902474E+01
    -0.5626921E+02     0.5896378E+01
    -0.5625514E+02     0.5894312E+01
    -0.5624831E+02     0.5891661E+01
    -0.5622963E+02     0.5878315E+01
    -0.5622178E+02     0.5877119E+01
    -0.5615170E+02     0.5853723E+01
    -0.5613401E+02     0.5847813E+01
    -0.5612739E+02     0.5846195E+01
    -0.5611024E+02     0.5846084E+01
    -0.5609221E+02     0.5835422E+01
    -0.5607607E+02     0.5830544E+01
    -0.5606634E+02     0.5827908E+01
    -0.5603093E+02     0.5822536E+01
    -0.5602685E+02     0.5821917E+01
    -0.5599498E+02     0.5812984E+01
    -0.5595023E+02     0.5789010E+01
    -0.5592997E+02     0.5786842E+01
    -0.5591487E+02     0.5782370E+01
    -0.5591341E+02     0.5780722E+01
    -0.5591341E+02     0.5780722E+01
    -0.5590516E+02     0.5781594E+01
    -0.5589940E+02     0.5786799E+01
    -0.5589940E+02     0.5786799E+01
    -0.5590168E+02     0.5788857E+01
    -0.5590924E+02     0.5809928E+01
    -0.5590905E+02     0.5813655E+01
    -0.5590001E+02     0.5822811E+01
    -0.5589181E+02     0.5834445E+01
    -0.5589181E+02     0.5834445E+01
    -0.5589060E+02     0.5839419E+01
    -0.5589477E+02     0.5846642E+01
    -0.5589477E+02     0.5846642E+01
    -0.5590388E+02     0.5849697E+01
    -0.5591010E+02     0.5854011E+01
    -0.5591094E+02     0.5856697E+01
    -0.5590931E+02     0.5861672E+01
    -0.5591617E+02     0.5868259E+01
    -0.5592581E+02     0.5893458E+01
    -0.5592418E+02     0.5896572E+01
    -0.5588361E+02     0.5921004E+01
    -0.5587226E+02     0.5924790E+01
    -0.5586835E+02     0.5927708E+01
    -0.5586363E+02     0.5932493E+01
    -0.5586241E+02     0.5936639E+01
    -0.5585583E+02     0.5943297E+01
    -0.5584626E+02     0.5947905E+01
    -0.5584409E+02     0.5948947E+01
    -0.5582718E+02     0.5953795E+01
    -0.5578443E+02     0.5958365E+01
    -0.5577203E+02     0.5958430E+01
    -0.5575345E+02     0.5961423E+01
    -0.5574108E+02     0.5966454E+01
    -0.5572262E+02     0.5969915E+01
    -0.5571838E+02     0.5970710E+01
    -0.5569731E+02     0.5972681E+01
    -0.5568284E+02     0.5972134E+01
    -0.5567686E+02     0.5973612E+01
    -0.5566738E+02     0.5979042E+01
    -0.5562585E+02     0.5978837E+01
    -0.5559815E+02     0.5980772E+01
    -0.5559714E+02     0.5980842E+01
    -0.5559009E+02     0.5976117E+01
    -0.5558701E+02     0.5979237E+01
    -0.5558309E+02     0.5980705E+01
    -0.5557648E+02     0.5981152E+01
    -0.5556696E+02     0.5977474E+01
    -0.5550082E+02     0.5973866E+01
    -0.5547580E+02     0.5970856E+01
    -0.5546278E+02     0.5969289E+01
    -0.5544253E+02     0.5968765E+01
    -0.5540283E+02     0.5962746E+01
    -0.5538774E+02     0.5962817E+01
    -0.5536210E+02     0.5958178E+01
    -0.5535092E+02     0.5954860E+01
    -0.5532775E+02     0.5947989E+01
    -0.5531119E+02     0.5941236E+01
    -0.5523589E+02     0.5903349E+01
    -0.5523415E+02     0.5902472E+01
    -0.5521223E+02     0.5897398E+01
    -0.5520355E+02     0.5897230E+01
    -0.5518662E+02     0.5900617E+01
    -0.5517611E+02     0.5906252E+01
    -0.5516930E+02     0.5907938E+01
    -0.5516124E+02     0.5907767E+01
    -0.5515277E+02     0.5906149E+01
    -0.5514158E+02     0.5899989E+01
    -0.5511919E+02     0.5883945E+01
    -0.5510946E+02     0.5877364E+01
    -0.5510512E+02     0.5877176E+01
    -0.5510512E+02     0.5877176E+01
    -0.5509293E+02     0.5878264E+01
    -0.5509293E+02     0.5878264E+01
    -0.5509316E+02     0.5882402E+01
    -0.5508966E+02     0.5886764E+01
    -0.5508966E+02     0.5886764E+01
    -0.5509198E+02     0.5895447E+01
    -0.5509489E+02     0.5899160E+01
END
END
