swaziland
1
     0.3145724E+02    -0.2642110E+02
     0.3213366E+02    -0.2683497E+02
     0.3212751E+02    -0.2683214E+02
     0.3211855E+02    -0.2683011E+02
     0.3211211E+02    -0.2682118E+02
     0.3211207E+02    -0.2681407E+02
     0.3210950E+02    -0.2681132E+02
     0.3210001E+02    -0.2680654E+02
     0.3208238E+02    -0.2681120E+02
     0.3207139E+02    -0.2681238E+02
     0.3206628E+02    -0.2681447E+02
     0.3205375E+02    -0.2681497E+02
     0.3203966E+02    -0.2681066E+02
     0.3201382E+02    -0.2681120E+02
     0.3201004E+02    -0.2682452E+02
     0.3201110E+02    -0.2683324E+02
     0.3200734E+02    -0.2685208E+02
     0.3200187E+02    -0.2689364E+02
     0.3200093E+02    -0.2691384E+02
     0.3199816E+02    -0.2692601E+02
     0.3199245E+02    -0.2697010E+02
     0.3199016E+02    -0.2697516E+02
     0.3199020E+02    -0.2698503E+02
     0.3198625E+02    -0.2702360E+02
     0.3198306E+02    -0.2706149E+02
     0.3198438E+02    -0.2707043E+02
     0.3198070E+02    -0.2711337E+02
     0.3198232E+02    -0.2713448E+02
     0.3197961E+02    -0.2716433E+02
     0.3198020E+02    -0.2718246E+02
     0.3197905E+02    -0.2721942E+02
     0.3197715E+02    -0.2725845E+02
     0.3197725E+02    -0.2728600E+02
     0.3197475E+02    -0.2730345E+02
     0.3197532E+02    -0.2731699E+02
     0.3189835E+02    -0.2731608E+02
     0.3182754E+02    -0.2731710E+02
     0.3178462E+02    -0.2731579E+02
     0.3177742E+02    -0.2731695E+02
     0.3170418E+02    -0.2731635E+02
     0.3169390E+02    -0.2731406E+02
     0.3168593E+02    -0.2731590E+02
     0.3166434E+02    -0.2731637E+02
     0.3165560E+02    -0.2731569E+02
     0.3162399E+02    -0.2731593E+02
     0.3161911E+02    -0.2731456E+02
     0.3161089E+02    -0.2731594E+02
     0.3156565E+02    -0.2731548E+02
     0.3153687E+02    -0.2731616E+02
     0.3150217E+02    -0.2731545E+02
     0.3149395E+02    -0.2731246E+02
     0.3148496E+02    -0.2731108E+02
     0.3148111E+02    -0.2730832E+02
     0.3146877E+02    -0.2730418E+02
     0.3146415E+02    -0.2730027E+02
     0.3144540E+02    -0.2729612E+02
     0.3139635E+02    -0.2727954E+02
     0.3137632E+02    -0.2727400E+02
     0.3136605E+02    -0.2726962E+02
     0.3135219E+02    -0.2726455E+02
     0.3134371E+02    -0.2726361E+02
     0.3132934E+02    -0.2725739E+02
     0.3131522E+02    -0.2725231E+02
     0.3130392E+02    -0.2725183E+02
     0.3129931E+02    -0.2724861E+02
     0.3129212E+02    -0.2724699E+02
     0.3129007E+02    -0.2724446E+02
     0.3123209E+02    -0.2722481E+02
     0.3122541E+02    -0.2722502E+02
     0.3121259E+02    -0.2721902E+02
     0.3119233E+02    -0.2721253E+02
     0.3117950E+02    -0.2720790E+02
     0.3115771E+02    -0.2719958E+02
     0.3115003E+02    -0.2719404E+02
     0.3114236E+02    -0.2718552E+02
     0.3114212E+02    -0.2718277E+02
     0.3110507E+02    -0.2714041E+02
     0.3110073E+02    -0.2713695E+02
     0.3108542E+02    -0.2711761E+02
     0.3106832E+02    -0.2709712E+02
     0.3105222E+02    -0.2708535E+02
     0.3103459E+02    -0.2707105E+02
     0.3098917E+02    -0.2702862E+02
     0.3098663E+02    -0.2702448E+02
     0.3097643E+02    -0.2701502E+02
     0.3097035E+02    -0.2700145E+02
     0.3096835E+02    -0.2699249E+02
     0.3098128E+02    -0.2696936E+02
     0.3098467E+02    -0.2695859E+02
     0.3098651E+02    -0.2694965E+02
     0.3098609E+02    -0.2693197E+02
     0.3098131E+02    -0.2691611E+02
     0.3097343E+02    -0.2690483E+02
     0.3096755E+02    -0.2690297E+02
     0.3095122E+02    -0.2689371E+02
     0.3093822E+02    -0.2688240E+02
     0.3091712E+02    -0.2685774E+02
     0.3091079E+02    -0.2684715E+02
     0.3090857E+02    -0.2683337E+02
     0.3090379E+02    -0.2681911E+02
     0.3090446E+02    -0.2679387E+02
     0.3090243E+02    -0.2678973E+02
     0.3088238E+02    -0.2680638E+02
     0.3087593E+02    -0.2681507E+02
     0.3086205E+02    -0.2682601E+02
     0.3084741E+02    -0.2683351E+02
     0.3084201E+02    -0.2683761E+02
     0.3083175E+02    -0.2684123E+02
     0.3082357E+02    -0.2684026E+02
     0.3081216E+02    -0.2682551E+02
     0.3080431E+02    -0.2677588E+02
     0.3080289E+02    -0.2675958E+02
     0.3079755E+02    -0.2671961E+02
     0.3079848E+02    -0.2669574E+02
     0.3079609E+02    -0.2667255E+02
     0.3079579E+02    -0.2660530E+02
     0.3079411E+02    -0.2659014E+02
     0.3079556E+02    -0.2656513E+02
     0.3079765E+02    -0.2655780E+02
     0.3080294E+02    -0.2653052E+02
     0.3081376E+02    -0.2647871E+02
     0.3081711E+02    -0.2647368E+02
     0.3082088E+02    -0.2644478E+02
     0.3082966E+02    -0.2642716E+02
     0.3083329E+02    -0.2641800E+02
     0.3084124E+02    -0.2641047E+02
     0.3085488E+02    -0.2639080E+02
     0.3086900E+02    -0.2637413E+02
     0.3087776E+02    -0.2635856E+02
     0.3088629E+02    -0.2633910E+02
     0.3089709E+02    -0.2632217E+02
     0.3091476E+02    -0.2630528E+02
     0.3092143E+02    -0.2629659E+02
     0.3093397E+02    -0.2628541E+02
     0.3096746E+02    -0.2625940E+02
     0.3098236E+02    -0.2623354E+02
     0.3098491E+02    -0.2623194E+02
     0.3099699E+02    -0.2620859E+02
     0.3099829E+02    -0.2620423E+02
     0.3100392E+02    -0.2619691E+02
     0.3101882E+02    -0.2616737E+02
     0.3102960E+02    -0.2614745E+02
     0.3104473E+02    -0.2611952E+02
     0.3105908E+02    -0.2609479E+02
     0.3106598E+02    -0.2608656E+02
     0.3107293E+02    -0.2606708E+02
     0.3107804E+02    -0.2606067E+02
     0.3108497E+02    -0.2604349E+02
     0.3109879E+02    -0.2602105E+02
     0.3110289E+02    -0.2601028E+02
     0.3110391E+02    -0.2601028E+02
     0.3111849E+02    -0.2598532E+02
     0.3112493E+02    -0.2596011E+02
     0.3112574E+02    -0.2594909E+02
     0.3113370E+02    -0.2592434E+02
     0.3113397E+02    -0.2591952E+02
     0.3114290E+02    -0.2590716E+02
     0.3116096E+02    -0.2589506E+02
     0.3117165E+02    -0.2588545E+02
     0.3123903E+02    -0.2583310E+02
     0.3126138E+02    -0.2581686E+02
     0.3126901E+02    -0.2580862E+02
     0.3129012E+02    -0.2577815E+02
     0.3130511E+02    -0.2576190E+02
     0.3131376E+02    -0.2574953E+02
     0.3132036E+02    -0.2574403E+02
     0.3132923E+02    -0.2574336E+02
     0.3134292E+02    -0.2573811E+02
     0.3136015E+02    -0.2573493E+02
     0.3136977E+02    -0.2573494E+02
     0.3138144E+02    -0.2572900E+02
     0.3139461E+02    -0.2572626E+02
     0.3140449E+02    -0.2572582E+02
     0.3141007E+02    -0.2572445E+02
     0.3141590E+02    -0.2572055E+02
     0.3142451E+02    -0.2571965E+02
     0.3147514E+02    -0.2575159E+02
     0.3148857E+02    -0.2576101E+02
     0.3151314E+02    -0.2577525E+02
     0.3151871E+02    -0.2578214E+02
     0.3152277E+02    -0.2578145E+02
     0.3153974E+02    -0.2579178E+02
     0.3154811E+02    -0.2579385E+02
     0.3155470E+02    -0.2579798E+02
     0.3156179E+02    -0.2580601E+02
     0.3161200E+02    -0.2583767E+02
     0.3161783E+02    -0.2584318E+02
     0.3162621E+02    -0.2584937E+02
     0.3163128E+02    -0.2584960E+02
     0.3166147E+02    -0.2586794E+02
     0.3172392E+02    -0.2590805E+02
     0.3175491E+02    -0.2592637E+02
     0.3177854E+02    -0.2594194E+02
     0.3178896E+02    -0.2594858E+02
     0.3179481E+02    -0.2595385E+02
     0.3181539E+02    -0.2596437E+02
     0.3182658E+02    -0.2597100E+02
     0.3183675E+02    -0.2597833E+02
     0.3186956E+02    -0.2599869E+02
     0.3188173E+02    -0.2599292E+02
     0.3189313E+02    -0.2598555E+02
     0.3189847E+02    -0.2598692E+02
     0.3192535E+02    -0.2597607E+02
     0.3196261E+02    -0.2595968E+02
     0.3196869E+02    -0.2595714E+02
     0.3198213E+02    -0.2595205E+02
     0.3199107E+02    -0.2596832E+02
     0.3200411E+02    -0.2599030E+02
     0.3202851E+02    -0.2599803E+02
     0.3202851E+02    -0.2599711E+02
     0.3205139E+02    -0.2600208E+02
     0.3205724E+02    -0.2600459E+02
     0.3206537E+02    -0.2600594E+02
     0.3206970E+02    -0.2600867E+02
     0.3207808E+02    -0.2600864E+02
     0.3208774E+02    -0.2601090E+02
     0.3209718E+02    -0.2607236E+02
     0.3209909E+02    -0.2609852E+02
     0.3210650E+02    -0.2615746E+02
     0.3210807E+02    -0.2616595E+02
     0.3210186E+02    -0.2619204E+02
     0.3210134E+02    -0.2619420E+02
     0.3209633E+02    -0.2621097E+02
     0.3209662E+02    -0.2621809E+02
     0.3209140E+02    -0.2624450E+02
     0.3207492E+02    -0.2631249E+02
     0.3207669E+02    -0.2636412E+02
     0.3207911E+02    -0.2638935E+02
     0.3208043E+02    -0.2639853E+02
     0.3208022E+02    -0.2640909E+02
     0.3208925E+02    -0.2643246E+02
     0.3211374E+02    -0.2648562E+02
     0.3212715E+02    -0.2651425E+02
     0.3213670E+02    -0.2653556E+02
     0.3213656E+02    -0.2655713E+02
     0.3213565E+02    -0.2662760E+02
     0.3213726E+02    -0.2664205E+02
     0.3213537E+02    -0.2667075E+02
     0.3213546E+02    -0.2668843E+02
     0.3213581E+02    -0.2670747E+02
     0.3213665E+02    -0.2672101E+02
     0.3213489E+02    -0.2672630E+02
     0.3213308E+02    -0.2682110E+02
     0.3213366E+02    -0.2683497E+02
END
END
