syria
1
     0.3856934E+02     0.3516406E+02
     0.4223368E+02     0.3731391E+02
     0.4223300E+02     0.3730766E+02
     0.4222859E+02     0.3729837E+02
     0.4221881E+02     0.3728396E+02
     0.4221809E+02     0.3728054E+02
     0.4222083E+02     0.3727748E+02
     0.4222710E+02     0.3727662E+02
     0.4223500E+02     0.3728053E+02
     0.4224733E+02     0.3728042E+02
     0.4225587E+02     0.3727880E+02
     0.4226704E+02     0.3727184E+02
     0.4227561E+02     0.3727114E+02
     0.4229495E+02     0.3728093E+02
     0.4230013E+02     0.3727459E+02
     0.4230316E+02     0.3726509E+02
     0.4230663E+02     0.3726192E+02
     0.4230730E+02     0.3726131E+02
     0.4232115E+02     0.3725679E+02
     0.4232752E+02     0.3724513E+02
     0.4233505E+02     0.3724033E+02
     0.4234979E+02     0.3723647E+02
     0.4235742E+02     0.3722753E+02
     0.4235873E+02     0.3721808E+02
     0.4235525E+02     0.3721061E+02
     0.4234016E+02     0.3719956E+02
     0.4233525E+02     0.3718570E+02
     0.4233707E+02     0.3717487E+02
     0.4234719E+02     0.3715308E+02
     0.4234938E+02     0.3714835E+02
     0.4235631E+02     0.3713974E+02
     0.4235631E+02     0.3713974E+02
     0.4235997E+02     0.3713520E+02
     0.4236275E+02     0.3712685E+02
     0.4236371E+02     0.3710926E+02
     0.4236221E+02     0.3709497E+02
     0.4236462E+02     0.3709123E+02
     0.4236596E+02     0.3708912E+02
     0.4237358E+02     0.3708684E+02
     0.4238110E+02     0.3708203E+02
     0.4238504E+02     0.3707412E+02
     0.4238474E+02     0.3706718E+02
     0.4227420E+02     0.3697782E+02
     0.4224925E+02     0.3695770E+02
     0.4217694E+02     0.3689045E+02
     0.4216888E+02     0.3688440E+02
     0.4213727E+02     0.3686067E+02
     0.4209245E+02     0.3681426E+02
     0.4206493E+02     0.3679034E+02
     0.4203441E+02     0.3676378E+02
     0.4199076E+02     0.3672305E+02
     0.4196275E+02     0.3669481E+02
     0.4193848E+02     0.3667033E+02
     0.4184969E+02     0.3660818E+02
     0.4182825E+02     0.3659315E+02
     0.4170681E+02     0.3656748E+02
     0.4170440E+02     0.3656712E+02
     0.4155069E+02     0.3654403E+02
     0.4141123E+02     0.3652290E+02
     0.4140413E+02     0.3651278E+02
     0.4132727E+02     0.3640303E+02
     0.4129453E+02     0.3635617E+02
     0.4129239E+02     0.3628392E+02
     0.4129179E+02     0.3626358E+02
     0.4127654E+02     0.3615855E+02
     0.4126690E+02     0.3609203E+02
     0.4125801E+02     0.3605457E+02
     0.4126875E+02     0.3603549E+02
     0.4133320E+02     0.3592077E+02
     0.4138108E+02     0.3583529E+02
     0.4138315E+02     0.3580316E+02
     0.4139127E+02     0.3567723E+02
     0.4139429E+02     0.3563027E+02
     0.4134245E+02     0.3556346E+02
     0.4128260E+02     0.3548615E+02
     0.4127998E+02     0.3545159E+02
     0.4127492E+02     0.3538492E+02
     0.4125618E+02     0.3532763E+02
     0.4124240E+02     0.3528548E+02
     0.4123333E+02     0.3524803E+02
     0.4122525E+02     0.3520424E+02
     0.4121811E+02     0.3513225E+02
     0.4122131E+02     0.3507844E+02
     0.4122596E+02     0.3500000E+02
     0.4122879E+02     0.3495248E+02
     0.4122965E+02     0.3493783E+02
     0.4122964E+02     0.3486010E+02
     0.4123326E+02     0.3482653E+02
     0.4123775E+02     0.3478498E+02
     0.4123450E+02     0.3477724E+02
     0.4118186E+02     0.3471464E+02
     0.4113947E+02     0.3466415E+02
     0.4110944E+02     0.3460444E+02
     0.4105099E+02     0.3448799E+02
     0.4103303E+02     0.3445211E+02
     0.4102709E+02     0.3444670E+02
     0.4101925E+02     0.3444269E+02
     0.4101724E+02     0.3443951E+02
     0.4101237E+02     0.3441986E+02
     0.4096080E+02     0.3439658E+02
     0.4082730E+02     0.3433613E+02
     0.4079230E+02     0.3432024E+02
     0.4069336E+02     0.3427653E+02
     0.4060371E+02     0.3423682E+02
     0.4055988E+02     0.3421637E+02
     0.4042763E+02     0.3415451E+02
     0.4029559E+02     0.3409250E+02
     0.4016374E+02     0.3403034E+02
     0.4003210E+02     0.3396804E+02
     0.4000000E+02     0.3395279E+02
     0.3990065E+02     0.3390559E+02
     0.3976941E+02     0.3384300E+02
     0.3963838E+02     0.3378026E+02
     0.3950754E+02     0.3371737E+02
     0.3947203E+02     0.3370026E+02
     0.3937714E+02     0.3365401E+02
     0.3924703E+02     0.3359037E+02
     0.3911713E+02     0.3352660E+02
     0.3898742E+02     0.3346268E+02
     0.3885792E+02     0.3339862E+02
     0.3880408E+02     0.3337191E+02
     0.3867616E+02     0.3330585E+02
     0.3854845E+02     0.3323967E+02
     0.3844790E+02     0.3318738E+02
     0.3842107E+02     0.3317316E+02
     0.3829436E+02     0.3310590E+02
     0.3816786E+02     0.3303850E+02
     0.3804157E+02     0.3297096E+02
     0.3796494E+02     0.3292986E+02
     0.3791522E+02     0.3290366E+02
     0.3778865E+02     0.3283678E+02
     0.3766229E+02     0.3276976E+02
     0.3753613E+02     0.3270261E+02
     0.3741018E+02     0.3263533E+02
     0.3728444E+02     0.3256791E+02
     0.3715890E+02     0.3250036E+02
     0.3703356E+02     0.3243268E+02
     0.3695620E+02     0.3239078E+02
     0.3691085E+02     0.3236191E+02
     0.3688934E+02     0.3234820E+02
     0.3684583E+02     0.3231248E+02
     0.3682537E+02     0.3231068E+02
     0.3678664E+02     0.3232036E+02
     0.3673840E+02     0.3233239E+02
     0.3672000E+02     0.3232512E+02
     0.3671325E+02     0.3232520E+02
     0.3669205E+02     0.3233915E+02
     0.3667037E+02     0.3234233E+02
     0.3664826E+02     0.3234420E+02
     0.3652071E+02     0.3235489E+02
     0.3650330E+02     0.3235905E+02
     0.3650173E+02     0.3236031E+02
     0.3649277E+02     0.3236750E+02
     0.3648015E+02     0.3237339E+02
     0.3646355E+02     0.3237733E+02
     0.3640966E+02     0.3238219E+02
     0.3640057E+02     0.3238724E+02
     0.3637297E+02     0.3241114E+02
     0.3633654E+02     0.3244266E+02
     0.3629611E+02     0.3247049E+02
     0.3625948E+02     0.3249184E+02
     0.3625774E+02     0.3249286E+02
     0.3621775E+02     0.3252182E+02
     0.3620561E+02     0.3252837E+02
     0.3620074E+02     0.3252847E+02
     0.3617839E+02     0.3251825E+02
     0.3616471E+02     0.3252224E+02
     0.3613382E+02     0.3252392E+02
     0.3612992E+02     0.3252378E+02
     0.3611058E+02     0.3252306E+02
     0.3609076E+02     0.3251794E+02
     0.3608870E+02     0.3253666E+02
     0.3608444E+02     0.3254915E+02
     0.3607044E+02     0.3257579E+02
     0.3605888E+02     0.3258784E+02
     0.3604487E+02     0.3259785E+02
     0.3603633E+02     0.3260394E+02
     0.3603486E+02     0.3260711E+02
     0.3603882E+02     0.3263082E+02
     0.3603919E+02     0.3264251E+02
     0.3603630E+02     0.3265435E+02
     0.3603291E+02     0.3265792E+02
     0.3601974E+02     0.3266190E+02
     0.3601077E+02     0.3266280E+02
     0.3599361E+02     0.3266143E+02
     0.3598301E+02     0.3266506E+02
     0.3597335E+02     0.3267112E+02
     0.3597259E+02     0.3267348E+02
     0.3598291E+02     0.3268200E+02
     0.3598268E+02     0.3269062E+02
     0.3597961E+02     0.3269424E+02
     0.3597961E+02     0.3269424E+02
     0.3597464E+02     0.3269687E+02
     0.3596272E+02     0.3269703E+02
     0.3595166E+02     0.3270339E+02
     0.3594801E+02     0.3270697E+02
     0.3594518E+02     0.3271767E+02
     0.3593682E+02     0.3272411E+02
     0.3593084E+02     0.3272465E+02
     0.3592605E+02     0.3272246E+02
     0.3592037E+02     0.3272208E+02
     0.3590913E+02     0.3272592E+02
     0.3590131E+02     0.3272480E+02
     0.3589471E+02     0.3272739E+02
     0.3588638E+02     0.3273313E+02
     0.3587842E+02     0.3273568E+02
     0.3586190E+02     0.3273570E+02
     0.3584127E+02     0.3272943E+02
     0.3583506E+02     0.3272903E+02
     0.3582631E+02     0.3273109E+02
     0.3582022E+02     0.3273460E+02
     0.3581705E+02     0.3273956E+02
     0.3580761E+02     0.3273840E+02
     0.3580447E+02     0.3274267E+02
     0.3580930E+02     0.3275105E+02
     0.3580864E+02     0.3275319E+02
     0.3580864E+02     0.3275319E+02
     0.3583936E+02     0.3278334E+02
     0.3583988E+02     0.3278384E+02
     0.3586442E+02     0.3282100E+02
     0.3588066E+02     0.3283569E+02
     0.3589531E+02     0.3286293E+02
     0.3591463E+02     0.3289135E+02
     0.3591724E+02     0.3289520E+02
     0.3592184E+02     0.3290587E+02
     0.3592176E+02     0.3291137E+02
     0.3591835E+02     0.3291838E+02
     0.3590094E+02     0.3293873E+02
     0.3589238E+02     0.3300531E+02
     0.3589061E+02     0.3301015E+02
     0.3588717E+02     0.3301960E+02
     0.3589011E+02     0.3305109E+02
     0.3588504E+02     0.3306859E+02
     0.3588741E+02     0.3307382E+02
     0.3589165E+02     0.3307669E+02
     0.3591159E+02     0.3307222E+02
     0.3592285E+02     0.3307335E+02
     0.3592819E+02     0.3307602E+02
     0.3592959E+02     0.3307847E+02
     0.3592846E+02     0.3308279E+02
     0.3591713E+02     0.3309359E+02
     0.3591608E+02     0.3309610E+02
     0.3591486E+02     0.3309903E+02
     0.3591674E+02     0.3310321E+02
     0.3593275E+02     0.3311513E+02
     0.3593510E+02     0.3314133E+02
     0.3591402E+02     0.3316697E+02
     0.3590639E+02     0.3316996E+02
     0.3589271E+02     0.3317117E+02
     0.3588442E+02     0.3317369E+02
     0.3588248E+02     0.3318452E+02
     0.3588567E+02     0.3318988E+02
     0.3589462E+02     0.3319805E+02
     0.3589838E+02     0.3320618E+02
     0.3589911E+02     0.3320914E+02
     0.3590037E+02     0.3321415E+02
     0.3589907E+02     0.3322592E+02
     0.3589238E+02     0.3324625E+02
     0.3588904E+02     0.3325108E+02
     0.3588258E+02     0.3325869E+02
     0.3586781E+02     0.3326927E+02
     0.3586040E+02     0.3327673E+02
     0.3587188E+02     0.3329323E+02
     0.3587337E+02     0.3330004E+02
     0.3587090E+02     0.3332094E+02
     0.3586856E+02     0.3334060E+02
     0.3587165E+02     0.3335868E+02
     0.3588018E+02     0.3337727E+02
     0.3590005E+02     0.3339631E+02
     0.3591054E+02     0.3341082E+02
     0.3591413E+02     0.3342354E+02
     0.3591274E+02     0.3343072E+02
     0.3590757E+02     0.3343406E+02
     0.3590757E+02     0.3343406E+02
     0.3594803E+02     0.3346521E+02
     0.3594895E+02     0.3346592E+02
     0.3596157E+02     0.3348221E+02
     0.3596410E+02     0.3349432E+02
     0.3596088E+02     0.3350294E+02
     0.3595244E+02     0.3351532E+02
     0.3595263E+02     0.3352082E+02
     0.3595594E+02     0.3352367E+02
     0.3596877E+02     0.3352839E+02
     0.3601016E+02     0.3353459E+02
     0.3602562E+02     0.3353869E+02
     0.3604517E+02     0.3354679E+02
     0.3605614E+02     0.3355340E+02
     0.3606328E+02     0.3356013E+02
     0.3606780E+02     0.3356725E+02
     0.3606921E+02     0.3357336E+02
     0.3606549E+02     0.3358794E+02
     0.3605962E+02     0.3359431E+02
     0.3604331E+02     0.3360415E+02
     0.3604235E+02     0.3360473E+02
     0.3600491E+02     0.3361895E+02
     0.3598790E+02     0.3362948E+02
     0.3597541E+02     0.3363303E+02
     0.3594985E+02     0.3363414E+02
     0.3594716E+02     0.3363624E+02
     0.3594508E+02     0.3364364E+02
     0.3594701E+02     0.3365023E+02
     0.3596768E+02     0.3366553E+02
     0.3597246E+02     0.3366906E+02
     0.3597850E+02     0.3367588E+02
     0.3597994E+02     0.3370505E+02
     0.3598804E+02     0.3371536E+02
     0.3599932E+02     0.3372508E+02
     0.3600648E+02     0.3373858E+02
     0.3601750E+02     0.3375161E+02
     0.3602116E+02     0.3376341E+02
     0.3602650E+02     0.3376723E+02
     0.3603654E+02     0.3376672E+02
     0.3603834E+02     0.3376663E+02
     0.3604606E+02     0.3376937E+02
     0.3608002E+02     0.3381467E+02
     0.3608818E+02     0.3381695E+02
     0.3610246E+02     0.3381745E+02
     0.3612460E+02     0.3382458E+02
     0.3614767E+02     0.3383586E+02
     0.3615033E+02     0.3383774E+02
     0.3616481E+02     0.3384801E+02
     0.3617426E+02     0.3384929E+02
     0.3617651E+02     0.3384774E+02
     0.3618176E+02     0.3383630E+02
     0.3618562E+02     0.3383239E+02
     0.3619163E+02     0.3382956E+02
     0.3620710E+02     0.3382756E+02
     0.3623822E+02     0.3382997E+02
     0.3624618E+02     0.3383419E+02
     0.3625748E+02     0.3384846E+02
     0.3627251E+02     0.3384713E+02
     0.3628588E+02     0.3384265E+02
     0.3629706E+02     0.3383376E+02
     0.3631257E+02     0.3383438E+02
     0.3631783E+02     0.3383337E+02
     0.3632918E+02     0.3382757E+02
     0.3636166E+02     0.3381875E+02
     0.3636706E+02     0.3381762E+02
     0.3637721E+02     0.3381821E+02
     0.3637912E+02     0.3381927E+02
     0.3638395E+02     0.3382193E+02
     0.3639362E+02     0.3383226E+02
     0.3639722E+02     0.3383957E+02
     0.3639652E+02     0.3384380E+02
     0.3639003E+02     0.3385258E+02
     0.3636802E+02     0.3386832E+02
     0.3634892E+02     0.3387163E+02
     0.3632801E+02     0.3387960E+02
     0.3631605E+02     0.3389088E+02
     0.3630521E+02     0.3389711E+02
     0.3629750E+02     0.3390154E+02
     0.3629591E+02     0.3391124E+02
     0.3630310E+02     0.3392564E+02
     0.3632192E+02     0.3394584E+02
     0.3633603E+02     0.3396706E+02
     0.3635564E+02     0.3398486E+02
     0.3637416E+02     0.3399104E+02
     0.3637473E+02     0.3399327E+02
     0.3637718E+02     0.3400293E+02
     0.3638906E+02     0.3400998E+02
     0.3641159E+02     0.3402762E+02
     0.3641483E+02     0.3403354E+02
     0.3641418E+02     0.3404029E+02
     0.3642042E+02     0.3404331E+02
     0.3643177E+02     0.3404588E+02
     0.3644424E+02     0.3405191E+02
     0.3644921E+02     0.3405157E+02
     0.3647516E+02     0.3404244E+02
     0.3648055E+02     0.3404211E+02
     0.3648627E+02     0.3404408E+02
     0.3650266E+02     0.3405272E+02
     0.3651756E+02     0.3406464E+02
     0.3652049E+02     0.3407194E+02
     0.3651941E+02     0.3408361E+02
     0.3652104E+02     0.3409259E+02
     0.3653627E+02     0.3410716E+02
     0.3654591E+02     0.3412011E+02
     0.3655767E+02     0.3412772E+02
     0.3657468E+02     0.3413287E+02
     0.3657775E+02     0.3413380E+02
     0.3657999E+02     0.3413694E+02
     0.3658446E+02     0.3415642E+02
     0.3659739E+02     0.3416635E+02
     0.3660324E+02     0.3418161E+02
     0.3662936E+02     0.3419355E+02
     0.3663919E+02     0.3420570E+02
     0.3663744E+02     0.3420852E+02
     0.3662888E+02     0.3421292E+02
     0.3660875E+02     0.3422034E+02
     0.3660777E+02     0.3422070E+02
     0.3660465E+02     0.3422316E+02
     0.3660022E+02     0.3423200E+02
     0.3659781E+02     0.3424674E+02
     0.3659148E+02     0.3426689E+02
     0.3659615E+02     0.3427652E+02
     0.3660572E+02     0.3428373E+02
     0.3661063E+02     0.3429003E+02
     0.3661223E+02     0.3429626E+02
     0.3660848E+02     0.3430523E+02
     0.3660663E+02     0.3430702E+02
     0.3659993E+02     0.3430871E+02
     0.3657729E+02     0.3431210E+02
     0.3657344E+02     0.3431545E+02
     0.3656652E+02     0.3433249E+02
     0.3655878E+02     0.3434069E+02
     0.3655554E+02     0.3435070E+02
     0.3654605E+02     0.3436551E+02
     0.3654361E+02     0.3437245E+02
     0.3654535E+02     0.3438258E+02
     0.3656371E+02     0.3440089E+02
     0.3656873E+02     0.3440811E+02
     0.3656890E+02     0.3441121E+02
     0.3656610E+02     0.3441480E+02
     0.3656240E+02     0.3441955E+02
     0.3655564E+02     0.3442295E+02
     0.3653945E+02     0.3442671E+02
     0.3652640E+02     0.3443180E+02
     0.3652264E+02     0.3443653E+02
     0.3652073E+02     0.3444394E+02
     0.3651772E+02     0.3444696E+02
     0.3648700E+02     0.3445818E+02
     0.3647977E+02     0.3446294E+02
     0.3646328E+02     0.3448732E+02
     0.3646246E+02     0.3449476E+02
     0.3646187E+02     0.3450013E+02
     0.3646000E+02     0.3450227E+02
     0.3644873E+02     0.3450338E+02
     0.3642831E+02     0.3450071E+02
     0.3641664E+02     0.3449355E+02
     0.3640735E+02     0.3449746E+02
     0.3640027E+02     0.3449786E+02
     0.3638805E+02     0.3450227E+02
     0.3638010E+02     0.3449978E+02
     0.3637338E+02     0.3449388E+02
     0.3636290E+02     0.3449626E+02
     0.3635386E+02     0.3450097E+02
     0.3634557E+02     0.3451201E+02
     0.3634549E+02     0.3451820E+02
     0.3634671E+02     0.3451975E+02
     0.3635039E+02     0.3452440E+02
     0.3639816E+02     0.3454219E+02
     0.3641200E+02     0.3455090E+02
     0.3641562E+02     0.3455855E+02
     0.3641046E+02     0.3456703E+02
     0.3641014E+02     0.3457631E+02
     0.3641458E+02     0.3459201E+02
     0.3642372E+02     0.3460852E+02
     0.3642516E+02     0.3460952E+02
     0.3642630E+02     0.3461030E+02
     0.3643151E+02     0.3460790E+02
     0.3644676E+02     0.3459256E+02
     0.3645320E+02     0.3459099E+02
     0.3646364E+02     0.3459387E+02
     0.3647306E+02     0.3462678E+02
     0.3647128E+02     0.3463018E+02
     0.3646067E+02     0.3463188E+02
     0.3644555E+02     0.3462337E+02
     0.3643893E+02     0.3462207E+02
     0.3642038E+02     0.3462461E+02
     0.3641826E+02     0.3462667E+02
     0.3639928E+02     0.3463777E+02
     0.3639454E+02     0.3463836E+02
     0.3638326E+02     0.3464432E+02
     0.3636728E+02     0.3465724E+02
     0.3636728E+02     0.3465724E+02
     0.3636353E+02     0.3466020E+02
     0.3636214E+02     0.3466315E+02
     0.3636417E+02     0.3466893E+02
     0.3635404E+02     0.3468202E+02
     0.3634576E+02     0.3468919E+02
     0.3634044E+02     0.3469091E+02
     0.3633154E+02     0.3469141E+02
     0.3632397E+02     0.3468528E+02
     0.3632186E+02     0.3468202E+02
     0.3632044E+02     0.3466592E+02
     0.3631673E+02     0.3465230E+02
     0.3630805E+02     0.3464637E+02
     0.3630027E+02     0.3463840E+02
     0.3629455E+02     0.3463529E+02
     0.3628454E+02     0.3463599E+02
     0.3627686E+02     0.3463352E+02
     0.3625037E+02     0.3463798E+02
     0.3623864E+02     0.3463221E+02
     0.3623256E+02     0.3463161E+02
     0.3622554E+02     0.3463444E+02
     0.3621361E+02     0.3464267E+02
     0.3620736E+02     0.3464399E+02
     0.3620736E+02     0.3464399E+02
     0.3619721E+02     0.3464390E+02
     0.3617775E+02     0.3463726E+02
     0.3616887E+02     0.3463751E+02
     0.3614819E+02     0.3464208E+02
     0.3613666E+02     0.3464664E+02
     0.3613055E+02     0.3464672E+02
     0.3610692E+02     0.3464066E+02
     0.3610094E+02     0.3463731E+02
     0.3609541E+02     0.3463671E+02
     0.3609121E+02     0.3463799E+02
     0.3608464E+02     0.3463554E+02
     0.3607679E+02     0.3463811E+02
     0.3606513E+02     0.3463829E+02
     0.3605467E+02     0.3463620E+02
     0.3603665E+02     0.3463600E+02
     0.3602011E+02     0.3464869E+02
     0.3601366E+02     0.3465059E+02
     0.3599759E+02     0.3465020E+02
     0.3599242E+02     0.3465512E+02
     0.3598031E+02     0.3464496E+02
     0.3598031E+02     0.3464496E+02
     0.3596064E+02     0.3469658E+02
     0.3594719E+02     0.3472264E+02
     0.3594095E+02     0.3474085E+02
     0.3593925E+02     0.3475494E+02
     0.3593894E+02     0.3475756E+02
     0.3593911E+02     0.3477523E+02
     0.3593450E+02     0.3478706E+02
     0.3590465E+02     0.3484163E+02
     0.3589318E+02     0.3487378E+02
     0.3588037E+02     0.3490965E+02
     0.3588638E+02     0.3491991E+02
     0.3588808E+02     0.3492638E+02
     0.3588458E+02     0.3493777E+02
     0.3588622E+02     0.3494584E+02
     0.3588288E+02     0.3496780E+02
     0.3588780E+02     0.3499202E+02
     0.3589064E+02     0.3499537E+02
     0.3589180E+02     0.3499672E+02
     0.3589824E+02     0.3500000E+02
     0.3590293E+02     0.3500434E+02
     0.3590434E+02     0.3501126E+02
     0.3589813E+02     0.3504990E+02
     0.3589165E+02     0.3505892E+02
     0.3589204E+02     0.3506353E+02
     0.3589833E+02     0.3507378E+02
     0.3590038E+02     0.3508600E+02
     0.3589628E+02     0.3509853E+02
     0.3589732E+02     0.3510773E+02
     0.3590172E+02     0.3511159E+02
     0.3590245E+02     0.3511222E+02
     0.3590525E+02     0.3511918E+02
     0.3591024E+02     0.3512022E+02
     0.3591735E+02     0.3513119E+02
     0.3591969E+02     0.3514319E+02
     0.3593072E+02     0.3515402E+02
     0.3593301E+02     0.3516005E+02
     0.3593072E+02     0.3516895E+02
     0.3593273E+02     0.3517473E+02
     0.3595708E+02     0.3518796E+02
     0.3596159E+02     0.3519427E+02
     0.3596303E+02     0.3520073E+02
     0.3596021E+02     0.3521627E+02
     0.3595485E+02     0.3523267E+02
     0.3594907E+02     0.3524516E+02
     0.3593584E+02     0.3526273E+02
     0.3593575E+02     0.3526525E+02
     0.3593761E+02     0.3526760E+02
     0.3594781E+02     0.3527152E+02
     0.3595592E+02     0.3527126E+02
     0.3595938E+02     0.3526860E+02
     0.3596532E+02     0.3525910E+02
     0.3597041E+02     0.3525762E+02
     0.3597204E+02     0.3525880E+02
     0.3597113E+02     0.3526062E+02
     0.3596718E+02     0.3526167E+02
     0.3596321E+02     0.3527076E+02
     0.3595356E+02     0.3527465E+02
     0.3594464E+02     0.3527397E+02
     0.3593222E+02     0.3526976E+02
     0.3592865E+02     0.3527541E+02
     0.3592850E+02     0.3527696E+02
     0.3592774E+02     0.3528480E+02
     0.3593229E+02     0.3531223E+02
     0.3592709E+02     0.3535365E+02
     0.3592786E+02     0.3537043E+02
     0.3592622E+02     0.3538393E+02
     0.3592240E+02     0.3540223E+02
     0.3592007E+02     0.3541339E+02
     0.3592078E+02     0.3541663E+02
     0.3592484E+02     0.3542063E+02
     0.3592416E+02     0.3542360E+02
     0.3588262E+02     0.3546250E+02
     0.3586623E+02     0.3547334E+02
     0.3583155E+02     0.3549279E+02
     0.3582669E+02     0.3549552E+02
     0.3582433E+02     0.3549844E+02
     0.3582534E+02     0.3550122E+02
     0.3583028E+02     0.3550410E+02
     0.3583020E+02     0.3550617E+02
     0.3582655E+02     0.3550630E+02
     0.3582021E+02     0.3550362E+02
     0.3579763E+02     0.3550740E+02
     0.3578811E+02     0.3550003E+02
     0.3578500E+02     0.3550064E+02
     0.3577776E+02     0.3550665E+02
     0.3577324E+02     0.3550745E+02
     0.3577026E+02     0.3551173E+02
     0.3577946E+02     0.3552024E+02
     0.3578327E+02     0.3553021E+02
     0.3578119E+02     0.3554003E+02
     0.3577880E+02     0.3554364E+02
     0.3576405E+02     0.3554784E+02
     0.3576361E+02     0.3554890E+02
     0.3576188E+02     0.3555307E+02
     0.3574345E+02     0.3556498E+02
     0.3574388E+02     0.3556821E+02
     0.3575437E+02     0.3557950E+02
     0.3574990E+02     0.3558581E+02
     0.3574595E+02     0.3558640E+02
     0.3573795E+02     0.3558297E+02
     0.3572929E+02     0.3558206E+02
     0.3572723E+02     0.3558430E+02
     0.3572823E+02     0.3558754E+02
     0.3573915E+02     0.3558805E+02
     0.3574543E+02     0.3559235E+02
     0.3574961E+02     0.3559315E+02
     0.3575505E+02     0.3559054E+02
     0.3575866E+02     0.3559132E+02
     0.3576348E+02     0.3559719E+02
     0.3576986E+02     0.3559919E+02
     0.3577195E+02     0.3560315E+02
     0.3577087E+02     0.3560909E+02
     0.3577270E+02     0.3561235E+02
     0.3577322E+02     0.3561329E+02
     0.3577630E+02     0.3561359E+02
     0.3578293E+02     0.3560918E+02
     0.3578586E+02     0.3561316E+02
     0.3578227E+02     0.3561880E+02
     0.3578789E+02     0.3562560E+02
     0.3579006E+02     0.3563461E+02
     0.3578976E+02     0.3564218E+02
     0.3578417E+02     0.3565558E+02
     0.3577433E+02     0.3566290E+02
     0.3577815E+02     0.3567287E+02
     0.3578382E+02     0.3567853E+02
     0.3579043E+02     0.3568192E+02
     0.3579882E+02     0.3568282E+02
     0.3580684E+02     0.3568624E+02
     0.3580939E+02     0.3569273E+02
     0.3581402E+02     0.3569653E+02
     0.3581599E+02     0.3570021E+02
     0.3581952E+02     0.3570677E+02
     0.3582535E+02     0.3570853E+02
     0.3582904E+02     0.3571482E+02
     0.3583972E+02     0.3572198E+02
     0.3584324E+02     0.3573975E+02
     0.3585304E+02     0.3574803E+02
     0.3585414E+02     0.3575586E+02
     0.3584735E+02     0.3577130E+02
     0.3584740E+02     0.3578439E+02
     0.3584085E+02     0.3579363E+02
     0.3583841E+02     0.3580551E+02
     0.3583451E+02     0.3581064E+02
     0.3582832E+02     0.3581879E+02
     0.3582868E+02     0.3582409E+02
     0.3582590E+02     0.3583021E+02
     0.3581720E+02     0.3583688E+02
     0.3581669E+02     0.3584260E+02
     0.3582035E+02     0.3584981E+02
     0.3581825E+02     0.3585297E+02
     0.3580732E+02     0.3585177E+02
     0.3580500E+02     0.3585355E+02
     0.3580800E+02     0.3585592E+02
     0.3582449E+02     0.3585887E+02
     0.3583318E+02     0.3585289E+02
     0.3583933E+02     0.3585397E+02
     0.3584395E+02     0.3585110E+02
     0.3585456E+02     0.3585321E+02
     0.3586230E+02     0.3585685E+02
     0.3587211E+02     0.3586536E+02
     0.3587455E+02     0.3586626E+02
     0.3588072E+02     0.3586856E+02
     0.3588672E+02     0.3587353E+02
     0.3590524E+02     0.3591945E+02
     0.3591038E+02     0.3592508E+02
     0.3592172E+02     0.3593049E+02
     0.3592172E+02     0.3593049E+02
     0.3593580E+02     0.3591867E+02
     0.3595090E+02     0.3592184E+02
     0.3596708E+02     0.3592846E+02
     0.3599364E+02     0.3593930E+02
     0.3600148E+02     0.3594089E+02
     0.3600856E+02     0.3594017E+02
     0.3601615E+02     0.3593395E+02
     0.3602274E+02     0.3592449E+02
     0.3602168E+02     0.3590864E+02
     0.3601482E+02     0.3588987E+02
     0.3601620E+02     0.3588371E+02
     0.3601856E+02     0.3588103E+02
     0.3602256E+02     0.3587976E+02
     0.3604890E+02     0.3587914E+02
     0.3604994E+02     0.3587912E+02
     0.3609631E+02     0.3586865E+02
     0.3611645E+02     0.3586551E+02
     0.3613404E+02     0.3585519E+02
     0.3614171E+02     0.3584645E+02
     0.3615484E+02     0.3582018E+02
     0.3616344E+02     0.3581627E+02
     0.3616907E+02     0.3581543E+02
     0.3616907E+02     0.3581543E+02
     0.3618305E+02     0.3583557E+02
     0.3618612E+02     0.3586060E+02
     0.3618784E+02     0.3587441E+02
     0.3618915E+02     0.3588436E+02
     0.3618272E+02     0.3589982E+02
     0.3618092E+02     0.3590174E+02
     0.3618092E+02     0.3590174E+02
     0.3618773E+02     0.3591851E+02
     0.3619922E+02     0.3593555E+02
     0.3621272E+02     0.3595149E+02
     0.3622876E+02     0.3596038E+02
     0.3624445E+02     0.3596353E+02
     0.3625460E+02     0.3596379E+02
     0.3626342E+02     0.3596172E+02
     0.3627892E+02     0.3595476E+02
     0.3628968E+02     0.3595388E+02
     0.3629849E+02     0.3595630E+02
     0.3630253E+02     0.3595741E+02
     0.3630608E+02     0.3596071E+02
     0.3629464E+02     0.3598015E+02
     0.3629789E+02     0.3599170E+02
     0.3630280E+02     0.3599641E+02
     0.3631720E+02     0.3600410E+02
     0.3634417E+02     0.3599237E+02
     0.3635689E+02     0.3599199E+02
     0.3636837E+02     0.3599479E+02
     0.3637420E+02     0.3599768E+02
     0.3637859E+02     0.3600100E+02
     0.3638229E+02     0.3600985E+02
     0.3638229E+02     0.3600985E+02
     0.3638080E+02     0.3602603E+02
     0.3638345E+02     0.3603136E+02
     0.3639249E+02     0.3603981E+02
     0.3639508E+02     0.3604598E+02
     0.3639465E+02     0.3605247E+02
     0.3638874E+02     0.3606820E+02
     0.3639784E+02     0.3608376E+02
     0.3639423E+02     0.3609058E+02
     0.3638873E+02     0.3609482E+02
     0.3638604E+02     0.3609936E+02
     0.3638564E+02     0.3610347E+02
     0.3638520E+02     0.3610783E+02
     0.3638118E+02     0.3611876E+02
     0.3639199E+02     0.3614263E+02
     0.3638831E+02     0.3615150E+02
     0.3637671E+02     0.3616940E+02
     0.3638171E+02     0.3618074E+02
     0.3638881E+02     0.3618847E+02
     0.3639866E+02     0.3618982E+02
     0.3640058E+02     0.3619146E+02
     0.3640315E+02     0.3619955E+02
     0.3639762E+02     0.3621272E+02
     0.3639762E+02     0.3621272E+02
     0.3639755E+02     0.3622324E+02
     0.3640339E+02     0.3622636E+02
     0.3641285E+02     0.3622314E+02
     0.3642674E+02     0.3621453E+02
     0.3643534E+02     0.3621129E+02
     0.3645753E+02     0.3620837E+02
     0.3647107E+02     0.3620180E+02
     0.3647726E+02     0.3620286E+02
     0.3648170E+02     0.3620549E+02
     0.3648917E+02     0.3621873E+02
     0.3649065E+02     0.3622525E+02
     0.3649237E+02     0.3623280E+02
     0.3649542E+02     0.3623447E+02
     0.3650945E+02     0.3622998E+02
     0.3651691E+02     0.3623565E+02
     0.3652277E+02     0.3623808E+02
     0.3654260E+02     0.3623807E+02
     0.3655738E+02     0.3622808E+02
     0.3657819E+02     0.3623244E+02
     0.3658386E+02     0.3623211E+02
     0.3660926E+02     0.3621754E+02
     0.3661835E+02     0.3621659E+02
     0.3662239E+02     0.3621709E+02
     0.3662738E+02     0.3621770E+02
     0.3664059E+02     0.3622923E+02
     0.3667485E+02     0.3622928E+02
     0.3668423E+02     0.3623728E+02
     0.3670071E+02     0.3624428E+02
     0.3670477E+02     0.3625033E+02
     0.3670604E+02     0.3625517E+02
     0.3669578E+02     0.3626596E+02
     0.3669276E+02     0.3627163E+02
     0.3669233E+02     0.3627644E+02
     0.3669907E+02     0.3628713E+02
     0.3670004E+02     0.3629104E+02
     0.3670033E+02     0.3629221E+02
     0.3669479E+02     0.3629690E+02
     0.3667110E+02     0.3630236E+02
     0.3666888E+02     0.3630942E+02
     0.3666920E+02     0.3632617E+02
     0.3666623E+02     0.3633023E+02
     0.3665931E+02     0.3633398E+02
     0.3665017E+02     0.3633607E+02
     0.3663940E+02     0.3633561E+02
     0.3662148E+02     0.3632880E+02
     0.3661159E+02     0.3632790E+02
     0.3660784E+02     0.3632988E+02
     0.3660774E+02     0.3633286E+02
     0.3661201E+02     0.3634075E+02
     0.3661823E+02     0.3634605E+02
     0.3662774E+02     0.3635416E+02
     0.3662785E+02     0.3635967E+02
     0.3662025E+02     0.3637487E+02
     0.3662352E+02     0.3638801E+02
     0.3662256E+02     0.3639120E+02
     0.3661570E+02     0.3639266E+02
     0.3660666E+02     0.3639131E+02
     0.3659925E+02     0.3639230E+02
     0.3659323E+02     0.3639423E+02
     0.3658914E+02     0.3639780E+02
     0.3658673E+02     0.3640188E+02
     0.3658499E+02     0.3641170E+02
     0.3657689E+02     0.3642482E+02
     0.3657558E+02     0.3643855E+02
     0.3657354E+02     0.3644230E+02
     0.3656855E+02     0.3644505E+02
     0.3656779E+02     0.3646773E+02
     0.3655497E+02     0.3648579E+02
     0.3655704E+02     0.3649180E+02
     0.3655289E+02     0.3649698E+02
     0.3655303E+02     0.3650111E+02
     0.3657341E+02     0.3651212E+02
     0.3658329E+02     0.3652266E+02
     0.3659132E+02     0.3653751E+02
     0.3659440E+02     0.3654920E+02
     0.3659612E+02     0.3655573E+02
     0.3659989E+02     0.3656200E+02
     0.3660416E+02     0.3657907E+02
     0.3660292E+02     0.3659097E+02
     0.3660061E+02     0.3660054E+02
     0.3658795E+02     0.3663054E+02
     0.3658805E+02     0.3663604E+02
     0.3659185E+02     0.3665011E+02
     0.3660638E+02     0.3667152E+02
     0.3660638E+02     0.3667152E+02
     0.3660893E+02     0.3667236E+02
     0.3661885E+02     0.3667999E+02
     0.3662778E+02     0.3669530E+02
     0.3663688E+02     0.3670511E+02
     0.3663868E+02     0.3671157E+02
     0.3663507E+02     0.3672802E+02
     0.3662524E+02     0.3674252E+02
     0.3662397E+02     0.3674709E+02
     0.3662707E+02     0.3675770E+02
     0.3663280E+02     0.3676630E+02
     0.3664631E+02     0.3677839E+02
     0.3667027E+02     0.3679980E+02
     0.3667820E+02     0.3681119E+02
     0.3667858E+02     0.3681745E+02
     0.3667855E+02     0.3681852E+02
     0.3667756E+02     0.3682126E+02
     0.3667756E+02     0.3682126E+02
     0.3666835E+02     0.3683625E+02
     0.3667073E+02     0.3684272E+02
     0.3667554E+02     0.3684560E+02
     0.3668531E+02     0.3683475E+02
     0.3673903E+02     0.3682418E+02
     0.3674592E+02     0.3682147E+02
     0.3680418E+02     0.3679856E+02
     0.3687960E+02     0.3678137E+02
     0.3689293E+02     0.3677924E+02
     0.3690267E+02     0.3677769E+02
     0.3694435E+02     0.3678124E+02
     0.3698883E+02     0.3676201E+02
     0.3699886E+02     0.3675532E+02
     0.3700947E+02     0.3674313E+02
     0.3701991E+02     0.3673701E+02
     0.3702919E+02     0.3673405E+02
     0.3705183E+02     0.3672682E+02
     0.3705604E+02     0.3672426E+02
     0.3705813E+02     0.3672074E+02
     0.3705664E+02     0.3671269E+02
     0.3703324E+02     0.3667844E+02
     0.3702790E+02     0.3666550E+02
     0.3702804E+02     0.3666058E+02
     0.3703140E+02     0.3665766E+02
     0.3704847E+02     0.3665315E+02
     0.3706191E+02     0.3664411E+02
     0.3706458E+02     0.3664232E+02
     0.3707988E+02     0.3662941E+02
     0.3709100E+02     0.3662365E+02
     0.3709626E+02     0.3662351E+02
     0.3710357E+02     0.3662696E+02
     0.3711259E+02     0.3664627E+02
     0.3712192E+02     0.3665939E+02
     0.3712684E+02     0.3666166E+02
     0.3714474E+02     0.3666323E+02
     0.3715114E+02     0.3666345E+02
     0.3717445E+02     0.3665457E+02
     0.3717812E+02     0.3665423E+02
     0.3718501E+02     0.3665360E+02
     0.3719624E+02     0.3665425E+02
     0.3722562E+02     0.3666334E+02
     0.3726645E+02     0.3666493E+02
     0.3730313E+02     0.3666163E+02
     0.3733133E+02     0.3665584E+02
     0.3733475E+02     0.3665514E+02
     0.3737267E+02     0.3665355E+02
     0.3742723E+02     0.3664578E+02
     0.3746114E+02     0.3663815E+02
     0.3747254E+02     0.3663797E+02
     0.3748498E+02     0.3664109E+02
     0.3750204E+02     0.3664929E+02
     0.3752101E+02     0.3666721E+02
     0.3753434E+02     0.3667635E+02
     0.3756081E+02     0.3668974E+02
     0.3757816E+02     0.3669851E+02
     0.3760263E+02     0.3670698E+02
     0.3763555E+02     0.3672072E+02
     0.3765514E+02     0.3673141E+02
     0.3767398E+02     0.3673682E+02
     0.3769448E+02     0.3673823E+02
     0.3770182E+02     0.3674119E+02
     0.3771032E+02     0.3674462E+02
     0.3772677E+02     0.3674884E+02
     0.3773375E+02     0.3674950E+02
     0.3776701E+02     0.3674658E+02
     0.3779121E+02     0.3674860E+02
     0.3781439E+02     0.3675919E+02
     0.3785031E+02     0.3677034E+02
     0.3786232E+02     0.3677407E+02
     0.3790803E+02     0.3678570E+02
     0.3792871E+02     0.3679441E+02
     0.3795811E+02     0.3681043E+02
     0.3797653E+02     0.3681819E+02
     0.3799208E+02     0.3682225E+02
     0.3799799E+02     0.3682380E+02
     0.3804086E+02     0.3682859E+02
     0.3805173E+02     0.3683637E+02
     0.3805405E+02     0.3684351E+02
     0.3805825E+02     0.3684871E+02
     0.3807052E+02     0.3685857E+02
     0.3812292E+02     0.3687968E+02
     0.3812644E+02     0.3688110E+02
     0.3817280E+02     0.3689458E+02
     0.3818781E+02     0.3690458E+02
     0.3819434E+02     0.3690692E+02
     0.3820047E+02     0.3690801E+02
     0.3823049E+02     0.3690585E+02
     0.3824541E+02     0.3691194E+02
     0.3825282E+02     0.3691349E+02
     0.3826524E+02     0.3691348E+02
     0.3826902E+02     0.3691266E+02
     0.3829560E+02     0.3690695E+02
     0.3831633E+02     0.3690539E+02
     0.3834252E+02     0.3690043E+02
     0.3838154E+02     0.3689716E+02
     0.3839854E+02     0.3689716E+02
     0.3840784E+02     0.3689539E+02
     0.3842267E+02     0.3689054E+02
     0.3844939E+02     0.3688181E+02
     0.3849297E+02     0.3686271E+02
     0.3852160E+02     0.3685406E+02
     0.3856340E+02     0.3683883E+02
     0.3856499E+02     0.3683786E+02
     0.3856813E+02     0.3683598E+02
     0.3857965E+02     0.3682378E+02
     0.3859097E+02     0.3681742E+02
     0.3860062E+02     0.3680602E+02
     0.3862285E+02     0.3679031E+02
     0.3863895E+02     0.3677377E+02
     0.3867331E+02     0.3674779E+02
     0.3869700E+02     0.3672843E+02
     0.3872362E+02     0.3671043E+02
     0.3873147E+02     0.3670749E+02
     0.3877342E+02     0.3670001E+02
     0.3877739E+02     0.3669930E+02
     0.3880076E+02     0.3669744E+02
     0.3881457E+02     0.3669818E+02
     0.3884706E+02     0.3669668E+02
     0.3891827E+02     0.3669758E+02
     0.3892975E+02     0.3669787E+02
     0.3896968E+02     0.3669885E+02
     0.3899901E+02     0.3670293E+02
     0.3902023E+02     0.3670331E+02
     0.3908548E+02     0.3669711E+02
     0.3914838E+02     0.3668383E+02
     0.3915031E+02     0.3668342E+02
     0.3921553E+02     0.3666603E+02
     0.3922735E+02     0.3666500E+02
     0.3927590E+02     0.3667371E+02
     0.3929922E+02     0.3667909E+02
     0.3934484E+02     0.3668960E+02
     0.3939798E+02     0.3669436E+02
     0.3943045E+02     0.3669454E+02
     0.3943914E+02     0.3669544E+02
     0.3945260E+02     0.3669973E+02
     0.3946706E+02     0.3669791E+02
     0.3949827E+02     0.3670129E+02
     0.3952624E+02     0.3670515E+02
     0.3954573E+02     0.3670783E+02
     0.3959664E+02     0.3671961E+02
     0.3962629E+02     0.3672330E+02
     0.3966477E+02     0.3672581E+02
     0.3967892E+02     0.3673053E+02
     0.3971203E+02     0.3674157E+02
     0.3972273E+02     0.3674382E+02
     0.3980729E+02     0.3674953E+02
     0.3983173E+02     0.3675368E+02
     0.3984183E+02     0.3675532E+02
     0.3985598E+02     0.3676052E+02
     0.3987753E+02     0.3677087E+02
     0.3989047E+02     0.3677708E+02
     0.3992906E+02     0.3678695E+02
     0.3996325E+02     0.3679845E+02
     0.4000000E+02     0.3681632E+02
     0.4001584E+02     0.3682402E+02
     0.4001836E+02     0.3682487E+02
     0.4005192E+02     0.3683606E+02
     0.4007275E+02     0.3684909E+02
     0.4008011E+02     0.3685649E+02
     0.4008701E+02     0.3686069E+02
     0.4013267E+02     0.3687182E+02
     0.4015849E+02     0.3687460E+02
     0.4018086E+02     0.3687868E+02
     0.4020795E+02     0.3688775E+02
     0.4023280E+02     0.3690041E+02
     0.4023828E+02     0.3690321E+02
     0.4026021E+02     0.3691999E+02
     0.4027843E+02     0.3692614E+02
     0.4032594E+02     0.3695197E+02
     0.4036544E+02     0.3696592E+02
     0.4036960E+02     0.3696739E+02
     0.4038601E+02     0.3697469E+02
     0.4039754E+02     0.3698134E+02
     0.4041911E+02     0.3699924E+02
     0.4043814E+02     0.3700880E+02
     0.4046183E+02     0.3701487E+02
     0.4050269E+02     0.3702001E+02
     0.4053263E+02     0.3702377E+02
     0.4054627E+02     0.3702671E+02
     0.4058242E+02     0.3704122E+02
     0.4060225E+02     0.3705407E+02
     0.4063518E+02     0.3706286E+02
     0.4064585E+02     0.3706767E+02
     0.4067482E+02     0.3707845E+02
     0.4067838E+02     0.3708083E+02
     0.4068845E+02     0.3708757E+02
     0.4070782E+02     0.3709766E+02
     0.4072077E+02     0.3710105E+02
     0.4074055E+02     0.3710241E+02
     0.4075266E+02     0.3710593E+02
     0.4078173E+02     0.3712058E+02
     0.4082253E+02     0.3711972E+02
     0.4082818E+02     0.3711609E+02
     0.4083406E+02     0.3710936E+02
     0.4085047E+02     0.3710662E+02
     0.4085810E+02     0.3710836E+02
     0.4087047E+02     0.3711805E+02
     0.4088593E+02     0.3712426E+02
     0.4092108E+02     0.3712711E+02
     0.4094995E+02     0.3712441E+02
     0.4096487E+02     0.3711979E+02
     0.4097243E+02     0.3711745E+02
     0.4100052E+02     0.3711200E+02
     0.4103235E+02     0.3710741E+02
     0.4105952E+02     0.3710540E+02
     0.4111454E+02     0.3709505E+02
     0.4111880E+02     0.3709457E+02
     0.4113239E+02     0.3709306E+02
     0.4116974E+02     0.3709224E+02
     0.4120435E+02     0.3707930E+02
     0.4120772E+02     0.3707650E+02
     0.4121191E+02     0.3706703E+02
     0.4121841E+02     0.3706360E+02
     0.4123677E+02     0.3706491E+02
     0.4124875E+02     0.3706907E+02
     0.4125750E+02     0.3707500E+02
     0.4127106E+02     0.3707924E+02
     0.4128598E+02     0.3708014E+02
     0.4138708E+02     0.3707991E+02
     0.4150085E+02     0.3707954E+02
     0.4154416E+02     0.3708384E+02
     0.4155814E+02     0.3708523E+02
     0.4158972E+02     0.3709242E+02
     0.4162648E+02     0.3710511E+02
     0.4165735E+02     0.3711242E+02
     0.4168692E+02     0.3711446E+02
     0.4169554E+02     0.3711427E+02
     0.4172843E+02     0.3711351E+02
     0.4175864E+02     0.3711747E+02
     0.4184994E+02     0.3713528E+02
     0.4197514E+02     0.3715957E+02
     0.4200038E+02     0.3717052E+02
     0.4201634E+02     0.3717744E+02
     0.4205733E+02     0.3718888E+02
     0.4207930E+02     0.3720156E+02
     0.4210611E+02     0.3721285E+02
     0.4211279E+02     0.3721912E+02
     0.4212243E+02     0.3723540E+02
     0.4212646E+02     0.3723878E+02
     0.4213917E+02     0.3724945E+02
     0.4215377E+02     0.3725976E+02
     0.4218391E+02     0.3727509E+02
     0.4219395E+02     0.3728218E+02
     0.4220784E+02     0.3730019E+02
     0.4221646E+02     0.3731522E+02
     0.4222045E+02     0.3731811E+02
     0.4222494E+02     0.3731915E+02
     0.4223220E+02     0.3731736E+02
     0.4223486E+02     0.3731569E+02
     0.4223368E+02     0.3731391E+02
END
END
