taiwan
1
     0.1196034E+03     0.2374511E+02
     0.1195949E+03     0.2372901E+02
     0.1195939E+03     0.2373503E+02
     0.1195886E+03     0.2374068E+02
     0.1195971E+03     0.2374780E+02
     0.1196035E+03     0.2375767E+02
     0.1196090E+03     0.2375125E+02
     0.1196135E+03     0.2374874E+02
     0.1196132E+03     0.2374530E+02
     0.1195968E+03     0.2373702E+02
     0.1195949E+03     0.2372901E+02
END
2
     0.1195704E+03     0.2366759E+02
     0.1195915E+03     0.2362145E+02
     0.1195860E+03     0.2362396E+02
     0.1195816E+03     0.2362166E+02
     0.1195806E+03     0.2362395E+02
     0.1195858E+03     0.2363245E+02
     0.1195860E+03     0.2363703E+02
     0.1195743E+03     0.2365032E+02
     0.1195698E+03     0.2366178E+02
     0.1195594E+03     0.2366153E+02
     0.1195554E+03     0.2365373E+02
     0.1195527E+03     0.2365304E+02
     0.1195469E+03     0.2365784E+02
     0.1195442E+03     0.2366243E+02
     0.1195447E+03     0.2366518E+02
     0.1195470E+03     0.2366740E+02
     0.1195494E+03     0.2366977E+02
     0.1195561E+03     0.2367276E+02
     0.1195656E+03     0.2367209E+02
     0.1195730E+03     0.2367829E+02
     0.1195857E+03     0.2367212E+02
     0.1195924E+03     0.2367258E+02
     0.1195942E+03     0.2366502E+02
     0.1195987E+03     0.2366136E+02
     0.1196044E+03     0.2365036E+02
     0.1196022E+03     0.2364829E+02
     0.1195987E+03     0.2365150E+02
     0.1195950E+03     0.2365034E+02
     0.1195908E+03     0.2363933E+02
     0.1195915E+03     0.2363681E+02
     0.1195995E+03     0.2363774E+02
     0.1196017E+03     0.2363545E+02
     0.1195955E+03     0.2363017E+02
     0.1195915E+03     0.2362145E+02
END
3
     0.1195051E+03     0.2360877E+02
     0.1195345E+03     0.2363879E+02
     0.1195228E+03     0.2362891E+02
     0.1195119E+03     0.2362752E+02
     0.1195104E+03     0.2362384E+02
     0.1195132E+03     0.2361491E+02
     0.1195122E+03     0.2361055E+02
     0.1195135E+03     0.2360557E+02
     0.1195142E+03     0.2360321E+02
     0.1195125E+03     0.2359656E+02
     0.1195048E+03     0.2358989E+02
     0.1195078E+03     0.2358394E+02
     0.1195035E+03     0.2358026E+02
     0.1195098E+03     0.2356972E+02
     0.1195100E+03     0.2356743E+02
     0.1195083E+03     0.2356536E+02
     0.1194906E+03     0.2356556E+02
     0.1194829E+03     0.2356187E+02
     0.1194747E+03     0.2356369E+02
     0.1194685E+03     0.2356001E+02
     0.1194625E+03     0.2355977E+02
     0.1194608E+03     0.2356137E+02
     0.1194630E+03     0.2356482E+02
     0.1194739E+03     0.2357218E+02
     0.1194799E+03     0.2356898E+02
     0.1194834E+03     0.2356990E+02
     0.1194880E+03     0.2357330E+02
     0.1194906E+03     0.2357519E+02
     0.1194943E+03     0.2358231E+02
     0.1194938E+03     0.2358758E+02
     0.1194858E+03     0.2359720E+02
     0.1194871E+03     0.2359972E+02
     0.1194943E+03     0.2359767E+02
     0.1194958E+03     0.2360111E+02
     0.1194965E+03     0.2360708E+02
     0.1194995E+03     0.2361190E+02
     0.1194990E+03     0.2361396E+02
     0.1194928E+03     0.2361716E+02
     0.1194915E+03     0.2362037E+02
     0.1194942E+03     0.2362542E+02
     0.1194942E+03     0.2363459E+02
     0.1195007E+03     0.2364034E+02
     0.1195041E+03     0.2364654E+02
     0.1195086E+03     0.2364700E+02
     0.1195153E+03     0.2364197E+02
     0.1195308E+03     0.2364131E+02
     0.1195345E+03     0.2363879E+02
END
4
     0.1195992E+03     0.2361663E+02
     0.1196068E+03     0.2362024E+02
     0.1196032E+03     0.2361252E+02
     0.1195970E+03     0.2361045E+02
     0.1195943E+03     0.2361319E+02
     0.1195920E+03     0.2361227E+02
     0.1195895E+03     0.2361342E+02
     0.1195893E+03     0.2361617E+02
     0.1195930E+03     0.2361640E+02
     0.1195970E+03     0.2362031E+02
     0.1196027E+03     0.2362146E+02
     0.1196068E+03     0.2362024E+02
END
5
     0.1196249E+03     0.2356547E+02
     0.1195775E+03     0.2355146E+02
     0.1195725E+03     0.2354735E+02
     0.1195655E+03     0.2354688E+02
     0.1195635E+03     0.2355077E+02
     0.1195558E+03     0.2354893E+02
     0.1195511E+03     0.2355396E+02
     0.1195543E+03     0.2355649E+02
     0.1195589E+03     0.2355610E+02
     0.1195675E+03     0.2355537E+02
     0.1195700E+03     0.2355996E+02
     0.1195742E+03     0.2356134E+02
     0.1195759E+03     0.2356409E+02
     0.1195690E+03     0.2356752E+02
     0.1195640E+03     0.2356362E+02
     0.1195538E+03     0.2355993E+02
     0.1195488E+03     0.2356199E+02
     0.1195548E+03     0.2356796E+02
     0.1195585E+03     0.2357485E+02
     0.1195580E+03     0.2357806E+02
     0.1195533E+03     0.2358332E+02
     0.1195558E+03     0.2358470E+02
     0.1195645E+03     0.2358449E+02
     0.1195737E+03     0.2358771E+02
     0.1195746E+03     0.2359459E+02
     0.1195789E+03     0.2358726E+02
     0.1195777E+03     0.2358015E+02
     0.1195811E+03     0.2357924E+02
     0.1195843E+03     0.2357419E+02
     0.1195856E+03     0.2357213E+02
     0.1195886E+03     0.2357145E+02
     0.1195896E+03     0.2357604E+02
     0.1195926E+03     0.2357971E+02
     0.1195923E+03     0.2358361E+02
     0.1195961E+03     0.2358545E+02
     0.1195975E+03     0.2358820E+02
     0.1195933E+03     0.2359921E+02
     0.1195940E+03     0.2360173E+02
     0.1196040E+03     0.2360518E+02
     0.1196115E+03     0.2360175E+02
     0.1196147E+03     0.2360840E+02
     0.1196177E+03     0.2360795E+02
     0.1196194E+03     0.2360589E+02
     0.1196184E+03     0.2359717E+02
     0.1196154E+03     0.2359258E+02
     0.1196175E+03     0.2357974E+02
     0.1196209E+03     0.2358135E+02
     0.1196244E+03     0.2358571E+02
     0.1196254E+03     0.2359512E+02
     0.1196279E+03     0.2359649E+02
     0.1196301E+03     0.2359535E+02
     0.1196317E+03     0.2358982E+02
     0.1196321E+03     0.2358824E+02
     0.1196349E+03     0.2358710E+02
     0.1196426E+03     0.2359330E+02
     0.1196406E+03     0.2359513E+02
     0.1196358E+03     0.2359375E+02
     0.1196346E+03     0.2359604E+02
     0.1196443E+03     0.2361004E+02
     0.1196480E+03     0.2360752E+02
     0.1196488E+03     0.2359904E+02
     0.1196535E+03     0.2359377E+02
     0.1196585E+03     0.2359332E+02
     0.1196617E+03     0.2360043E+02
     0.1196672E+03     0.2359516E+02
     0.1196729E+03     0.2358255E+02
     0.1196727E+03     0.2357360E+02
     0.1196764E+03     0.2356558E+02
     0.1196854E+03     0.2356192E+02
     0.1196847E+03     0.2355562E+02
     0.1196700E+03     0.2355227E+02
     0.1196642E+03     0.2356121E+02
     0.1196590E+03     0.2356190E+02
     0.1196394E+03     0.2355981E+02
     0.1196260E+03     0.2354718E+02
     0.1196182E+03     0.2354488E+02
     0.1196084E+03     0.2353825E+02
     0.1196016E+03     0.2353362E+02
     0.1195979E+03     0.2352582E+02
     0.1195994E+03     0.2352353E+02
     0.1196041E+03     0.2352331E+02
     0.1196049E+03     0.2352147E+02
     0.1196006E+03     0.2351757E+02
     0.1196004E+03     0.2350977E+02
     0.1195984E+03     0.2350885E+02
     0.1195904E+03     0.2351090E+02
     0.1195676E+03     0.2350835E+02
     0.1195633E+03     0.2351018E+02
     0.1195601E+03     0.2352233E+02
     0.1195579E+03     0.2352393E+02
     0.1195457E+03     0.2352460E+02
     0.1195429E+03     0.2352987E+02
     0.1195402E+03     0.2353124E+02
     0.1195382E+03     0.2353651E+02
     0.1195347E+03     0.2353811E+02
     0.1195351E+03     0.2354609E+02
     0.1195352E+03     0.2354683E+02
     0.1195387E+03     0.2355303E+02
     0.1195426E+03     0.2355303E+02
     0.1195439E+03     0.2354547E+02
     0.1195509E+03     0.2353309E+02
     0.1195536E+03     0.2353081E+02
     0.1195578E+03     0.2353402E+02
     0.1195616E+03     0.2353311E+02
     0.1195688E+03     0.2352509E+02
     0.1195703E+03     0.2352555E+02
     0.1195723E+03     0.2353129E+02
     0.1195770E+03     0.2353199E+02
     0.1195849E+03     0.2352810E+02
     0.1195887E+03     0.2352856E+02
     0.1195877E+03     0.2353154E+02
     0.1195887E+03     0.2353567E+02
     0.1195934E+03     0.2354141E+02
     0.1195961E+03     0.2354921E+02
     0.1195954E+03     0.2355242E+02
     0.1195924E+03     0.2355357E+02
     0.1195884E+03     0.2355035E+02
     0.1195842E+03     0.2355470E+02
     0.1195812E+03     0.2355447E+02
     0.1195775E+03     0.2355146E+02
END
6
     0.1195218E+03     0.2349112E+02
     0.1195095E+03     0.2348234E+02
     0.1195035E+03     0.2348325E+02
     0.1195010E+03     0.2348898E+02
     0.1195097E+03     0.2348693E+02
     0.1195146E+03     0.2349152E+02
     0.1195194E+03     0.2349199E+02
     0.1195219E+03     0.2349452E+02
     0.1195315E+03     0.2349797E+02
     0.1195350E+03     0.2349752E+02
     0.1195348E+03     0.2349454E+02
     0.1195303E+03     0.2349155E+02
     0.1195095E+03     0.2348234E+02
END
7
     0.1193178E+03     0.2340487E+02
     0.1193148E+03     0.2339610E+02
     0.1193079E+03     0.2339907E+02
     0.1193079E+03     0.2340044E+02
     0.1193111E+03     0.2340252E+02
     0.1193113E+03     0.2340711E+02
     0.1193170E+03     0.2341171E+02
     0.1193193E+03     0.2340621E+02
     0.1193238E+03     0.2340576E+02
     0.1193250E+03     0.2340370E+02
     0.1193190E+03     0.2340071E+02
     0.1193171E+03     0.2339703E+02
     0.1193148E+03     0.2339610E+02
END
8
     0.1194954E+03     0.2337720E+02
     0.1194851E+03     0.2335361E+02
     0.1194819E+03     0.2335613E+02
     0.1194836E+03     0.2336003E+02
     0.1194906E+03     0.2336693E+02
     0.1194893E+03     0.2337060E+02
     0.1194900E+03     0.2337381E+02
     0.1194868E+03     0.2337908E+02
     0.1194888E+03     0.2338711E+02
     0.1194863E+03     0.2339238E+02
     0.1194865E+03     0.2339559E+02
     0.1194940E+03     0.2339125E+02
     0.1195014E+03     0.2339241E+02
     0.1195022E+03     0.2338622E+02
     0.1195049E+03     0.2338026E+02
     0.1195015E+03     0.2337544E+02
     0.1195027E+03     0.2337292E+02
     0.1195057E+03     0.2337223E+02
     0.1195094E+03     0.2337384E+02
     0.1195119E+03     0.2337087E+02
     0.1195097E+03     0.2336765E+02
     0.1195042E+03     0.2336604E+02
     0.1195020E+03     0.2336236E+02
     0.1195055E+03     0.2335686E+02
     0.1195033E+03     0.2335525E+02
     0.1194970E+03     0.2335639E+02
     0.1194851E+03     0.2335361E+02
END
9
     0.1195253E+03     0.2336824E+02
     0.1195179E+03     0.2336101E+02
     0.1195149E+03     0.2336193E+02
     0.1195127E+03     0.2336513E+02
     0.1195132E+03     0.2336720E+02
     0.1195186E+03     0.2337042E+02
     0.1195248E+03     0.2337112E+02
     0.1195281E+03     0.2337365E+02
     0.1195310E+03     0.2337388E+02
     0.1195360E+03     0.2336884E+02
     0.1195348E+03     0.2336701E+02
     0.1195226E+03     0.2336584E+02
     0.1195179E+03     0.2336101E+02
END
10
     0.1196654E+03     0.2325678E+02
     0.1196671E+03     0.2324467E+02
     0.1196616E+03     0.2324833E+02
     0.1196626E+03     0.2325361E+02
     0.1196571E+03     0.2326003E+02
     0.1196578E+03     0.2326210E+02
     0.1196693E+03     0.2326624E+02
     0.1196730E+03     0.2326005E+02
     0.1196690E+03     0.2325362E+02
     0.1196688E+03     0.2324513E+02
     0.1196671E+03     0.2324467E+02
END
11
     0.1196096E+03     0.2325023E+02
     0.1196100E+03     0.2324392E+02
     0.1196060E+03     0.2324460E+02
     0.1196042E+03     0.2324759E+02
     0.1196035E+03     0.2325378E+02
     0.1196060E+03     0.2325516E+02
     0.1196137E+03     0.2325448E+02
     0.1196164E+03     0.2324737E+02
     0.1196100E+03     0.2324392E+02
END
12
     0.1194248E+03     0.2320895E+02
     0.1194232E+03     0.2319037E+02
     0.1194202E+03     0.2319334E+02
     0.1194163E+03     0.2319173E+02
     0.1194162E+03     0.2319586E+02
     0.1194130E+03     0.2319929E+02
     0.1194160E+03     0.2320343E+02
     0.1194152E+03     0.2320572E+02
     0.1194068E+03     0.2321236E+02
     0.1194077E+03     0.2321649E+02
     0.1194112E+03     0.2321971E+02
     0.1194179E+03     0.2321881E+02
     0.1194241E+03     0.2322203E+02
     0.1194380E+03     0.2322344E+02
     0.1194405E+03     0.2322207E+02
     0.1194415E+03     0.2321771E+02
     0.1194366E+03     0.2320302E+02
     0.1194324E+03     0.2320232E+02
     0.1194269E+03     0.2319795E+02
     0.1194259E+03     0.2319083E+02
     0.1194232E+03     0.2319037E+02
END
13
     0.1201742E+03     0.2374670E+02
     0.1201708E+03     0.2374052E+02
     0.1201705E+03     0.2374671E+02
     0.1201760E+03     0.2375152E+02
     0.1201790E+03     0.2375151E+02
     0.1201773E+03     0.2374762E+02
     0.1201788E+03     0.2374555E+02
     0.1201708E+03     0.2374052E+02
END
14
     0.1201123E+03     0.2333226E+02
     0.1201095E+03     0.2332092E+02
     0.1201108E+03     0.2333400E+02
     0.1201130E+03     0.2334065E+02
     0.1201148E+03     0.2334110E+02
     0.1201132E+03     0.2332413E+02
     0.1201115E+03     0.2332115E+02
     0.1201095E+03     0.2332092E+02
END
15
     0.1201049E+03     0.2330857E+02
     0.1201082E+03     0.2331450E+02
     0.1201070E+03     0.2330808E+02
     0.1201015E+03     0.2330098E+02
     0.1201000E+03     0.2330259E+02
     0.1201030E+03     0.2330923E+02
     0.1201082E+03     0.2331450E+02
END
16
     0.1200869E+03     0.2327682E+02
     0.1200826E+03     0.2325466E+02
     0.1200816E+03     0.2325742E+02
     0.1200841E+03     0.2326361E+02
     0.1200851E+03     0.2328150E+02
     0.1200876E+03     0.2329205E+02
     0.1200898E+03     0.2329411E+02
     0.1200913E+03     0.2329044E+02
     0.1200858E+03     0.2325718E+02
     0.1200826E+03     0.2325466E+02
END
17
     0.1200740E+03     0.2322310E+02
     0.1200753E+03     0.2323426E+02
     0.1200776E+03     0.2323098E+02
     0.1200733E+03     0.2321292E+02
     0.1200703E+03     0.2320879E+02
     0.1200698E+03     0.2321407E+02
     0.1200753E+03     0.2323426E+02
END
18
     0.1214848E+03     0.2265669E+02
     0.1214625E+03     0.2267662E+02
     0.1214756E+03     0.2267880E+02
     0.1214854E+03     0.2267872E+02
     0.1214921E+03     0.2267640E+02
     0.1214981E+03     0.2267805E+02
     0.1215030E+03     0.2267726E+02
     0.1215040E+03     0.2265810E+02
     0.1215015E+03     0.2265053E+02
     0.1214963E+03     0.2264716E+02
     0.1214961E+03     0.2264280E+02
     0.1215029E+03     0.2263137E+02
     0.1215013E+03     0.2262835E+02
     0.1214837E+03     0.2263360E+02
     0.1214738E+03     0.2264525E+02
     0.1214719E+03     0.2264618E+02
     0.1214671E+03     0.2264852E+02
     0.1214678E+03     0.2265326E+02
     0.1214591E+03     0.2267020E+02
     0.1214590E+03     0.2267456E+02
     0.1214625E+03     0.2267662E+02
END
19
     0.1203673E+03     0.2234070E+02
     0.1203507E+03     0.2232242E+02
     0.1203470E+03     0.2232955E+02
     0.1203466E+03     0.2233460E+02
     0.1203527E+03     0.2233734E+02
     0.1203565E+03     0.2234101E+02
     0.1203582E+03     0.2234858E+02
     0.1203641E+03     0.2235201E+02
     0.1203740E+03     0.2235496E+02
     0.1203826E+03     0.2234896E+02
     0.1203816E+03     0.2234277E+02
     0.1203730E+03     0.2233728E+02
     0.1203626E+03     0.2232675E+02
     0.1203549E+03     0.2232264E+02
     0.1203507E+03     0.2232242E+02
END
20
     0.1215336E+03     0.2205106E+02
     0.1215023E+03     0.2208466E+02
     0.1215083E+03     0.2208349E+02
     0.1215299E+03     0.2208481E+02
     0.1215531E+03     0.2208351E+02
     0.1215600E+03     0.2208904E+02
     0.1215668E+03     0.2208526E+02
     0.1215659E+03     0.2207818E+02
     0.1215674E+03     0.2206923E+02
     0.1215713E+03     0.2206211E+02
     0.1215673E+03     0.2206103E+02
     0.1215632E+03     0.2205398E+02
     0.1215639E+03     0.2204429E+02
     0.1215715E+03     0.2203752E+02
     0.1215785E+03     0.2203410E+02
     0.1215910E+03     0.2202804E+02
     0.1215938E+03     0.2202503E+02
     0.1215871E+03     0.2200422E+02
     0.1215831E+03     0.2200239E+02
     0.1215764E+03     0.2200617E+02
     0.1215675E+03     0.2200364E+02
     0.1215639E+03     0.2200478E+02
     0.1215632E+03     0.2201187E+02
     0.1215430E+03     0.2202694E+02
     0.1215305E+03     0.2202555E+02
     0.1215278E+03     0.2202707E+02
     0.1215211E+03     0.2203755E+02
     0.1215157E+03     0.2204027E+02
     0.1215032E+03     0.2204664E+02
     0.1215028E+03     0.2204925E+02
     0.1215060E+03     0.2205519E+02
     0.1215029E+03     0.2206155E+02
     0.1215046E+03     0.2206936E+02
     0.1214951E+03     0.2207913E+02
     0.1214947E+03     0.2208248E+02
     0.1214955E+03     0.2208434E+02
     0.1215023E+03     0.2208466E+02
END
21
     0.1216049E+03     0.2195327E+02
     0.1216026E+03     0.2194696E+02
     0.1216004E+03     0.2194790E+02
     0.1215985E+03     0.2195688E+02
     0.1216059E+03     0.2195819E+02
     0.1216086E+03     0.2195678E+02
     0.1216110E+03     0.2195217E+02
     0.1216103E+03     0.2194942E+02
     0.1216026E+03     0.2194696E+02
END
22
     0.1219477E+03     0.2484101E+02
     0.1219539E+03     0.2483627E+02
     0.1219477E+03     0.2483788E+02
     0.1219390E+03     0.2483767E+02
     0.1219326E+03     0.2484387E+02
     0.1219329E+03     0.2484616E+02
     0.1219400E+03     0.2484579E+02
     0.1219424E+03     0.2485074E+02
     0.1219467E+03     0.2485148E+02
     0.1219535E+03     0.2484881E+02
     0.1219568E+03     0.2484205E+02
     0.1219613E+03     0.2484048E+02
     0.1219576E+03     0.2483681E+02
     0.1219539E+03     0.2483627E+02
END
23
     0.1208336E+03     0.2364215E+02
     0.1216012E+03     0.2394544E+02
     0.1216051E+03     0.2394013E+02
     0.1216039E+03     0.2393831E+02
     0.1216039E+03     0.2393831E+02
     0.1216059E+03     0.2393669E+02
     0.1216056E+03     0.2393585E+02
     0.1216015E+03     0.2392458E+02
     0.1215978E+03     0.2388794E+02
     0.1215920E+03     0.2385842E+02
     0.1215810E+03     0.2383468E+02
     0.1215761E+03     0.2381799E+02
     0.1215734E+03     0.2381450E+02
     0.1215693E+03     0.2380911E+02
     0.1215664E+03     0.2380180E+02
     0.1215656E+03     0.2377521E+02
     0.1215685E+03     0.2375982E+02
     0.1215666E+03     0.2375296E+02
     0.1215580E+03     0.2373654E+02
     0.1215468E+03     0.2372013E+02
     0.1215445E+03     0.2371373E+02
     0.1215445E+03     0.2370869E+02
     0.1215481E+03     0.2369902E+02
     0.1215470E+03     0.2369639E+02
     0.1215430E+03     0.2368646E+02
     0.1215379E+03     0.2365601E+02
     0.1215328E+03     0.2364803E+02
     0.1215308E+03     0.2364025E+02
     0.1215266E+03     0.2362034E+02
     0.1215261E+03     0.2359833E+02
     0.1215194E+03     0.2357397E+02
     0.1215175E+03     0.2356699E+02
     0.1215069E+03     0.2354965E+02
     0.1215037E+03     0.2353363E+02
     0.1214984E+03     0.2352404E+02
     0.1214978E+03     0.2351350E+02
     0.1215004E+03     0.2349857E+02
     0.1215038E+03     0.2349349E+02
     0.1215077E+03     0.2349139E+02
     0.1215079E+03     0.2348749E+02
     0.1215109E+03     0.2348425E+02
     0.1215041E+03     0.2347743E+02
     0.1214945E+03     0.2346100E+02
     0.1214910E+03     0.2343466E+02
     0.1214808E+03     0.2341388E+02
     0.1214777E+03     0.2340037E+02
     0.1214755E+03     0.2339740E+02
     0.1214691E+03     0.2338875E+02
     0.1214675E+03     0.2335756E+02
     0.1214632E+03     0.2334636E+02
     0.1214646E+03     0.2333947E+02
     0.1214574E+03     0.2331613E+02
     0.1214551E+03     0.2331317E+02
     0.1214489E+03     0.2331254E+02
     0.1214427E+03     0.2330755E+02
     0.1214276E+03     0.2328770E+02
     0.1214256E+03     0.2328498E+02
     0.1214219E+03     0.2327033E+02
     0.1214169E+03     0.2326372E+02
     0.1214119E+03     0.2323555E+02
     0.1214158E+03     0.2322840E+02
     0.1214153E+03     0.2322519E+02
     0.1214107E+03     0.2321950E+02
     0.1213975E+03     0.2320998E+02
     0.1213932E+03     0.2320290E+02
     0.1213931E+03     0.2319579E+02
     0.1213996E+03     0.2317439E+02
     0.1214032E+03     0.2316725E+02
     0.1213953E+03     0.2314667E+02
     0.1213968E+03     0.2314275E+02
     0.1213962E+03     0.2313794E+02
     0.1214021E+03     0.2312664E+02
     0.1214058E+03     0.2312524E+02
     0.1214075E+03     0.2312270E+02
     0.1213985E+03     0.2311474E+02
     0.1213918E+03     0.2311687E+02
     0.1213840E+03     0.2310294E+02
     0.1213795E+03     0.2309770E+02
     0.1213666E+03     0.2309804E+02
     0.1213533E+03     0.2308759E+02
     0.1213498E+03     0.2308120E+02
     0.1213517E+03     0.2307636E+02
     0.1213442E+03     0.2306954E+02
     0.1213425E+03     0.2306497E+02
     0.1213421E+03     0.2305602E+02
     0.1213349E+03     0.2303244E+02
     0.1213317E+03     0.2302811E+02
     0.1213294E+03     0.2302102E+02
     0.1213246E+03     0.2301784E+02
     0.1213234E+03     0.2301303E+02
     0.1213204E+03     0.2301053E+02
     0.1213168E+03     0.2300184E+02
     0.1213172E+03     0.2299289E+02
     0.1213074E+03     0.2297461E+02
     0.1212987E+03     0.2296500E+02
     0.1212911E+03     0.2295661E+02
     0.1212839E+03     0.2295529E+02
     0.1212779E+03     0.2294685E+02
     0.1212639E+03     0.2291276E+02
     0.1212426E+03     0.2288263E+02
     0.1212324E+03     0.2287743E+02
     0.1212301E+03     0.2286988E+02
     0.1212274E+03     0.2286714E+02
     0.1212236E+03     0.2286761E+02
     0.1212194E+03     0.2286812E+02
     0.1212095E+03     0.2286522E+02
     0.1212008E+03     0.2286184E+02
     0.1211891E+03     0.2285320E+02
     0.1211863E+03     0.2284887E+02
     0.1211838E+03     0.2283718E+02
     0.1211927E+03     0.2280796E+02
     0.1211923E+03     0.2279878E+02
     0.1211906E+03     0.2279375E+02
     0.1211866E+03     0.2279332E+02
     0.1211809E+03     0.2278762E+02
     0.1211775E+03     0.2277525E+02
     0.1211753E+03     0.2277182E+02
     0.1211685E+03     0.2275879E+02
     0.1211665E+03     0.2275559E+02
     0.1211610E+03     0.2275334E+02
     0.1211281E+03     0.2272259E+02
     0.1211060E+03     0.2271012E+02
     0.1211000E+03     0.2270832E+02
     0.1210834E+03     0.2270224E+02
     0.1210692E+03     0.2269178E+02
     0.1210655E+03     0.2268868E+02
     0.1210595E+03     0.2268358E+02
     0.1210357E+03     0.2267043E+02
     0.1210252E+03     0.2266177E+02
     0.1210154E+03     0.2264416E+02
     0.1210111E+03     0.2263019E+02
     0.1210064E+03     0.2259670E+02
     0.1210006E+03     0.2258618E+02
     0.1209800E+03     0.2256817E+02
     0.1209715E+03     0.2255330E+02
     0.1209604E+03     0.2252077E+02
     0.1209503E+03     0.2249489E+02
     0.1209429E+03     0.2246095E+02
     0.1209414E+03     0.2245984E+02
     0.1209268E+03     0.2242225E+02
     0.1209196E+03     0.2241127E+02
     0.1209002E+03     0.2236041E+02
     0.1208950E+03     0.2235378E+02
     0.1208885E+03     0.2233430E+02
     0.1208875E+03     0.2232557E+02
     0.1208856E+03     0.2230768E+02
     0.1208887E+03     0.2226357E+02
     0.1208939E+03     0.2223254E+02
     0.1208899E+03     0.2222131E+02
     0.1208908E+03     0.2220867E+02
     0.1208889E+03     0.2220072E+02
     0.1208870E+03     0.2219239E+02
     0.1208901E+03     0.2217469E+02
     0.1208858E+03     0.2216484E+02
     0.1208882E+03     0.2215656E+02
     0.1208877E+03     0.2214806E+02
     0.1208906E+03     0.2214712E+02
     0.1208916E+03     0.2214528E+02
     0.1208819E+03     0.2213592E+02
     0.1208802E+03     0.2212996E+02
     0.1208813E+03     0.2212398E+02
     0.1208865E+03     0.2211339E+02
     0.1208921E+03     0.2210738E+02
     0.1208935E+03     0.2210324E+02
     0.1208855E+03     0.2208691E+02
     0.1208848E+03     0.2208538E+02
     0.1208858E+03     0.2206034E+02
     0.1208892E+03     0.2204952E+02
     0.1208938E+03     0.2204145E+02
     0.1208938E+03     0.2203801E+02
     0.1208829E+03     0.2202889E+02
     0.1208792E+03     0.2201811E+02
     0.1208727E+03     0.2201608E+02
     0.1208712E+03     0.2201265E+02
     0.1208722E+03     0.2200782E+02
     0.1208675E+03     0.2200141E+02
     0.1208507E+03     0.2199324E+02
     0.1208430E+03     0.2199214E+02
     0.1208403E+03     0.2199031E+02
     0.1208400E+03     0.2198273E+02
     0.1208357E+03     0.2196301E+02
     0.1208361E+03     0.2195404E+02
     0.1208410E+03     0.2194115E+02
     0.1208486E+03     0.2193039E+02
     0.1208551E+03     0.2192109E+02
     0.1208543E+03     0.2191306E+02
     0.1208582E+03     0.2190568E+02
     0.1208572E+03     0.2190316E+02
     0.1208540E+03     0.2190180E+02
     0.1208479E+03     0.2190207E+02
     0.1208439E+03     0.2190438E+02
     0.1208384E+03     0.2191958E+02
     0.1208312E+03     0.2192031E+02
     0.1208207E+03     0.2193254E+02
     0.1208151E+03     0.2193693E+02
     0.1208058E+03     0.2193790E+02
     0.1207987E+03     0.2194460E+02
     0.1207964E+03     0.2194025E+02
     0.1207942E+03     0.2193934E+02
     0.1207913E+03     0.2194556E+02
     0.1207861E+03     0.2194835E+02
     0.1207756E+03     0.2194932E+02
     0.1207574E+03     0.2196159E+02
     0.1207545E+03     0.2196115E+02
     0.1207408E+03     0.2194835E+02
     0.1207386E+03     0.2193619E+02
     0.1207343E+03     0.2192610E+02
     0.1207299E+03     0.2192153E+02
     0.1207254E+03     0.2191994E+02
     0.1207200E+03     0.2192181E+02
     0.1207102E+03     0.2193334E+02
     0.1207056E+03     0.2193314E+02
     0.1207039E+03     0.2194004E+02
     0.1207057E+03     0.2194915E+02
     0.1207092E+03     0.2196597E+02
     0.1207085E+03     0.2197631E+02
     0.1207061E+03     0.2198390E+02
     0.1206990E+03     0.2199473E+02
     0.1206875E+03     0.2200535E+02
     0.1206814E+03     0.2202054E+02
     0.1206797E+03     0.2202881E+02
     0.1206815E+03     0.2203340E+02
     0.1206919E+03     0.2204277E+02
     0.1206900E+03     0.2205036E+02
     0.1206912E+03     0.2205540E+02
     0.1206976E+03     0.2205927E+02
     0.1207009E+03     0.2206523E+02
     0.1207004E+03     0.2207419E+02
     0.1206953E+03     0.2208386E+02
     0.1206985E+03     0.2208867E+02
     0.1207079E+03     0.2209253E+02
     0.1207107E+03     0.2209596E+02
     0.1207012E+03     0.2212770E+02
     0.1206951E+03     0.2213370E+02
     0.1206929E+03     0.2214520E+02
     0.1206937E+03     0.2215116E+02
     0.1206847E+03     0.2217798E+02
     0.1206787E+03     0.2219579E+02
     0.1206763E+03     0.2221417E+02
     0.1206721E+03     0.2221924E+02
     0.1206634E+03     0.2223651E+02
     0.1206469E+03     0.2224967E+02
     0.1206450E+03     0.2225428E+02
     0.1206449E+03     0.2225513E+02
     0.1206443E+03     0.2226737E+02
     0.1206380E+03     0.2228692E+02
     0.1206355E+03     0.2229037E+02
     0.1206356E+03     0.2230094E+02
     0.1206197E+03     0.2232351E+02
     0.1206126E+03     0.2233112E+02
     0.1206039E+03     0.2233414E+02
     0.1205953E+03     0.2234245E+02
     0.1205912E+03     0.2235578E+02
     0.1205873E+03     0.2236269E+02
     0.1205819E+03     0.2236937E+02
     0.1205691E+03     0.2238067E+02
     0.1205543E+03     0.2238785E+02
     0.1205388E+03     0.2239824E+02
     0.1205179E+03     0.2240820E+02
     0.1205179E+03     0.2240820E+02
     0.1205125E+03     0.2241006E+02
     0.1205071E+03     0.2241398E+02
     0.1205031E+03     0.2241560E+02
     0.1205031E+03     0.2241560E+02
     0.1205002E+03     0.2241722E+02
     0.1204940E+03     0.2242091E+02
     0.1204869E+03     0.2242462E+02
     0.1204622E+03     0.2243504E+02
     0.1204511E+03     0.2244472E+02
     0.1204563E+03     0.2244447E+02
     0.1204785E+03     0.2243337E+02
     0.1204820E+03     0.2243405E+02
     0.1204839E+03     0.2243749E+02
     0.1204827E+03     0.2244048E+02
     0.1204741E+03     0.2244831E+02
     0.1204655E+03     0.2245317E+02
     0.1204586E+03     0.2245112E+02
     0.1204541E+03     0.2245252E+02
     0.1204477E+03     0.2244795E+02
     0.1204437E+03     0.2244888E+02
     0.1204399E+03     0.2245288E+02
     0.1204354E+03     0.2245763E+02
     0.1204327E+03     0.2246269E+02
     0.1204372E+03     0.2246492E+02
     0.1204372E+03     0.2246492E+02
     0.1204387E+03     0.2246956E+02
     0.1204387E+03     0.2246956E+02
     0.1204344E+03     0.2246889E+02
     0.1204317E+03     0.2247349E+02
     0.1204283E+03     0.2248590E+02
     0.1204258E+03     0.2248085E+02
     0.1204224E+03     0.2248133E+02
     0.1204204E+03     0.2248983E+02
     0.1204162E+03     0.2248915E+02
     0.1204148E+03     0.2249030E+02
     0.1204148E+03     0.2249030E+02
     0.1204106E+03     0.2249468E+02
     0.1204106E+03     0.2249468E+02
     0.1204120E+03     0.2248411E+02
     0.1204098E+03     0.2247976E+02
     0.1204068E+03     0.2248160E+02
     0.1203969E+03     0.2249811E+02
     0.1203955E+03     0.2250047E+02
     0.1203879E+03     0.2250348E+02
     0.1203871E+03     0.2250210E+02
     0.1203898E+03     0.2248809E+02
     0.1204034E+03     0.2248001E+02
     0.1204056E+03     0.2247587E+02
     0.1204033E+03     0.2247381E+02
     0.1203834E+03     0.2248443E+02
     0.1203728E+03     0.2249411E+02
     0.1203580E+03     0.2250334E+02
     0.1203513E+03     0.2250106E+02
     0.1203498E+03     0.2250451E+02
     0.1203504E+03     0.2250910E+02
     0.1203457E+03     0.2251531E+02
     0.1203429E+03     0.2251741E+02
     0.1203233E+03     0.2253236E+02
     0.1203009E+03     0.2255814E+02
     0.1202952E+03     0.2256274E+02
     0.1202730E+03     0.2259379E+02
     0.1202659E+03     0.2260161E+02
     0.1202577E+03     0.2260669E+02
     0.1202637E+03     0.2260874E+02
     0.1202637E+03     0.2260874E+02
     0.1202610E+03     0.2261333E+02
     0.1202610E+03     0.2261333E+02
     0.1202578E+03     0.2261839E+02
     0.1202576E+03     0.2262057E+02
     0.1202573E+03     0.2262390E+02
     0.1202494E+03     0.2263379E+02
     0.1202462E+03     0.2264115E+02
     0.1202435E+03     0.2265401E+02
     0.1202443E+03     0.2266043E+02
     0.1202468E+03     0.2266548E+02
     0.1202572E+03     0.2267624E+02
     0.1202575E+03     0.2269025E+02
     0.1202595E+03     0.2268818E+02
     0.1202607E+03     0.2268037E+02
     0.1202636E+03     0.2267921E+02
     0.1202659E+03     0.2268219E+02
     0.1202636E+03     0.2268587E+02
     0.1202666E+03     0.2268885E+02
     0.1202652E+03     0.2269184E+02
     0.1202669E+03     0.2269528E+02
     0.1202617E+03     0.2270263E+02
     0.1202610E+03     0.2270745E+02
     0.1202590E+03     0.2270953E+02
     0.1202565E+03     0.2270724E+02
     0.1202590E+03     0.2269874E+02
     0.1202560E+03     0.2269392E+02
     0.1202491E+03     0.2271598E+02
     0.1202290E+03     0.2275550E+02
     0.1202095E+03     0.2280191E+02
     0.1201977E+03     0.2282627E+02
     0.1201911E+03     0.2284648E+02
     0.1201886E+03     0.2284993E+02
     0.1201790E+03     0.2288483E+02
     0.1201692E+03     0.2290734E+02
     0.1201704E+03     0.2291262E+02
     0.1201672E+03     0.2291951E+02
     0.1201690E+03     0.2292892E+02
     0.1201619E+03     0.2295218E+02
     0.1201544E+03     0.2297025E+02
     0.1201451E+03     0.2298381E+02
     0.1201290E+03     0.2299921E+02
     0.1201176E+03     0.2300451E+02
     0.1201144E+03     0.2301300E+02
     0.1201144E+03     0.2301300E+02
     0.1201117E+03     0.2301232E+02
     0.1201117E+03     0.2301232E+02
     0.1201084E+03     0.2301209E+02
     0.1200963E+03     0.2302060E+02
     0.1200820E+03     0.2303393E+02
     0.1200646E+03     0.2304268E+02
     0.1200547E+03     0.2304493E+02
     0.1200515E+03     0.2304568E+02
     0.1200475E+03     0.2304844E+02
     0.1200542E+03     0.2305669E+02
     0.1200666E+03     0.2306080E+02
     0.1200842E+03     0.2306697E+02
     0.1200912E+03     0.2307247E+02
     0.1200921E+03     0.2307250E+02
     0.1200931E+03     0.2307744E+02
     0.1200773E+03     0.2306905E+02
     0.1200590E+03     0.2306563E+02
     0.1200600E+03     0.2308123E+02
     0.1200600E+03     0.2308123E+02
     0.1200605E+03     0.2308399E+02
     0.1200605E+03     0.2308399E+02
     0.1200590E+03     0.2309133E+02
     0.1200622E+03     0.2310234E+02
     0.1200622E+03     0.2310234E+02
     0.1200642E+03     0.2310739E+02
     0.1200642E+03     0.2310739E+02
     0.1200642E+03     0.2311289E+02
     0.1200687E+03     0.2311725E+02
     0.1200742E+03     0.2311793E+02
     0.1200804E+03     0.2311884E+02
     0.1200873E+03     0.2311608E+02
     0.1200878E+03     0.2312548E+02
     0.1200809E+03     0.2312893E+02
     0.1200781E+03     0.2313146E+02
     0.1200769E+03     0.2314041E+02
     0.1200740E+03     0.2314409E+02
     0.1200705E+03     0.2314409E+02
     0.1200703E+03     0.2314597E+02
     0.1200688E+03     0.2316658E+02
     0.1200698E+03     0.2317071E+02
     0.1200837E+03     0.2317184E+02
     0.1200859E+03     0.2317344E+02
     0.1200854E+03     0.2317619E+02
     0.1200830E+03     0.2318606E+02
     0.1200787E+03     0.2319135E+02
     0.1200832E+03     0.2319730E+02
     0.1200852E+03     0.2321359E+02
     0.1200880E+03     0.2322070E+02
     0.1200897E+03     0.2322185E+02
     0.1201180E+03     0.2322547E+02
     0.1201116E+03     0.2322961E+02
     0.1200905E+03     0.2322850E+02
     0.1200863E+03     0.2323217E+02
     0.1200863E+03     0.2323424E+02
     0.1200920E+03     0.2324846E+02
     0.1200952E+03     0.2324914E+02
     0.1201017E+03     0.2325486E+02
     0.1200987E+03     0.2326106E+02
     0.1201010E+03     0.2326680E+02
     0.1201059E+03     0.2327023E+02
     0.1201087E+03     0.2327619E+02
     0.1201164E+03     0.2328054E+02
     0.1201171E+03     0.2328283E+02
     0.1201139E+03     0.2328949E+02
     0.1201147E+03     0.2329270E+02
     0.1201174E+03     0.2329453E+02
     0.1201127E+03     0.2329958E+02
     0.1201105E+03     0.2330532E+02
     0.1201122E+03     0.2331151E+02
     0.1201167E+03     0.2331334E+02
     0.1201199E+03     0.2332091E+02
     0.1201222E+03     0.2332228E+02
     0.1201286E+03     0.2331952E+02
     0.1201309E+03     0.2332020E+02
     0.1201408E+03     0.2331514E+02
     0.1201443E+03     0.2331536E+02
     0.1201368E+03     0.2332111E+02
     0.1201264E+03     0.2333374E+02
     0.1201248E+03     0.2333524E+02
     0.1201205E+03     0.2333926E+02
     0.1201197E+03     0.2334362E+02
     0.1201260E+03     0.2335508E+02
     0.1201302E+03     0.2336769E+02
     0.1201325E+03     0.2338947E+02
     0.1201350E+03     0.2339131E+02
     0.1201372E+03     0.2338947E+02
     0.1201334E+03     0.2336562E+02
     0.1201419E+03     0.2336698E+02
     0.1201449E+03     0.2336445E+02
     0.1201471E+03     0.2336559E+02
     0.1201471E+03     0.2337018E+02
     0.1201491E+03     0.2337454E+02
     0.1201486E+03     0.2337637E+02
     0.1201541E+03     0.2339150E+02
     0.1201534E+03     0.2339380E+02
     0.1201499E+03     0.2340436E+02
     0.1201442E+03     0.2340459E+02
     0.1201415E+03     0.2340666E+02
     0.1201405E+03     0.2341171E+02
     0.1201420E+03     0.2341469E+02
     0.1201410E+03     0.2341882E+02
     0.1201457E+03     0.2342638E+02
     0.1201410E+03     0.2342800E+02
     0.1201373E+03     0.2343397E+02
     0.1201435E+03     0.2344543E+02
     0.1201483E+03     0.2344633E+02
     0.1201502E+03     0.2344794E+02
     0.1201530E+03     0.2344770E+02
     0.1201530E+03     0.2344770E+02
     0.1201550E+03     0.2345297E+02
     0.1201550E+03     0.2345297E+02
     0.1201478E+03     0.2345620E+02
     0.1201463E+03     0.2345482E+02
     0.1201386E+03     0.2345415E+02
     0.1201356E+03     0.2345760E+02
     0.1201376E+03     0.2346355E+02
     0.1201359E+03     0.2347044E+02
     0.1201406E+03     0.2347502E+02
     0.1201439E+03     0.2348786E+02
     0.1201558E+03     0.2348898E+02
     0.1201573E+03     0.2349036E+02
     0.1201488E+03     0.2349335E+02
     0.1201409E+03     0.2350071E+02
     0.1201377E+03     0.2350805E+02
     0.1201375E+03     0.2351356E+02
     0.1201409E+03     0.2351607E+02
     0.1201591E+03     0.2351650E+02
     0.1201541E+03     0.2352064E+02
     0.1201412E+03     0.2351974E+02
     0.1201400E+03     0.2352295E+02
     0.1201440E+03     0.2352937E+02
     0.1201392E+03     0.2353374E+02
     0.1201390E+03     0.2353809E+02
     0.1201460E+03     0.2353762E+02
     0.1201485E+03     0.2354404E+02
     0.1201425E+03     0.2354268E+02
     0.1201380E+03     0.2354566E+02
     0.1201325E+03     0.2354659E+02
     0.1201306E+03     0.2355118E+02
     0.1201326E+03     0.2356127E+02
     0.1201323E+03     0.2357090E+02
     0.1201289E+03     0.2359338E+02
     0.1201267E+03     0.2360898E+02
     0.1201230E+03     0.2360417E+02
     0.1201210E+03     0.2360624E+02
     0.1201260E+03     0.2361609E+02
     0.1201291E+03     0.2362427E+02
     0.1201485E+03     0.2367498E+02
     0.1201545E+03     0.2368575E+02
     0.1201679E+03     0.2369994E+02
     0.1201719E+03     0.2370039E+02
     0.1201732E+03     0.2369833E+02
     0.1201732E+03     0.2369053E+02
     0.1201791E+03     0.2369534E+02
     0.1201834E+03     0.2368914E+02
     0.1201898E+03     0.2368762E+02
     0.1201949E+03     0.2368271E+02
     0.1201933E+03     0.2368707E+02
     0.1201789E+03     0.2370267E+02
     0.1201787E+03     0.2370932E+02
     0.1201827E+03     0.2371986E+02
     0.1201827E+03     0.2372927E+02
     0.1201862E+03     0.2374439E+02
     0.1201900E+03     0.2375287E+02
     0.1201940E+03     0.2375676E+02
     0.1201935E+03     0.2375951E+02
     0.1201875E+03     0.2375815E+02
     0.1201855E+03     0.2375953E+02
     0.1201878E+03     0.2376365E+02
     0.1202073E+03     0.2378883E+02
     0.1202122E+03     0.2379317E+02
     0.1202185E+03     0.2379591E+02
     0.1202152E+03     0.2379844E+02
     0.1202165E+03     0.2380165E+02
     0.1202332E+03     0.2381973E+02
     0.1202362E+03     0.2381995E+02
     0.1202362E+03     0.2381995E+02
     0.1202470E+03     0.2383024E+02
     0.1202617E+03     0.2384878E+02
     0.1202617E+03     0.2384878E+02
     0.1202602E+03     0.2385268E+02
     0.1202628E+03     0.2386115E+02
     0.1202675E+03     0.2386848E+02
     0.1202780E+03     0.2387579E+02
     0.1202810E+03     0.2388014E+02
     0.1202843E+03     0.2389090E+02
     0.1202938E+03     0.2390349E+02
     0.1203036E+03     0.2392547E+02
     0.1203073E+03     0.2393165E+02
     0.1203128E+03     0.2393553E+02
     0.1203249E+03     0.2396186E+02
     0.1203337E+03     0.2397490E+02
     0.1203412E+03     0.2399322E+02
     0.1203419E+03     0.2400000E+02
     0.1203464E+03     0.2400000E+02
     0.1203482E+03     0.2400847E+02
     0.1203517E+03     0.2401510E+02
     0.1203581E+03     0.2402108E+02
     0.1203646E+03     0.2403226E+02
     0.1203696E+03     0.2403283E+02
     0.1203734E+03     0.2404092E+02
     0.1203830E+03     0.2404415E+02
     0.1203938E+03     0.2405257E+02
     0.1203985E+03     0.2405085E+02
     0.1204032E+03     0.2406247E+02
     0.1204099E+03     0.2407324E+02
     0.1204178E+03     0.2408128E+02
     0.1204267E+03     0.2408555E+02
     0.1204292E+03     0.2408761E+02
     0.1204300E+03     0.2409532E+02
     0.1204326E+03     0.2409862E+02
     0.1204319E+03     0.2410072E+02
     0.1204271E+03     0.2409890E+02
     0.1204270E+03     0.2410433E+02
     0.1204339E+03     0.2412531E+02
     0.1204319E+03     0.2412951E+02
     0.1204437E+03     0.2414564E+02
     0.1204430E+03     0.2414815E+02
     0.1204477E+03     0.2415393E+02
     0.1204802E+03     0.2418499E+02
     0.1204853E+03     0.2418977E+02
     0.1204941E+03     0.2418987E+02
     0.1205027E+03     0.2418349E+02
     0.1205079E+03     0.2418322E+02
     0.1205101E+03     0.2418152E+02
     0.1205152E+03     0.2417186E+02
     0.1205180E+03     0.2417161E+02
     0.1205116E+03     0.2418797E+02
     0.1205060E+03     0.2419284E+02
     0.1204943E+03     0.2419842E+02
     0.1204850E+03     0.2420083E+02
     0.1204841E+03     0.2420335E+02
     0.1204967E+03     0.2422343E+02
     0.1205015E+03     0.2422691E+02
     0.1205106E+03     0.2424474E+02
     0.1205157E+03     0.2425093E+02
     0.1205221E+03     0.2426421E+02
     0.1205199E+03     0.2427116E+02
     0.1205197E+03     0.2427175E+02
     0.1205251E+03     0.2428691E+02
     0.1205308E+03     0.2428433E+02
     0.1205355E+03     0.2429158E+02
     0.1205407E+03     0.2429485E+02
     0.1205407E+03     0.2430612E+02
     0.1205427E+03     0.2431632E+02
     0.1205472E+03     0.2432899E+02
     0.1205551E+03     0.2433827E+02
     0.1205559E+03     0.2434640E+02
     0.1205594E+03     0.2435324E+02
     0.1205663E+03     0.2435732E+02
     0.1205766E+03     0.2437263E+02
     0.1205770E+03     0.2438369E+02
     0.1205821E+03     0.2439009E+02
     0.1205852E+03     0.2439839E+02
     0.1205886E+03     0.2440002E+02
     0.1205993E+03     0.2440092E+02
     0.1205969E+03     0.2440700E+02
     0.1205966E+03     0.2441368E+02
     0.1205982E+03     0.2441784E+02
     0.1206005E+03     0.2441989E+02
     0.1206058E+03     0.2442045E+02
     0.1206125E+03     0.2442933E+02
     0.1206135E+03     0.2443620E+02
     0.1206168E+03     0.2443699E+02
     0.1206212E+03     0.2444173E+02
     0.1206250E+03     0.2444231E+02
     0.1206337E+03     0.2445429E+02
     0.1206480E+03     0.2446495E+02
     0.1206546E+03     0.2447863E+02
     0.1206671E+03     0.2449286E+02
     0.1206687E+03     0.2449830E+02
     0.1206720E+03     0.2450990E+02
     0.1206814E+03     0.2452939E+02
     0.1206852E+03     0.2455000E+02
     0.1207007E+03     0.2457963E+02
     0.1207025E+03     0.2458754E+02
     0.1207097E+03     0.2459975E+02
     0.1207186E+03     0.2461110E+02
     0.1207216E+03     0.2461260E+02
     0.1207300E+03     0.2461261E+02
     0.1207401E+03     0.2461476E+02
     0.1207477E+03     0.2461632E+02
     0.1207602E+03     0.2461467E+02
     0.1207653E+03     0.2461585E+02
     0.1207567E+03     0.2462266E+02
     0.1207547E+03     0.2462895E+02
     0.1207520E+03     0.2462878E+02
     0.1207507E+03     0.2463318E+02
     0.1207578E+03     0.2464748E+02
     0.1207645E+03     0.2464926E+02
     0.1207688E+03     0.2465233E+02
     0.1207759E+03     0.2466371E+02
     0.1207936E+03     0.2466970E+02
     0.1208240E+03     0.2467029E+02
     0.1208382E+03     0.2466360E+02
     0.1208408E+03     0.2466367E+02
     0.1208579E+03     0.2466413E+02
     0.1208605E+03     0.2466827E+02
     0.1208534E+03     0.2467047E+02
     0.1208494E+03     0.2467059E+02
     0.1208397E+03     0.2467089E+02
     0.1208369E+03     0.2467552E+02
     0.1208318E+03     0.2467414E+02
     0.1208289E+03     0.2467794E+02
     0.1208259E+03     0.2467757E+02
     0.1208378E+03     0.2469158E+02
     0.1208515E+03     0.2470285E+02
     0.1208543E+03     0.2470782E+02
     0.1208581E+03     0.2472593E+02
     0.1208614E+03     0.2473130E+02
     0.1208723E+03     0.2473990E+02
     0.1208783E+03     0.2474211E+02
     0.1208819E+03     0.2473996E+02
     0.1208884E+03     0.2474487E+02
     0.1208932E+03     0.2474563E+02
     0.1208958E+03     0.2474893E+02
     0.1209016E+03     0.2476596E+02
     0.1209048E+03     0.2476966E+02
     0.1209111E+03     0.2479796E+02
     0.1209137E+03     0.2480126E+02
     0.1209176E+03     0.2480266E+02
     0.1209140E+03     0.2481754E+02
     0.1209143E+03     0.2482526E+02
     0.1209112E+03     0.2482698E+02
     0.1209101E+03     0.2483055E+02
     0.1209139E+03     0.2483926E+02
     0.1209204E+03     0.2484583E+02
     0.1209243E+03     0.2484619E+02
     0.1209291E+03     0.2484319E+02
     0.1209350E+03     0.2484330E+02
     0.1209360E+03     0.2484663E+02
     0.1209347E+03     0.2485103E+02
     0.1209407E+03     0.2485219E+02
     0.1209437E+03     0.2485611E+02
     0.1209398E+03     0.2486348E+02
     0.1209433E+03     0.2487157E+02
     0.1209432E+03     0.2487616E+02
     0.1209459E+03     0.2488426E+02
     0.1209523E+03     0.2489585E+02
     0.1209546E+03     0.2489790E+02
     0.1209623E+03     0.2490446E+02
     0.1209703E+03     0.2490391E+02
     0.1209728E+03     0.2490575E+02
     0.1209703E+03     0.2490788E+02
     0.1209617E+03     0.2491032E+02
     0.1209653E+03     0.2492007E+02
     0.1209677E+03     0.2492421E+02
     0.1209763E+03     0.2493221E+02
     0.1209835E+03     0.2493627E+02
     0.1209815E+03     0.2494027E+02
     0.1209832E+03     0.2494463E+02
     0.1209957E+03     0.2495340E+02
     0.1209995E+03     0.2495919E+02
     0.1210058E+03     0.2496430E+02
     0.1210158E+03     0.2498565E+02
     0.1210145E+03     0.2498796E+02
     0.1210155E+03     0.2499338E+02
     0.1210142E+03     0.2499820E+02
     0.1210148E+03     0.2500000E+02
     0.1210164E+03     0.2500547E+02
     0.1210282E+03     0.2502177E+02
     0.1210401E+03     0.2503411E+02
     0.1210434E+03     0.2503592E+02
     0.1210506E+03     0.2503999E+02
     0.1210679E+03     0.2504700E+02
     0.1210890E+03     0.2506168E+02
     0.1211017E+03     0.2506605E+02
     0.1211129E+03     0.2507213E+02
     0.1211276E+03     0.2507417E+02
     0.1211511E+03     0.2508190E+02
     0.1211611E+03     0.2508736E+02
     0.1211648E+03     0.2508813E+02
     0.1211668E+03     0.2508664E+02
     0.1211804E+03     0.2509788E+02
     0.1212021E+03     0.2510480E+02
     0.1212109E+03     0.2510966E+02
     0.1212402E+03     0.2511978E+02
     0.1212572E+03     0.2512155E+02
     0.1212744E+03     0.2511810E+02
     0.1212842E+03     0.2511834E+02
     0.1212922E+03     0.2512487E+02
     0.1212993E+03     0.2512620E+02
     0.1213172E+03     0.2512566E+02
     0.1213337E+03     0.2512702E+02
     0.1213521E+03     0.2513628E+02
     0.1213729E+03     0.2514319E+02
     0.1213880E+03     0.2515250E+02
     0.1214076E+03     0.2516925E+02
     0.1214076E+03     0.2516925E+02
     0.1214108E+03     0.2517754E+02
     0.1214108E+03     0.2517754E+02
     0.1214011E+03     0.2518483E+02
     0.1214128E+03     0.2519296E+02
     0.1214195E+03     0.2520786E+02
     0.1214303E+03     0.2521747E+02
     0.1214375E+03     0.2523153E+02
     0.1214372E+03     0.2523634E+02
     0.1214449E+03     0.2525248E+02
     0.1214559E+03     0.2524955E+02
     0.1214669E+03     0.2525957E+02
     0.1214685E+03     0.2526446E+02
     0.1214701E+03     0.2526953E+02
     0.1215024E+03     0.2528475E+02
     0.1215053E+03     0.2528846E+02
     0.1215141E+03     0.2528493E+02
     0.1215215E+03     0.2528729E+02
     0.1215285E+03     0.2529070E+02
     0.1215279E+03     0.2529364E+02
     0.1215294E+03     0.2529674E+02
     0.1215321E+03     0.2529710E+02
     0.1215462E+03     0.2529201E+02
     0.1215502E+03     0.2529381E+02
     0.1215573E+03     0.2529283E+02
     0.1215673E+03     0.2529826E+02
     0.1215730E+03     0.2529772E+02
     0.1215789E+03     0.2529301E+02
     0.1215832E+03     0.2529271E+02
     0.1215917E+03     0.2529065E+02
     0.1216002E+03     0.2528233E+02
     0.1216089E+03     0.2527964E+02
     0.1216237E+03     0.2526617E+02
     0.1216283E+03     0.2525793E+02
     0.1216318E+03     0.2524401E+02
     0.1216339E+03     0.2523546E+02
     0.1216380E+03     0.2523161E+02
     0.1216463E+03     0.2523310E+02
     0.1216485E+03     0.2523076E+02
     0.1216465E+03     0.2522307E+02
     0.1216553E+03     0.2520952E+02
     0.1216671E+03     0.2520383E+02
     0.1216740E+03     0.2520306E+02
     0.1216776E+03     0.2520821E+02
     0.1216831E+03     0.2520830E+02
     0.1216908E+03     0.2521544E+02
     0.1216948E+03     0.2521703E+02
     0.1216959E+03     0.2521491E+02
     0.1216871E+03     0.2520466E+02
     0.1216886E+03     0.2520045E+02
     0.1216820E+03     0.2519161E+02
     0.1216835E+03     0.2518824E+02
     0.1216925E+03     0.2518136E+02
     0.1217045E+03     0.2517546E+02
     0.1217057E+03     0.2516729E+02
     0.1217079E+03     0.2516578E+02
     0.1217178E+03     0.2516786E+02
     0.1217268E+03     0.2516098E+02
     0.1217308E+03     0.2516152E+02
     0.1217346E+03     0.2515851E+02
     0.1217428E+03     0.2515749E+02
     0.1217415E+03     0.2515063E+02
     0.1217457E+03     0.2514594E+02
     0.1217448E+03     0.2514388E+02
     0.1217406E+03     0.2514209E+02
     0.1217361E+03     0.2514469E+02
     0.1217348E+03     0.2513281E+02
     0.1217419E+03     0.2513872E+02
     0.1217537E+03     0.2514263E+02
     0.1217569E+03     0.2515008E+02
     0.1217608E+03     0.2515376E+02
     0.1217565E+03     0.2515510E+02
     0.1217563E+03     0.2515636E+02
     0.1217622E+03     0.2516145E+02
     0.1217682E+03     0.2516090E+02
     0.1217697E+03     0.2515857E+02
     0.1217682E+03     0.2515505E+02
     0.1217755E+03     0.2515259E+02
     0.1217851E+03     0.2514340E+02
     0.1217883E+03     0.2514207E+02
     0.1217906E+03     0.2514286E+02
     0.1217914E+03     0.2514681E+02
     0.1217969E+03     0.2514606E+02
     0.1217997E+03     0.2513869E+02
     0.1218030E+03     0.2513589E+02
     0.1218143E+03     0.2513564E+02
     0.1218172E+03     0.2512513E+02
     0.1218243E+03     0.2512456E+02
     0.1218279E+03     0.2512970E+02
     0.1218325E+03     0.2513231E+02
     0.1218364E+03     0.2513254E+02
     0.1218376E+03     0.2513261E+02
     0.1218515E+03     0.2512979E+02
     0.1218592E+03     0.2512481E+02
     0.1218666E+03     0.2512631E+02
     0.1218780E+03     0.2512542E+02
     0.1218862E+03     0.2512189E+02
     0.1219085E+03     0.2512430E+02
     0.1219123E+03     0.2512818E+02
     0.1219155E+03     0.2512748E+02
     0.1219149E+03     0.2512248E+02
     0.1219101E+03     0.2511778E+02
     0.1219121E+03     0.2511481E+02
     0.1219176E+03     0.2511489E+02
     0.1219172E+03     0.2510718E+02
     0.1219141E+03     0.2510244E+02
     0.1219149E+03     0.2509908E+02
     0.1219118E+03     0.2508664E+02
     0.1219116E+03     0.2508579E+02
     0.1219130E+03     0.2507949E+02
     0.1219196E+03     0.2506827E+02
     0.1219251E+03     0.2506334E+02
     0.1219234E+03     0.2505878E+02
     0.1219262E+03     0.2505036E+02
     0.1219270E+03     0.2503969E+02
     0.1219311E+03     0.2503061E+02
     0.1219372E+03     0.2502629E+02
     0.1219329E+03     0.2502222E+02
     0.1219377E+03     0.2502064E+02
     0.1219477E+03     0.2502417E+02
     0.1219532E+03     0.2502425E+02
     0.1219673E+03     0.2502788E+02
     0.1219734E+03     0.2502690E+02
     0.1219809E+03     0.2502317E+02
     0.1219850E+03     0.2501556E+02
     0.1219878E+03     0.2501591E+02
     0.1219918E+03     0.2501916E+02
     0.1219996E+03     0.2501416E+02
     0.1220004E+03     0.2501018E+02
     0.1219988E+03     0.2500729E+02
     0.1219946E+03     0.2500489E+02
     0.1219886E+03     0.2500357E+02
     0.1219850E+03     0.2500000E+02
     0.1219765E+03     0.2499153E+02
     0.1219715E+03     0.2498977E+02
     0.1219614E+03     0.2498228E+02
     0.1219564E+03     0.2498080E+02
     0.1219450E+03     0.2497745E+02
     0.1219251E+03     0.2496914E+02
     0.1219192E+03     0.2496385E+02
     0.1219127E+03     0.2495126E+02
     0.1219059E+03     0.2494829E+02
     0.1218979E+03     0.2494054E+02
     0.1218868E+03     0.2493703E+02
     0.1218831E+03     0.2493378E+02
     0.1218784E+03     0.2492178E+02
     0.1218785E+03     0.2491801E+02
     0.1218662E+03     0.2490263E+02
     0.1218616E+03     0.2489924E+02
     0.1218473E+03     0.2488866E+02
     0.1218408E+03     0.2487753E+02
     0.1218309E+03     0.2486585E+02
     0.1218275E+03     0.2485945E+02
     0.1218204E+03     0.2483497E+02
     0.1218145E+03     0.2481067E+02
     0.1218124E+03     0.2479193E+02
     0.1218122E+03     0.2478615E+02
     0.1218115E+03     0.2476626E+02
     0.1218155E+03     0.2474467E+02
     0.1218239E+03     0.2472318E+02
     0.1218242E+03     0.2471900E+02
     0.1218164E+03     0.2471729E+02
     0.1218182E+03     0.2471558E+02
     0.1218211E+03     0.2471494E+02
     0.1218255E+03     0.2471396E+02
     0.1218274E+03     0.2471161E+02
     0.1218266E+03     0.2470683E+02
     0.1218299E+03     0.2470133E+02
     0.1218350E+03     0.2466091E+02
     0.1218384E+03     0.2464977E+02
     0.1218457E+03     0.2463415E+02
     0.1218529E+03     0.2462230E+02
     0.1218607E+03     0.2461335E+02
     0.1218665E+03     0.2461008E+02
     0.1218743E+03     0.2460810E+02
     0.1218774E+03     0.2460733E+02
     0.1218783E+03     0.2460584E+02
     0.1218775E+03     0.2460336E+02
     0.1218575E+03     0.2460653E+02
     0.1218539E+03     0.2460077E+02
     0.1218550E+03     0.2459135E+02
     0.1218570E+03     0.2458838E+02
     0.1218608E+03     0.2458537E+02
     0.1218641E+03     0.2458780E+02
     0.1218677E+03     0.2458709E+02
     0.1218692E+03     0.2458330E+02
     0.1218655E+03     0.2458046E+02
     0.1218645E+03     0.2457631E+02
     0.1218666E+03     0.2453659E+02
     0.1218644E+03     0.2453267E+02
     0.1218513E+03     0.2453005E+02
     0.1218357E+03     0.2452394E+02
     0.1218326E+03     0.2451962E+02
     0.1218317E+03     0.2451150E+02
     0.1218329E+03     0.2450417E+02
     0.1218398E+03     0.2449858E+02
     0.1218447E+03     0.2448741E+02
     0.1218518E+03     0.2448599E+02
     0.1218526E+03     0.2448347E+02
     0.1218503E+03     0.2448144E+02
     0.1218423E+03     0.2448037E+02
     0.1218335E+03     0.2447660E+02
     0.1218151E+03     0.2446282E+02
     0.1218121E+03     0.2445329E+02
     0.1218062E+03     0.2444611E+02
     0.1217964E+03     0.2443600E+02
     0.1217947E+03     0.2443427E+02
     0.1217880E+03     0.2441981E+02
     0.1217844E+03     0.2440402E+02
     0.1217827E+03     0.2438569E+02
     0.1217767E+03     0.2436516E+02
     0.1217659E+03     0.2434119E+02
     0.1217663E+03     0.2432448E+02
     0.1217640E+03     0.2431514E+02
     0.1217649E+03     0.2431241E+02
     0.1217629E+03     0.2430556E+02
     0.1217617E+03     0.2430361E+02
     0.1217598E+03     0.2430062E+02
     0.1217454E+03     0.2428821E+02
     0.1217430E+03     0.2428409E+02
     0.1217385E+03     0.2426206E+02
     0.1217287E+03     0.2425101E+02
     0.1217229E+03     0.2424676E+02
     0.1217124E+03     0.2424511E+02
     0.1217084E+03     0.2424207E+02
     0.1217008E+03     0.2422762E+02
     0.1216767E+03     0.2421428E+02
     0.1216740E+03     0.2421276E+02
     0.1216630E+03     0.2420131E+02
     0.1216496E+03     0.2417530E+02
     0.1216574E+03     0.2415698E+02
     0.1216590E+03     0.2414860E+02
     0.1216518E+03     0.2412559E+02
     0.1216485E+03     0.2412107E+02
     0.1216310E+03     0.2410662E+02
     0.1216195E+03     0.2409707E+02
     0.1216091E+03     0.2408018E+02
     0.1216076E+03     0.2407416E+02
     0.1216086E+03     0.2405995E+02
     0.1216105E+03     0.2405427E+02
     0.1216242E+03     0.2402978E+02
     0.1216373E+03     0.2401844E+02
     0.1216403E+03     0.2401253E+02
     0.1216408E+03     0.2400501E+02
     0.1216397E+03     0.2400000E+02
     0.1216351E+03     0.2400000E+02
     0.1216315E+03     0.2399329E+02
     0.1216227E+03     0.2398879E+02
     0.1216151E+03     0.2398153E+02
     0.1216088E+03     0.2397448E+02
     0.1216024E+03     0.2396263E+02
     0.1216012E+03     0.2394544E+02
END
24
     0.1200187E+03     0.2348721E+02
     0.1200118E+03     0.2343299E+02
     0.1200111E+03     0.2345524E+02
     0.1200136E+03     0.2348207E+02
     0.1200243E+03     0.2350752E+02
     0.1200296E+03     0.2351515E+02
     0.1200393E+03     0.2352906E+02
     0.1200417E+03     0.2352952E+02
     0.1200450E+03     0.2352493E+02
     0.1200442E+03     0.2352263E+02
     0.1200343E+03     0.2351416E+02
     0.1200250E+03     0.2350041E+02
     0.1200210E+03     0.2348528E+02
     0.1200220E+03     0.2347931E+02
     0.1200173E+03     0.2346739E+02
     0.1200163E+03     0.2343941E+02
     0.1200148E+03     0.2343413E+02
     0.1200118E+03     0.2343299E+02
END
25
     0.1200636E+03     0.2319621E+02
     0.1200591E+03     0.2318655E+02
     0.1200576E+03     0.2318793E+02
     0.1200586E+03     0.2319091E+02
     0.1200664E+03     0.2320375E+02
     0.1200678E+03     0.2320214E+02
     0.1200666E+03     0.2319893E+02
     0.1200619E+03     0.2318861E+02
     0.1200591E+03     0.2318655E+02
END
26
     0.1200508E+03     0.2315555E+02
     0.1200474E+03     0.2313609E+02
     0.1200439E+03     0.2313632E+02
     0.1200429E+03     0.2313793E+02
     0.1200479E+03     0.2314641E+02
     0.1200489E+03     0.2316431E+02
     0.1200527E+03     0.2317073E+02
     0.1200554E+03     0.2317073E+02
     0.1200521E+03     0.2316018E+02
     0.1200536E+03     0.2315375E+02
     0.1200474E+03     0.2313609E+02
END
27
     0.1200264E+03     0.2309988E+02
     0.1200280E+03     0.2308081E+02
     0.1200240E+03     0.2309321E+02
     0.1200235E+03     0.2310308E+02
     0.1200260E+03     0.2311065E+02
     0.1200312E+03     0.2311454E+02
     0.1200337E+03     0.2311477E+02
     0.1200302E+03     0.2310766E+02
     0.1200290E+03     0.2309963E+02
     0.1200295E+03     0.2308127E+02
     0.1200280E+03     0.2308081E+02
END
28
     0.1200294E+03     0.2306620E+02
     0.1200282E+03     0.2305718E+02
     0.1200267E+03     0.2306544E+02
     0.1200272E+03     0.2307324E+02
     0.1200317E+03     0.2307117E+02
     0.1200322E+03     0.2306888E+02
     0.1200314E+03     0.2305740E+02
     0.1200282E+03     0.2305718E+02
END
END
