tajikistan
1
     0.7062755E+02     0.3985618E+02
     0.7067360E+02     0.3989524E+02
     0.7071712E+02     0.3990257E+02
     0.7073136E+02     0.3989184E+02
     0.7073867E+02     0.3987627E+02
     0.7073079E+02     0.3985616E+02
     0.7072544E+02     0.3984998E+02
     0.7071694E+02     0.3984647E+02
     0.7070169E+02     0.3984065E+02
     0.7068486E+02     0.3983617E+02
     0.7067786E+02     0.3983005E+02
     0.7066859E+02     0.3981381E+02
     0.7065971E+02     0.3980393E+02
     0.7064769E+02     0.3979672E+02
     0.7062796E+02     0.3979871E+02
     0.7061357E+02     0.3980688E+02
     0.7060271E+02     0.3981875E+02
     0.7057376E+02     0.3983254E+02
     0.7054599E+02     0.3983863E+02
     0.7052543E+02     0.3985466E+02
     0.7050397E+02     0.3988347E+02
     0.7050629E+02     0.3989486E+02
     0.7052125E+02     0.3989561E+02
     0.7056587E+02     0.3989403E+02
     0.7062875E+02     0.3989304E+02
     0.7064865E+02     0.3989360E+02
     0.7067360E+02     0.3989524E+02
END
2
     0.7054783E+02     0.3996715E+02
     0.7077560E+02     0.4071124E+02
     0.7076911E+02     0.4069463E+02
     0.7075967E+02     0.4068509E+02
     0.7074537E+02     0.4068444E+02
     0.7073924E+02     0.4068859E+02
     0.7073249E+02     0.4068480E+02
     0.7073347E+02     0.4068399E+02
     0.7073643E+02     0.4066856E+02
     0.7073550E+02     0.4065759E+02
     0.7072849E+02     0.4065809E+02
     0.7071980E+02     0.4066270E+02
     0.7069889E+02     0.4065910E+02
     0.7068996E+02     0.4065095E+02
     0.7068110E+02     0.4064963E+02
     0.7067789E+02     0.4064493E+02
     0.7066674E+02     0.4064214E+02
     0.7065215E+02     0.4063008E+02
     0.7063804E+02     0.4062715E+02
     0.7063033E+02     0.4062092E+02
     0.7063033E+02     0.4062092E+02
     0.7060621E+02     0.4058422E+02
     0.7058736E+02     0.4056604E+02
     0.7057802E+02     0.4056332E+02
     0.7056251E+02     0.4056305E+02
     0.7055224E+02     0.4055710E+02
     0.7053555E+02     0.4055824E+02
     0.7053555E+02     0.4055824E+02
     0.7052276E+02     0.4055689E+02
     0.7051409E+02     0.4055329E+02
     0.7050985E+02     0.4054671E+02
     0.7050687E+02     0.4053199E+02
     0.7049732E+02     0.4052471E+02
     0.7049483E+02     0.4051138E+02
     0.7048465E+02     0.4050452E+02
     0.7046733E+02     0.4050460E+02
     0.7045638E+02     0.4050063E+02
     0.7042295E+02     0.4049268E+02
     0.7041378E+02     0.4048835E+02
     0.7039928E+02     0.4048319E+02
     0.7037334E+02     0.4047954E+02
     0.7035180E+02     0.4046619E+02
     0.7033421E+02     0.4046259E+02
     0.7033150E+02     0.4045927E+02
     0.7033268E+02     0.4044925E+02
     0.7033877E+02     0.4043921E+02
     0.7033877E+02     0.4043921E+02
     0.7034483E+02     0.4042950E+02
     0.7035247E+02     0.4041999E+02
     0.7035564E+02     0.4040770E+02
     0.7036175E+02     0.4040614E+02
     0.7036813E+02     0.4040093E+02
     0.7037402E+02     0.4038987E+02
     0.7037789E+02     0.4038260E+02
     0.7038523E+02     0.4037651E+02
     0.7039507E+02     0.4037305E+02
     0.7040438E+02     0.4037254E+02
     0.7042390E+02     0.4037958E+02
     0.7043078E+02     0.4037965E+02
     0.7044631E+02     0.4037597E+02
     0.7045231E+02     0.4037295E+02
     0.7048763E+02     0.4036746E+02
     0.7051971E+02     0.4035647E+02
     0.7055053E+02     0.4034589E+02
     0.7056657E+02     0.4033490E+02
     0.7057172E+02     0.4032574E+02
     0.7056859E+02     0.4031119E+02
     0.7057656E+02     0.4029597E+02
     0.7058054E+02     0.4028218E+02
     0.7057246E+02     0.4026582E+02
     0.7057172E+02     0.4025521E+02
     0.7057100E+02     0.4024471E+02
     0.7056815E+02     0.4024276E+02
     0.7057972E+02     0.4022723E+02
     0.7059511E+02     0.4022078E+02
     0.7060212E+02     0.4020621E+02
     0.7060952E+02     0.4019874E+02
     0.7061811E+02     0.4018286E+02
     0.7062762E+02     0.4017067E+02
     0.7063657E+02     0.4016647E+02
     0.7064562E+02     0.4016502E+02
     0.7065759E+02     0.4016721E+02
     0.7067800E+02     0.4017094E+02
     0.7070966E+02     0.4017453E+02
     0.7071340E+02     0.4017652E+02
     0.7074368E+02     0.4017844E+02
     0.7077045E+02     0.4018388E+02
     0.7077789E+02     0.4018395E+02
     0.7081521E+02     0.4019666E+02
     0.7083124E+02     0.4020211E+02
     0.7086801E+02     0.4022301E+02
     0.7087377E+02     0.4022164E+02
     0.7089765E+02     0.4022601E+02
     0.7091606E+02     0.4022742E+02
     0.7096761E+02     0.4022851E+02
     0.7097968E+02     0.4022212E+02
     0.7098368E+02     0.4021564E+02
     0.7098434E+02     0.4021017E+02
     0.7098142E+02     0.4020000E+02
     0.7098109E+02     0.4018694E+02
     0.7097795E+02     0.4018476E+02
     0.7097218E+02     0.4016807E+02
     0.7097122E+02     0.4016460E+02
     0.7096271E+02     0.4015810E+02
     0.7095564E+02     0.4015691E+02
     0.7095427E+02     0.4015503E+02
     0.7094929E+02     0.4015369E+02
     0.7093015E+02     0.4015020E+02
     0.7091978E+02     0.4014476E+02
     0.7091028E+02     0.4014416E+02
     0.7086068E+02     0.4016370E+02
     0.7084201E+02     0.4016639E+02
     0.7083254E+02     0.4016533E+02
     0.7082823E+02     0.4016241E+02
     0.7082428E+02     0.4015974E+02
     0.7081513E+02     0.4012780E+02
     0.7080859E+02     0.4011885E+02
     0.7079084E+02     0.4010830E+02
     0.7077728E+02     0.4009768E+02
     0.7075905E+02     0.4008985E+02
     0.7072028E+02     0.4008643E+02
     0.7071957E+02     0.4008646E+02
     0.7068175E+02     0.4008805E+02
     0.7066691E+02     0.4008309E+02
     0.7065934E+02     0.4007637E+02
     0.7065441E+02     0.4006610E+02
     0.7065765E+02     0.4002025E+02
     0.7065417E+02     0.4000206E+02
     0.7065377E+02     0.4000000E+02
     0.7064065E+02     0.3997931E+02
     0.7062695E+02     0.3997216E+02
     0.7057547E+02     0.3994341E+02
     0.7056382E+02     0.3994255E+02
     0.7054547E+02     0.3994065E+02
     0.7052217E+02     0.3993893E+02
     0.7050503E+02     0.3992933E+02
     0.7049323E+02     0.3992592E+02
     0.7048158E+02     0.3992505E+02
     0.7046249E+02     0.3993847E+02
     0.7045640E+02     0.3994761E+02
     0.7046700E+02     0.3995871E+02
     0.7048090E+02     0.3996970E+02
     0.7051302E+02     0.3998005E+02
     0.7051986E+02     0.3998363E+02
     0.7054339E+02     0.3999927E+02
     0.7054449E+02     0.4000000E+02
     0.7054971E+02     0.4000723E+02
     0.7056509E+02     0.4002070E+02
     0.7056409E+02     0.4002637E+02
     0.7055826E+02     0.4003299E+02
     0.7054215E+02     0.4004168E+02
     0.7052359E+02     0.4005141E+02
     0.7050554E+02     0.4005407E+02
     0.7050092E+02     0.4005616E+02
     0.7048878E+02     0.4005731E+02
     0.7042986E+02     0.4006290E+02
     0.7041686E+02     0.4006554E+02
     0.7040204E+02     0.4007267E+02
     0.7038914E+02     0.4008971E+02
     0.7036456E+02     0.4009183E+02
     0.7034995E+02     0.4009599E+02
     0.7034538E+02     0.4010035E+02
     0.7033550E+02     0.4010976E+02
     0.7032587E+02     0.4011505E+02
     0.7029948E+02     0.4012485E+02
     0.7027985E+02     0.4012831E+02
     0.7026885E+02     0.4013171E+02
     0.7024648E+02     0.4012817E+02
     0.7022115E+02     0.4012793E+02
     0.7021516E+02     0.4012835E+02
     0.7020164E+02     0.4013345E+02
     0.7019855E+02     0.4013700E+02
     0.7019608E+02     0.4013983E+02
     0.7018054E+02     0.4015170E+02
     0.7016362E+02     0.4016214E+02
     0.7014526E+02     0.4017181E+02
     0.7014008E+02     0.4017318E+02
     0.7012787E+02     0.4018428E+02
     0.7011662E+02     0.4018696E+02
     0.7010787E+02     0.4019182E+02
     0.7009856E+02     0.4020008E+02
     0.7007558E+02     0.4021502E+02
     0.7007417E+02     0.4021624E+02
     0.7006275E+02     0.4022609E+02
     0.7004952E+02     0.4023463E+02
     0.7003993E+02     0.4023875E+02
     0.7002680E+02     0.4023859E+02
     0.7000288E+02     0.4023539E+02
     0.7000000E+02     0.4023392E+02
     0.6998653E+02     0.4022705E+02
     0.6998114E+02     0.4021993E+02
     0.6995884E+02     0.4020787E+02
     0.6994185E+02     0.4020385E+02
     0.6993708E+02     0.4020156E+02
     0.6992807E+02     0.4019723E+02
     0.6990593E+02     0.4019066E+02
     0.6990201E+02     0.4018750E+02
     0.6986218E+02     0.4017479E+02
     0.6984813E+02     0.4017159E+02
     0.6982903E+02     0.4016446E+02
     0.6980206E+02     0.4015878E+02
     0.6978708E+02     0.4015295E+02
     0.6977174E+02     0.4014697E+02
     0.6976611E+02     0.4014303E+02
     0.6974776E+02     0.4013776E+02
     0.6970128E+02     0.4011642E+02
     0.6969337E+02     0.4011488E+02
     0.6967696E+02     0.4011496E+02
     0.6964755E+02     0.4011712E+02
     0.6963695E+02     0.4011473E+02
     0.6961480E+02     0.4010972E+02
     0.6958215E+02     0.4010461E+02
     0.6956255E+02     0.4010382E+02
     0.6952591E+02     0.4009001E+02
     0.6952010E+02     0.4008490E+02
     0.6951749E+02     0.4007743E+02
     0.6951335E+02     0.4005684E+02
     0.6951360E+02     0.4005627E+02
     0.6951522E+02     0.4005259E+02
     0.6951075E+02     0.4004594E+02
     0.6950706E+02     0.4003384E+02
     0.6950845E+02     0.4002819E+02
     0.6952769E+02     0.4000000E+02
     0.6953094E+02     0.3999432E+02
     0.6952766E+02     0.3997715E+02
     0.6952606E+02     0.3996953E+02
     0.6953482E+02     0.3994341E+02
     0.6953309E+02     0.3993291E+02
     0.6952287E+02     0.3992744E+02
     0.6950510E+02     0.3992026E+02
     0.6948964E+02     0.3990918E+02
     0.6947806E+02     0.3990087E+02
     0.6946664E+02     0.3989638E+02
     0.6945048E+02     0.3989682E+02
     0.6942599E+02     0.3990610E+02
     0.6942055E+02     0.3992350E+02
     0.6941553E+02     0.3995047E+02
     0.6939299E+02     0.3997598E+02
     0.6938190E+02     0.4000000E+02
     0.6938190E+02     0.4000000E+02
     0.6935303E+02     0.4000000E+02
     0.6935303E+02     0.4000000E+02
     0.6935288E+02     0.3999907E+02
     0.6935569E+02     0.3997792E+02
     0.6934396E+02     0.3993797E+02
     0.6933271E+02     0.3990855E+02
     0.6932856E+02     0.3989907E+02
     0.6930796E+02     0.3988330E+02
     0.6930634E+02     0.3987472E+02
     0.6930315E+02     0.3985851E+02
     0.6930241E+02     0.3984127E+02
     0.6929678E+02     0.3982608E+02
     0.6927959E+02     0.3980256E+02
     0.6927662E+02     0.3979113E+02
     0.6928970E+02     0.3974862E+02
     0.6930138E+02     0.3973106E+02
     0.6932031E+02     0.3970948E+02
     0.6932693E+02     0.3969013E+02
     0.6932076E+02     0.3966249E+02
     0.6932414E+02     0.3965473E+02
     0.6933133E+02     0.3964879E+02
     0.6933289E+02     0.3962766E+02
     0.6933888E+02     0.3962271E+02
     0.6934106E+02     0.3961594E+02
     0.6934065E+02     0.3960636E+02
     0.6934267E+02     0.3959576E+02
     0.6935241E+02     0.3959167E+02
     0.6935852E+02     0.3958959E+02
     0.6934020E+02     0.3953925E+02
     0.6934255E+02     0.3953631E+02
     0.6936523E+02     0.3951654E+02
     0.6937389E+02     0.3951631E+02
     0.6938412E+02     0.3952371E+02
     0.6939889E+02     0.3954921E+02
     0.6940273E+02     0.3955199E+02
     0.6940520E+02     0.3955192E+02
     0.6941016E+02     0.3955179E+02
     0.6941463E+02     0.3954112E+02
     0.6942796E+02     0.3953405E+02
     0.6944878E+02     0.3952870E+02
     0.6946513E+02     0.3953401E+02
     0.6947122E+02     0.3953193E+02
     0.6947971E+02     0.3952786E+02
     0.6948329E+02     0.3952489E+02
     0.6950481E+02     0.3953485E+02
     0.6952103E+02     0.3953728E+02
     0.6953748E+02     0.3954450E+02
     0.6954610E+02     0.3954330E+02
     0.6956387E+02     0.3955239E+02
     0.6957873E+02     0.3955198E+02
     0.6958532E+02     0.3956043E+02
     0.6959461E+02     0.3957359E+02
     0.6962615E+02     0.3958517E+02
     0.6964083E+02     0.3958092E+02
     0.6965794E+02     0.3957563E+02
     0.6967408E+02     0.3957613E+02
     0.6968693E+02     0.3958535E+02
     0.6969587E+02     0.3959085E+02
     0.6971211E+02     0.3959325E+02
     0.6973059E+02     0.3959080E+02
     0.6975018E+02     0.3958543E+02
     0.6975851E+02     0.3957847E+02
     0.6977203E+02     0.3957616E+02
     0.6979295E+02     0.3957266E+02
     0.6981118E+02     0.3956540E+02
     0.6983522E+02     0.3955030E+02
     0.6984726E+02     0.3954322E+02
     0.6985449E+02     0.3953917E+02
     0.6985886E+02     0.3952753E+02
     0.6986238E+02     0.3952358E+02
     0.6986732E+02     0.3952343E+02
     0.6987643E+02     0.3953179E+02
     0.6988800E+02     0.3954007E+02
     0.6989913E+02     0.3955172E+02
     0.6990375E+02     0.3956932E+02
     0.6991018E+02     0.3957393E+02
     0.6993204E+02     0.3957709E+02
     0.6996525E+02     0.3957175E+02
     0.6998146E+02     0.3956165E+02
     0.6998819E+02     0.3954801E+02
     0.6999838E+02     0.3954146E+02
     0.7000000E+02     0.3954125E+02
     0.7001315E+02     0.3953956E+02
     0.7003145E+02     0.3954569E+02
     0.7003555E+02     0.3955276E+02
     0.7004118E+02     0.3956553E+02
     0.7004996E+02     0.3956765E+02
     0.7005598E+02     0.3956410E+02
     0.7005996E+02     0.3955726E+02
     0.7005734E+02     0.3953144E+02
     0.7006050E+02     0.3952079E+02
     0.7006635E+02     0.3952588E+02
     0.7007086E+02     0.3955260E+02
     0.7007898E+02     0.3956529E+02
     0.7010851E+02     0.3958400E+02
     0.7012543E+02     0.3958730E+02
     0.7013391E+02     0.3958366E+02
     0.7013696E+02     0.3957109E+02
     0.7013971E+02     0.3956477E+02
     0.7015296E+02     0.3955762E+02
     0.7016956E+02     0.3955516E+02
     0.7017949E+02     0.3955532E+02
     0.7019190E+02     0.3956691E+02
     0.7019553E+02     0.3957638E+02
     0.7019812E+02     0.3958972E+02
     0.7020597E+02     0.3959714E+02
     0.7021154E+02     0.3959695E+02
     0.7021829E+02     0.3957323E+02
     0.7022648E+02     0.3956432E+02
     0.7024101E+02     0.3955809E+02
     0.7024920E+02     0.3954918E+02
     0.7026268E+02     0.3953530E+02
     0.7027277E+02     0.3952729E+02
     0.7028382E+02     0.3952548E+02
     0.7030453E+02     0.3953006E+02
     0.7031736E+02     0.3953778E+02
     0.7032966E+02     0.3954696E+02
     0.7036394E+02     0.3958272E+02
     0.7037495E+02     0.3959098E+02
     0.7038941E+02     0.3959432E+02
     0.7039810E+02     0.3959450E+02
     0.7041710E+02     0.3959048E+02
     0.7043213E+02     0.3958229E+02
     0.7045166E+02     0.3957681E+02
     0.7046614E+02     0.3958062E+02
     0.7047343E+02     0.3958852E+02
     0.7048477E+02     0.3961258E+02
     0.7049561E+02     0.3961748E+02
     0.7050990E+02     0.3961794E+02
     0.7052890E+02     0.3961390E+02
     0.7054409E+02     0.3960857E+02
     0.7054994E+02     0.3960260E+02
     0.7055618E+02     0.3959278E+02
     0.7056996E+02     0.3958462E+02
     0.7059393E+02     0.3958088E+02
     0.7061997E+02     0.3958089E+02
     0.7063412E+02     0.3957895E+02
     0.7066062E+02     0.3956598E+02
     0.7070290E+02     0.3950734E+02
     0.7072215E+02     0.3949799E+02
     0.7074563E+02     0.3948704E+02
     0.7075433E+02     0.3947760E+02
     0.7076144E+02     0.3946246E+02
     0.7076273E+02     0.3945330E+02
     0.7076291E+02     0.3942642E+02
     0.7076614E+02     0.3941862E+02
     0.7076712E+02     0.3940467E+02
     0.7076803E+02     0.3939936E+02
     0.7077328E+02     0.3939436E+02
     0.7078844E+02     0.3938947E+02
     0.7081561E+02     0.3938845E+02
     0.7083798E+02     0.3939000E+02
     0.7086047E+02     0.3939346E+02
     0.7086788E+02     0.3939317E+02
     0.7087998E+02     0.3938887E+02
     0.7089190E+02     0.3938169E+02
     0.7091241E+02     0.3938330E+02
     0.7092213E+02     0.3939012E+02
     0.7093497E+02     0.3940690E+02
     0.7093563E+02     0.3942655E+02
     0.7094103E+02     0.3943354E+02
     0.7095100E+02     0.3943459E+02
     0.7095940E+02     0.3943042E+02
     0.7097449E+02     0.3941496E+02
     0.7098455E+02     0.3940784E+02
     0.7099353E+02     0.3940317E+02
     0.7100835E+02     0.3940259E+02
     0.7103134E+02     0.3940408E+02
     0.7105148E+02     0.3940904E+02
     0.7106606E+02     0.3941422E+02
     0.7107261E+02     0.3941971E+02
     0.7108088E+02     0.3943234E+02
     0.7107956E+02     0.3944967E+02
     0.7107784E+02     0.3947038E+02
     0.7108075E+02     0.3948030E+02
     0.7108091E+02     0.3948085E+02
     0.7108968E+02     0.3949917E+02
     0.7109946E+02     0.3950646E+02
     0.7111272E+02     0.3951024E+02
     0.7112762E+02     0.3951060E+02
     0.7116956E+02     0.3950747E+02
     0.7119337E+02     0.3951130E+02
     0.7120551E+02     0.3951656E+02
     0.7123969E+02     0.3953579E+02
     0.7124406E+02     0.3954520E+02
     0.7125320E+02     0.3955202E+02
     0.7125858E+02     0.3954892E+02
     0.7126427E+02     0.3954149E+02
     0.7127788E+02     0.3952317E+02
     0.7128682E+02     0.3951800E+02
     0.7129550E+02     0.3951812E+02
     0.7130765E+02     0.3952337E+02
     0.7132890E+02     0.3954360E+02
     0.7133446E+02     0.3955200E+02
     0.7133512E+02     0.3956157E+02
     0.7133562E+02     0.3956875E+02
     0.7135472E+02     0.3957563E+02
     0.7136098E+02     0.3957632E+02
     0.7139232E+02     0.3957212E+02
     0.7141459E+02     0.3957117E+02
     0.7143552E+02     0.3957748E+02
     0.7146008E+02     0.3959130E+02
     0.7147865E+02     0.3960778E+02
     0.7148769E+02     0.3961267E+02
     0.7149893E+02     0.3961362E+02
     0.7152605E+02     0.3960237E+02
     0.7155103E+02     0.3958736E+02
     0.7156001E+02     0.3957449E+02
     0.7156126E+02     0.3955764E+02
     0.7155788E+02     0.3954531E+02
     0.7154767E+02     0.3953279E+02
     0.7154350E+02     0.3951810E+02
     0.7154379E+02     0.3950513E+02
     0.7155258E+02     0.3947258E+02
     0.7156244E+02     0.3945487E+02
     0.7157687E+02     0.3944896E+02
     0.7159290E+02     0.3944777E+02
     0.7161313E+02     0.3944496E+02
     0.7162640E+02     0.3944005E+02
     0.7164063E+02     0.3943990E+02
     0.7166150E+02     0.3944569E+02
     0.7167490E+02     0.3945085E+02
     0.7168619E+02     0.3945275E+02
     0.7170689E+02     0.3945614E+02
     0.7171742E+02     0.3945614E+02
     0.7173032E+02     0.3945460E+02
     0.7173842E+02     0.3945520E+02
     0.7174909E+02     0.3945711E+02
     0.7176083E+02     0.3945658E+02
     0.7177100E+02     0.3945180E+02
     0.7178647E+02     0.3944341E+02
     0.7179772E+02     0.3942849E+02
     0.7180382E+02     0.3940277E+02
     0.7180029E+02     0.3938084E+02
     0.7179615E+02     0.3937527E+02
     0.7177322E+02     0.3936672E+02
     0.7175716E+02     0.3935064E+02
     0.7175267E+02     0.3932396E+02
     0.7176094E+02     0.3931062E+02
     0.7178012E+02     0.3928622E+02
     0.7179063E+02     0.3927805E+02
     0.7180204E+02     0.3927369E+02
     0.7181821E+02     0.3927487E+02
     0.7183604E+02     0.3928173E+02
     0.7184604E+02     0.3928319E+02
     0.7187926E+02     0.3928117E+02
     0.7189984E+02     0.3927541E+02
     0.7191111E+02     0.3927728E+02
     0.7191876E+02     0.3928029E+02
     0.7193153E+02     0.3930130E+02
     0.7194457E+02     0.3931797E+02
     0.7195798E+02     0.3933127E+02
     0.7197122E+02     0.3933449E+02
     0.7197838E+02     0.3933895E+02
     0.7199516E+02     0.3934776E+02
     0.7201211E+02     0.3935080E+02
     0.7201926E+02     0.3935526E+02
     0.7203035E+02     0.3936242E+02
     0.7203563E+02     0.3936649E+02
     0.7204292E+02     0.3936470E+02
     0.7205059E+02     0.3936001E+02
     0.7205861E+02     0.3935194E+02
     0.7206322E+02     0.3933204E+02
     0.7206554E+02     0.3932232E+02
     0.7207776E+02     0.3930492E+02
     0.7208196E+02     0.3929560E+02
     0.7208548E+02     0.3928534E+02
     0.7209673E+02     0.3927135E+02
     0.7210670E+02     0.3926463E+02
     0.7211782E+02     0.3926457E+02
     0.7212844E+02     0.3926598E+02
     0.7215984E+02     0.3926445E+02
     0.7216827E+02     0.3926164E+02
     0.7217551E+02     0.3925168E+02
     0.7218154E+02     0.3924226E+02
     0.7219027E+02     0.3923558E+02
     0.7220861E+02     0.3922556E+02
     0.7221468E+02     0.3921661E+02
     0.7221678E+02     0.3920450E+02
     0.7221597E+02     0.3919445E+02
     0.7222003E+02     0.3918369E+02
     0.7223293E+02     0.3917537E+02
     0.7224508E+02     0.3917284E+02
     0.7225700E+02     0.3917514E+02
     0.7226140E+02     0.3918356E+02
     0.7226281E+02     0.3920079E+02
     0.7226302E+02     0.3921087E+02
     0.7227174E+02     0.3922676E+02
     0.7228631E+02     0.3924622E+02
     0.7230790E+02     0.3929798E+02
     0.7232218E+02     0.3931359E+02
     0.7234251E+02     0.3932747E+02
     0.7234953E+02     0.3932999E+02
     0.7235812E+02     0.3932908E+02
     0.7237767E+02     0.3932618E+02
     0.7238761E+02     0.3932664E+02
     0.7240354E+02     0.3933208E+02
     0.7242210E+02     0.3933930E+02
     0.7243794E+02     0.3934378E+02
     0.7245610E+02     0.3934621E+02
     0.7246933E+02     0.3934890E+02
     0.7247713E+02     0.3935331E+02
     0.7248132E+02     0.3935886E+02
     0.7248521E+02     0.3936826E+02
     0.7248928E+02     0.3937238E+02
     0.7249643E+02     0.3937634E+02
     0.7250198E+02     0.3937605E+02
     0.7251118E+02     0.3937510E+02
     0.7251685E+02     0.3937624E+02
     0.7252376E+02     0.3937733E+02
     0.7253584E+02     0.3937383E+02
     0.7254353E+02     0.3936958E+02
     0.7255043E+02     0.3935626E+02
     0.7256173E+02     0.3935087E+02
     0.7257841E+02     0.3935048E+02
     0.7259510E+02     0.3935730E+02
     0.7260468E+02     0.3936785E+02
     0.7261534E+02     0.3938362E+02
     0.7262500E+02     0.3938792E+02
     0.7264387E+02     0.3938405E+02
     0.7265665E+02     0.3938145E+02
     0.7266421E+02     0.3938298E+02
     0.7267864E+02     0.3938510E+02
     0.7269097E+02     0.3938445E+02
     0.7270888E+02     0.3937677E+02
     0.7277107E+02     0.3935184E+02
     0.7277281E+02     0.3934358E+02
     0.7277811E+02     0.3934041E+02
     0.7278575E+02     0.3934288E+02
     0.7281480E+02     0.3935622E+02
     0.7282237E+02     0.3935773E+02
     0.7283559E+02     0.3935317E+02
     0.7284918E+02     0.3935292E+02
     0.7286763E+02     0.3935144E+02
     0.7288148E+02     0.3935405E+02
     0.7289754E+02     0.3936038E+02
     0.7290709E+02     0.3936322E+02
     0.7292342E+02     0.3936569E+02
     0.7293240E+02     0.3936231E+02
     0.7294521E+02     0.3935344E+02
     0.7295736E+02     0.3935085E+02
     0.7298024E+02     0.3935728E+02
     0.7299534E+02     0.3935981E+02
     0.7301598E+02     0.3935530E+02
     0.7302944E+02     0.3935359E+02
     0.7304260E+02     0.3935526E+02
     0.7305748E+02     0.3936212E+02
     0.7307980E+02     0.3936904E+02
     0.7309570E+02     0.3937343E+02
     0.7311273E+02     0.3937007E+02
     0.7312584E+02     0.3936453E+02
     0.7314383E+02     0.3935823E+02
     0.7317696E+02     0.3935491E+02
     0.7319079E+02     0.3935701E+02
     0.7320135E+02     0.3935736E+02
     0.7321301E+02     0.3935622E+02
     0.7321830E+02     0.3935976E+02
     0.7322687E+02     0.3938474E+02
     0.7323373E+02     0.3939829E+02
     0.7323878E+02     0.3940569E+02
     0.7324512E+02     0.3940725E+02
     0.7325540E+02     0.3939801E+02
     0.7326633E+02     0.3938921E+02
     0.7328468E+02     0.3938671E+02
     0.7331313E+02     0.3938603E+02
     0.7333970E+02     0.3939170E+02
     0.7335513E+02     0.3939753E+02
     0.7336440E+02     0.3940997E+02
     0.7337780E+02     0.3943946E+02
     0.7338348E+02     0.3944682E+02
     0.7339011E+02     0.3945124E+02
     0.7340292E+02     0.3944905E+02
     0.7341730E+02     0.3944388E+02
     0.7342744E+02     0.3944617E+02
     0.7343982E+02     0.3945217E+02
     0.7346162E+02     0.3946579E+02
     0.7349171E+02     0.3946881E+02
     0.7350898E+02     0.3946779E+02
     0.7354390E+02     0.3945706E+02
     0.7356325E+02     0.3945206E+02
     0.7357777E+02     0.3945455E+02
     0.7358678E+02     0.3945786E+02
     0.7359793E+02     0.3945767E+02
     0.7361302E+02     0.3945964E+02
     0.7362132E+02     0.3946203E+02
     0.7363480E+02     0.3946650E+02
     0.7364723E+02     0.3946671E+02
     0.7365824E+02     0.3946508E+02
     0.7365824E+02     0.3946508E+02
     0.7365154E+02     0.3945395E+02
     0.7365366E+02     0.3944421E+02
     0.7365855E+02     0.3942517E+02
     0.7366998E+02     0.3939082E+02
     0.7366995E+02     0.3937832E+02
     0.7366812E+02     0.3936016E+02
     0.7365535E+02     0.3934412E+02
     0.7363383E+02     0.3933340E+02
     0.7361365E+02     0.3932356E+02
     0.7360535E+02     0.3930868E+02
     0.7359870E+02     0.3929177E+02
     0.7359107E+02     0.3927732E+02
     0.7357550E+02     0.3927008E+02
     0.7356400E+02     0.3926645E+02
     0.7355770E+02     0.3925914E+02
     0.7355875E+02     0.3925090E+02
     0.7356512E+02     0.3924042E+02
     0.7358206E+02     0.3923652E+02
     0.7359904E+02     0.3923934E+02
     0.7361621E+02     0.3923782E+02
     0.7362415E+02     0.3923061E+02
     0.7363586E+02     0.3921788E+02
     0.7364817E+02     0.3919261E+02
     0.7365742E+02     0.3918628E+02
     0.7367362E+02     0.3917519E+02
     0.7368221E+02     0.3916842E+02
     0.7369154E+02     0.3915679E+02
     0.7369652E+02     0.3913869E+02
     0.7369852E+02     0.3912799E+02
     0.7370596E+02     0.3911599E+02
     0.7371072E+02     0.3910801E+02
     0.7371024E+02     0.3908495E+02
     0.7371153E+02     0.3907333E+02
     0.7371873E+02     0.3906519E+02
     0.7372948E+02     0.3905539E+02
     0.7373940E+02     0.3904372E+02
     0.7374483E+02     0.3903040E+02
     0.7375671E+02     0.3902581E+02
     0.7377045E+02     0.3902737E+02
     0.7378731E+02     0.3903547E+02
     0.7379920E+02     0.3903713E+02
     0.7380737E+02     0.3903855E+02
     0.7381976E+02     0.3903297E+02
     0.7382270E+02     0.3902557E+02
     0.7382597E+02     0.3901527E+02
     0.7382810E+02     0.3900599E+02
     0.7383884E+02     0.3899041E+02
     0.7384548E+02     0.3897701E+02
     0.7384779E+02     0.3896339E+02
     0.7384700E+02     0.3895575E+02
     0.7384555E+02     0.3894766E+02
     0.7384026E+02     0.3894414E+02
     0.7383568E+02     0.3894154E+02
     0.7383313E+02     0.3894074E+02
     0.7382121E+02     0.3893860E+02
     0.7378997E+02     0.3894054E+02
     0.7376202E+02     0.3893842E+02
     0.7374731E+02     0.3893308E+02
     0.7372351E+02     0.3891098E+02
     0.7370678E+02     0.3888555E+02
     0.7370184E+02     0.3886709E+02
     0.7370554E+02     0.3885484E+02
     0.7371470E+02     0.3884802E+02
     0.7372707E+02     0.3884245E+02
     0.7373299E+02     0.3884016E+02
     0.7373730E+02     0.3883412E+02
     0.7374139E+02     0.3881366E+02
     0.7374414E+02     0.3880435E+02
     0.7375401E+02     0.3878642E+02
     0.7375620E+02     0.3877762E+02
     0.7375589E+02     0.3876850E+02
     0.7375447E+02     0.3874838E+02
     0.7375359E+02     0.3873352E+02
     0.7375731E+02     0.3872174E+02
     0.7376887E+02     0.3869023E+02
     0.7378577E+02     0.3867522E+02
     0.7379320E+02     0.3866370E+02
     0.7380267E+02     0.3864819E+02
     0.7380671E+02     0.3863350E+02
     0.7380492E+02     0.3862619E+02
     0.7380492E+02     0.3862619E+02
     0.7380461E+02     0.3862497E+02
     0.7379925E+02     0.3862049E+02
     0.7378635E+02     0.3862033E+02
     0.7378108E+02     0.3861681E+02
     0.7378120E+02     0.3861199E+02
     0.7378972E+02     0.3860521E+02
     0.7381277E+02     0.3859655E+02
     0.7383323E+02     0.3858660E+02
     0.7384259E+02     0.3858216E+02
     0.7386383E+02     0.3857986E+02
     0.7388262E+02     0.3857772E+02
     0.7389193E+02     0.3857280E+02
     0.7390038E+02     0.3856553E+02
     0.7391473E+02     0.3854392E+02
     0.7392434E+02     0.3853609E+02
     0.7394962E+02     0.3853159E+02
     0.7397927E+02     0.3852777E+02
     0.7400000E+02     0.3853279E+02
     0.7400000E+02     0.3853279E+02
     0.7401923E+02     0.3853848E+02
     0.7405158E+02     0.3853238E+02
     0.7406980E+02     0.3853104E+02
     0.7407579E+02     0.3853273E+02
     0.7408257E+02     0.3853882E+02
     0.7406901E+02     0.3855395E+02
     0.7406803E+02     0.3855849E+02
     0.7407066E+02     0.3856873E+02
     0.7407162E+02     0.3856978E+02
     0.7410621E+02     0.3860754E+02
     0.7411240E+02     0.3861727E+02
     0.7411234E+02     0.3862829E+02
     0.7410985E+02     0.3864032E+02
     0.7411186E+02     0.3865099E+02
     0.7412444E+02     0.3866472E+02
     0.7413407E+02     0.3866843E+02
     0.7414582E+02     0.3866911E+02
     0.7417104E+02     0.3867057E+02
     0.7419298E+02     0.3866711E+02
     0.7421846E+02     0.3865281E+02
     0.7422807E+02     0.3865330E+02
     0.7423792E+02     0.3865793E+02
     0.7424512E+02     0.3865921E+02
     0.7426000E+02     0.3865263E+02
     0.7428724E+02     0.3864873E+02
     0.7429550E+02     0.3864972E+02
     0.7434399E+02     0.3865548E+02
     0.7434850E+02     0.3865410E+02
     0.7436568E+02     0.3865496E+02
     0.7438222E+02     0.3865303E+02
     0.7440497E+02     0.3864659E+02
     0.7440847E+02     0.3864309E+02
     0.7444025E+02     0.3862975E+02
     0.7444714E+02     0.3862979E+02
     0.7445602E+02     0.3862984E+02
     0.7447306E+02     0.3863251E+02
     0.7448822E+02     0.3862935E+02
     0.7450661E+02     0.3862979E+02
     0.7451456E+02     0.3862536E+02
     0.7452743E+02     0.3861061E+02
     0.7453840E+02     0.3860128E+02
     0.7454977E+02     0.3859793E+02
     0.7458073E+02     0.3859805E+02
     0.7458739E+02     0.3859406E+02
     0.7459422E+02     0.3858998E+02
     0.7460983E+02     0.3858476E+02
     0.7463100E+02     0.3858302E+02
     0.7464396E+02     0.3857790E+02
     0.7465682E+02     0.3856659E+02
     0.7469179E+02     0.3854874E+02
     0.7470188E+02     0.3853912E+02
     0.7471166E+02     0.3852582E+02
     0.7471387E+02     0.3852469E+02
     0.7471866E+02     0.3852225E+02
     0.7475700E+02     0.3852841E+02
     0.7476838E+02     0.3852848E+02
     0.7478026E+02     0.3852583E+02
     0.7479574E+02     0.3851416E+02
     0.7480958E+02     0.3848956E+02
     0.7481991E+02     0.3848407E+02
     0.7483820E+02     0.3848515E+02
     0.7484168E+02     0.3848823E+02
     0.7484559E+02     0.3849168E+02
     0.7484843E+02     0.3849664E+02
     0.7485892E+02     0.3850446E+02
     0.7486215E+02     0.3850415E+02
     0.7486726E+02     0.3849842E+02
     0.7486702E+02     0.3848992E+02
     0.7486152E+02     0.3846993E+02
     0.7486049E+02     0.3844878E+02
     0.7486320E+02     0.3842825E+02
     0.7486906E+02     0.3841223E+02
     0.7486938E+02     0.3840471E+02
     0.7486943E+02     0.3840353E+02
     0.7486271E+02     0.3838830E+02
     0.7485032E+02     0.3837488E+02
     0.7484912E+02     0.3837138E+02
     0.7483561E+02     0.3836135E+02
     0.7482471E+02     0.3835901E+02
     0.7481019E+02     0.3836246E+02
     0.7479899E+02     0.3836034E+02
     0.7478778E+02     0.3835453E+02
     0.7477919E+02     0.3834496E+02
     0.7477705E+02     0.3833476E+02
     0.7477850E+02     0.3832725E+02
     0.7478027E+02     0.3832382E+02
     0.7479284E+02     0.3829947E+02
     0.7479526E+02     0.3829063E+02
     0.7479057E+02     0.3827962E+02
     0.7477684E+02     0.3826888E+02
     0.7477976E+02     0.3826489E+02
     0.7479314E+02     0.3825725E+02
     0.7479601E+02     0.3823857E+02
     0.7480223E+02     0.3822554E+02
     0.7480064E+02     0.3821221E+02
     0.7478580E+02     0.3818553E+02
     0.7479797E+02     0.3814754E+02
     0.7481125E+02     0.3812177E+02
     0.7481749E+02     0.3809681E+02
     0.7481912E+02     0.3809263E+02
     0.7482288E+02     0.3808306E+02
     0.7483045E+02     0.3807492E+02
     0.7484641E+02     0.3806717E+02
     0.7484963E+02     0.3806295E+02
     0.7485371E+02     0.3804340E+02
     0.7486018E+02     0.3803062E+02
     0.7486492E+02     0.3802533E+02
     0.7487468E+02     0.3802280E+02
     0.7488091E+02     0.3802469E+02
     0.7488805E+02     0.3803007E+02
     0.7489700E+02     0.3803071E+02
     0.7490376E+02     0.3802552E+02
     0.7490974E+02     0.3801637E+02
     0.7491455E+02     0.3800903E+02
     0.7491382E+02     0.3799155E+02
     0.7490945E+02     0.3796840E+02
     0.7491331E+02     0.3793965E+02
     0.7491214E+02     0.3792812E+02
     0.7490842E+02     0.3791968E+02
     0.7490898E+02     0.3791213E+02
     0.7491487E+02     0.3790299E+02
     0.7492210E+02     0.3789532E+02
     0.7492587E+02     0.3789133E+02
     0.7493043E+02     0.3788052E+02
     0.7492903E+02     0.3787587E+02
     0.7490825E+02     0.3785038E+02
     0.7490543E+02     0.3784287E+02
     0.7490767E+02     0.3783609E+02
     0.7491336E+02     0.3782946E+02
     0.7492203E+02     0.3782573E+02
     0.7494784E+02     0.3780511E+02
     0.7495729E+02     0.3780233E+02
     0.7496441E+02     0.3780380E+02
     0.7496554E+02     0.3780358E+02
     0.7497409E+02     0.3780194E+02
     0.7498513E+02     0.3779326E+02
     0.7499335E+02     0.3777963E+02
     0.7499627E+02     0.3776737E+02
     0.7499508E+02     0.3776279E+02
     0.7496287E+02     0.3774197E+02
     0.7494179E+02     0.3771828E+02
     0.7492813E+02     0.3771216E+02
     0.7492753E+02     0.3771189E+02
     0.7492319E+02     0.3770802E+02
     0.7491607E+02     0.3769896E+02
     0.7491342E+02     0.3768392E+02
     0.7490053E+02     0.3767483E+02
     0.7489603E+02     0.3766544E+02
     0.7489660E+02     0.3765766E+02
     0.7490685E+02     0.3763999E+02
     0.7490949E+02     0.3763162E+02
     0.7492330E+02     0.3760861E+02
     0.7492489E+02     0.3759940E+02
     0.7492531E+02     0.3759699E+02
     0.7492483E+02     0.3756827E+02
     0.7492802E+02     0.3755624E+02
     0.7493432E+02     0.3755286E+02
     0.7494331E+02     0.3755213E+02
     0.7495475E+02     0.3754530E+02
     0.7495805E+02     0.3753971E+02
     0.7496422E+02     0.3753403E+02
     0.7498026E+02     0.3753132E+02
     0.7500000E+02     0.3751817E+02
     0.7500543E+02     0.3752021E+02
     0.7500720E+02     0.3752602E+02
     0.7500363E+02     0.3754414E+02
     0.7500512E+02     0.3754861E+02
     0.7501201E+02     0.3755044E+02
     0.7501998E+02     0.3754782E+02
     0.7503886E+02     0.3753375E+02
     0.7505547E+02     0.3752715E+02
     0.7506252E+02     0.3751714E+02
     0.7506194E+02     0.3751321E+02
     0.7508271E+02     0.3748452E+02
     0.7508917E+02     0.3748059E+02
     0.7510588E+02     0.3747041E+02
     0.7511177E+02     0.3746447E+02
     0.7511863E+02     0.3745307E+02
     0.7513383E+02     0.3743744E+02
     0.7513658E+02     0.3743114E+02
     0.7513450E+02     0.3742393E+02
     0.7513722E+02     0.3741394E+02
     0.7513634E+02     0.3740610E+02
     0.7513195E+02     0.3739902E+02
     0.7510566E+02     0.3737867E+02
     0.7510142E+02     0.3737538E+02
     0.7510081E+02     0.3737168E+02
     0.7510457E+02     0.3735532E+02
     0.7511067E+02     0.3734618E+02
     0.7511588E+02     0.3734159E+02
     0.7512442E+02     0.3732658E+02
     0.7511625E+02     0.3732025E+02
     0.7510213E+02     0.3731686E+02
     0.7508718E+02     0.3731688E+02
     0.7505755E+02     0.3731348E+02
     0.7504443E+02     0.3730946E+02
     0.7504350E+02     0.3730917E+02
     0.7503278E+02     0.3730226E+02
     0.7500431E+02     0.3729086E+02
     0.7500000E+02     0.3729087E+02
     0.7494829E+02     0.3729105E+02
     0.7493491E+02     0.3728951E+02
     0.7492214E+02     0.3728341E+02
     0.7491436E+02     0.3727593E+02
     0.7491274E+02     0.3727058E+02
     0.7491363E+02     0.3726446E+02
     0.7491449E+02     0.3725848E+02
     0.7491328E+02     0.3724763E+02
     0.7490956E+02     0.3723965E+02
     0.7489837E+02     0.3723569E+02
     0.7487856E+02     0.3723569E+02
     0.7487856E+02     0.3723569E+02
     0.7487943E+02     0.3725111E+02
     0.7487128E+02     0.3726818E+02
     0.7484779E+02     0.3729464E+02
     0.7482982E+02     0.3732895E+02
     0.7482970E+02     0.3732916E+02
     0.7482048E+02     0.3733723E+02
     0.7481220E+02     0.3734028E+02
     0.7480306E+02     0.3734720E+02
     0.7479502E+02     0.3735095E+02
     0.7470682E+02     0.3738051E+02
     0.7469587E+02     0.3739119E+02
     0.7468257E+02     0.3740415E+02
     0.7465550E+02     0.3738952E+02
     0.7464094E+02     0.3738445E+02
     0.7462819E+02     0.3738199E+02
     0.7460409E+02     0.3738495E+02
     0.7456223E+02     0.3737946E+02
     0.7455781E+02     0.3738085E+02
     0.7455766E+02     0.3738384E+02
     0.7455734E+02     0.3739047E+02
     0.7455326E+02     0.3739486E+02
     0.7454406E+02     0.3739854E+02
     0.7452596E+02     0.3740179E+02
     0.7451740E+02     0.3739723E+02
     0.7448460E+02     0.3739376E+02
     0.7446739E+02     0.3740025E+02
     0.7445649E+02     0.3739994E+02
     0.7442462E+02     0.3738823E+02
     0.7441902E+02     0.3738848E+02
     0.7440038E+02     0.3738931E+02
     0.7438940E+02     0.3739334E+02
     0.7438325E+02     0.3739832E+02
     0.7438235E+02     0.3740585E+02
     0.7437701E+02     0.3741500E+02
     0.7436755E+02     0.3741820E+02
     0.7435600E+02     0.3741876E+02
     0.7434468E+02     0.3741634E+02
     0.7433103E+02     0.3740003E+02
     0.7432373E+02     0.3739782E+02
     0.7430656E+02     0.3739671E+02
     0.7429355E+02     0.3739837E+02
     0.7429115E+02     0.3739867E+02
     0.7426988E+02     0.3740539E+02
     0.7425883E+02     0.3740689E+02
     0.7424599E+02     0.3741243E+02
     0.7423662E+02     0.3741447E+02
     0.7422632E+02     0.3739624E+02
     0.7422820E+02     0.3739083E+02
     0.7424322E+02     0.3737966E+02
     0.7424587E+02     0.3737543E+02
     0.7424503E+02     0.3737172E+02
     0.7424162E+02     0.3736763E+02
     0.7422922E+02     0.3736102E+02
     0.7422417E+02     0.3735161E+02
     0.7422224E+02     0.3734802E+02
     0.7421192E+02     0.3734059E+02
     0.7419921E+02     0.3733441E+02
     0.7418484E+02     0.3733435E+02
     0.7416402E+02     0.3734268E+02
     0.7414568E+02     0.3735228E+02
     0.7414613E+02     0.3733990E+02
     0.7414331E+02     0.3733585E+02
     0.7410151E+02     0.3732679E+02
     0.7409982E+02     0.3732643E+02
     0.7405900E+02     0.3731277E+02
     0.7404585E+02     0.3730173E+02
     0.7404020E+02     0.3730051E+02
     0.7402966E+02     0.3730614E+02
     0.7402290E+02     0.3730463E+02
     0.7400718E+02     0.3728811E+02
     0.7400000E+02     0.3728737E+02
     0.7399529E+02     0.3728767E+02
     0.7398351E+02     0.3729086E+02
     0.7397375E+02     0.3729391E+02
     0.7396349E+02     0.3729216E+02
     0.7395676E+02     0.3728535E+02
     0.7394994E+02     0.3727775E+02
     0.7394553E+02     0.3727401E+02
     0.7393760E+02     0.3727533E+02
     0.7392692E+02     0.3727924E+02
     0.7392307E+02     0.3728110E+02
     0.7391366E+02     0.3727768E+02
     0.7389407E+02     0.3727331E+02
     0.7386344E+02     0.3725919E+02
     0.7385287E+02     0.3725423E+02
     0.7384723E+02     0.3724816E+02
     0.7384035E+02     0.3723975E+02
     0.7383254E+02     0.3723220E+02
     0.7381814E+02     0.3722910E+02
     0.7379189E+02     0.3722836E+02
     0.7376896E+02     0.3723061E+02
     0.7376056E+02     0.3722712E+02
     0.7375208E+02     0.3722284E+02
     0.7374599E+02     0.3722241E+02
     0.7373931E+02     0.3722606E+02
     0.7372733E+02     0.3723727E+02
     0.7371079E+02     0.3724314E+02
     0.7368401E+02     0.3724723E+02
     0.7367284E+02     0.3724633E+02
     0.7365705E+02     0.3723927E+02
     0.7365158E+02     0.3723478E+02
     0.7362734E+02     0.3724434E+02
     0.7361742E+02     0.3725622E+02
     0.7361219E+02     0.3726459E+02
     0.7361297E+02     0.3727258E+02
     0.7361760E+02     0.3727873E+02
     0.7362476E+02     0.3727990E+02
     0.7363786E+02     0.3727988E+02
     0.7364533E+02     0.3728424E+02
     0.7365013E+02     0.3730245E+02
     0.7365546E+02     0.3730534E+02
     0.7366062E+02     0.3730662E+02
     0.7367696E+02     0.3730882E+02
     0.7370046E+02     0.3731217E+02
     0.7372073E+02     0.3731331E+02
     0.7373615E+02     0.3731636E+02
     0.7375204E+02     0.3732421E+02
     0.7376657E+02     0.3733858E+02
     0.7376848E+02     0.3735777E+02
     0.7376849E+02     0.3738834E+02
     0.7376774E+02     0.3742137E+02
     0.7376276E+02     0.3743214E+02
     0.7375597E+02     0.3743499E+02
     0.7373283E+02     0.3743564E+02
     0.7370365E+02     0.3743667E+02
     0.7367139E+02     0.3743708E+02
     0.7367139E+02     0.3743708E+02
     0.7366012E+02     0.3743537E+02
     0.7364877E+02     0.3743286E+02
     0.7363797E+02     0.3743594E+02
     0.7359190E+02     0.3743960E+02
     0.7356991E+02     0.3744176E+02
     0.7355478E+02     0.3745234E+02
     0.7353857E+02     0.3746219E+02
     0.7351008E+02     0.3747036E+02
     0.7347688E+02     0.3747158E+02
     0.7345364E+02     0.3747139E+02
     0.7342994E+02     0.3746638E+02
     0.7339616E+02     0.3745073E+02
     0.7337402E+02     0.3744080E+02
     0.7336770E+02     0.3743796E+02
     0.7336120E+02     0.3744398E+02
     0.7336002E+02     0.3745290E+02
     0.7335940E+02     0.3745695E+02
     0.7334627E+02     0.3745694E+02
     0.7333430E+02     0.3745845E+02
     0.7332349E+02     0.3746151E+02
     0.7330843E+02     0.3746241E+02
     0.7329973E+02     0.3745568E+02
     0.7329032E+02     0.3745222E+02
     0.7328106E+02     0.3745036E+02
     0.7326511E+02     0.3744165E+02
     0.7324285E+02     0.3743010E+02
     0.7323873E+02     0.3741828E+02
     0.7321748E+02     0.3740666E+02
     0.7320400E+02     0.3740263E+02
     0.7318501E+02     0.3740454E+02
     0.7315607E+02     0.3740784E+02
     0.7314130E+02     0.3740065E+02
     0.7313677E+02     0.3739529E+02
     0.7313152E+02     0.3738192E+02
     0.7312240E+02     0.3737039E+02
     0.7310542E+02     0.3736092E+02
     0.7310542E+02     0.3736092E+02
     0.7309048E+02     0.3732962E+02
     0.7307529E+02     0.3731763E+02
     0.7304121E+02     0.3730833E+02
     0.7299727E+02     0.3730119E+02
     0.7294968E+02     0.3728701E+02
     0.7292896E+02     0.3727622E+02
     0.7292896E+02     0.3727622E+02
     0.7289808E+02     0.3724971E+02
     0.7288100E+02     0.3723861E+02
     0.7285928E+02     0.3723179E+02
     0.7283790E+02     0.3722896E+02
     0.7281781E+02     0.3722927E+02
     0.7280524E+02     0.3722354E+02
     0.7279446E+02     0.3721529E+02
     0.7278321E+02     0.3720145E+02
     0.7276947E+02     0.3718210E+02
     0.7273830E+02     0.3712352E+02
     0.7271264E+02     0.3709357E+02
     0.7270121E+02     0.3707731E+02
     0.7269733E+02     0.3706707E+02
     0.7268604E+02     0.3705241E+02
     0.7267976E+02     0.3703748E+02
     0.7267563E+02     0.3702623E+02
     0.7267563E+02     0.3702623E+02
     0.7267034E+02     0.3702111E+02
     0.7265916E+02     0.3701931E+02
     0.7265030E+02     0.3702140E+02
     0.7263273E+02     0.3702717E+02
     0.7262181E+02     0.3702857E+02
     0.7260656E+02     0.3702618E+02
     0.7259171E+02     0.3701653E+02
     0.7255888E+02     0.3700784E+02
     0.7254677E+02     0.3700688E+02
     0.7252827E+02     0.3700143E+02
     0.7251695E+02     0.3699802E+02
     0.7250284E+02     0.3699716E+02
     0.7248786E+02     0.3699795E+02
     0.7247276E+02     0.3699715E+02
     0.7244706E+02     0.3700172E+02
     0.7242422E+02     0.3700452E+02
     0.7239967E+02     0.3699858E+02
     0.7237306E+02     0.3699192E+02
     0.7231873E+02     0.3697705E+02
     0.7228631E+02     0.3696024E+02
     0.7228631E+02     0.3696024E+02
     0.7225835E+02     0.3694881E+02
     0.7223219E+02     0.3693487E+02
     0.7220612E+02     0.3692173E+02
     0.7217281E+02     0.3690573E+02
     0.7214839E+02     0.3688631E+02
     0.7214839E+02     0.3688631E+02
     0.7213472E+02     0.3687951E+02
     0.7211559E+02     0.3686520E+02
     0.7210619E+02     0.3684718E+02
     0.7209897E+02     0.3684433E+02
     0.7209897E+02     0.3684433E+02
     0.7207567E+02     0.3684066E+02
     0.7204715E+02     0.3683404E+02
     0.7204478E+02     0.3682933E+02
     0.7203403E+02     0.3681942E+02
     0.7202979E+02     0.3681641E+02
     0.7201367E+02     0.3681480E+02
     0.7201050E+02     0.3681254E+02
     0.7200554E+02     0.3679992E+02
     0.7199092E+02     0.3679180E+02
     0.7197942E+02     0.3678513E+02
     0.7197121E+02     0.3678232E+02
     0.7196574E+02     0.3677615E+02
     0.7195841E+02     0.3677169E+02
     0.7194725E+02     0.3675616E+02
     0.7190305E+02     0.3673981E+02
     0.7189567E+02     0.3673455E+02
     0.7188570E+02     0.3672137E+02
     0.7187321E+02     0.3671473E+02
     0.7186472E+02     0.3670791E+02
     0.7186472E+02     0.3670791E+02
     0.7186478E+02     0.3670871E+02
     0.7185207E+02     0.3669887E+02
     0.7183023E+02     0.3668706E+02
     0.7180781E+02     0.3668089E+02
     0.7178259E+02     0.3667727E+02
     0.7175678E+02     0.3667929E+02
     0.7174760E+02     0.3667651E+02
     0.7173460E+02     0.3667632E+02
     0.7172366E+02     0.3667683E+02
     0.7172366E+02     0.3667683E+02
     0.7171249E+02     0.3667414E+02
     0.7169868E+02     0.3667639E+02
     0.7168176E+02     0.3667718E+02
     0.7166684E+02     0.3667787E+02
     0.7165806E+02     0.3668069E+02
     0.7165150E+02     0.3668662E+02
     0.7164674E+02     0.3669005E+02
     0.7163592E+02     0.3669216E+02
     0.7162708E+02     0.3669418E+02
     0.7162344E+02     0.3669917E+02
     0.7161897E+02     0.3670660E+02
     0.7161638E+02     0.3671235E+02
     0.7160390E+02     0.3671935E+02
     0.7159522E+02     0.3672376E+02
     0.7158461E+02     0.3672907E+02
     0.7157837E+02     0.3673980E+02
     0.7157092E+02     0.3674738E+02
     0.7156533E+02     0.3675325E+02
     0.7156058E+02     0.3675668E+02
     0.7155997E+02     0.3676234E+02
     0.7155997E+02     0.3676234E+02
     0.7155915E+02     0.3676478E+02
     0.7155900E+02     0.3677684E+02
     0.7155547E+02     0.3678343E+02
     0.7155033E+02     0.3679572E+02
     0.7154824E+02     0.3680867E+02
     0.7154111E+02     0.3682104E+02
     0.7153536E+02     0.3683898E+02
     0.7152541E+02     0.3685389E+02
     0.7151932E+02     0.3686702E+02
     0.7151157E+02     0.3688505E+02
     0.7150565E+02     0.3690058E+02
     0.7149723E+02     0.3690900E+02
     0.7148780E+02     0.3691745E+02
     0.7148780E+02     0.3691745E+02
     0.7148337E+02     0.3692569E+02
     0.7147916E+02     0.3693712E+02
     0.7146679E+02     0.3694651E+02
     0.7145914E+02     0.3695167E+02
     0.7145697E+02     0.3696382E+02
     0.7146274E+02     0.3697481E+02
     0.7146590E+02     0.3697708E+02
     0.7146635E+02     0.3698349E+02
     0.7146596E+02     0.3699234E+02
     0.7146263E+02     0.3700213E+02
     0.7145930E+02     0.3701192E+02
     0.7145791E+02     0.3702082E+02
     0.7145419E+02     0.3702501E+02
     0.7144675E+02     0.3703337E+02
     0.7143819E+02     0.3704017E+02
     0.7143663E+02     0.3704667E+02
     0.7143597E+02     0.3705152E+02
     0.7143102E+02     0.3705254E+02
     0.7142719E+02     0.3705512E+02
     0.7142580E+02     0.3706402E+02
     0.7142729E+02     0.3707119E+02
     0.7142984E+02     0.3707911E+02
     0.7143562E+02     0.3709010E+02
     0.7144144E+02     0.3710189E+02
     0.7144078E+02     0.3710674E+02
     0.7143922E+02     0.3711324E+02
     0.7144005E+02     0.3712525E+02
     0.7144244E+02     0.3713077E+02
     0.7144305E+02     0.3713958E+02
     0.7144550E+02     0.3714589E+02
     0.7144694E+02     0.3715226E+02
     0.7144576E+02     0.3716436E+02
     0.7144643E+02     0.3717397E+02
     0.7145188E+02     0.3718016E+02
     0.7145717E+02     0.3718394E+02
     0.7145717E+02     0.3718394E+02
     0.7145650E+02     0.3720325E+02
     0.7145900E+02     0.3721037E+02
     0.7146662E+02     0.3721886E+02
     0.7147648E+02     0.3723048E+02
     0.7148372E+02     0.3724783E+02
     0.7149018E+02     0.3726842E+02
     0.7149476E+02     0.3729071E+02
     0.7149900E+02     0.3730820E+02
     0.7149900E+02     0.3730820E+02
     0.7149733E+02     0.3731309E+02
     0.7149009E+02     0.3732466E+02
     0.7148663E+02     0.3733285E+02
     0.7148508E+02     0.3733934E+02
     0.7148899E+02     0.3736648E+02
     0.7148837E+02     0.3737213E+02
     0.7148559E+02     0.3737547E+02
     0.7147784E+02     0.3737983E+02
     0.7147310E+02     0.3738405E+02
     0.7147443E+02     0.3738881E+02
     0.7147800E+02     0.3739669E+02
     0.7148230E+02     0.3740051E+02
     0.7148721E+02     0.3739869E+02
     0.7149223E+02     0.3739846E+02
     0.7149458E+02     0.3740318E+02
     0.7150169E+02     0.3744704E+02
     0.7150381E+02     0.3744855E+02
     0.7150922E+02     0.3745393E+02
     0.7151347E+02     0.3745696E+02
     0.7151923E+02     0.3746714E+02
     0.7152303E+02     0.3747822E+02
     0.7152047E+02     0.3748476E+02
     0.7151488E+02     0.3749143E+02
     0.7150780E+02     0.3750540E+02
     0.7150713E+02     0.3751025E+02
     0.7150629E+02     0.3751270E+02
     0.7150155E+02     0.3751693E+02
     0.7150010E+02     0.3752502E+02
     0.7149943E+02     0.3752987E+02
     0.7149468E+02     0.3753410E+02
     0.7149396E+02     0.3753815E+02
     0.7149530E+02     0.3754291E+02
     0.7149782E+02     0.3755002E+02
     0.7150011E+02     0.3755394E+02
     0.7149944E+02     0.3755879E+02
     0.7150336E+02     0.3757146E+02
     0.7150488E+02     0.3757862E+02
     0.7150561E+02     0.3758903E+02
     0.7150433E+02     0.3759953E+02
     0.7151216E+02     0.3761042E+02
     0.7151351E+02     0.3761518E+02
     0.7151833E+02     0.3762621E+02
     0.7151978E+02     0.3763257E+02
     0.7152237E+02     0.3764049E+02
     0.7152589E+02     0.3764756E+02
     0.7152428E+02     0.3765326E+02
     0.7152383E+02     0.3766130E+02
     0.7152794E+02     0.3767638E+02
     0.7153606E+02     0.3769128E+02
     0.7153972E+02     0.3769995E+02
     0.7154224E+02     0.3770707E+02
     0.7154544E+02     0.3770933E+02
     0.7154495E+02     0.3773104E+02
     0.7154155E+02     0.3774002E+02
     0.7153483E+02     0.3774514E+02
     0.7153012E+02     0.3775017E+02
     0.7152968E+02     0.3775822E+02
     0.7153210E+02     0.3776373E+02
     0.7154186E+02     0.3777293E+02
     0.7155045E+02     0.3777978E+02
     0.7156710E+02     0.3778626E+02
     0.7158281E+02     0.3779358E+02
     0.7158910E+02     0.3779651E+02
     0.7159028E+02     0.3779887E+02
     0.7159080E+02     0.3780607E+02
     0.7158823E+02     0.3781261E+02
     0.7158387E+02     0.3782245E+02
     0.7158158E+02     0.3783299E+02
     0.7158244E+02     0.3784500E+02
     0.7158509E+02     0.3785371E+02
     0.7158977E+02     0.3786234E+02
     0.7159028E+02     0.3786954E+02
     0.7158872E+02     0.3787603E+02
     0.7158817E+02     0.3788248E+02
     0.7158487E+02     0.3789307E+02
     0.7158539E+02     0.3790028E+02
     0.7158535E+02     0.3791393E+02
     0.7158373E+02     0.3791962E+02
     0.7157824E+02     0.3792790E+02
     0.7156645E+02     0.3793325E+02
     0.7155186E+02     0.3794193E+02
     0.7154433E+02     0.3795029E+02
     0.7152940E+02     0.3795417E+02
     0.7151304E+02     0.3795249E+02
     0.7150157E+02     0.3794818E+02
     0.7149292E+02     0.3794053E+02
     0.7147910E+02     0.3793151E+02
     0.7146129E+02     0.3792346E+02
     0.7144388E+02     0.3792101E+02
     0.7142928E+02     0.3791523E+02
     0.7141575E+02     0.3791020E+02
     0.7140306E+02     0.3790272E+02
     0.7138475E+02     0.3790191E+02
     0.7137251E+02     0.3790083E+02
     0.7136617E+02     0.3789709E+02
     0.7135658E+02     0.3789028E+02
     0.7134013E+02     0.3788697E+02
     0.7133178E+02     0.3788332E+02
     0.7132684E+02     0.3788514E+02
     0.7132233E+02     0.3789336E+02
     0.7131697E+02     0.3790403E+02
     0.7131326E+02     0.3790900E+02
     0.7130981E+02     0.3791211E+02
     0.7131020E+02     0.3791265E+02
     0.7131054E+02     0.3791322E+02
     0.7129333E+02     0.3792912E+02
     0.7129131E+02     0.3792921E+02
     0.7128923E+02     0.3792849E+02
     0.7128342E+02     0.3791750E+02
     0.7127319E+02     0.3791633E+02
     0.7126601E+02     0.3791503E+02
     0.7125814E+02     0.3791857E+02
     0.7125335E+02     0.3792279E+02
     0.7124846E+02     0.3792540E+02
     0.7124783E+02     0.3793105E+02
     0.7125304E+02     0.3793324E+02
     0.7125810E+02     0.3793303E+02
     0.7126018E+02     0.3793374E+02
     0.7126039E+02     0.3793694E+02
     0.7126109E+02     0.3794735E+02
     0.7126451E+02     0.3795283E+02
     0.7126685E+02     0.3795754E+02
     0.7126819E+02     0.3796230E+02
     0.7126906E+02     0.3797511E+02
     0.7126672E+02     0.3798565E+02
     0.7126598E+02     0.3798969E+02
     0.7127116E+02     0.3799108E+02
     0.7127425E+02     0.3799175E+02
     0.7127676E+02     0.3799887E+02
     0.7127399E+02     0.3800300E+02
     0.7127431E+02     0.3800780E+02
     0.7127763E+02     0.3801168E+02
     0.7128498E+02     0.3801538E+02
     0.7128498E+02     0.3801538E+02
     0.7128845E+02     0.3802166E+02
     0.7128692E+02     0.3802895E+02
     0.7128539E+02     0.3803624E+02
     0.7129066E+02     0.3803922E+02
     0.7130150E+02     0.3804920E+02
     0.7131250E+02     0.3806158E+02
     0.7131748E+02     0.3807501E+02
     0.7131853E+02     0.3809022E+02
     0.7132277E+02     0.3810770E+02
     0.7132743E+02     0.3811633E+02
     0.7133294E+02     0.3812252E+02
     0.7133702E+02     0.3813760E+02
     0.7133702E+02     0.3813760E+02
     0.7134179E+02     0.3814783E+02
     0.7135007E+02     0.3814988E+02
     0.7135936E+02     0.3815189E+02
     0.7136386E+02     0.3815812E+02
     0.7136617E+02     0.3816203E+02
     0.7136351E+02     0.3816776E+02
     0.7136182E+02     0.3817265E+02
     0.7136174E+02     0.3818630E+02
     0.7136347E+02     0.3819667E+02
     0.7136781E+02     0.3820049E+02
     0.7137135E+02     0.3820757E+02
     0.7137061E+02     0.3821161E+02
     0.7136694E+02     0.3821739E+02
     0.7136411E+02     0.3822072E+02
     0.7136450E+02     0.3822632E+02
     0.7136726E+02     0.3823664E+02
     0.7136493E+02     0.3824717E+02
     0.7135961E+02     0.3825864E+02
     0.7135396E+02     0.3826530E+02
     0.7134798E+02     0.3826717E+02
     0.7134087E+02     0.3826747E+02
     0.7133274E+02     0.3826782E+02
     0.7132771E+02     0.3826883E+02
     0.7132731E+02     0.3827768E+02
     0.7132668E+02     0.3828333E+02
     0.7132706E+02     0.3828893E+02
     0.7132745E+02     0.3829453E+02
     0.7132178E+02     0.3830119E+02
     0.7131879E+02     0.3830212E+02
     0.7130457E+02     0.3830273E+02
     0.7129965E+02     0.3830534E+02
     0.7129479E+02     0.3830876E+02
     0.7127644E+02     0.3830873E+02
     0.7126826E+02     0.3830828E+02
     0.7125708E+02     0.3830875E+02
     0.7124799E+02     0.3830993E+02
     0.7124013E+02     0.3831428E+02
     0.7122724E+02     0.3831963E+02
     0.7121616E+02     0.3832170E+02
     0.7120226E+02     0.3832710E+02
     0.7120145E+02     0.3833034E+02
     0.7119878E+02     0.3833607E+02
     0.7119301E+02     0.3834112E+02
     0.7118680E+02     0.3833978E+02
     0.7118174E+02     0.3833826E+02
     0.7117513E+02     0.3834828E+02
     0.7116871E+02     0.3835898E+02
     0.7116640E+02     0.3837031E+02
     0.7116293E+02     0.3837928E+02
     0.7115997E+02     0.3838101E+02
     0.7115489E+02     0.3838122E+02
     0.7114895E+02     0.3838387E+02
     0.7114306E+02     0.3838733E+02
     0.7114342E+02     0.3839293E+02
     0.7113571E+02     0.3839967E+02
     0.7113020E+02     0.3839347E+02
     0.7112608E+02     0.3839284E+02
     0.7112131E+02     0.3839785E+02
     0.7111943E+02     0.3840033E+02
     0.7111633E+02     0.3839965E+02
     0.7111017E+02     0.3839911E+02
     0.7110310E+02     0.3840020E+02
     0.7109919E+02     0.3840276E+02
     0.7109794E+02     0.3841485E+02
     0.7109505E+02     0.3841737E+02
     0.7108889E+02     0.3841682E+02
     0.7107962E+02     0.3841560E+02
     0.7107326E+02     0.3841184E+02
     0.7107090E+02     0.3840712E+02
     0.7106464E+02     0.3840497E+02
     0.7106101E+02     0.3839629E+02
     0.7105175E+02     0.3839506E+02
     0.7104484E+02     0.3839854E+02
     0.7104220E+02     0.3840507E+02
     0.7104063E+02     0.3841236E+02
     0.7103413E+02     0.3842225E+02
     0.7102617E+02     0.3844102E+02
     0.7102277E+02     0.3845159E+02
     0.7102115E+02     0.3845807E+02
     0.7101830E+02     0.3846140E+02
     0.7101133E+02     0.3846408E+02
     0.7100441E+02     0.3846757E+02
     0.7099967E+02     0.3847338E+02
     0.7099306E+02     0.3848166E+02
     0.7098909E+02     0.3848343E+02
     0.7098384E+02     0.3848123E+02
     0.7097630E+02     0.3847511E+02
     0.7096683E+02     0.3847067E+02
     0.7094849E+02     0.3847139E+02
     0.7094442E+02     0.3847156E+02
     0.7094391E+02     0.3846355E+02
     0.7095373E+02     0.3845755E+02
     0.7095740E+02     0.3845098E+02
     0.7095657E+02     0.3843818E+02
     0.7095021E+02     0.3843442E+02
     0.7094105E+02     0.3843478E+02
     0.7093912E+02     0.3843646E+02
     0.7093398E+02     0.3843586E+02
     0.7092619E+02     0.3842574E+02
     0.7091209E+02     0.3842870E+02
     0.7090405E+02     0.3843062E+02
     0.7089834E+02     0.3843726E+02
     0.7089686E+02     0.3844614E+02
     0.7089639E+02     0.3845499E+02
     0.7089156E+02     0.3845919E+02
     0.7088255E+02     0.3846194E+02
     0.7087348E+02     0.3846391E+02
     0.7086722E+02     0.3846174E+02
     0.7086070E+02     0.3845557E+02
     0.7085541E+02     0.3845257E+02
     0.7085399E+02     0.3844621E+02
     0.7085135E+02     0.3843668E+02
     0.7084596E+02     0.3843208E+02
     0.7084290E+02     0.3843219E+02
     0.7084199E+02     0.3843383E+02
     0.7084026E+02     0.3843871E+02
     0.7083337E+02     0.3844299E+02
     0.7082650E+02     0.3844727E+02
     0.7081932E+02     0.3844674E+02
     0.7081815E+02     0.3844438E+02
     0.7081383E+02     0.3844053E+02
     0.7080864E+02     0.3843913E+02
     0.7080151E+02     0.3843940E+02
     0.7079341E+02     0.3844051E+02
     0.7078256E+02     0.3844654E+02
     0.7077665E+02     0.3844998E+02
     0.7076952E+02     0.3845025E+02
     0.7076530E+02     0.3844801E+02
     0.7075971E+02     0.3844019E+02
     0.7074972E+02     0.3842693E+02
     0.7074108E+02     0.3841924E+02
     0.7072848E+02     0.3841330E+02
     0.7071606E+02     0.3841055E+02
     0.7070181E+02     0.3841109E+02
     0.7068955E+02     0.3841075E+02
     0.7067812E+02     0.3840716E+02
     0.7067351E+02     0.3839851E+02
     0.7067303E+02     0.3839050E+02
     0.7068204E+02     0.3838776E+02
     0.7068994E+02     0.3838345E+02
     0.7069052E+02     0.3837621E+02
     0.7068999E+02     0.3836740E+02
     0.7068456E+02     0.3836199E+02
     0.7066791E+02     0.3835619E+02
     0.7066263E+02     0.3835318E+02
     0.7065730E+02     0.3834937E+02
     0.7065096E+02     0.3834559E+02
     0.7062257E+02     0.3834825E+02
     0.7061231E+02     0.3834702E+02
     0.7060597E+02     0.3834324E+02
     0.7060448E+02     0.3833527E+02
     0.7060866E+02     0.3831988E+02
     0.7060180E+02     0.3830729E+02
     0.7060168E+02     0.3828804E+02
     0.7059728E+02     0.3828259E+02
     0.7058781E+02     0.3827732E+02
     0.7056585E+02     0.3826769E+02
     0.7055846E+02     0.3826315E+02
     0.7055175E+02     0.3825296E+02
     0.7053844E+02     0.3823418E+02
     0.7053418E+02     0.3821348E+02
     0.7053067E+02     0.3820558E+02
     0.7052000E+02     0.3819714E+02
     0.7051293E+02     0.3818055E+02
     0.7050371E+02     0.3816162E+02
     0.7049891E+02     0.3814896E+02
     0.7050278E+02     0.3812796E+02
     0.7050176E+02     0.3812331E+02
     0.7050176E+02     0.3812331E+02
     0.7050139E+02     0.3812159E+02
     0.7049812E+02     0.3811769E+02
     0.7048373E+02     0.3811500E+02
     0.7047530E+02     0.3810968E+02
     0.7046581E+02     0.3810360E+02
     0.7044839E+02     0.3810102E+02
     0.7043295E+02     0.3809755E+02
     0.7042558E+02     0.3809300E+02
     0.7041877E+02     0.3808040E+02
     0.7039690E+02     0.3807074E+02
     0.7037480E+02     0.3805708E+02
     0.7036758E+02     0.3805492E+02
     0.7036537E+02     0.3805179E+02
     0.7036514E+02     0.3804779E+02
     0.7036483E+02     0.3804218E+02
     0.7036028E+02     0.3803351E+02
     0.7035600E+02     0.3803160E+02
     0.7035600E+02     0.3803160E+02
     0.7035196E+02     0.3802979E+02
     0.7034957E+02     0.3802345E+02
     0.7034433E+02     0.3802043E+02
     0.7033702E+02     0.3801667E+02
     0.7033041E+02     0.3800727E+02
     0.7032582E+02     0.3799780E+02
     0.7031657E+02     0.3799571E+02
     0.7030826E+02     0.3799199E+02
     0.7030482E+02     0.3798488E+02
     0.7029774E+02     0.3798513E+02
     0.7029254E+02     0.3798290E+02
     0.7029227E+02     0.3797809E+02
     0.7029179E+02     0.3797564E+02
     0.7029179E+02     0.3797564E+02
     0.7029086E+02     0.3797092E+02
     0.7028880E+02     0.3797019E+02
     0.7028162E+02     0.3796883E+02
     0.7027670E+02     0.3797141E+02
     0.7026569E+02     0.3797419E+02
     0.7026560E+02     0.3797259E+02
     0.7026640E+02     0.3796855E+02
     0.7026992E+02     0.3795880E+02
     0.7027441E+02     0.3794822E+02
     0.7027806E+02     0.3794087E+02
     0.7027169E+02     0.3793547E+02
     0.7026570E+02     0.3793728E+02
     0.7024867E+02     0.3794107E+02
     0.7023332E+02     0.3793838E+02
     0.7021577E+02     0.3793256E+02
     0.7021349E+02     0.3792782E+02
     0.7021209E+02     0.3792064E+02
     0.7021003E+02     0.3791991E+02
     0.7020413E+02     0.3792332E+02
     0.7020065E+02     0.3793387E+02
     0.7018809E+02     0.3794553E+02
     0.7018307E+02     0.3794650E+02
     0.7017991E+02     0.3794419E+02
     0.7017745E+02     0.3793625E+02
     0.7017466E+02     0.3792190E+02
     0.7017758E+02     0.3788168E+02
     0.7018074E+02     0.3786949E+02
     0.7018074E+02     0.3786949E+02
     0.7018262E+02     0.3786226E+02
     0.7019675E+02     0.3784252E+02
     0.7021258E+02     0.3783557E+02
     0.7024166E+02     0.3783057E+02
     0.7026258E+02     0.3782423E+02
     0.7027734E+02     0.3781651E+02
     0.7028112E+02     0.3781156E+02
     0.7027612E+02     0.3779408E+02
     0.7027581E+02     0.3778847E+02
     0.7027946E+02     0.3778112E+02
     0.7028516E+02     0.3777450E+02
     0.7029197E+02     0.3776945E+02
     0.7029482E+02     0.3776614E+02
     0.7029183E+02     0.3774859E+02
     0.7029341E+02     0.3774051E+02
     0.7029513E+02     0.3773483E+02
     0.7029762E+02     0.3772512E+02
     0.7029749E+02     0.3772271E+02
     0.7029092E+02     0.3771331E+02
     0.7029359E+02     0.3770679E+02
     0.7030030E+02     0.3770014E+02
     0.7030613E+02     0.3769593E+02
     0.7030367E+02     0.3768799E+02
     0.7029841E+02     0.3768415E+02
     0.7029113E+02     0.3768039E+02
     0.7029109E+02     0.3767959E+02
     0.7028973E+02     0.3767322E+02
     0.7028455E+02     0.3767099E+02
     0.7028140E+02     0.3766869E+02
     0.7027921E+02     0.3766556E+02
     0.7027952E+02     0.3765270E+02
     0.7027952E+02     0.3765270E+02
     0.7027838E+02     0.3765033E+02
     0.7027018E+02     0.3764821E+02
     0.7026589E+02     0.3764354E+02
     0.7026559E+02     0.3763793E+02
     0.7026818E+02     0.3761135E+02
     0.7026389E+02     0.3760669E+02
     0.7025977E+02     0.3760522E+02
     0.7025285E+02     0.3760787E+02
     0.7025005E+02     0.3761198E+02
     0.7022333E+02     0.3760326E+02
     0.7021501E+02     0.3759872E+02
     0.7021387E+02     0.3759636E+02
     0.7021944E+02     0.3758734E+02
     0.7022208E+02     0.3758002E+02
     0.7021998E+02     0.3757849E+02
     0.7020499E+02     0.3758141E+02
     0.7020390E+02     0.3757984E+02
     0.7020667E+02     0.3757493E+02
     0.7021053E+02     0.3757159E+02
     0.7021027E+02     0.3756678E+02
     0.7019101E+02     0.3756503E+02
     0.7018102E+02     0.3756697E+02
     0.7017980E+02     0.3756300E+02
     0.7017614E+02     0.3755108E+02
     0.7017030E+02     0.3753603E+02
     0.7016790E+02     0.3752888E+02
     0.7016383E+02     0.3752822E+02
     0.7015696E+02     0.3753166E+02
     0.7014979E+02     0.3752949E+02
     0.7014655E+02     0.3752559E+02
     0.7014498E+02     0.3752443E+02
     0.7014498E+02     0.3752443E+02
     0.7014341E+02     0.3752328E+02
     0.7014026E+02     0.3752098E+02
     0.7010214E+02     0.3752465E+02
     0.7009232E+02     0.3752979E+02
     0.7008633E+02     0.3753079E+02
     0.7007835E+02     0.3753266E+02
     0.7007446E+02     0.3753520E+02
     0.7006665E+02     0.3754027E+02
     0.7006182E+02     0.3754444E+02
     0.7005683E+02     0.3754541E+02
     0.7005377E+02     0.3754470E+02
     0.7004660E+02     0.3754253E+02
     0.7004345E+02     0.3754022E+02
     0.7004156E+02     0.3754269E+02
     0.7003472E+02     0.3754693E+02
     0.7003073E+02     0.3754786E+02
     0.7001652E+02     0.3754591E+02
     0.7000476E+02     0.3755272E+02
     0.7000000E+02     0.3755682E+02
     0.6999606E+02     0.3756022E+02
     0.6999526E+02     0.3756425E+02
     0.6997613E+02     0.3756487E+02
     0.6996194E+02     0.3756372E+02
     0.6995389E+02     0.3756398E+02
     0.6994922E+02     0.3757135E+02
     0.6994797E+02     0.3758664E+02
     0.6994530E+02     0.3759394E+02
     0.6993874E+02     0.3760378E+02
     0.6993874E+02     0.3760378E+02
     0.6992696E+02     0.3761057E+02
     0.6990810E+02     0.3761679E+02
     0.6989491E+02     0.3761560E+02
     0.6988467E+02     0.3761271E+02
     0.6987525E+02     0.3760578E+02
     0.6986808E+02     0.3760359E+02
     0.6985784E+02     0.3760070E+02
     0.6983284E+02     0.3758462E+02
     0.6981819E+02     0.3757384E+02
     0.6980909E+02     0.3757331E+02
     0.6979414E+02     0.3757698E+02
     0.6978553E+02     0.3758687E+02
     0.6977863E+02     0.3759029E+02
     0.6976871E+02     0.3759380E+02
     0.6975344E+02     0.3759106E+02
     0.6973695E+02     0.3758353E+02
     0.6971839E+02     0.3757526E+02
     0.6971223E+02     0.3757303E+02
     0.6969716E+02     0.3757429E+02
     0.6967925E+02     0.3757963E+02
     0.6966299E+02     0.3757690E+02
     0.6963989E+02     0.3757919E+02
     0.6962090E+02     0.3758295E+02
     0.6960679E+02     0.3758336E+02
     0.6958549E+02     0.3758076E+02
     0.6957430E+02     0.3757868E+02
     0.6956520E+02     0.3758015E+02
     0.6956520E+02     0.3758015E+02
     0.6956228E+02     0.3758063E+02
     0.6954929E+02     0.3758340E+02
     0.6954054E+02     0.3759088E+02
     0.6953245E+02     0.3759031E+02
     0.6952417E+02     0.3758572E+02
     0.6952079E+02     0.3757780E+02
     0.6951407E+02     0.3756274E+02
     0.6951044E+02     0.3754920E+02
     0.6950890E+02     0.3754821E+02
     0.6950890E+02     0.3754821E+02
     0.6949487E+02     0.3753921E+02
     0.6948952E+02     0.3753214E+02
     0.6948819E+02     0.3752495E+02
     0.6947701E+02     0.3752286E+02
     0.6946864E+02     0.3751587E+02
     0.6945923E+02     0.3750811E+02
     0.6945294E+02     0.3750266E+02
     0.6944867E+02     0.3749717E+02
     0.6944731E+02     0.3748918E+02
     0.6943604E+02     0.3748468E+02
     0.6942972E+02     0.3747843E+02
     0.6942757E+02     0.3747528E+02
     0.6941743E+02     0.3747395E+02
     0.6941129E+02     0.3747172E+02
     0.6940391E+02     0.3746389E+02
     0.6939652E+02     0.3745607E+02
     0.6939567E+02     0.3745580E+02
     0.6939567E+02     0.3745580E+02
     0.6938733E+02     0.3745311E+02
     0.6938123E+02     0.3745168E+02
     0.6937997E+02     0.3744609E+02
     0.6937749E+02     0.3743493E+02
     0.6937614E+02     0.3742694E+02
     0.6937395E+02     0.3742298E+02
     0.6937579E+02     0.3741892E+02
     0.6936935E+02     0.3740947E+02
     0.6936717E+02     0.3740551E+02
     0.6937872E+02     0.3739316E+02
     0.6937714E+02     0.3737956E+02
     0.6937894E+02     0.3737470E+02
     0.6937974E+02     0.3736986E+02
     0.6938043E+02     0.3736262E+02
     0.6938126E+02     0.3735859E+02
     0.6938629E+02     0.3735845E+02
     0.6938927E+02     0.3735757E+02
     0.6939117E+02     0.3735511E+02
     0.6939204E+02     0.3735187E+02
     0.6938885E+02     0.3734795E+02
     0.6938567E+02     0.3734402E+02
     0.6938429E+02     0.3733523E+02
     0.6938461E+02     0.3731917E+02
     0.6938942E+02     0.3731423E+02
     0.6939344E+02     0.3731412E+02
     0.6939749E+02     0.3731481E+02
     0.6940043E+02     0.3731312E+02
     0.6940134E+02     0.3731069E+02
     0.6939919E+02     0.3730754E+02
     0.6939708E+02     0.3730519E+02
     0.6939597E+02     0.3730281E+02
     0.6940182E+02     0.3729864E+02
     0.6940764E+02     0.3729367E+02
     0.6941041E+02     0.3728797E+02
     0.6940819E+02     0.3728322E+02
     0.6940691E+02     0.3727683E+02
     0.6941176E+02     0.3727269E+02
     0.6941176E+02     0.3727269E+02
     0.6941650E+02     0.3726614E+02
     0.6942110E+02     0.3725638E+02
     0.6941968E+02     0.3724679E+02
     0.6941715E+02     0.3723482E+02
     0.6942403E+02     0.3723142E+02
     0.6942905E+02     0.3723128E+02
     0.6944040E+02     0.3723819E+02
     0.6944753E+02     0.3724040E+02
     0.6945551E+02     0.3723937E+02
     0.6945517E+02     0.3723136E+02
     0.6944880E+02     0.3722351E+02
     0.6943417E+02     0.3721027E+02
     0.6941432E+02     0.3719236E+02
     0.6939842E+02     0.3717273E+02
     0.6938522E+02     0.3716908E+02
     0.6937005E+02     0.3716629E+02
     0.6935865E+02     0.3715776E+02
     0.6935027E+02     0.3714917E+02
     0.6932938E+02     0.3712967E+02
     0.6931886E+02     0.3711791E+02
     0.6929873E+02     0.3711604E+02
     0.6928771E+02     0.3711633E+02
     0.6928555E+02     0.3711238E+02
     0.6927831E+02     0.3710695E+02
     0.6926605E+02     0.3710165E+02
     0.6925591E+02     0.3709871E+02
     0.6924883E+02     0.3709729E+02
     0.6923998E+02     0.3710154E+02
     0.6923113E+02     0.3710578E+02
     0.6922238E+02     0.3711243E+02
     0.6920898E+02     0.3712803E+02
     0.6919624E+02     0.3713558E+02
     0.6918742E+02     0.3714062E+02
     0.6918163E+02     0.3714639E+02
     0.6917268E+02     0.3714822E+02
     0.6916072E+02     0.3715013E+02
     0.6915483E+02     0.3715349E+02
     0.6915008E+02     0.3716003E+02
     0.6914121E+02     0.3716427E+02
     0.6913429E+02     0.3716685E+02
     0.6912646E+02     0.3717186E+02
     0.6912264E+02     0.3717678E+02
     0.6911407E+02     0.3718822E+02
     0.6910162E+02     0.3720378E+02
     0.6909013E+02     0.3721771E+02
     0.6908047E+02     0.3722758E+02
     0.6906190E+02     0.3724088E+02
     0.6904330E+02     0.3725338E+02
     0.6902972E+02     0.3726574E+02
     0.6902391E+02     0.3727150E+02
     0.6902422E+02     0.3727952E+02
     0.6901852E+02     0.3728848E+02
     0.6900794E+02     0.3730078E+02
     0.6899711E+02     0.3730666E+02
     0.6898427E+02     0.3731258E+02
     0.6897334E+02     0.3731605E+02
     0.6896040E+02     0.3731957E+02
     0.6895042E+02     0.3732141E+02
     0.6894440E+02     0.3732156E+02
     0.6893228E+02     0.3732024E+02
     0.6892117E+02     0.3731889E+02
     0.6891730E+02     0.3732299E+02
     0.6890643E+02     0.3732806E+02
     0.6889748E+02     0.3733068E+02
     0.6889037E+02     0.3732844E+02
     0.6888617E+02     0.3732372E+02
     0.6889191E+02     0.3731556E+02
     0.6890059E+02     0.3730573E+02
     0.6890517E+02     0.3729359E+02
     0.6891896E+02     0.3728605E+02
     0.6892575E+02     0.3727947E+02
     0.6892153E+02     0.3727395E+02
     0.6890727E+02     0.3726867E+02
     0.6889626E+02     0.3726973E+02
     0.6888734E+02     0.3727314E+02
     0.6887488E+02     0.3728948E+02
     0.6886438E+02     0.3730497E+02
     0.6884370E+02     0.3731667E+02
     0.6882556E+02     0.3731548E+02
     0.6881016E+02     0.3730620E+02
     0.6880759E+02     0.3729021E+02
     0.6882600E+02     0.3727134E+02
     0.6882951E+02     0.3725682E+02
     0.6882423E+02     0.3724972E+02
     0.6881297E+02     0.3724355E+02
     0.6880602E+02     0.3724612E+02
     0.6879541E+02     0.3725839E+02
     0.6878903E+02     0.3727699E+02
     0.6878226E+02     0.3728436E+02
     0.6877125E+02     0.3728541E+02
     0.6875811E+02     0.3728329E+02
     0.6874183E+02     0.3727723E+02
     0.6872956E+02     0.3727108E+02
     0.6871554E+02     0.3727219E+02
     0.6869049E+02     0.3727434E+02
     0.6868051E+02     0.3727616E+02
     0.6867023E+02     0.3726916E+02
     0.6866885E+02     0.3725796E+02
     0.6867428E+02     0.3724019E+02
     0.6867515E+02     0.3723616E+02
     0.6866419E+02     0.3723880E+02
     0.6865730E+02     0.3724296E+02
     0.6865334E+02     0.3724465E+02
     0.6865112E+02     0.3723828E+02
     0.6865262E+02     0.3722300E+02
     0.6865137E+02     0.3721581E+02
     0.6863905E+02     0.3720724E+02
     0.6860664E+02     0.3719830E+02
     0.6856721E+02     0.3718948E+02
     0.6856086E+02     0.3718491E+02
     0.6856086E+02     0.3718491E+02
     0.6854770E+02     0.3717544E+02
     0.6853940E+02     0.3716679E+02
     0.6851521E+02     0.3716327E+02
     0.6849802E+02     0.3715879E+02
     0.6848392E+02     0.3715667E+02
     0.6847775E+02     0.3715198E+02
     0.6845257E+02     0.3714846E+02
     0.6843654E+02     0.3714878E+02
     0.6842542E+02     0.3714579E+02
     0.6842229E+02     0.3714183E+02
     0.6842201E+02     0.3713301E+02
     0.6842201E+02     0.3713301E+02
     0.6842178E+02     0.3712500E+02
     0.6841853E+02     0.3711703E+02
     0.6839512E+02     0.3710545E+02
     0.6837997E+02     0.3710173E+02
     0.6835703E+02     0.3710537E+02
     0.6832717E+02     0.3711235E+02
     0.6831310E+02     0.3711101E+02
     0.6830292E+02     0.3710558E+02
     0.6829558E+02     0.3709449E+02
     0.6828907E+02     0.3707695E+02
     0.6828139E+02     0.3701852E+02
     0.6827113E+02     0.3700988E+02
     0.6826192E+02     0.3700283E+02
     0.6824606E+02     0.3700793E+02
     0.6823431E+02     0.3701777E+02
     0.6822042E+02     0.3702203E+02
     0.6820345E+02     0.3702393E+02
     0.6819233E+02     0.3702011E+02
     0.6817704E+02     0.3700995E+02
     0.6815651E+02     0.3699105E+02
     0.6813716E+02     0.3697855E+02
     0.6812206E+02     0.3697479E+02
     0.6811095E+02     0.3697097E+02
     0.6810063E+02     0.3695911E+02
     0.6808430E+02     0.3694654E+02
     0.6807820E+02     0.3694263E+02
     0.6805608E+02     0.3693819E+02
     0.6804198E+02     0.3693441E+02
     0.6802383E+02     0.3692828E+02
     0.6800586E+02     0.3692937E+02
     0.6799806E+02     0.3693752E+02
     0.6799055E+02     0.3695690E+02
     0.6798886E+02     0.3696976E+02
     0.6798106E+02     0.3697791E+02
     0.6796822E+02     0.3698453E+02
     0.6795238E+02     0.3699200E+02
     0.6792870E+02     0.3700600E+02
     0.6790399E+02     0.3701922E+02
     0.6789763E+02     0.3704660E+02
     0.6790092E+02     0.3705858E+02
     0.6789905E+02     0.3706422E+02
     0.6789408E+02     0.3706590E+02
     0.6788208E+02     0.3706689E+02
     0.6784303E+02     0.3706747E+02
     0.6782111E+02     0.3707260E+02
     0.6780328E+02     0.3708168E+02
     0.6778652E+02     0.3709396E+02
     0.6778373E+02     0.3710362E+02
     0.6778445E+02     0.3711238E+02
     0.6778445E+02     0.3711238E+02
     0.6778510E+02     0.3712045E+02
     0.6778960E+02     0.3714204E+02
     0.6779110E+02     0.3716449E+02
     0.6779052E+02     0.3718375E+02
     0.6778983E+02     0.3718477E+02
     0.6778983E+02     0.3718477E+02
     0.6780540E+02     0.3719276E+02
     0.6782077E+02     0.3723480E+02
     0.6782640E+02     0.3727122E+02
     0.6783301E+02     0.3734988E+02
     0.6782736E+02     0.3741912E+02
     0.6782837E+02     0.3746329E+02
     0.6785403E+02     0.3753014E+02
     0.6787856E+02     0.3754707E+02
     0.6788844E+02     0.3755652E+02
     0.6791599E+02     0.3759837E+02
     0.6793875E+02     0.3764027E+02
     0.6798835E+02     0.3769136E+02
     0.6800552E+02     0.3770070E+02
     0.6801780E+02     0.3770818E+02
     0.6804272E+02     0.3773659E+02
     0.6811113E+02     0.3785262E+02
     0.6812875E+02     0.3787729E+02
     0.6815794E+02     0.3788063E+02
     0.6821635E+02     0.3788923E+02
     0.6824328E+02     0.3789835E+02
     0.6827027E+02     0.3790939E+02
     0.6827798E+02     0.3792462E+02
     0.6827595E+02     0.3793810E+02
     0.6828620E+02     0.3795712E+02
     0.6828455E+02     0.3798403E+02
     0.6832010E+02     0.3803715E+02
     0.6834506E+02     0.3805973E+02
     0.6836240E+02     0.3807093E+02
     0.6836993E+02     0.3807847E+02
     0.6837299E+02     0.3809954E+02
     0.6839418E+02     0.3815675E+02
     0.6840223E+02     0.3818155E+02
     0.6840264E+02     0.3819499E+02
     0.6837907E+02     0.3822039E+02
     0.6836334E+02     0.3824296E+02
     0.6836349E+02     0.3824786E+02
     0.6836290E+02     0.3824950E+02
     0.6834161E+02     0.3827101E+02
     0.6832032E+02     0.3829252E+02
     0.6829873E+02     0.3830443E+02
     0.6826739E+02     0.3831651E+02
     0.6823837E+02     0.3832471E+02
     0.6823360E+02     0.3832863E+02
     0.6823144E+02     0.3833827E+02
     0.6823182E+02     0.3835170E+02
     0.6822732E+02     0.3836522E+02
     0.6821090E+02     0.3838854E+02
     0.6819675E+02     0.3840606E+02
     0.6816058E+02     0.3842204E+02
     0.6815081E+02     0.3842220E+02
     0.6813108E+02     0.3841486E+02
     0.6811878E+02     0.3841122E+02
     0.6810902E+02     0.3841138E+02
     0.6811436E+02     0.3842857E+02
     0.6812693E+02     0.3844180E+02
     0.6813456E+02     0.3845319E+02
     0.6813976E+02     0.3846462E+02
     0.6814241E+02     0.3847225E+02
     0.6812080E+02     0.3848605E+02
     0.6809464E+02     0.3851336E+02
     0.6806848E+02     0.3854065E+02
     0.6806888E+02     0.3855600E+02
     0.6807214E+02     0.3858665E+02
     0.6807275E+02     0.3860968E+02
     0.6807549E+02     0.3862115E+02
     0.6807574E+02     0.3863074E+02
     0.6808578E+02     0.3864017E+02
     0.6808599E+02     0.3864785E+02
     0.6806727E+02     0.3868077E+02
     0.6805813E+02     0.3870587E+02
     0.6806818E+02     0.3871530E+02
     0.6808563E+02     0.3872653E+02
     0.6811018E+02     0.3872805E+02
     0.6812004E+02     0.3872980E+02
     0.6812770E+02     0.3874119E+02
     0.6808006E+02     0.3879379E+02
     0.6807296E+02     0.3880349E+02
     0.6808057E+02     0.3881297E+02
     0.6809534E+02     0.3881464E+02
     0.6811256E+02     0.3881628E+02
     0.6813474E+02     0.3881975E+02
     0.6815697E+02     0.3882513E+02
     0.6816967E+02     0.3884027E+02
     0.6818461E+02     0.3884769E+02
     0.6819698E+02     0.3885132E+02
     0.6819491E+02     0.3886478E+02
     0.6819064E+02     0.3888788E+02
     0.6819811E+02     0.3889159E+02
     0.6820116E+02     0.3891265E+02
     0.6819909E+02     0.3892611E+02
     0.6818456E+02     0.3893403E+02
     0.6814594E+02     0.3895963E+02
     0.6814108E+02     0.3896163E+02
     0.6813418E+02     0.3897901E+02
     0.6811535E+02     0.3901002E+02
     0.6808865E+02     0.3902388E+02
     0.6806165E+02     0.3902624E+02
     0.6803680E+02     0.3901704E+02
     0.6802185E+02     0.3900960E+02
     0.6799982E+02     0.3901378E+02
     0.6798772E+02     0.3902164E+02
     0.6797571E+02     0.3903334E+02
     0.6796587E+02     0.3903349E+02
     0.6794349E+02     0.3902424E+02
     0.6792869E+02     0.3902254E+02
     0.6789917E+02     0.3902298E+02
     0.6788655E+02     0.3900974E+02
     0.6787648E+02     0.3900029E+02
     0.6786419E+02     0.3900047E+02
     0.6784456E+02     0.3900267E+02
     0.6781537E+02     0.3901651E+02
     0.6777101E+02     0.3901329E+02
     0.6777101E+02     0.3901329E+02
     0.6775979E+02     0.3900673E+02
     0.6775356E+02     0.3900298E+02
     0.6774860E+02     0.3900113E+02
     0.6773516E+02     0.3900515E+02
     0.6773145E+02     0.3900424E+02
     0.6772523E+02     0.3900144E+02
     0.6771536E+02     0.3899966E+02
     0.6770071E+02     0.3900465E+02
     0.6768868E+02     0.3901727E+02
     0.6768388E+02     0.3902309E+02
     0.6768093E+02     0.3905766E+02
     0.6767154E+02     0.3907888E+02
     0.6767443E+02     0.3909898E+02
     0.6767613E+02     0.3912101E+02
     0.6768371E+02     0.3912955E+02
     0.6768391E+02     0.3913913E+02
     0.6767786E+02     0.3914401E+02
     0.6764339E+02     0.3914541E+02
     0.6763115E+02     0.3914940E+02
     0.6761694E+02     0.3917738E+02
     0.6759491E+02     0.3918533E+02
     0.6757155E+02     0.3918849E+02
     0.6754929E+02     0.3918492E+02
     0.6753203E+02     0.3918513E+02
     0.6751363E+02     0.3919014E+02
     0.6750021E+02     0.3919700E+02
     0.6746210E+02     0.3920319E+02
     0.6744130E+02     0.3921205E+02
     0.6742549E+02     0.3922469E+02
     0.6739538E+02     0.3926529E+02
     0.6738713E+02     0.3928743E+02
     0.6738726E+02     0.3929509E+02
     0.6739228E+02     0.3929984E+02
     0.6741584E+02     0.3930534E+02
     0.6743074E+02     0.3930997E+02
     0.6746426E+02     0.3931918E+02
     0.6748531E+02     0.3932278E+02
     0.6749392E+02     0.3932076E+02
     0.6750871E+02     0.3931868E+02
     0.6751980E+02     0.3931759E+02
     0.6752365E+02     0.3932521E+02
     0.6751897E+02     0.3933869E+02
     0.6750699E+02     0.3935801E+02
     0.6749860E+02     0.3937152E+02
     0.6748078E+02     0.3941007E+02
     0.6743760E+02     0.3948245E+02
     0.6742548E+02     0.3949696E+02
     0.6742588E+02     0.3951900E+02
     0.6743356E+02     0.3953234E+02
     0.6744350E+02     0.3953415E+02
     0.6745831E+02     0.3953111E+02
     0.6748544E+02     0.3952505E+02
     0.6749162E+02     0.3952498E+02
     0.6750046E+02     0.3953351E+02
     0.6749938E+02     0.3954214E+02
     0.6749602E+02     0.3956040E+02
     0.6749871E+02     0.3957187E+02
     0.6751367E+02     0.3957649E+02
     0.6758472E+02     0.3959673E+02
     0.6761572E+02     0.3959731E+02
     0.6762817E+02     0.3960003E+02
     0.6764854E+02     0.3962566E+02
     0.6766234E+02     0.3963315E+02
     0.6767356E+02     0.3963588E+02
     0.6768604E+02     0.3963955E+02
     0.6769747E+02     0.3965186E+02
     0.6770502E+02     0.3965656E+02
     0.6771370E+02     0.3965644E+02
     0.6773586E+02     0.3964848E+02
     0.6775556E+02     0.3964247E+02
     0.6776052E+02     0.3964240E+02
     0.6778173E+02     0.3964787E+02
     0.6779677E+02     0.3965437E+02
     0.6780660E+02     0.3965040E+02
     0.6782741E+02     0.3963861E+02
     0.6784946E+02     0.3962679E+02
     0.6786059E+02     0.3962568E+02
     0.6787918E+02     0.3962541E+02
     0.6788892E+02     0.3961760E+02
     0.6789990E+02     0.3961073E+02
     0.6794047E+02     0.3959671E+02
     0.6796034E+02     0.3959833E+02
     0.6799006E+02     0.3959692E+02
     0.6800974E+02     0.3959087E+02
     0.6802316E+02     0.3958299E+02
     0.6803414E+02     0.3957611E+02
     0.6804523E+02     0.3957402E+02
     0.6807006E+02     0.3957554E+02
     0.6808609E+02     0.3957241E+02
     0.6810694E+02     0.3956440E+02
     0.6814036E+02     0.3956289E+02
     0.6815519E+02     0.3956169E+02
     0.6817135E+02     0.3956334E+02
     0.6818362E+02     0.3955930E+02
     0.6819337E+02     0.3955338E+02
     0.6820941E+02     0.3955119E+02
     0.6822936E+02     0.3955564E+02
     0.6825669E+02     0.3955804E+02
     0.6829500E+02     0.3955449E+02
     0.6832581E+02     0.3954914E+02
     0.6833684E+02     0.3954511E+02
     0.6834893E+02     0.3953531E+02
     0.6835379E+02     0.3953234E+02
     0.6836240E+02     0.3953027E+02
     0.6837740E+02     0.3953479E+02
     0.6840246E+02     0.3954391E+02
     0.6846663E+02     0.3953599E+02
     0.6849155E+02     0.3954030E+02
     0.6851488E+02     0.3953410E+02
     0.6852377E+02     0.3954063E+02
     0.6853262E+02     0.3954621E+02
     0.6853938E+02     0.3956334E+02
     0.6854106E+02     0.3957672E+02
     0.6854395E+02     0.3958913E+02
     0.6855776E+02     0.3959461E+02
     0.6857549E+02     0.3960576E+02
     0.6860748E+02     0.3963483E+02
     0.6862663E+02     0.3965074E+02
     0.6862960E+02     0.3966506E+02
     0.6863257E+02     0.3967937E+02
     0.6859188E+02     0.3972429E+02
     0.6858604E+02     0.3973495E+02
     0.6858985E+02     0.3973775E+02
     0.6859502E+02     0.3974340E+02
     0.6860870E+02     0.3974408E+02
     0.6862252E+02     0.3974859E+02
     0.6862905E+02     0.3975805E+02
     0.6863454E+02     0.3977327E+02
     0.6864497E+02     0.3978743E+02
     0.6864776E+02     0.3979600E+02
     0.6865195E+02     0.3980933E+02
     0.6864855E+02     0.3981898E+02
     0.6864545E+02     0.3983726E+02
     0.6864591E+02     0.3985067E+02
     0.6864735E+02     0.3985638E+02
     0.6866103E+02     0.3985611E+02
     0.6867339E+02     0.3985393E+02
     0.6868442E+02     0.3984892E+02
     0.6868952E+02     0.3985264E+02
     0.6869974E+02     0.3986010E+02
     0.6871624E+02     0.3986933E+02
     0.6872612E+02     0.3986721E+02
     0.6874301E+02     0.3985247E+02
     0.6874971E+02     0.3983125E+02
     0.6876190E+02     0.3982428E+02
     0.6877191E+02     0.3982598E+02
     0.6877702E+02     0.3982970E+02
     0.6877975E+02     0.3983635E+02
     0.6878286E+02     0.3985354E+02
     0.6878932E+02     0.3986011E+02
     0.6880935E+02     0.3986351E+02
     0.6881699E+02     0.3986813E+02
     0.6882494E+02     0.3988138E+02
     0.6882412E+02     0.3989289E+02
     0.6880663E+02     0.3992490E+02
     0.6878416E+02     0.3995797E+02
     0.6878234E+02     0.3997621E+02
     0.6878507E+02     0.3998286E+02
     0.6879517E+02     0.3998648E+02
     0.6880386E+02     0.3998533E+02
     0.6881952E+02     0.3997062E+02
     0.6883830E+02     0.3993954E+02
     0.6884868E+02     0.3991727E+02
     0.6885007E+02     0.3988753E+02
     0.6886317E+02     0.3987191E+02
     0.6887667E+02     0.3986682E+02
     0.6889414E+02     0.3986834E+02
     0.6890954E+02     0.3988046E+02
     0.6891371E+02     0.3989186E+02
     0.6891294E+02     0.3990434E+02
     0.6890119E+02     0.3992281E+02
     0.6888314E+02     0.3993951E+02
     0.6884467E+02     0.3997677E+02
     0.6881238E+02     0.4000000E+02
     0.6881157E+02     0.4000496E+02
     0.6882053E+02     0.4002740E+02
     0.6881939E+02     0.4003795E+02
     0.6881213E+02     0.4004499E+02
     0.6879900E+02     0.4005352E+02
     0.6879146E+02     0.4006304E+02
     0.6879213E+02     0.4007183E+02
     0.6879732E+02     0.4007654E+02
     0.6880998E+02     0.4007985E+02
     0.6882399E+02     0.4007825E+02
     0.6882848E+02     0.4007303E+02
     0.6883981E+02     0.4005988E+02
     0.6884618E+02     0.4003841E+02
     0.6885641E+02     0.4003406E+02
     0.6885944E+02     0.4003613E+02
     0.6886329E+02     0.4004575E+02
     0.6886411E+02     0.4005330E+02
     0.6887469E+02     0.4006084E+02
     0.6888938E+02     0.4006802E+02
     0.6892213E+02     0.4007384E+02
     0.6893233E+02     0.4007409E+02
     0.6893835E+02     0.4007423E+02
     0.6895789E+02     0.4007421E+02
     0.6899107E+02     0.4006815E+02
     0.6900724E+02     0.4006916E+02
     0.6901422E+02     0.4008022E+02
     0.6901311E+02     0.4009077E+02
     0.6900439E+02     0.4011960E+02
     0.6899856E+02     0.4013379E+02
     0.6899563E+02     0.4014093E+02
     0.6898513E+02     0.4014777E+02
     0.6897739E+02     0.4015166E+02
     0.6890914E+02     0.4014989E+02
     0.6887286E+02     0.4014635E+02
     0.6884754E+02     0.4014133E+02
     0.6879868E+02     0.4013163E+02
     0.6877198E+02     0.4012242E+02
     0.6870992E+02     0.4010904E+02
     0.6869199E+02     0.4010312E+02
     0.6868163E+02     0.4009970E+02
     0.6863522E+02     0.4009229E+02
     0.6860841E+02     0.4009178E+02
     0.6855179E+02     0.4011742E+02
     0.6854258E+02     0.4012383E+02
     0.6854030E+02     0.4012541E+02
     0.6853320E+02     0.4013056E+02
     0.6853832E+02     0.4014061E+02
     0.6860099E+02     0.4015461E+02
     0.6860280E+02     0.4015695E+02
     0.6862173E+02     0.4015820E+02
     0.6866034E+02     0.4016707E+02
     0.6866869E+02     0.4016914E+02
     0.6875416E+02     0.4019032E+02
     0.6877532E+02     0.4019772E+02
     0.6881124E+02     0.4018869E+02
     0.6882405E+02     0.4018696E+02
     0.6882696E+02     0.4018657E+02
     0.6885490E+02     0.4019209E+02
     0.6887597E+02     0.4020092E+02
     0.6888428E+02     0.4020707E+02
     0.6892668E+02     0.4021474E+02
     0.6897940E+02     0.4021894E+02
     0.6899947E+02     0.4022053E+02
     0.6905496E+02     0.4022021E+02
     0.6908591E+02     0.4021273E+02
     0.6910873E+02     0.4021288E+02
     0.6913423E+02     0.4021068E+02
     0.6914158E+02     0.4021113E+02
     0.6914801E+02     0.4021152E+02
     0.6917065E+02     0.4020539E+02
     0.6919415E+02     0.4020681E+02
     0.6921085E+02     0.4021094E+02
     0.6923909E+02     0.4020576E+02
     0.6928154E+02     0.4020516E+02
     0.6929357E+02     0.4019901E+02
     0.6930569E+02     0.4019488E+02
     0.6931614E+02     0.4020159E+02
     0.6930841E+02     0.4021363E+02
     0.6929793E+02     0.4023675E+02
     0.6928907E+02     0.4024372E+02
     0.6925925E+02     0.4024820E+02
     0.6925039E+02     0.4025517E+02
     0.6925549E+02     0.4026922E+02
     0.6924799E+02     0.4027877E+02
     0.6925121E+02     0.4028727E+02
     0.6925185E+02     0.4028900E+02
     0.6925996E+02     0.4028948E+02
     0.6927008E+02     0.4028633E+02
     0.6928980E+02     0.4028500E+02
     0.6930766E+02     0.4028606E+02
     0.6933200E+02     0.4030374E+02
     0.6933202E+02     0.4030550E+02
     0.6933213E+02     0.4031874E+02
     0.6933938E+02     0.4032792E+02
     0.6933901E+02     0.4034789E+02
     0.6931640E+02     0.4036156E+02
     0.6930740E+02     0.4036977E+02
     0.6930765E+02     0.4038354E+02
     0.6930139E+02     0.4039692E+02
     0.6929264E+02     0.4040265E+02
     0.6929692E+02     0.4041438E+02
     0.6929777E+02     0.4041670E+02
     0.6928763E+02     0.4041985E+02
     0.6928375E+02     0.4042587E+02
     0.6928062E+02     0.4044068E+02
     0.6927435E+02     0.4045406E+02
     0.6926534E+02     0.4046227E+02
     0.6926557E+02     0.4047604E+02
     0.6927308E+02     0.4048273E+02
     0.6927393E+02     0.4049535E+02
     0.6925968E+02     0.4050479E+02
     0.6923071E+02     0.4053528E+02
     0.6922930E+02     0.4054071E+02
     0.6923137E+02     0.4054746E+02
     0.6923521E+02     0.4055134E+02
     0.6925259E+02     0.4056145E+02
     0.6926903E+02     0.4056876E+02
     0.6930171E+02     0.4057205E+02
     0.6930831E+02     0.4057271E+02
     0.6932720E+02     0.4056984E+02
     0.6933369E+02     0.4057110E+02
     0.6933929E+02     0.4057552E+02
     0.6933872E+02     0.4057847E+02
     0.6934740E+02     0.4059085E+02
     0.6935776E+02     0.4059463E+02
     0.6936338E+02     0.4061552E+02
     0.6935118E+02     0.4063573E+02
     0.6934375E+02     0.4065434E+02
     0.6934422E+02     0.4066023E+02
     0.6934835E+02     0.4071210E+02
     0.6934967E+02     0.4071744E+02
     0.6935691E+02     0.4072378E+02
     0.6935673E+02     0.4072904E+02
     0.6936120E+02     0.4073936E+02
     0.6938688E+02     0.4076478E+02
     0.6939503E+02     0.4077475E+02
     0.6940097E+02     0.4078202E+02
     0.6940802E+02     0.4078400E+02
     0.6943654E+02     0.4078527E+02
     0.6945090E+02     0.4077984E+02
     0.6950558E+02     0.4076826E+02
     0.6952251E+02     0.4076753E+02
     0.6953172E+02     0.4076572E+02
     0.6954355E+02     0.4075808E+02
     0.6954546E+02     0.4075605E+02
     0.6954787E+02     0.4075349E+02
     0.6956634E+02     0.4072535E+02
     0.6957169E+02     0.4070569E+02
     0.6958367E+02     0.4069279E+02
     0.6961086E+02     0.4067791E+02
     0.6961890E+02     0.4066848E+02
     0.6962657E+02     0.4066337E+02
     0.6964052E+02     0.4066172E+02
     0.6964146E+02     0.4066161E+02
     0.6965018E+02     0.4065815E+02
     0.6965932E+02     0.4064304E+02
     0.6966108E+02     0.4063671E+02
     0.6966768E+02     0.4062995E+02
     0.6967319E+02     0.4062885E+02
     0.6968202E+02     0.4062746E+02
     0.6970110E+02     0.4062934E+02
     0.6971704E+02     0.4062922E+02
     0.6972265E+02     0.4063192E+02
     0.6973724E+02     0.4063894E+02
     0.6974881E+02     0.4065485E+02
     0.6976756E+02     0.4068877E+02
     0.6977722E+02     0.4069543E+02
     0.6978422E+02     0.4069806E+02
     0.6979256E+02     0.4069893E+02
     0.6982352E+02     0.4069221E+02
     0.6983010E+02     0.4069276E+02
     0.6983528E+02     0.4069699E+02
     0.6985036E+02     0.4070932E+02
     0.6986474E+02     0.4071735E+02
     0.6987444E+02     0.4072011E+02
     0.6988375E+02     0.4072034E+02
     0.6991821E+02     0.4070414E+02
     0.6992274E+02     0.4070390E+02
     0.6994830E+02     0.4072230E+02
     0.6996478E+02     0.4073041E+02
     0.6997047E+02     0.4073104E+02
     0.7000000E+02     0.4073429E+02
     0.7000864E+02     0.4073524E+02
     0.7001469E+02     0.4073850E+02
     0.7002652E+02     0.4074112E+02
     0.7004941E+02     0.4075594E+02
     0.7008028E+02     0.4076516E+02
     0.7011168E+02     0.4078843E+02
     0.7013174E+02     0.4080327E+02
     0.7013840E+02     0.4081045E+02
     0.7014450E+02     0.4082470E+02
     0.7014861E+02     0.4082992E+02
     0.7015519E+02     0.4083435E+02
     0.7016801E+02     0.4083608E+02
     0.7017564E+02     0.4083505E+02
     0.7019025E+02     0.4082931E+02
     0.7021490E+02     0.4082631E+02
     0.7023787E+02     0.4083747E+02
     0.7024656E+02     0.4084170E+02
     0.7026566E+02     0.4084805E+02
     0.7027109E+02     0.4085196E+02
     0.7028125E+02     0.4086478E+02
     0.7028745E+02     0.4086643E+02
     0.7029665E+02     0.4087233E+02
     0.7030229E+02     0.4087350E+02
     0.7031680E+02     0.4088102E+02
     0.7033117E+02     0.4088234E+02
     0.7034270E+02     0.4088147E+02
     0.7035749E+02     0.4088533E+02
     0.7036549E+02     0.4089117E+02
     0.7037116E+02     0.4089960E+02
     0.7037661E+02     0.4090769E+02
     0.7037675E+02     0.4091365E+02
     0.7037046E+02     0.4092894E+02
     0.7037379E+02     0.4094077E+02
     0.7037959E+02     0.4094400E+02
     0.7038847E+02     0.4095423E+02
     0.7038904E+02     0.4096662E+02
     0.7039534E+02     0.4097514E+02
     0.7040866E+02     0.4098671E+02
     0.7041190E+02     0.4099189E+02
     0.7040455E+02     0.4101309E+02
     0.7040858E+02     0.4102380E+02
     0.7041273E+02     0.4102879E+02
     0.7042053E+02     0.4103371E+02
     0.7044053E+02     0.4104121E+02
     0.7044862E+02     0.4104224E+02
     0.7046421E+02     0.4103994E+02
     0.7047717E+02     0.4103637E+02
     0.7048378E+02     0.4103299E+02
     0.7051659E+02     0.4100210E+02
     0.7052670E+02     0.4099647E+02
     0.7053456E+02     0.4099210E+02
     0.7055186E+02     0.4097451E+02
     0.7055265E+02     0.4097202E+02
     0.7056638E+02     0.4096184E+02
     0.7059150E+02     0.4093610E+02
     0.7062627E+02     0.4089687E+02
     0.7063454E+02     0.4088752E+02
     0.7064543E+02     0.4086600E+02
     0.7066549E+02     0.4085538E+02
     0.7067382E+02     0.4084839E+02
     0.7068423E+02     0.4082913E+02
     0.7069155E+02     0.4081089E+02
     0.7070987E+02     0.4079196E+02
     0.7071244E+02     0.4078382E+02
     0.7070826E+02     0.4077907E+02
     0.7070025E+02     0.4077737E+02
     0.7068792E+02     0.4078144E+02
     0.7067359E+02     0.4080924E+02
     0.7066567E+02     0.4081052E+02
     0.7066231E+02     0.4080695E+02
     0.7065810E+02     0.4079006E+02
     0.7065115E+02     0.4077352E+02
     0.7065114E+02     0.4076940E+02
     0.7065471E+02     0.4076154E+02
     0.7065911E+02     0.4075897E+02
     0.7066345E+02     0.4075782E+02
     0.7068304E+02     0.4075263E+02
     0.7075364E+02     0.4075001E+02
     0.7076293E+02     0.4074626E+02
     0.7077893E+02     0.4073684E+02
     0.7078467E+02     0.4073226E+02
     0.7078967E+02     0.4072514E+02
     0.7078823E+02     0.4071981E+02
     0.7077560E+02     0.4071124E+02
END
END
