tennessee
1
        -87.716675         35.933235
        -89.521698         36.397636
        -89.522476         36.400955
        -89.549789         36.440140
        -89.548798         36.444244
        -89.544357         36.449192
        -89.525642         36.456104
        -89.523247         36.458832
        -89.522087         36.460152
        -89.521248         36.467705
        -89.522530         36.479668
        -89.539177         36.515850
        -89.553268         36.535683
        -89.557854         36.551159
        -89.554169         36.558880
        -89.537270         36.569962
        -89.535408         36.570820
        -89.514984         36.580235
        -89.505295         36.580467
        -89.492592         36.577415
        -89.480156         36.567028
        -89.470909         36.555103
        -89.467522         36.546535
        -89.469604         36.520195
        -89.481873         36.497463
        -89.490631         36.481216
        -89.491730         36.466328
        -89.487823         36.456367
        -89.476082         36.451042
        -89.465515         36.452400
        -89.460556         36.455952
        -89.437538         36.479042
        -89.417618         36.502659
        -89.408562         36.501522
        -89.366043         36.505310
        -89.337746         36.508972
        -89.300720         36.510117
        -89.269058         36.509502
        -89.112724         36.506344
        -89.101471         36.506107
        -88.956352         36.505573
        -88.799980         36.504799
        -88.731430         36.504459
        -88.642715         36.504635
        -88.590874         36.504711
        -88.544304         36.502800
        -88.486404         36.503345
        -88.404259         36.504074
        -88.330048         36.503017
        -88.280647         36.501934
        -88.208969         36.500324
        -88.195526         36.501705
        -88.124420         36.501102
        -88.054451         36.500469
        -88.041687         36.515400
        -88.037041         36.532913
        -88.038467         36.564190
        -88.039024         36.566494
        -88.046593         36.598228
        -88.048988         36.601299
        -88.070084         36.669773
        -88.068542         36.677296
        -88.058357         36.681068
        -88.054665         36.680820
        -87.898521         36.670132
        -87.853500         36.667011
        -87.850876         36.663010
        -87.852180         36.635044
        -87.781113         36.636730
        -87.624527         36.640293
        -87.550987         36.641895
        -87.467903         36.642387
        -87.391357         36.644691
        -87.385155         36.644421
        -87.379906         36.646271
        -87.370872         36.644753
        -87.289482         36.645679
        -87.236076         36.644428
        -87.153801         36.641800
        -87.098701         36.641788
        -86.997269         36.645794
        -86.840775         36.651798
        -86.811264         36.652908
        -86.777924         36.652046
        -86.684227         36.654995
        -86.594360         36.657753
        -86.583702         36.651272
        -86.553696         36.651581
        -86.449173         36.653076
        -86.428413         36.652863
        -86.347374         36.651993
        -86.300980         36.646702
        -86.272263         36.645401
        -86.115868         36.638195
        -86.021721         36.634289
        -86.008324         36.634190
        -86.000000         36.632782
        -85.979752         36.631950
        -85.922188         36.630112
        -85.909668         36.627357
        -85.895172         36.628162
        -85.876373         36.628746
        -85.855148         36.627617
        -85.794838         36.627022
        -85.760895         36.627491
        -85.715012         36.625149
        -85.694092         36.624207
        -85.660965         36.624149
        -85.643585         36.624619
        -85.604111         36.623730
        -85.544792         36.621117
        -85.528328         36.622211
        -85.517433         36.621632
        -85.491165         36.621624
        -85.471436         36.621273
        -85.442955         36.622063
        -85.377747         36.620590
        -85.345703         36.619698
        -85.331612         36.618347
        -85.280861         36.619076
        -85.271729         36.619076
        -85.202118         36.619572
        -85.193130         36.617718
        -85.158035         36.617847
        -85.143074         36.616287
        -85.092659         36.617611
        -85.059395         36.615555
        -85.021355         36.614407
        -85.000000         36.614815
        -84.989723         36.615009
        -84.973648         36.613712
        -84.957207         36.611279
        -84.952438         36.612427
        -84.924904         36.610516
        -84.904259         36.609196
        -84.836021         36.604588
        -84.819733         36.604198
        -84.801353         36.602528
        -84.781898         36.601818
        -84.764915         36.599617
        -84.744858         36.598469
        -84.715477         36.598438
        -84.701210         36.598400
        -84.632912         36.596668
        -84.595886         36.597412
        -84.549850         36.595787
        -84.517921         36.596050
        -84.465408         36.595596
        -84.445923         36.594147
        -84.444206         36.594200
        -84.427132         36.594734
        -84.404846         36.594090
        -84.404785         36.593170
        -84.385475         36.594463
        -84.364822         36.592594
        -84.335785         36.593372
        -84.288094         36.592407
        -84.254219         36.593372
        -84.242500         36.592945
        -84.218407         36.590733
        -84.203377         36.592045
        -84.183380         36.591496
        -84.179253         36.589367
        -84.161079         36.590576
        -84.134705         36.590248
        -84.120537         36.589710
        -84.080482         36.588142
        -84.075027         36.586964
        -84.062447         36.586773
        -84.051903         36.586613
        -84.033646         36.586330
        -84.028938         36.583992
        -84.019783         36.583439
        -83.978554         36.585308
        -83.972809         36.584618
        -83.907204         36.583981
        -83.860962         36.583019
        -83.819572         36.582085
        -83.801071         36.582561
        -83.773956         36.581985
        -83.741806         36.581558
        -83.738007         36.581509
        -83.721718         36.580742
        -83.696358         36.581001
        -83.687538         36.591209
        -83.677483         36.597980
        -83.673027         36.596573
        -83.619728         36.596931
        -83.607208         36.596523
        -83.593170         36.596062
        -83.574417         36.597202
        -83.560143         36.596802
        -83.525116         36.597603
        -83.503448         36.597462
        -83.451279         36.597473
        -83.425644         36.597916
        -83.358665         36.598175
        -83.330437         36.598000
        -83.296280         36.598934
        -83.278122         36.595184
        -83.270271         36.592232
        -83.234406         36.593208
        -83.199623         36.592991
        -83.187569         36.591320
        -83.187614         36.592239
        -83.161118         36.592422
        -83.120628         36.592140
        -83.089569         36.592224
        -83.051918         36.591599
        -83.030838         36.591808
        -82.974358         36.590836
        -82.926773         36.590939
        -82.920731         36.589745
        -82.835327         36.591663
        -82.793137         36.591434
        -82.783447         36.591377
        -82.770058         36.591545
        -82.735657         36.593246
        -82.655807         36.593571
        -82.529251         36.594067
        -82.509117         36.593479
        -82.503204         36.595020
        -82.484993         36.595745
        -82.473839         36.594673
        -82.454704         36.593811
        -82.431381         36.594669
        -82.380096         36.594887
        -82.359535         36.593819
        -82.350464         36.594975
        -82.341858         36.593590
        -82.323067         36.593849
        -82.308464         36.592163
        -82.291122         36.593067
        -82.267464         36.593513
        -82.087334         36.591232
        -82.074173         36.589710
        -82.059921         36.589588
        -82.055702         36.591068
        -81.961456         36.592575
        -81.943222         36.592533
        -81.940216         36.596046
        -81.928925         36.615360
        -81.909782         36.613953
        -81.898430         36.615356
        -81.813156         36.613331
        -81.794922         36.613495
        -81.779800         36.612904
        -81.779770         36.611984
        -81.764107         36.612320
        -81.712509         36.611568
        -81.666321         36.610687
        -81.657715         36.609024
        -81.660149         36.604843
        -81.674026         36.593307
        -81.676422         36.587986
        -81.679848         36.588139
        -81.687317         36.572372
        -81.693161         36.550209
        -81.694130         36.535954
        -81.692986         36.518066
        -81.691185         36.515121
        -81.690689         36.490791
        -81.696327         36.471390
        -81.701920         36.450607
        -81.716927         36.422283
        -81.735512         36.399391
        -81.737511         36.390850
        -81.733597         36.375320
        -81.725296         36.355976
        -81.724800         36.349331
        -81.726509         36.340797
        -81.744133         36.341343
        -81.746666         36.340603
        -81.755478         36.340874
        -81.760132         36.344219
        -81.773468         36.352428
        -81.789871         36.358967
        -81.802994         36.360748
        -81.818314         36.360188
        -81.839600         36.351223
        -81.856789         36.338905
        -81.869934         36.324604
        -81.876564         36.319176
        -81.879807         36.314510
        -81.893890         36.302944
        -81.905457         36.292809
        -81.920044         36.279621
        -81.929039         36.269085
        -81.934006         36.265068
        -81.951103         36.243088
        -81.963020         36.227200
        -81.981415         36.202202
        -81.993225         36.175518
        -82.000549         36.158585
        -82.012756         36.143372
        -82.027306         36.130398
        -82.046463         36.119839
        -82.064095         36.114140
        -82.080482         36.113056
        -82.090157         36.106621
        -82.096367         36.106243
        -82.101799         36.107491
        -82.111732         36.107353
        -82.123306         36.107197
        -82.128975         36.114864
        -82.131187         36.128590
        -82.133606         36.132664
        -82.147034         36.143360
        -82.184677         36.149776
        -82.205399         36.158215
        -82.214546         36.160282
        -82.221161         36.155521
        -82.222374         36.150211
        -82.232941         36.145119
        -82.253426         36.132656
        -82.275177         36.131184
        -82.293083         36.132790
        -82.308487         36.128254
        -82.312759         36.128834
        -82.329857         36.124252
        -82.362747         36.111217
        -82.380844         36.103390
        -82.395706         36.092888
        -82.408768         36.079906
        -82.414215         36.070229
        -82.424561         36.057892
        -82.438950         36.036140
        -82.457802         36.013123
        -82.473923         35.999588
        -82.500496         35.985767
        -82.524086         35.975235
        -82.540459         35.968121
        -82.562988         35.959450
        -82.574554         35.958893
        -82.584618         35.962742
        -82.603271         35.962673
        -82.610420         35.964535
        -82.612099         35.970692
        -82.609261         35.976974
        -82.610748         35.991631
        -82.610435         36.004044
        -82.606178         36.016800
        -82.594673         36.025394
        -82.589363         36.033585
        -82.590080         36.037010
        -82.595406         36.042370
        -82.604958         36.047382
        -82.608231         36.050964
        -82.618179         36.058491
        -82.630890         36.064331
        -82.647293         36.064087
        -82.659813         36.059132
        -82.676399         36.050152
        -82.719284         36.028225
        -82.744743         36.015530
        -82.749908         36.011013
        -82.754913         36.009026
        -82.777031         35.991596
        -82.784355         35.984718
        -82.788620         35.966671
        -82.791740         35.960606
        -82.792397         35.956451
        -82.800087         35.945423
        -82.805679         35.931702
        -82.814278         35.922024
        -82.821907         35.922020
        -82.844704         35.938328
        -82.856316         35.944866
        -82.866318         35.947315
        -82.879044         35.947384
        -82.893990         35.944839
        -82.904015         35.941254
        -82.909958         35.936001
        -82.921371         35.921951
        -82.919701         35.910519
        -82.908600         35.896851
        -82.902802         35.875664
        -82.905861         35.868679
        -82.914017         35.867966
        -82.920845         35.862926
        -82.924843         35.857979
        -82.925201         35.841656
        -82.927788         35.836750
        -82.940086         35.828098
        -82.956520         35.811729
        -82.962845         35.802341
        -82.970680         35.789227
        -82.978386         35.779335
        -82.989616         35.772316
        -82.996323         35.770954
        -83.004318         35.772999
        -83.011299         35.777370
        -83.019478         35.778469
        -83.020950         35.778667
        -83.033310         35.783325
        -83.055199         35.786758
        -83.079170         35.786671
        -83.095787         35.780384
        -83.099327         35.777740
        -83.105782         35.771328
        -83.110725         35.768639
        -83.131523         35.767265
        -83.151711         35.764759
        -83.155510         35.761875
        -83.162750         35.760029
        -83.170547         35.752415
        -83.178749         35.736061
        -83.184097         35.730366
        -83.191490         35.725983
        -83.205246         35.724834
        -83.234398         35.727066
        -83.247520         35.724556
        -83.253304         35.721832
        -83.255325         35.717396
        -83.255630         35.706818
        -83.262238         35.692806
        -83.267014         35.687130
        -83.278023         35.681927
        -83.289642         35.672340
        -83.297165         35.659901
        -83.306290         35.656601
        -83.311058         35.656208
        -83.329170         35.663162
        -83.340424         35.663002
        -83.345146         35.661690
        -83.352745         35.656139
        -83.362976         35.641766
        -83.368439         35.638588
        -83.384743         35.632732
        -83.396584         35.622433
        -83.410027         35.615757
        -83.415810         35.613255
        -83.437851         35.609482
        -83.442932         35.609760
        -83.449966         35.604454
        -83.454910         35.602211
        -83.460365         35.593742
        -83.471794         35.586441
        -83.481071         35.581051
        -83.490524         35.568531
        -83.505814         35.564991
        -83.525078         35.562225
        -83.529602         35.562752
        -83.539871         35.560078
        -83.564056         35.559883
        -83.579575         35.560692
        -83.589981         35.565594
        -83.605209         35.576290
        -83.613899         35.575741
        -83.640015         35.564655
        -83.656021         35.564056
        -83.675591         35.566769
        -83.696358         35.565758
        -83.711639         35.567245
        -83.724655         35.563538
        -83.745674         35.562046
        -83.760948         35.558472
        -83.771606         35.557835
        -83.800735         35.541084
        -83.829956         35.521103
        -83.851738         35.518414
        -83.857765         35.520477
        -83.871727         35.518780
        -83.878860         35.515743
        -83.890923         35.505615
        -83.900917         35.493958
        -83.901161         35.488663
        -83.905975         35.479736
        -83.912018         35.477428
        -83.923470         35.473179
        -83.923470         35.473179
        -83.946327         35.463421
        -83.953941         35.459209
        -83.976791         35.441975
        -83.985695         35.440468
        -83.996552         35.434055
        -84.017204         35.408623
        -84.018394         35.400532
        -84.010719         35.389809
        -84.008949         35.374481
        -84.009445         35.368717
        -84.013496         35.361427
        -84.034218         35.346794
        -84.037132         35.339317
        -84.032265         35.328484
        -84.034752         35.318729
        -84.031059         35.308765
        -84.027794         35.296486
        -84.031921         35.285976
        -84.036079         35.280521
        -84.037476         35.280464
        -84.045906         35.271614
        -84.057632         35.266079
        -84.064606         35.260963
        -84.071823         35.259750
        -84.086151         35.251114
        -84.095993         35.247032
        -84.115257         35.245773
        -84.130341         35.240318
        -84.159019         35.241650
        -84.174179         35.237568
        -84.192368         35.237034
        -84.198349         35.242989
        -84.201202         35.252750
        -84.206337         35.258511
        -84.216179         35.263382
        -84.225990         35.263428
        -84.236832         35.257450
        -84.267365         35.234997
        -84.283852         35.225327
        -84.290718         35.218826
        -84.293106         35.212288
        -84.295609         35.194477
        -84.294472         35.176826
        -84.298325         35.167004
        -84.297035         35.159935
        -84.298973         35.142151
        -84.308372         35.070660
        -84.308754         35.067707
        -84.311340         35.060009
        -84.311371         35.051731
        -84.313248         35.033031
        -84.315559         35.021206
        -84.317627         35.000000
        -84.333603         35.000000
        -84.416901         35.000000
        -84.500198         35.000000
        -84.583504         35.000000
        -84.666801         35.000000
        -84.750099         35.000000
        -84.833397         35.000000
        -84.916702         35.000000
        -85.000000         35.000000
        -85.001999         35.000000
        -85.085297         35.000000
        -85.168602         35.000000
        -85.251900         35.000000
        -85.335197         35.000000
        -85.418503         35.000000
        -85.501801         35.000000
        -85.585098         35.000000
        -85.607895         35.000000
        -85.668404         35.000000
        -85.751701         35.000000
        -85.834999         35.000000
        -85.918297         35.000000
        -86.000000         35.000000
        -86.001602         35.000000
        -86.084900         35.000000
        -86.168198         35.000000
        -86.251503         35.000000
        -86.334801         35.000000
        -86.418098         35.000000
        -86.501404         35.000000
        -86.584702         35.000000
        -86.667999         35.000000
        -86.751297         35.000000
        -86.788330         35.000000
        -86.834618         35.000000
        -86.843620         35.000019
        -86.883240         35.000458
        -86.917900         35.000000
        -87.001198         35.000000
        -87.084503         35.000000
        -87.167801         35.000000
        -87.251099         35.000000
        -87.334396         35.000000
        -87.417702         35.000000
        -87.500999         35.000000
        -87.584297         35.000000
        -87.667603         35.000000
        -87.750900         35.000000
        -87.834198         35.000000
        -87.917503         35.000000
        -88.000801         35.000000
        -88.084099         35.000000
        -88.167397         35.000000
        -88.198189         35.000000
        -88.219398         35.000000
        -88.250717         35.000000
        -88.267227         35.000000
        -88.334000         35.000000
        -88.374725         35.000000
        -88.417297         35.000000
        -88.500603         35.000000
        -88.583900         35.000000
        -88.667198         35.000000
        -88.750504         35.000000
        -88.833801         35.000000
        -88.917099         35.000000
        -89.000397         35.000000
        -89.083702         35.000000
        -89.167000         35.000000
        -89.250298         35.000000
        -89.333603         35.000000
        -89.416901         35.000000
        -89.500198         35.000000
        -89.583504         35.000000
        -89.666801         35.000000
        -89.750099         35.000000
        -89.833397         35.000000
        -89.916702         35.000000
        -90.000000         35.000000
        -90.001999         35.000000
        -90.085297         35.000000
        -90.168602         35.000000
        -90.251900         35.000000
        -90.280930         35.000381
        -90.288277         35.000290
        -90.302612         35.000202
        -90.303619         35.000195
        -90.314255         35.000000
        -90.315376         35.010159
        -90.309845         35.030720
        -90.301003         35.038368
        -90.292259         35.041889
        -90.276588         35.043228
        -90.255180         35.039871
        -90.242981         35.036137
        -90.242981         35.036137
        -90.236900         35.034275
        -90.223091         35.039310
        -90.211266         35.048695
        -90.189438         35.066013
        -90.183327         35.075314
        -90.181740         35.093182
        -90.176796         35.110992
        -90.167862         35.121159
        -90.148300         35.131584
        -90.135414         35.132496
        -90.122757         35.126137
        -90.112846         35.119686
        -90.105522         35.117462
        -90.092896         35.118279
        -90.078201         35.126198
        -90.067032         35.141403
        -90.065826         35.158890
        -90.070137         35.171646
        -90.070137         35.171646
        -90.085869         35.205692
        -90.088287         35.229603
        -90.101822         35.256248
        -90.109909         35.288067
        -90.109077         35.292385
        -90.107529         35.300484
        -90.107903         35.330482
        -90.100761         35.355595
        -90.078735         35.391670
        -90.083931         35.396355
        -90.093971         35.398380
        -90.102745         35.405430
        -90.105057         35.410267
        -90.106728         35.413765
        -90.106728         35.413765
        -90.121475         35.422108
        -90.132980         35.417709
        -90.140518         35.391350
        -90.139084         35.383938
        -90.131744         35.373394
        -90.134384         35.371395
        -90.162910         35.373814
        -90.173958         35.379543
        -90.179962         35.385170
        -90.183128         35.391891
        -90.184044         35.398792
        -90.182678         35.406799
        -90.178864         35.412457
        -90.157928         35.427639
        -90.141350         35.428448
        -90.127022         35.438251
        -90.126816         35.442329
        -90.125969         35.458870
        -90.125969         35.458870
        -90.123680         35.470760
        -90.115273         35.480473
        -90.109261         35.484722
        -90.099960         35.485924
        -90.084290         35.484253
        -90.076836         35.479523
        -90.065071         35.468746
        -90.058907         35.458530
        -90.046928         35.445454
        -90.047470         35.436054
        -90.040855         35.432026
        -90.033607         35.431885
        -90.033607         35.431885
        -90.014748         35.432442
        -90.005089         35.436611
        -90.000000         35.444122
        -89.998642         35.446125
        -89.997581         35.463318
        -90.000000         35.469818
        -90.006699         35.487820
        -90.009529         35.498985
        -90.010735         35.503731
        -90.006844         35.512150
        -90.000000         35.517849
        -89.998497         35.519100
        -89.983208         35.523159
        -89.971146         35.522694
        -89.917786         35.512909
        -89.909210         35.518013
        -89.905296         35.526653
        -89.912201         35.542721
        -89.912201         35.542721
        -89.922020         35.559120
        -89.927284         35.560364
        -89.944344         35.564388
        -89.953674         35.572147
        -89.960892         35.584682
        -89.961472         35.593643
        -89.956688         35.603416
        -89.948921         35.609230
        -89.933083         35.611488
        -89.933083         35.611488
        -89.907524         35.611382
        -89.885010         35.621250
        -89.867989         35.635132
        -89.865906         35.638760
        -89.858749         35.642975
        -89.853622         35.654114
        -89.857521         35.664520
        -89.868881         35.674076
        -89.868881         35.674076
        -89.872055         35.676754
        -89.892990         35.664101
        -89.900642         35.661568
        -89.900642         35.661568
        -89.906059         35.659775
        -89.915894         35.660435
        -89.928864         35.668728
        -89.935829         35.680569
        -89.938438         35.696915
        -89.935837         35.708797
        -89.933945         35.711090
        -89.923561         35.723698
        -89.917221         35.728619
        -89.908951         35.731895
        -89.876190         35.734901
        -89.850975         35.739887
        -89.809525         35.759220
        -89.804741         35.767841
        -89.804741         35.767841
        -89.805641         35.790504
        -89.805641         35.790504
        -89.805504         35.794392
        -89.793816         35.810524
        -89.784622         35.815838
        -89.777794         35.817760
        -89.772903         35.815598
        -89.772903         35.815598
        -89.738106         35.807037
        -89.733253         35.808998
        -89.724770         35.809734
        -89.719078         35.813480
        -89.710938         35.818844
        -89.702065         35.831501
        -89.701859         35.837921
        -89.707268         35.844925
        -89.717560         35.849281
        -89.739891         35.847698
        -89.750832         35.849541
        -89.766815         35.861359
        -89.769302         35.871738
        -89.768517         35.878838
        -89.757759         35.892628
        -89.751442         35.900730
        -89.744781         35.905869
        -89.737373         35.908230
        -89.719307         35.908070
        -89.707321         35.903450
        -89.687706         35.890625
        -89.668526         35.881939
        -89.659821         35.880600
        -89.653214         35.884125
        -89.646355         35.895214
        -89.645477         35.904377
        -89.646545         35.907875
        -89.646751         35.908535
        -89.663521         35.930481
        -89.710495         35.961811
        -89.717865         35.969543
        -89.723885         35.984360
        -89.723137         35.989853
        -89.713989         36.007710
        -89.700989         36.027466
        -89.691025         36.046757
        -89.683693         36.080330
        -89.676849         36.090508
        -89.669579         36.096313
        -89.654243         36.100086
        -89.646469         36.101997
        -89.618942         36.112625
        -89.597206         36.127510
        -89.593712         36.138676
        -89.596169         36.149517
        -89.602280         36.161362
        -89.620148         36.177139
        -89.635544         36.185444
        -89.669594         36.210804
        -89.687416         36.224072
        -89.690346         36.229874
        -89.684998         36.237328
        -89.678368         36.240627
        -89.665497         36.244015
        -89.642838         36.243511
        -89.620354         36.237732
        -89.601982         36.236168
        -89.586830         36.239956
        -89.577171         36.244747
        -89.573563         36.246536
        -89.560486         36.255646
        -89.556473         36.265194
        -89.556725         36.274151
        -89.562668         36.282776
        -89.571800         36.289185
        -89.598328         36.301491
        -89.609146         36.308617
        -89.614799         36.317467
        -89.615067         36.326424
        -89.612251         36.333931
        -89.606422         36.339466
        -89.602570         36.343121
        -89.589630         36.348106
        -89.577141         36.348053
        -89.543419         36.338329
        -89.534912         36.338131
        -89.529984         36.341003
        -89.524895         36.348457
        -89.517410         36.367561
        -89.517784         36.380878
        -89.521698         36.397636
END
END
