togo
1
     0.1180958E+01     0.8292677E+01
     0.2664008E-01     0.1097454E+02
     0.2981054E-01     0.1097736E+02
     0.3206781E-01     0.1098473E+02
     0.3039178E-01     0.1098955E+02
     0.2720468E-01     0.1100630E+02
     0.2581865E-01     0.1105366E+02
     0.2362154E-01     0.1106421E+02
     0.2275288E-01     0.1108191E+02
     0.1776301E-01     0.1109221E+02
     0.9870360E-02     0.1110144E+02
     0.7315294E-02     0.1110275E+02
     0.0000000E+00     0.1110458E+02
    -0.2191080E-02     0.1110513E+02
    -0.1873972E-01     0.1110610E+02
    -0.3499634E-01     0.1110528E+02
    -0.4894586E-01     0.1110285E+02
    -0.7329591E-01     0.1109251E+02
    -0.8376525E-01     0.1109149E+02
    -0.9375074E-01     0.1108863E+02
    -0.1116969E+00     0.1109007E+02
    -0.1149964E+00     0.1109394E+02
    -0.1175600E+00     0.1109415E+02
    -0.1278761E+00     0.1110095E+02
    -0.1430193E+00     0.1110149E+02
    -0.1458490E+00     0.1110491E+02
    -0.1473238E+00     0.1111248E+02
    -0.1455433E+00     0.1112055E+02
    -0.1420055E+00     0.1113898E+02
    -0.1305605E+00     0.1113587E+02
    -0.1018563E+00     0.1113040E+02
    -0.9461145E-01     0.1112794E+02
    -0.7198429E-01     0.1112448E+02
    -0.5703864E-01     0.1112048E+02
    -0.3651122E-01     0.1111723E+02
    -0.2856392E-01     0.1111431E+02
    -0.1901344E-01     0.1111417E+02
     0.0000000E+00     0.1111002E+02
     0.3522634E-01     0.1110232E+02
     0.5868767E-01     0.1109879E+02
     0.8226100E-01     0.1109326E+02
     0.9160358E-01     0.1109035E+02
     0.9789074E-01     0.1109041E+02
     0.1142248E+00     0.1108688E+02
     0.1298603E+00     0.1108334E+02
     0.1907446E+00     0.1107168E+02
     0.2359955E+00     0.1106310E+02
     0.2618886E+00     0.1105780E+02
     0.2838244E+00     0.1105223E+02
     0.3041104E+00     0.1104958E+02
     0.3570558E+00     0.1103811E+02
     0.3834095E+00     0.1103281E+02
     0.4062611E+00     0.1102862E+02
     0.4207251E+00     0.1102505E+02
     0.5007076E+00     0.1100911E+02
     0.5028469E+00     0.1100908E+02
     0.5028469E+00     0.1100908E+02
     0.5012831E+00     0.1100377E+02
     0.4899730E+00     0.1098623E+02
     0.4937190E+00     0.1098234E+02
     0.5041935E+00     0.1098240E+02
     0.5058356E+00     0.1098011E+02
     0.5063387E+00     0.1097321E+02
     0.5006278E+00     0.1094898E+02
     0.5004243E+00     0.1094812E+02
     0.4946824E+00     0.1093100E+02
     0.4946824E+00     0.1093100E+02
     0.5249686E+00     0.1094284E+02
     0.5314709E+00     0.1094473E+02
     0.5521086E+00     0.1095477E+02
     0.5890046E+00     0.1096975E+02
     0.5950580E+00     0.1096956E+02
     0.6040977E+00     0.1097468E+02
     0.6563070E+00     0.1099736E+02
     0.6646854E+00     0.1099764E+02
     0.6784228E+00     0.1099728E+02
     0.7158975E+00     0.1099799E+02
     0.7398890E+00     0.1099608E+02
     0.7582709E+00     0.1099736E+02
     0.8020385E+00     0.1099695E+02
     0.8157757E+00     0.1099658E+02
     0.8157822E+00     0.1099566E+02
     0.8481311E+00     0.1099701E+02
     0.8546626E+00     0.1099498E+02
     0.8900382E+00     0.1099635E+02
     0.8979425E+00     0.1099801E+02
     0.9005119E+00     0.1099664E+02
     0.9121547E+00     0.1099649E+02
     0.9073931E+00     0.1097622E+02
     0.8998556E+00     0.1095364E+02
     0.8994449E+00     0.1094514E+02
     0.8905232E+00     0.1092094E+02
     0.8908015E+00     0.1091381E+02
     0.8986179E+00     0.1089248E+02
     0.9009815E+00     0.1088674E+02
     0.8850860E+00     0.1086182E+02
     0.8814462E+00     0.1084892E+02
     0.8738210E+00     0.1080496E+02
     0.8678355E+00     0.1079526E+02
     0.8516329E+00     0.1078298E+02
     0.8190930E+00     0.1074438E+02
     0.8082455E+00     0.1073189E+02
     0.8018255E+00     0.1071829E+02
     0.7969353E+00     0.1068492E+02
     0.8010446E+00     0.1066173E+02
     0.8058182E+00     0.1064336E+02
     0.8081145E+00     0.1061303E+02
     0.8075656E+00     0.1059096E+02
     0.8062578E+00     0.1057808E+02
     0.8008159E+00     0.1055781E+02
     0.7935021E+00     0.1053960E+02
     0.7871358E+00     0.1051887E+02
     0.7832307E+00     0.1051218E+02
     0.7819477E+00     0.1049585E+02
     0.7828771E+00     0.1049585E+02
     0.7827106E+00     0.1048620E+02
     0.7783636E+00     0.1044226E+02
     0.7748587E+00     0.1041120E+02
     0.7758555E+00     0.1040132E+02
     0.7745750E+00     0.1038476E+02
     0.7829836E+00     0.1037792E+02
     0.7895098E+00     0.1037452E+02
     0.7976932E+00     0.1036652E+02
     0.8298970E+00     0.1034351E+02
     0.8749307E+00     0.1031069E+02
     0.8838004E+00     0.1030362E+02
     0.9054890E+00     0.1028881E+02
     0.9325472E+00     0.1026898E+02
     0.9969094E+00     0.1022200E+02
     0.1001108E+01     0.1021858E+02
     0.1008098E+01     0.1021425E+02
     0.1016262E+01     0.1020763E+02
     0.1026746E+01     0.1020102E+02
     0.1037465E+01     0.1019396E+02
     0.1045628E+01     0.1018711E+02
     0.1052613E+01     0.1018347E+02
     0.1056815E+01     0.1017935E+02
     0.1063561E+01     0.1017663E+02
     0.1088032E+01     0.1015884E+02
     0.1138570E+01     0.1012647E+02
     0.1148107E+01     0.1012238E+02
     0.1260051E+01     0.1005697E+02
     0.1279134E+01     0.1004511E+02
     0.1295646E+01     0.1003668E+02
     0.1312401E+01     0.1002573E+02
     0.1337988E+01     0.1001091E+02
     0.1355205E+01     0.1000000E+02
     0.1358232E+01     0.9947795E+01
     0.1358611E+01     0.9916310E+01
     0.1359127E+01     0.9905281E+01
     0.1360680E+01     0.9870585E+01
     0.1362594E+01     0.9808544E+01
     0.1364542E+01     0.9788329E+01
     0.1362921E+01     0.9738455E+01
     0.1363108E+01     0.9698471E+01
     0.1369304E+01     0.9661502E+01
     0.1366584E+01     0.9648623E+01
     0.1366063E+01     0.9611395E+01
     0.1360350E+01     0.9594596E+01
     0.1355778E+01     0.9581938E+01
     0.1349370E+01     0.9565825E+01
     0.1341589E+01     0.9546260E+01
     0.1345348E+01     0.9534788E+01
     0.1358901E+01     0.9508655E+01
     0.1358519E+01     0.9491191E+01
     0.1361089E+01     0.9486378E+01
     0.1364798E+01     0.9485246E+01
     0.1374494E+01     0.9491032E+01
     0.1390208E+01     0.9497304E+01
     0.1394450E+01     0.9481009E+01
     0.1401142E+01     0.9434628E+01
     0.1401731E+01     0.9406831E+01
     0.1400165E+01     0.9394876E+01
     0.1402069E+01     0.9383168E+01
     0.1402584E+01     0.9371683E+01
     0.1403122E+01     0.9354915E+01
     0.1408074E+01     0.9334489E+01
     0.1410458E+01     0.9329467E+01
     0.1420920E+01     0.9307435E+01
     0.1447402E+01     0.9282735E+01
     0.1453221E+01     0.9274488E+01
     0.1459751E+01     0.9262341E+01
     0.1462096E+01     0.9254769E+01
     0.1475108E+01     0.9241038E+01
     0.1477670E+01     0.9236914E+01
     0.1483004E+01     0.9233489E+01
     0.1502512E+01     0.9214500E+01
     0.1525967E+01     0.9190701E+01
     0.1553780E+01     0.9175187E+01
     0.1559118E+01     0.9170154E+01
     0.1579153E+01     0.9131638E+01
     0.1582174E+01     0.9127744E+01
     0.1597726E+01     0.9111491E+01
     0.1605640E+01     0.9097279E+01
     0.1617600E+01     0.9070923E+01
     0.1616891E+01     0.9067791E+01
     0.1616891E+01     0.9067791E+01
     0.1616021E+01     0.9063413E+01
     0.1624276E+01     0.9043626E+01
     0.1624833E+01     0.9042293E+01
     0.1627954E+01     0.9014851E+01
     0.1627954E+01     0.9014851E+01
     0.1629744E+01     0.8999118E+01
     0.1624231E+01     0.8974766E+01
     0.1625389E+01     0.8972240E+01
     0.1625195E+01     0.8971092E+01
     0.1625195E+01     0.8971092E+01
     0.1622409E+01     0.8954553E+01
     0.1626355E+01     0.8941696E+01
     0.1627854E+01     0.8919436E+01
     0.1628241E+01     0.8913679E+01
     0.1629663E+01     0.8908977E+01
     0.1629663E+01     0.8908977E+01
     0.1630711E+01     0.8881247E+01
     0.1630862E+01     0.8872519E+01
     0.1631297E+01     0.8847260E+01
     0.1629285E+01     0.8829342E+01
     0.1631626E+01     0.8820853E+01
     0.1633111E+01     0.8793761E+01
     0.1631611E+01     0.8762068E+01
     0.1631735E+01     0.8728543E+01
     0.1631539E+01     0.8713155E+01
     0.1631198E+01     0.8686293E+01
     0.1630371E+01     0.8660114E+01
     0.1628570E+01     0.8647710E+01
     0.1630232E+01     0.8635088E+01
     0.1630161E+01     0.8591695E+01
     0.1631038E+01     0.8541419E+01
     0.1631122E+01     0.8518692E+01
     0.1640864E+01     0.8504033E+01
     0.1648986E+01     0.8490746E+01
     0.1650187E+01     0.8477665E+01
     0.1645833E+01     0.8469615E+01
     0.1630200E+01     0.8449511E+01
     0.1633025E+01     0.8439540E+01
     0.1631187E+01     0.8434028E+01
     0.1626582E+01     0.8428972E+01
     0.1627755E+01     0.8414283E+01
     0.1622939E+01     0.8394765E+01
     0.1622432E+01     0.8385126E+01
     0.1622264E+01     0.8381910E+01
     0.1619739E+01     0.8374103E+01
     0.1624279E+01     0.8353149E+01
     0.1631775E+01     0.8341251E+01
     0.1633470E+01     0.8318994E+01
     0.1633873E+01     0.8209289E+01
     0.1634455E+01     0.8176014E+01
     0.1634279E+01     0.8161097E+01
     0.1634900E+01     0.8117269E+01
     0.1635301E+01     0.8070688E+01
     0.1635499E+01     0.8000000E+01
     0.1636264E+01     0.7988420E+01
     0.1635670E+01     0.7975321E+01
     0.1632702E+01     0.7909882E+01
     0.1634073E+01     0.7901152E+01
     0.1632218E+01     0.7892657E+01
     0.1630646E+01     0.7849463E+01
     0.1630305E+01     0.7840062E+01
     0.1630518E+01     0.7826969E+01
     0.1635336E+01     0.7811802E+01
     0.1636246E+01     0.7803072E+01
     0.1632444E+01     0.7724076E+01
     0.1630796E+01     0.7689829E+01
     0.1631449E+01     0.7661111E+01
     0.1637411E+01     0.7640425E+01
     0.1650505E+01     0.7613985E+01
     0.1649941E+01     0.7601730E+01
     0.1648369E+01     0.7567576E+01
     0.1649725E+01     0.7548274E+01
     0.1652930E+01     0.7534023E+01
     0.1659822E+01     0.7520686E+01
     0.1668339E+01     0.7517685E+01
     0.1669715E+01     0.7513547E+01
     0.1675922E+01     0.7504807E+01
     0.1677525E+01     0.7497910E+01
     0.1675678E+01     0.7494696E+01
     0.1667364E+01     0.7494623E+01
     0.1653338E+01     0.7494500E+01
     0.1648267E+01     0.7492440E+01
     0.1643882E+01     0.7485553E+01
     0.1636422E+01     0.7417775E+01
     0.1635466E+01     0.7387263E+01
     0.1635219E+01     0.7379398E+01
     0.1636688E+01     0.7272527E+01
     0.1635663E+01     0.7269800E+01
     0.1636171E+01     0.7261137E+01
     0.1638013E+01     0.7229774E+01
     0.1638119E+01     0.7136911E+01
     0.1638176E+01     0.7134834E+01
     0.1641649E+01     0.7008507E+01
     0.1642032E+01     0.6994573E+01
     0.1606627E+01     0.6996497E+01
     0.1593504E+01     0.6993526E+01
     0.1588671E+01     0.6994683E+01
     0.1586374E+01     0.6997906E+01
     0.1557832E+01     0.6997486E+01
     0.1559181E+01     0.6972194E+01
     0.1559610E+01     0.6971475E+01
     0.1574111E+01     0.6947114E+01
     0.1576975E+01     0.6929668E+01
     0.1576975E+01     0.6929668E+01
     0.1577900E+01     0.6923002E+01
     0.1580665E+01     0.6918175E+01
     0.1586882E+01     0.6913350E+01
     0.1605068E+01     0.6905773E+01
     0.1606222E+01     0.6901865E+01
     0.1605533E+01     0.6897956E+01
     0.1604157E+01     0.6890599E+01
     0.1606694E+01     0.6883472E+01
     0.1597264E+01     0.6874731E+01
     0.1594506E+01     0.6868982E+01
     0.1595200E+01     0.6863694E+01
     0.1601420E+01     0.6852890E+01
     0.1601887E+01     0.6844844E+01
     0.1599595E+01     0.6830127E+01
     0.1603969E+01     0.6827141E+01
     0.1613172E+01     0.6828755E+01
     0.1614786E+01     0.6825077E+01
     0.1609266E+01     0.6819556E+01
     0.1598456E+01     0.6812193E+01
     0.1596619E+01     0.6806443E+01
     0.1598522E+01     0.6800940E+01
     0.1598924E+01     0.6799778E+01
     0.1607208E+01     0.6800241E+01
     0.1610661E+01     0.6798173E+01
     0.1612736E+01     0.6792427E+01
     0.1607911E+01     0.6781617E+01
     0.1608378E+01     0.6771270E+01
     0.1610910E+01     0.6768512E+01
     0.1622878E+01     0.6763919E+01
     0.1626102E+01     0.6760242E+01
     0.1618744E+01     0.6753340E+01
     0.1616905E+01     0.6749200E+01
     0.1620360E+01     0.6743683E+01
     0.1616911E+01     0.6740003E+01
     0.1608400E+01     0.6736549E+01
     0.1603341E+01     0.6731948E+01
     0.1600123E+01     0.6726198E+01
     0.1592531E+01     0.6725503E+01
     0.1591364E+01     0.6718866E+01
     0.1591156E+01     0.6717685E+01
     0.1592084E+01     0.6706418E+01
     0.1590014E+01     0.6703428E+01
     0.1585415E+01     0.6700896E+01
     0.1581278E+01     0.6693995E+01
     0.1576907E+01     0.6693533E+01
     0.1573920E+01     0.6688242E+01
     0.1575300E+01     0.6688473E+01
     0.1578754E+01     0.6685025E+01
     0.1589568E+01     0.6683881E+01
     0.1594405E+01     0.6674686E+01
     0.1594405E+01     0.6674686E+01
     0.1602837E+01     0.6666285E+01
     0.1611229E+01     0.6641924E+01
     0.1608464E+01     0.6638938E+01
     0.1602939E+01     0.6636876E+01
     0.1602467E+01     0.6627448E+01
     0.1609128E+01     0.6619619E+01
     0.1610732E+01     0.6613867E+01
     0.1609114E+01     0.6608810E+01
     0.1609801E+01     0.6605819E+01
     0.1617151E+01     0.6596839E+01
     0.1623823E+01     0.6596369E+01
     0.1630036E+01     0.6598200E+01
     0.1634405E+01     0.6596814E+01
     0.1640828E+01     0.6582545E+01
     0.1650748E+01     0.6578900E+01
     0.1650748E+01     0.6578900E+01
     0.1651291E+01     0.6578358E+01
     0.1655433E+01     0.6577669E+01
     0.1663020E+01     0.6583882E+01
     0.1671071E+01     0.6585035E+01
     0.1674293E+01     0.6583197E+01
     0.1675906E+01     0.6579978E+01
     0.1673609E+01     0.6572848E+01
     0.1666023E+01     0.6562955E+01
     0.1668556E+01     0.6557667E+01
     0.1670168E+01     0.6556058E+01
     0.1673389E+01     0.6555829E+01
     0.1683968E+01     0.6560433E+01
     0.1688574E+01     0.6551926E+01
     0.1696394E+01     0.6552619E+01
     0.1698008E+01     0.6548019E+01
     0.1695709E+01     0.6543189E+01
     0.1696448E+01     0.6542251E+01
     0.1700774E+01     0.6536752E+01
     0.1701935E+01     0.6515364E+01
     0.1701707E+01     0.6513063E+01
     0.1696646E+01     0.6513062E+01
     0.1694348E+01     0.6509611E+01
     0.1693890E+01     0.6504321E+01
     0.1695732E+01     0.6500412E+01
     0.1703094E+01     0.6498575E+01
     0.1706316E+01     0.6495816E+01
     0.1712755E+01     0.6499499E+01
     0.1717589E+01     0.6493290E+01
     0.1720809E+01     0.6493982E+01
     0.1724027E+01     0.6498123E+01
     0.1727938E+01     0.6498354E+01
     0.1729089E+01     0.6496055E+01
     0.1728402E+01     0.6490535E+01
     0.1730244E+01     0.6486395E+01
     0.1734845E+01     0.6485477E+01
     0.1737147E+01     0.6481108E+01
     0.1733929E+01     0.6475817E+01
     0.1736691E+01     0.6473058E+01
     0.1740371E+01     0.6473979E+01
     0.1741027E+01     0.6473063E+01
     0.1743139E+01     0.6470109E+01
     0.1743139E+01     0.6470109E+01
     0.1750620E+01     0.6463924E+01
     0.1750291E+01     0.6460016E+01
     0.1746701E+01     0.6457490E+01
     0.1747156E+01     0.6454040E+01
     0.1752902E+01     0.6450810E+01
     0.1755181E+01     0.6436776E+01
     0.1761379E+01     0.6428256E+01
     0.1773096E+01     0.6419725E+01
     0.1776081E+01     0.6416040E+01
     0.1774927E+01     0.6413052E+01
     0.1769404E+01     0.6411681E+01
     0.1769384E+01     0.6398340E+01
     0.1774209E+01     0.6394422E+01
     0.1770754E+01     0.6391667E+01
     0.1772343E+01     0.6377403E+01
     0.1780156E+01     0.6372329E+01
     0.1783891E+01     0.6364971E+01
     0.1783891E+01     0.6364971E+01
     0.1789188E+01     0.6350482E+01
     0.1787811E+01     0.6343811E+01
     0.1784592E+01     0.6339439E+01
     0.1782753E+01     0.6338979E+01
     0.1788047E+01     0.6328859E+01
     0.1791497E+01     0.6327021E+01
     0.1797943E+01     0.6312761E+01
     0.1797485E+01     0.6307240E+01
     0.1789208E+01     0.6302867E+01
     0.1795421E+01     0.6293208E+01
     0.1801861E+01     0.6290679E+01
     0.1806693E+01     0.6284240E+01
     0.1799336E+01     0.6280558E+01
     0.1778408E+01     0.6281472E+01
     0.1769899E+01     0.6282160E+01
     0.1768983E+01     0.6274798E+01
     0.1763925E+01     0.6271807E+01
     0.1748978E+01     0.6271112E+01
     0.1736563E+01     0.6264667E+01
     0.1736563E+01     0.6264667E+01
     0.1722266E+01     0.6261087E+01
     0.1709842E+01     0.6257196E+01
     0.1694204E+01     0.6256990E+01
     0.1689830E+01     0.6253317E+01
     0.1680403E+01     0.6254482E+01
     0.1668205E+01     0.6247599E+01
     0.1656019E+01     0.6248768E+01
     0.1645669E+01     0.6248093E+01
     0.1629565E+01     0.6242367E+01
     0.1627816E+01     0.6225748E+01
     0.1627816E+01     0.6225748E+01
     0.1606105E+01     0.6219609E+01
     0.1558151E+01     0.6212140E+01
     0.1541829E+01     0.6206380E+01
     0.1504583E+01     0.6199917E+01
     0.1497824E+01     0.6197815E+01
     0.1468262E+01     0.6188622E+01
     0.1434465E+01     0.6182847E+01
     0.1400905E+01     0.6171551E+01
     0.1376089E+01     0.6164601E+01
     0.1361367E+01     0.6160478E+01
     0.1337234E+01     0.6150106E+01
     0.1320224E+01     0.6145952E+01
     0.1301602E+01     0.6143405E+01
     0.1278160E+01     0.6133952E+01
     0.1255764E+01     0.6127583E+01
     0.1238395E+01     0.6122643E+01
     0.1205301E+01     0.6109958E+01
     0.1191781E+01     0.6104417E+01
     0.1191781E+01     0.6104417E+01
     0.1191649E+01     0.6155019E+01
     0.1171183E+01     0.6154808E+01
     0.1165896E+01     0.6156653E+01
     0.1150950E+01     0.6156437E+01
     0.1145891E+01     0.6154601E+01
     0.1124968E+01     0.6157380E+01
     0.1117570E+01     0.6157202E+01
     0.1106573E+01     0.6156936E+01
     0.1091168E+01     0.6158789E+01
     0.1085882E+01     0.6162475E+01
     0.1081755E+01     0.6180422E+01
     0.1066128E+01     0.6207895E+01
     0.1066128E+01     0.6207895E+01
     0.1057471E+01     0.6221924E+01
     0.1051305E+01     0.6228143E+01
     0.1040434E+01     0.6233692E+01
     0.1032424E+01     0.6237739E+01
     0.1027165E+01     0.6241888E+01
     0.1021930E+01     0.6251544E+01
     0.1014786E+01     0.6271044E+01
     0.1014786E+01     0.6271044E+01
     0.1005901E+01     0.6296286E+01
     0.9962951E+00     0.6323575E+01
     0.9585785E+00     0.6324291E+01
     0.9038403E+00     0.6321336E+01
     0.9009376E+00     0.6325372E+01
     0.8831536E+00     0.6350101E+01
     0.8659124E+00     0.6370354E+01
     0.8442990E+00     0.6386467E+01
     0.8268216E+00     0.6393836E+01
     0.8035337E+00     0.6396670E+01
     0.7964618E+00     0.6397532E+01
     0.7893718E+00     0.6399644E+01
     0.7862952E+00     0.6404518E+01
     0.7828025E+00     0.6416024E+01
     0.7766364E+00     0.6422236E+01
     0.7624305E+00     0.6431359E+01
     0.7569101E+00     0.6432512E+01
     0.7490920E+00     0.6441485E+01
     0.7410464E+00     0.6462880E+01
     0.7281688E+00     0.6478755E+01
     0.7270200E+00     0.6485425E+01
     0.7263600E+00     0.6486020E+01
     0.7247208E+00     0.6487496E+01
     0.7231128E+00     0.6497848E+01
     0.7187449E+00     0.6510959E+01
     0.7173678E+00     0.6527520E+01
     0.7291039E+00     0.6543154E+01
     0.7385383E+00     0.6553040E+01
     0.7401501E+00     0.6560170E+01
     0.7401528E+00     0.6570290E+01
     0.7371634E+00     0.6577190E+01
     0.7272727E+00     0.6585243E+01
     0.7155396E+00     0.6584328E+01
     0.7149239E+00     0.6584149E+01
     0.7012752E+00     0.6580193E+01
     0.6911528E+00     0.6579047E+01
     0.6810313E+00     0.6584340E+01
     0.6888544E+00     0.6591466E+01
     0.6867850E+00     0.6596987E+01
     0.6798847E+00     0.6607338E+01
     0.6716034E+00     0.6611251E+01
     0.6580288E+00     0.6606656E+01
     0.6531980E+00     0.6609877E+01
     0.6518181E+00     0.6614247E+01
     0.6462975E+00     0.6620687E+01
     0.6435373E+00     0.6628048E+01
     0.6375560E+00     0.6632189E+01
     0.6362043E+00     0.6640526E+01
     0.6362043E+00     0.6640526E+01
     0.6352657E+00     0.6650412E+01
     0.6393731E+00     0.6669045E+01
     0.6393627E+00     0.6674795E+01
     0.6437026E+00     0.6692048E+01
     0.6416138E+00     0.6701932E+01
     0.6450468E+00     0.6711827E+01
     0.6413381E+00     0.6726766E+01
     0.6463727E+00     0.6741951E+01
     0.6449848E+00     0.6745858E+01
     0.6396886E+00     0.6748149E+01
     0.6288728E+00     0.6748820E+01
     0.6235712E+00     0.6753870E+01
     0.6203481E+00     0.6754785E+01
     0.6072352E+00     0.6753382E+01
     0.5972731E+00     0.6760214E+01
     0.5885792E+00     0.6763008E+01
     0.5763866E+00     0.6761607E+01
     0.5724678E+00     0.6765279E+01
     0.5710763E+00     0.6771025E+01
     0.5717530E+00     0.6778154E+01
     0.5699016E+00     0.6783669E+01
     0.5670663E+00     0.6786210E+01
     0.5670663E+00     0.6786210E+01
     0.5703814E+00     0.6791567E+01
     0.5664694E+00     0.6800076E+01
     0.5690008E+00     0.6803295E+01
     0.5722225E+00     0.6803295E+01
     0.5832680E+00     0.6795935E+01
     0.5853391E+00     0.6798463E+01
     0.5839587E+00     0.6803752E+01
     0.5685412E+00     0.6813182E+01
     0.5563449E+00     0.6824912E+01
     0.5548918E+00     0.6825408E+01
     0.5476001E+00     0.6827902E+01
     0.5443785E+00     0.6826064E+01
     0.5390854E+00     0.6827214E+01
     0.5365542E+00     0.6825835E+01
     0.5303406E+00     0.6825836E+01
     0.5280392E+00     0.6843081E+01
     0.5347129E+00     0.6862625E+01
     0.5388553E+00     0.6869752E+01
     0.5446087E+00     0.6873200E+01
     0.5508225E+00     0.6884925E+01
     0.5577274E+00     0.6901708E+01
     0.5581878E+00     0.6914354E+01
     0.5570478E+00     0.6917596E+01
     0.5551961E+00     0.6922861E+01
     0.5478313E+00     0.6932289E+01
     0.5423124E+00     0.6936419E+01
     0.5262724E+00     0.6940066E+01
     0.5146885E+00     0.6948158E+01
     0.5162991E+00     0.6966551E+01
     0.5204417E+00     0.6968849E+01
     0.5229737E+00     0.6974136E+01
     0.5390854E+00     0.6982182E+01
     0.5567046E+00     0.6999031E+01
     0.5572867E+00     0.6999587E+01
     0.5853500E+00     0.7000795E+01
     0.5952480E+00     0.7006310E+01
     0.5996220E+00     0.7013436E+01
     0.5998531E+00     0.7026540E+01
     0.5954818E+00     0.7058036E+01
     0.5973236E+00     0.7065852E+01
     0.6102158E+00     0.7080101E+01
     0.6121876E+00     0.7085460E+01
     0.6143602E+00     0.7091365E+01
     0.6120589E+00     0.7097572E+01
     0.6023916E+00     0.7112516E+01
     0.5991693E+00     0.7122172E+01
     0.5989399E+00     0.7132057E+01
     0.6065381E+00     0.7149755E+01
     0.6219648E+00     0.7172048E+01
     0.6317657E+00     0.7199614E+01
     0.6320978E+00     0.7200548E+01
     0.6436179E+00     0.7270419E+01
     0.6438494E+00     0.7280301E+01
     0.6567469E+00     0.7303741E+01
     0.6583598E+00     0.7311095E+01
     0.6558102E+00     0.7321174E+01
     0.6528364E+00     0.7332929E+01
     0.6505368E+00     0.7353844E+01
     0.6509997E+00     0.7371080E+01
     0.6461661E+00     0.7390156E+01
     0.6401794E+00     0.7395443E+01
     0.6279750E+00     0.7400962E+01
     0.6151151E+00     0.7402727E+01
     0.5982673E+00     0.7393845E+01
     0.5954964E+00     0.7392855E+01
     0.5828382E+00     0.7388333E+01
     0.5715542E+00     0.7387646E+01
     0.5600404E+00     0.7390865E+01
     0.5512896E+00     0.7397761E+01
     0.5457628E+00     0.7398911E+01
     0.5349390E+00     0.7409944E+01
     0.5324058E+00     0.7415919E+01
     0.5296423E+00     0.7418447E+01
     0.5287211E+00     0.7432925E+01
     0.5245754E+00     0.7446713E+01
     0.5199695E+00     0.7451310E+01
     0.5135212E+00     0.7448553E+01
     0.5120177E+00     0.7455509E+01
     0.5120177E+00     0.7455509E+01
     0.5018129E+00     0.7463701E+01
     0.5082444E+00     0.7472215E+01
     0.5149141E+00     0.7476593E+01
     0.5169728E+00     0.7483719E+01
     0.5095382E+00     0.7516333E+01
     0.5086341E+00     0.7522302E+01
     0.5094820E+00     0.7527241E+01
     0.5094820E+00     0.7527241E+01
     0.5169721E+00     0.7559996E+01
     0.5185838E+00     0.7587568E+01
     0.5386235E+00     0.7599972E+01
     0.5457640E+00     0.7600890E+01
     0.5494494E+00     0.7606863E+01
     0.5614275E+00     0.7609388E+01
     0.5751932E+00     0.7615678E+01
     0.5780125E+00     0.7616967E+01
     0.5780128E+00     0.7622022E+01
     0.5745583E+00     0.7632820E+01
     0.5745589E+00     0.7649363E+01
     0.5796281E+00     0.7676240E+01
     0.5897656E+00     0.7707022E+01
     0.6001328E+00     0.7708169E+01
     0.6095776E+00     0.7705869E+01
     0.6162583E+00     0.7701733E+01
     0.6170783E+00     0.7704185E+01
     0.6174104E+00     0.7705178E+01
     0.6144169E+00     0.7722868E+01
     0.6121137E+00     0.7726315E+01
     0.6081987E+00     0.7746301E+01
     0.6093515E+00     0.7754800E+01
     0.6139595E+00     0.7761002E+01
     0.6222537E+00     0.7762148E+01
     0.6243274E+00     0.7764215E+01
     0.6234082E+00     0.7784889E+01
     0.6201831E+00     0.7789025E+01
     0.6137317E+00     0.7789945E+01
     0.6130421E+00     0.7806713E+01
     0.6139951E+00     0.7812647E+01
     0.6158086E+00     0.7823940E+01
     0.6155791E+00     0.7832439E+01
     0.6224942E+00     0.7860689E+01
     0.6204206E+00     0.7864824E+01
     0.6153544E+00     0.7893765E+01
     0.6135129E+00     0.7920637E+01
     0.6091350E+00     0.7923853E+01
     0.6067110E+00     0.7934470E+01
     0.5973867E+00     0.7975300E+01
     0.6010790E+00     0.8000000E+01
     0.6072161E+00     0.8003721E+01
     0.6038857E+00     0.8018152E+01
     0.5970560E+00     0.8038525E+01
     0.5983781E+00     0.8046565E+01
     0.5919534E+00     0.8074284E+01
     0.5913813E+00     0.8089195E+01
     0.5913804E+00     0.8120174E+01
     0.5954122E+00     0.8135579E+01
     0.6073333E+00     0.8143467E+01
     0.6097738E+00     0.8156106E+01
     0.6094621E+00     0.8167120E+01
     0.6078015E+00     0.8173533E+01
     0.5936281E+00     0.8189496E+01
     0.5917283E+00     0.8197056E+01
     0.5948907E+00     0.8205570E+01
     0.6024603E+00     0.8210215E+01
     0.6240426E+00     0.8220926E+01
     0.6258050E+00     0.8231956E+01
     0.6306043E+00     0.8237497E+01
     0.6315259E+00     0.8237504E+01
     0.6379029E+00     0.8247877E+01
     0.6408318E+00     0.8257078E+01
     0.6433555E+00     0.8258702E+01
     0.6661661E+00     0.8259551E+01
     0.6749006E+00     0.8262825E+01
     0.6854088E+00     0.8275980E+01
     0.6938993E+00     0.8281318E+01
     0.7017322E+00     0.8281830E+01
     0.7128065E+00     0.8280299E+01
     0.7252271E+00     0.8284056E+01
     0.7279528E+00     0.8289812E+01
     0.7303667E+00     0.8307272E+01
     0.7297283E+00     0.8332746E+01
     0.7239317E+00     0.8337526E+01
     0.7199806E+00     0.8342090E+01
     0.7220529E+00     0.8353907E+01
     0.7220529E+00     0.8353907E+01
     0.7185696E+00     0.8354347E+01
     0.7150987E+00     0.8357086E+01
     0.7134538E+00     0.8363735E+01
     0.7142798E+00     0.8384398E+01
     0.7082666E+00     0.8388273E+01
     0.7077645E+00     0.8396994E+01
     0.7015304E+00     0.8398802E+01
     0.6980751E+00     0.8398098E+01
     0.6963462E+00     0.8399741E+01
     0.6853349E+00     0.8410206E+01
     0.6638404E+00     0.8420437E+01
     0.6591839E+00     0.8429598E+01
     0.6555589E+00     0.8463556E+01
     0.6512547E+00     0.8477002E+01
     0.6512547E+00     0.8477002E+01
     0.6494689E+00     0.8482581E+01
     0.6436562E+00     0.8491966E+01
     0.6331329E+00     0.8497754E+01
     0.6279281E+00     0.8500616E+01
     0.6248882E+00     0.8508865E+01
     0.6163281E+00     0.8513875E+01
     0.5880406E+00     0.8521044E+01
     0.5880406E+00     0.8521044E+01
     0.5869939E+00     0.8521309E+01
     0.5791244E+00     0.8526320E+01
     0.5589313E+00     0.8549867E+01
     0.5492136E+00     0.8555099E+01
     0.5413623E+00     0.8556437E+01
     0.5381201E+00     0.8558716E+01
     0.5357437E+00     0.8566795E+01
     0.5325034E+00     0.8573610E+01
     0.5274265E+00     0.8573813E+01
     0.5196164E+00     0.8567345E+01
     0.5129181E+00     0.8568687E+01
     0.5087266E+00     0.8575783E+01
     0.5038687E+00     0.8578053E+01
     0.5006185E+00     0.8581711E+01
     0.4963852E+00     0.8596382E+01
     0.4917530E+00     0.8599572E+01
     0.4756083E+00     0.8598109E+01
     0.4700371E+00     0.8604049E+01
     0.4700371E+00     0.8604049E+01
     0.4661309E+00     0.8606551E+01
     0.4380682E+00     0.8652714E+01
     0.4343018E+00     0.8661869E+01
     0.4300954E+00     0.8668265E+01
     0.4226388E+00     0.8676932E+01
     0.4104518E+00     0.8699569E+01
     0.4010988E+00     0.8714190E+01
     0.3914872E+00     0.8732024E+01
     0.3856494E+00     0.8740015E+01
     0.3816738E+00     0.8749467E+01
     0.3816738E+00     0.8749467E+01
     0.3851727E+00     0.8752143E+01
     0.3869910E+00     0.8756976E+01
     0.3955218E+00     0.8759090E+01
     0.3968910E+00     0.8761853E+01
     0.3957202E+00     0.8764603E+01
     0.3864367E+00     0.8772818E+01
     0.3843206E+00     0.8779235E+01
     0.3858964E+00     0.8786133E+01
     0.3900271E+00     0.8790520E+01
     0.3957865E+00     0.8792849E+01
     0.4075668E+00     0.8792225E+01
     0.4135573E+00     0.8794555E+01
     0.4188722E+00     0.8793896E+01
     0.4279380E+00     0.8783381E+01
     0.4341694E+00     0.8783875E+01
     0.4382893E+00     0.8790328E+01
     0.4347532E+00     0.8795614E+01
     0.4329326E+00     0.8798336E+01
     0.4347670E+00     0.8800642E+01
     0.4403060E+00     0.8801132E+01
     0.4446605E+00     0.8804848E+01
     0.4446605E+00     0.8804848E+01
     0.4478900E+00     0.8807603E+01
     0.4522685E+00     0.8809235E+01
     0.4559672E+00     0.8808565E+01
     0.4650450E+00     0.8795754E+01
     0.4685135E+00     0.8794854E+01
     0.4933766E+00     0.8808764E+01
     0.4972794E+00     0.8812919E+01
     0.4992715E+00     0.8828774E+01
     0.5024393E+00     0.8840733E+01
     0.5068680E+00     0.8844547E+01
     0.5068680E+00     0.8844547E+01
     0.5169224E+00     0.8853209E+01
     0.5187517E+00     0.8856663E+01
     0.5180228E+00     0.8863319E+01
     0.5193813E+00     0.8868379E+01
     0.5221382E+00     0.8871149E+01
     0.5274496E+00     0.8871406E+01
     0.5288119E+00     0.8875776E+01
     0.5269237E+00     0.8883346E+01
     0.5197134E+00     0.8892494E+01
     0.5166773E+00     0.8898680E+01
     0.5156578E+00     0.8916358E+01
     0.5161448E+00     0.8920408E+01
     0.5161448E+00     0.8920408E+01
     0.5142112E+00     0.8923577E+01
     0.5088210E+00     0.8933413E+01
     0.5034643E+00     0.8938884E+01
     0.4908175E+00     0.8960607E+01
     0.4807375E+00     0.8978904E+01
     0.4709197E+00     0.8993069E+01
     0.4568552E+00     0.9017996E+01
     0.4540053E+00     0.9027620E+01
     0.4529267E+00     0.9046906E+01
     0.4563977E+00     0.9075415E+01
     0.4616026E+00     0.9089466E+01
     0.4664059E+00     0.9095934E+01
     0.4691779E+00     0.9096185E+01
     0.4726219E+00     0.9099197E+01
     0.4757749E+00     0.9109788E+01
     0.4685826E+00     0.9142120E+01
     0.4703994E+00     0.9146270E+01
     0.4805346E+00     0.9151171E+01
     0.4830850E+00     0.9152801E+01
     0.4876525E+00     0.9154082E+01
     0.4890307E+00     0.9154958E+01
     0.5003346E+00     0.9162117E+01
     0.5037471E+00     0.9169264E+01
     0.5153652E+00     0.9191863E+01
     0.5263620E+00     0.9205269E+01
     0.5260991E+00     0.9209402E+01
     0.5158451E+00     0.9219433E+01
     0.5022395E+00     0.9243911E+01
     0.5040341E+00     0.9251045E+01
     0.5050994E+00     0.9262770E+01
     0.5085150E+00     0.9269688E+01
     0.5245526E+00     0.9289794E+01
     0.5337103E+00     0.9302268E+01
     0.5449842E+00     0.9310391E+01
     0.5477008E+00     0.9318223E+01
     0.5458096E+00     0.9323493E+01
     0.5431380E+00     0.9340014E+01
     0.5444927E+00     0.9344390E+01
     0.5532203E+00     0.9352954E+01
     0.5582426E+00     0.9361951E+01
     0.5633797E+00     0.9386342E+01
     0.5627964E+00     0.9402190E+01
     0.5555100E+00     0.9416841E+01
     0.5482795E+00     0.9424140E+01
     0.5427019E+00     0.9427086E+01
     0.5292372E+00     0.9432270E+01
     0.5222244E+00     0.9441178E+01
     0.5166371E+00     0.9445272E+01
     0.5131654E+00     0.9445247E+01
     0.5000026E+00     0.9441241E+01
     0.5010412E+00     0.9456413E+01
     0.5028627E+00     0.9460333E+01
     0.5014361E+00     0.9465147E+01
     0.4995424E+00     0.9468776E+01
     0.4896029E+00     0.9473489E+01
     0.4896029E+00     0.9473489E+01
     0.4883263E+00     0.9475575E+01
     0.4836791E+00     0.9478767E+01
     0.4797412E+00     0.9479206E+01
     0.4725405E+00     0.9483534E+01
     0.4607191E+00     0.9486228E+01
     0.4535090E+00     0.9492163E+01
     0.4474813E+00     0.9493739E+01
     0.4336030E+00     0.9491595E+01
     0.4231575E+00     0.9496364E+01
     0.4169099E+00     0.9495870E+01
     0.4079067E+00     0.9491454E+01
     0.3866316E+00     0.9487429E+01
     0.3852549E+00     0.9485353E+01
     0.3808350E+00     0.9489005E+01
     0.3641520E+00     0.9491437E+01
     0.3537346E+00     0.9491378E+01
     0.3408207E+00     0.9483031E+01
     0.3410747E+00     0.9479357E+01
     0.3448131E+00     0.9473634E+01
     0.3446734E+00     0.9472695E+01
     0.3439230E+00     0.9467655E+01
     0.3402419E+00     0.9463958E+01
     0.3359191E+00     0.9451525E+01
     0.3308659E+00     0.9445063E+01
     0.3207054E+00     0.9441097E+01
     0.3135335E+00     0.9440596E+01
     0.2784559E+00     0.9423843E+01
     0.2729103E+00     0.9422432E+01
     0.2594781E+00     0.9423729E+01
     0.2536540E+00     0.9429667E+01
     0.2453203E+00     0.9429846E+01
     0.2432285E+00     0.9431211E+01
     0.2450568E+00     0.9434898E+01
     0.2443257E+00     0.9437032E+01
     0.2436416E+00     0.9439026E+01
     0.2271016E+00     0.9455466E+01
     0.2244526E+00     0.9471304E+01
     0.2251073E+00     0.9477511E+01
     0.2285615E+00     0.9480290E+01
     0.2348089E+00     0.9480788E+01
     0.2445769E+00     0.9473726E+01
     0.2552236E+00     0.9474021E+01
     0.2633387E+00     0.9472002E+01
     0.2681794E+00     0.9475248E+01
     0.2723097E+00     0.9481018E+01
     0.2760023E+00     0.9482878E+01
     0.2898771E+00     0.9485259E+01
     0.2937053E+00     0.9490238E+01
     0.2982681E+00     0.9492525E+01
     0.2982681E+00     0.9492525E+01
     0.3009363E+00     0.9493826E+01
     0.3043832E+00     0.9497983E+01
     0.3055080E+00     0.9503274E+01
     0.3027070E+00     0.9506934E+01
     0.2989943E+00     0.9508290E+01
     0.2875959E+00     0.9516953E+01
     0.2813378E+00     0.9518065E+01
     0.2639911E+00     0.9515203E+01
     0.2452336E+00     0.9515778E+01
     0.2371055E+00     0.9519634E+01
     0.2333628E+00     0.9525585E+01
     0.2297787E+00     0.9542796E+01
     0.2302120E+00     0.9547394E+01
     0.2329700E+00     0.9550628E+01
     0.2329700E+00     0.9550628E+01
     0.2343459E+00     0.9552705E+01
     0.2351817E+00     0.9566727E+01
     0.2379371E+00     0.9570420E+01
     0.2455799E+00     0.9570237E+01
     0.2569737E+00     0.9562954E+01
     0.2622964E+00     0.9563446E+01
     0.2828461E+00     0.9572991E+01
     0.3011455E+00     0.9572181E+01
     0.3094706E+00     0.9574069E+01
     0.3156237E+00     0.9574299E+01
     0.3240565E+00     0.9574615E+01
     0.3509543E+00     0.9568796E+01
     0.3629750E+00     0.9572311E+01
     0.3712801E+00     0.9577643E+01
     0.3763310E+00     0.9585026E+01
     0.3770000E+00     0.9589396E+01
     0.3711643E+00     0.9597175E+01
     0.3650511E+00     0.9612535E+01
     0.3621446E+00     0.9615500E+01
     0.3621446E+00     0.9615500E+01
     0.3601214E+00     0.9619767E+01
     0.3593119E+00     0.9624980E+01
     0.3600793E+00     0.9630461E+01
     0.3616343E+00     0.9636205E+01
     0.3645099E+00     0.9640389E+01
     0.3665929E+00     0.9645615E+01
     0.3665724E+00     0.9650831E+01
     0.3619862E+00     0.9661898E+01
     0.3571118E+00     0.9664290E+01
     0.3537771E+00     0.9668664E+01
     0.3475598E+00     0.9671032E+01
     0.3460866E+00     0.9684812E+01
     0.3436688E+00     0.9701573E+01
     0.3380417E+00     0.9712571E+01
     0.3329152E+00     0.9717367E+01
     0.3208618E+00     0.9718216E+01
     0.3169088E+00     0.9720490E+01
     0.3150300E+00     0.9724616E+01
     0.3200541E+00     0.9736595E+01
     0.3243554E+00     0.9753167E+01
     0.3221286E+00     0.9761327E+01
     0.3221286E+00     0.9761327E+01
     0.3210369E+00     0.9765327E+01
     0.3235675E+00     0.9768330E+01
     0.3286627E+00     0.9768819E+01
     0.3307202E+00     0.9773427E+01
     0.3264748E+00     0.9785583E+01
     0.3303583E+00     0.9794798E+01
     0.3354235E+00     0.9800343E+01
     0.3385958E+00     0.9812312E+01
     0.3493975E+00     0.9827542E+01
     0.3523183E+00     0.9842957E+01
     0.3486571E+00     0.9867726E+01
     0.3462763E+00     0.9883831E+01
     0.3488967E+00     0.9910736E+01
     0.3514068E+00     0.9917416E+01
     0.3569368E+00     0.9923193E+01
     0.3613286E+00     0.9925516E+01
     0.3747631E+00     0.9927891E+01
     0.3803023E+00     0.9932289E+01
     0.3811093E+00     0.9934369E+01
     0.3811093E+00     0.9934369E+01
     0.3823578E+00     0.9937587E+01
     0.3806926E+00     0.9944702E+01
     0.3617878E+00     0.9965051E+01
     0.3607405E+00     0.9966602E+01
     0.3535983E+00     0.9977185E+01
     0.3521544E+00     0.9985910E+01
     0.3554714E+00     0.1000000E+02
     0.3573560E+00     0.1000801E+02
     0.3568343E+00     0.1001766E+02
     0.3558643E+00     0.1001960E+02
     0.3558643E+00     0.1001960E+02
     0.3528429E+00     0.1002568E+02
     0.3530553E+00     0.1002890E+02
     0.3569864E+00     0.1003099E+02
     0.3620920E+00     0.1003056E+02
     0.3746543E+00     0.1002442E+02
     0.3908977E+00     0.1002337E+02
     0.4002144E+00     0.1001675E+02
     0.4041562E+00     0.1001700E+02
     0.4083098E+00     0.1002070E+02
     0.4092244E+00     0.1002301E+02
     0.4082710E+00     0.1002737E+02
     0.4146154E+00     0.1005338E+02
     0.4136502E+00     0.1005981E+02
     0.4101680E+00     0.1006025E+02
     0.3975763E+00     0.1007121E+02
     0.3861753E+00     0.1007689E+02
     0.3604033E+00     0.1008019E+02
     0.3541239E+00     0.1008269E+02
     0.3503914E+00     0.1008611E+02
     0.3477811E+00     0.1009575E+02
     0.3568947E+00     0.1012362E+02
     0.3577251E+00     0.1013994E+02
     0.3519668E+00     0.1015442E+02
     0.3519668E+00     0.1015442E+02
     0.3492422E+00     0.1016127E+02
     0.3508074E+00     0.1017116E+02
     0.3495649E+00     0.1018472E+02
     0.3509010E+00     0.1019415E+02
     0.3527423E+00     0.1019669E+02
     0.3538489E+00     0.1020566E+02
     0.3581916E+00     0.1021695E+02
     0.3591383E+00     0.1025258E+02
     0.3609441E+00     0.1025593E+02
     0.3609441E+00     0.1025593E+02
     0.3621235E+00     0.1025812E+02
     0.3730030E+00     0.1026347E+02
     0.3789872E+00     0.1027223E+02
     0.3741061E+00     0.1027313E+02
     0.3696514E+00     0.1028046E+02
     0.3816509E+00     0.1029294E+02
     0.3929760E+00     0.1030174E+02
     0.3924969E+00     0.1030426E+02
     0.3850427E+00     0.1030836E+02
     0.3808589E+00     0.1030903E+02
     0.3636907E+00     0.1030663E+02
     0.3534657E+00     0.1030795E+02
     0.3439626E+00     0.1030514E+02
     0.3402424E+00     0.1030604E+02
     0.3263162E+00     0.1030503E+02
     0.3188836E+00     0.1030545E+02
     0.3172370E+00     0.1030889E+02
     0.3200010E+00     0.1031258E+02
     0.3315712E+00     0.1031909E+02
     0.3324679E+00     0.1032438E+02
     0.3312773E+00     0.1032920E+02
     0.3252034E+00     0.1033514E+02
     0.3219510E+00     0.1033535E+02
     0.3177851E+00     0.1033303E+02
     0.3149946E+00     0.1033370E+02
     0.3126354E+00     0.1033967E+02
     0.3104549E+00     0.1035437E+02
     0.3059870E+00     0.1036331E+02
     0.3010844E+00     0.1036741E+02
     0.2894406E+00     0.1037240E+02
     0.2884798E+00     0.1037745E+02
     0.2960592E+00     0.1038758E+02
     0.2988452E+00     0.1039131E+02
     0.2962334E+00     0.1040049E+02
     0.2943594E+00     0.1040301E+02
     0.2864321E+00     0.1040779E+02
     0.2819437E+00     0.1041529E+02
     0.2819437E+00     0.1041529E+02
     0.2815020E+00     0.1041603E+02
     0.2717433E+00     0.1041643E+02
     0.2689675E+00     0.1041458E+02
     0.2650611E+00     0.1040789E+02
     0.2597348E+00     0.1040533E+02
     0.2478873E+00     0.1040548E+02
     0.2357989E+00     0.1040702E+02
     0.2285804E+00     0.1040973E+02
     0.2219733E+00     0.1041450E+02
     0.2219733E+00     0.1041450E+02
     0.2178449E+00     0.1041748E+02
     0.2132006E+00     0.1041722E+02
     0.2090437E+00     0.1041352E+02
     0.2030195E+00     0.1041118E+02
     0.2047040E+00     0.1040223E+02
     0.2038006E+00     0.1039831E+02
     0.1963652E+00     0.1039873E+02
     0.1926612E+00     0.1039687E+02
     0.1891560E+00     0.1040006E+02
     0.1827989E+00     0.1041290E+02
     0.1762770E+00     0.1041561E+02
     0.1715385E+00     0.1042040E+02
     0.1694944E+00     0.1042247E+02
     0.1659503E+00     0.1043141E+02
     0.1677517E+00     0.1043993E+02
     0.1656331E+00     0.1044405E+02
     0.1548818E+00     0.1045364E+02
     0.1529921E+00     0.1045822E+02
     0.1535959E+00     0.1047202E+02
     0.1519839E+00     0.1047639E+02
     0.1519839E+00     0.1047639E+02
     0.1476789E+00     0.1048807E+02
     0.1409886E+00     0.1051516E+02
     0.1319290E+00     0.1053070E+02
     0.1190729E+00     0.1053856E+02
     0.1139453E+00     0.1054013E+02
     0.9714699E-01     0.1054710E+02
     0.8152879E-01     0.1055202E+02
     0.7127503E-01     0.1055492E+02
     0.6330858E-01     0.1056174E+02
     0.4795270E-01     0.1058781E+02
     0.3439259E-01     0.1059596E+02
     0.2064155E-01     0.1059974E+02
     0.1131503E-01     0.1060265E+02
     0.1016563E-02     0.1060991E+02
     0.0000000E+00     0.1061034E+02
    -0.1929162E-01     0.1061845E+02
    -0.2605973E-01     0.1062115E+02
    -0.3327731E-01     0.1062223E+02
    -0.4262998E-01     0.1062766E+02
    -0.5405902E-01     0.1063146E+02
    -0.6391849E-01     0.1064102E+02
    -0.6797328E-01     0.1065133E+02
    -0.7047661E-01     0.1066924E+02
    -0.7124247E-01     0.1067613E+02
    -0.7931969E-01     0.1069330E+02
    -0.8713985E-01     0.1070794E+02
    -0.8813690E-01     0.1071459E+02
    -0.8537889E-01     0.1071784E+02
    -0.7469616E-01     0.1072354E+02
    -0.7469616E-01     0.1072354E+02
    -0.7603932E-01     0.1072771E+02
    -0.7400380E-01     0.1073531E+02
    -0.7739080E-01     0.1075253E+02
    -0.7302590E-01     0.1075969E+02
    -0.7539384E-01     0.1076519E+02
    -0.7356427E-01     0.1076934E+02
    -0.6774639E-01     0.1076892E+02
    -0.6202551E-01     0.1078138E+02
    -0.5902603E-01     0.1078462E+02
    -0.5668156E-01     0.1078483E+02
    -0.5344756E-01     0.1078512E+02
    -0.4859746E-01     0.1078975E+02
    -0.4564774E-01     0.1079966E+02
    -0.3430987E-01     0.1080779E+02
    -0.3300715E-01     0.1080992E+02
    -0.3300715E-01     0.1080992E+02
    -0.2810441E-01     0.1081795E+02
    -0.2629982E-01     0.1082555E+02
    -0.3056745E-01     0.1083633E+02
    -0.3392893E-01     0.1085033E+02
    -0.3320634E-01     0.1085474E+02
    -0.3130274E-01     0.1087265E+02
    -0.2231435E-01     0.1089533E+02
    -0.2231435E-01     0.1089533E+02
    -0.1988210E-01     0.1090147E+02
    -0.1413244E-01     0.1091071E+02
    -0.1491206E-01     0.1092174E+02
    -0.1569007E-01     0.1093254E+02
    -0.1167715E-01     0.1095648E+02
    -0.6811645E-02     0.1095951E+02
     0.0000000E+00     0.1096048E+02
     0.6674017E-02     0.1096144E+02
     0.1800005E-01     0.1097233E+02
     0.2171120E-01     0.1097419E+02
     0.2664008E-01     0.1097454E+02
END
END
