trinidad
1
    -0.6064272E+02     0.1124686E+02
    -0.6076947E+02     0.1121909E+02
    -0.6075540E+02     0.1123022E+02
    -0.6074833E+02     0.1123912E+02
    -0.6072842E+02     0.1125111E+02
    -0.6070473E+02     0.1126835E+02
    -0.6069929E+02     0.1127819E+02
    -0.6069458E+02     0.1128274E+02
    -0.6066896E+02     0.1129368E+02
    -0.6066091E+02     0.1129712E+02
    -0.6065158E+02     0.1129795E+02
    -0.6063966E+02     0.1130289E+02
    -0.6063174E+02     0.1130258E+02
    -0.6062444E+02     0.1131032E+02
    -0.6061158E+02     0.1131594E+02
    -0.6059478E+02     0.1131829E+02
    -0.6058239E+02     0.1132254E+02
    -0.6057586E+02     0.1132316E+02
    -0.6057192E+02     0.1132128E+02
    -0.6056873E+02     0.1131389E+02
    -0.6056313E+02     0.1131498E+02
    -0.6055445E+02     0.1131875E+02
    -0.6055074E+02     0.1132037E+02
    -0.6054836E+02     0.1132494E+02
    -0.6055156E+02     0.1133141E+02
    -0.6055107E+02     0.1133348E+02
    -0.6054265E+02     0.1133684E+02
    -0.6053238E+02     0.1133834E+02
    -0.6052378E+02     0.1133687E+02
    -0.6052147E+02     0.1133432E+02
    -0.6051896E+02     0.1132923E+02
    -0.6051793E+02     0.1131611E+02
    -0.6052697E+02     0.1129804E+02
    -0.6052797E+02     0.1129162E+02
    -0.6052085E+02     0.1128073E+02
    -0.6052119E+02     0.1127039E+02
    -0.6052512E+02     0.1126344E+02
    -0.6052855E+02     0.1125736E+02
    -0.6052980E+02     0.1124886E+02
    -0.6053192E+02     0.1124613E+02
    -0.6053728E+02     0.1124595E+02
    -0.6054231E+02     0.1125520E+02
    -0.6054509E+02     0.1125661E+02
    -0.6054929E+02     0.1125551E+02
    -0.6055175E+02     0.1124265E+02
    -0.6055459E+02     0.1123832E+02
    -0.6055809E+02     0.1123720E+02
    -0.6057154E+02     0.1124263E+02
    -0.6058110E+02     0.1124204E+02
    -0.6058625E+02     0.1123910E+02
    -0.6059026E+02     0.1123340E+02
    -0.6059720E+02     0.1121530E+02
    -0.6060372E+02     0.1121514E+02
    -0.6061635E+02     0.1120929E+02
    -0.6062294E+02     0.1120246E+02
    -0.6063163E+02     0.1119427E+02
    -0.6065499E+02     0.1118669E+02
    -0.6067057E+02     0.1118845E+02
    -0.6068385E+02     0.1118812E+02
    -0.6069482E+02     0.1118501E+02
    -0.6069976E+02     0.1117954E+02
    -0.6072130E+02     0.1116665E+02
    -0.6072503E+02     0.1116646E+02
    -0.6072736E+02     0.1116648E+02
    -0.6072833E+02     0.1116723E+02
    -0.6073521E+02     0.1117253E+02
    -0.6073987E+02     0.1117235E+02
    -0.6075908E+02     0.1115943E+02
    -0.6076731E+02     0.1115100E+02
    -0.6076903E+02     0.1114136E+02
    -0.6077511E+02     0.1113843E+02
    -0.6078007E+02     0.1113066E+02
    -0.6078613E+02     0.1112957E+02
    -0.6079194E+02     0.1113031E+02
    -0.6079910E+02     0.1113636E+02
    -0.6080978E+02     0.1114014E+02
    -0.6081931E+02     0.1114092E+02
    -0.6083043E+02     0.1113944E+02
    -0.6083866E+02     0.1113834E+02
    -0.6083981E+02     0.1113997E+02
    -0.6084037E+02     0.1115469E+02
    -0.6083820E+02     0.1116271E+02
    -0.6083492E+02     0.1116613E+02
    -0.6082024E+02     0.1116691E+02
    -0.6081463E+02     0.1116939E+02
    -0.6080616E+02     0.1117874E+02
    -0.6079773E+02     0.1118441E+02
    -0.6079205E+02     0.1119470E+02
    -0.6078667E+02     0.1119764E+02
    -0.6078406E+02     0.1120290E+02
    -0.6076947E+02     0.1121909E+02
END
2
    -0.6049868E+02     0.1129503E+02
    -0.6049122E+02     0.1128617E+02
    -0.6050050E+02     0.1128926E+02
    -0.6050576E+02     0.1129874E+02
    -0.6050504E+02     0.1130126E+02
    -0.6050247E+02     0.1130192E+02
    -0.6049415E+02     0.1129563E+02
    -0.6048955E+02     0.1128983E+02
    -0.6049122E+02     0.1128617E+02
END
3
    -0.6125486E+02     0.1048769E+02
    -0.6149664E+02     0.1062091E+02
    -0.6150010E+02     0.1062484E+02
    -0.6149984E+02     0.1062898E+02
    -0.6149097E+02     0.1063650E+02
    -0.6149188E+02     0.1063881E+02
    -0.6152317E+02     0.1065029E+02
    -0.6154155E+02     0.1066786E+02
    -0.6154976E+02     0.1067232E+02
    -0.6158155E+02     0.1067828E+02
    -0.6159638E+02     0.1068505E+02
    -0.6160358E+02     0.1068556E+02
    -0.6160942E+02     0.1068192E+02
    -0.6161890E+02     0.1067923E+02
    -0.6164126E+02     0.1068144E+02
    -0.6165452E+02     0.1067807E+02
    -0.6166010E+02     0.1067834E+02
    -0.6166167E+02     0.1068203E+02
    -0.6166491E+02     0.1068964E+02
    -0.6166254E+02     0.1069744E+02
    -0.6166668E+02     0.1070551E+02
    -0.6166338E+02     0.1071331E+02
    -0.6166127E+02     0.1071490E+02
    -0.6163800E+02     0.1072119E+02
    -0.6162724E+02     0.1073101E+02
    -0.6162048E+02     0.1073441E+02
    -0.6161113E+02     0.1074400E+02
    -0.6159740E+02     0.1074506E+02
    -0.6158024E+02     0.1074274E+02
    -0.6157418E+02     0.1074192E+02
    -0.6155671E+02     0.1074778E+02
    -0.6154951E+02     0.1074635E+02
    -0.6154021E+02     0.1074720E+02
    -0.6153508E+02     0.1074970E+02
    -0.6152439E+02     0.1074962E+02
    -0.6151693E+02     0.1075302E+02
    -0.6150805E+02     0.1076031E+02
    -0.6150387E+02     0.1075982E+02
    -0.6149926E+02     0.1075404E+02
    -0.6148647E+02     0.1075441E+02
    -0.6148139E+02     0.1074909E+02
    -0.6147555E+02     0.1075296E+02
    -0.6147296E+02     0.1075823E+02
    -0.6147466E+02     0.1076355E+02
    -0.6147546E+02     0.1076606E+02
    -0.6147195E+02     0.1077109E+02
    -0.6146658E+02     0.1077336E+02
    -0.6146241E+02     0.1077149E+02
    -0.6145829E+02     0.1076203E+02
    -0.6145482E+02     0.1075994E+02
    -0.6145201E+02     0.1076198E+02
    -0.6144661E+02     0.1077022E+02
    -0.6144219E+02     0.1077065E+02
    -0.6144011E+02     0.1076903E+02
    -0.6143970E+02     0.1076098E+02
    -0.6143786E+02     0.1075866E+02
    -0.6142393E+02     0.1075557E+02
    -0.6142252E+02     0.1075878E+02
    -0.6142387E+02     0.1076408E+02
    -0.6142245E+02     0.1076729E+02
    -0.6141520E+02     0.1077505E+02
    -0.6140961E+02     0.1077639E+02
    -0.6140125E+02     0.1077449E+02
    -0.6139991E+02     0.1076735E+02
    -0.6139712E+02     0.1076575E+02
    -0.6139505E+02     0.1076456E+02
    -0.6139006E+02     0.1077923E+02
    -0.6138772E+02     0.1078175E+02
    -0.6138050E+02     0.1078284E+02
    -0.6137327E+02     0.1078670E+02
    -0.6136436E+02     0.1079813E+02
    -0.6136243E+02     0.1080731E+02
    -0.6135986E+02     0.1080890E+02
    -0.6133180E+02     0.1079926E+02
    -0.6129803E+02     0.1079513E+02
    -0.6127559E+02     0.1079239E+02
    -0.6125839E+02     0.1079110E+02
    -0.6124350E+02     0.1079305E+02
    -0.6120305E+02     0.1079273E+02
    -0.6118746E+02     0.1079444E+02
    -0.6117577E+02     0.1080216E+02
    -0.6117318E+02     0.1080324E+02
    -0.6116271E+02     0.1080757E+02
    -0.6115200E+02     0.1081024E+02
    -0.6114474E+02     0.1081708E+02
    -0.6113681E+02     0.1081954E+02
    -0.6110776E+02     0.1081815E+02
    -0.6106417E+02     0.1083180E+02
    -0.6105183E+02     0.1083110E+02
    -0.6104999E+02     0.1083099E+02
    -0.6104251E+02     0.1083644E+02
    -0.6100806E+02     0.1084074E+02
    -0.6099602E+02     0.1083420E+02
    -0.6094929E+02     0.1083355E+02
    -0.6093901E+02     0.1083875E+02
    -0.6092931E+02     0.1083622E+02
    -0.6092440E+02     0.1083493E+02
    -0.6091115E+02     0.1083435E+02
    -0.6091050E+02     0.1082929E+02
    -0.6091408E+02     0.1081851E+02
    -0.6092137E+02     0.1080892E+02
    -0.6093380E+02     0.1079639E+02
    -0.6094304E+02     0.1077624E+02
    -0.6094500E+02     0.1076476E+02
    -0.6096416E+02     0.1074344E+02
    -0.6097574E+02     0.1073055E+02
    -0.6099032E+02     0.1071091E+02
    -0.6099923E+02     0.1070110E+02
    -0.6100249E+02     0.1069998E+02
    -0.6101199E+02     0.1070420E+02
    -0.6101501E+02     0.1070400E+02
    -0.6102532E+02     0.1069397E+02
    -0.6103309E+02     0.1068163E+02
    -0.6103549E+02     0.1067291E+02
    -0.6103679E+02     0.1065591E+02
    -0.6102736E+02     0.1061605E+02
    -0.6101797E+02     0.1057252E+02
    -0.6101719E+02     0.1055366E+02
    -0.6100927E+02     0.1052876E+02
    -0.6100908E+02     0.1052439E+02
    -0.6101120E+02     0.1051981E+02
    -0.6102166E+02     0.1051990E+02
    -0.6102588E+02     0.1051442E+02
    -0.6103516E+02     0.1050985E+02
    -0.6103964E+02     0.1050764E+02
    -0.6104040E+02     0.1050006E+02
    -0.6103762E+02     0.1047153E+02
    -0.6103456E+02     0.1044829E+02
    -0.6102687E+02     0.1042339E+02
    -0.6102355E+02     0.1040405E+02
    -0.6101821E+02     0.1038889E+02
    -0.6101470E+02     0.1037891E+02
    -0.6099392E+02     0.1033873E+02
    -0.6098772E+02     0.1032994E+02
    -0.6098193E+02     0.1032943E+02
    -0.6096983E+02     0.1033277E+02
    -0.6096917E+02     0.1032794E+02
    -0.6096991E+02     0.1032380E+02
    -0.6097036E+02     0.1032340E+02
    -0.6097224E+02     0.1032176E+02
    -0.6097804E+02     0.1032250E+02
    -0.6098154E+02     0.1032000E+02
    -0.6098932E+02     0.1030536E+02
    -0.6099636E+02     0.1029691E+02
    -0.6099802E+02     0.1029187E+02
    -0.6099774E+02     0.1027003E+02
    -0.6099411E+02     0.1026103E+02
    -0.6099370E+02     0.1025390E+02
    -0.6100307E+02     0.1021629E+02
    -0.6100251E+02     0.1021270E+02
    -0.6099778E+02     0.1018199E+02
    -0.6099831E+02     0.1014774E+02
    -0.6099329E+02     0.1013713E+02
    -0.6099286E+02     0.1013298E+02
    -0.6099450E+02     0.1013070E+02
    -0.6100031E+02     0.1012937E+02
    -0.6100323E+02     0.1014066E+02
    -0.6100507E+02     0.1014298E+02
    -0.6101525E+02     0.1014582E+02
    -0.6102083E+02     0.1014472E+02
    -0.6102533E+02     0.1014110E+02
    -0.6103297E+02     0.1013495E+02
    -0.6104276E+02     0.1012951E+02
    -0.6105962E+02     0.1010920E+02
    -0.6108471E+02     0.1010298E+02
    -0.6112173E+02     0.1008491E+02
    -0.6113387E+02     0.1008081E+02
    -0.6113568E+02     0.1008020E+02
    -0.6114709E+02     0.1007340E+02
    -0.6116705E+02     0.1007195E+02
    -0.6119185E+02     0.1007308E+02
    -0.6120557E+02     0.1006790E+02
    -0.6121485E+02     0.1006729E+02
    -0.6122411E+02     0.1006874E+02
    -0.6124516E+02     0.1007604E+02
    -0.6125698E+02     0.1007659E+02
    -0.6127134E+02     0.1007946E+02
    -0.6128827E+02     0.1007891E+02
    -0.6130947E+02     0.1007536E+02
    -0.6131845E+02     0.1007385E+02
    -0.6133031E+02     0.1006797E+02
    -0.6133914E+02     0.1006574E+02
    -0.6134864E+02     0.1006673E+02
    -0.6137624E+02     0.1006602E+02
    -0.6140657E+02     0.1007176E+02
    -0.6141703E+02     0.1006862E+02
    -0.6143412E+02     0.1006810E+02
    -0.6144741E+02     0.1006769E+02
    -0.6148895E+02     0.1006178E+02
    -0.6149843E+02     0.1006599E+02
    -0.6152001E+02     0.1006384E+02
    -0.6153088E+02     0.1006714E+02
    -0.6155970E+02     0.1006608E+02
    -0.6156799E+02     0.1006578E+02
    -0.6158727E+02     0.1006017E+02
    -0.6160143E+02     0.1005842E+02
    -0.6161491E+02     0.1005185E+02
    -0.6162536E+02     0.1004893E+02
    -0.6163255E+02     0.1004943E+02
    -0.6165107E+02     0.1005415E+02
    -0.6166465E+02     0.1007102E+02
    -0.6167503E+02     0.1007431E+02
    -0.6169427E+02     0.1008040E+02
    -0.6170913E+02     0.1007797E+02
    -0.6173346E+02     0.1008065E+02
    -0.6176806E+02     0.1007052E+02
    -0.6177594E+02     0.1007080E+02
    -0.6179446E+02     0.1007804E+02
    -0.6179837E+02     0.1007848E+02
    -0.6180303E+02     0.1007901E+02
    -0.6181626E+02     0.1007702E+02
    -0.6182648E+02     0.1007363E+02
    -0.6183323E+02     0.1006861E+02
    -0.6184159E+02     0.1006475E+02
    -0.6185344E+02     0.1006137E+02
    -0.6188903E+02     0.1003744E+02
    -0.6189623E+02     0.1003611E+02
    -0.6191384E+02     0.1003735E+02
    -0.6191447E+02     0.1003771E+02
    -0.6191985E+02     0.1004083E+02
    -0.6192377E+02     0.1004522E+02
    -0.6192326E+02     0.1005533E+02
    -0.6190506E+02     0.1007730E+02
    -0.6185073E+02     0.1009101E+02
    -0.6183841E+02     0.1009668E+02
    -0.6183236E+02     0.1010079E+02
    -0.6182560E+02     0.1010833E+02
    -0.6181808E+02     0.1012621E+02
    -0.6181226E+02     0.1013009E+02
    -0.6180483E+02     0.1013073E+02
    -0.6178880E+02     0.1013730E+02
    -0.6177301E+02     0.1014066E+02
    -0.6173866E+02     0.1014527E+02
    -0.6172435E+02     0.1014877E+02
    -0.6172124E+02     0.1014953E+02
    -0.6170171E+02     0.1015653E+02
    -0.6169286E+02     0.1016383E+02
    -0.6168328E+02     0.1017550E+02
    -0.6167745E+02     0.1018005E+02
    -0.6166791E+02     0.1018528E+02
    -0.6165350E+02     0.1018955E+02
    -0.6163063E+02     0.1021285E+02
    -0.6162989E+02     0.1021951E+02
    -0.6163118E+02     0.1022325E+02
    -0.6163377E+02     0.1023080E+02
    -0.6163234E+02     0.1023654E+02
    -0.6162744E+02     0.1024179E+02
    -0.6162047E+02     0.1024336E+02
    -0.6160887E+02     0.1024282E+02
    -0.6157576E+02     0.1023179E+02
    -0.6155653E+02     0.1022798E+02
    -0.6153333E+02     0.1022759E+02
    -0.6152357E+02     0.1022914E+02
    -0.6151706E+02     0.1023277E+02
    -0.6148562E+02     0.1025071E+02
    -0.6147605E+02     0.1025937E+02
    -0.6146527E+02     0.1027493E+02
    -0.6145584E+02     0.1029670E+02
    -0.6145510E+02     0.1030359E+02
    -0.6145966E+02     0.1031535E+02
    -0.6146079E+02     0.1033085E+02
    -0.6146094E+02     0.1033283E+02
    -0.6146412E+02     0.1034296E+02
    -0.6147330E+02     0.1035866E+02
    -0.6148642E+02     0.1037485E+02
    -0.6147869E+02     0.1038514E+02
    -0.6148743E+02     0.1039853E+02
    -0.6148878E+02     0.1040429E+02
    -0.6148755E+02     0.1041440E+02
    -0.6148940E+02     0.1041648E+02
    -0.6149519E+02     0.1041813E+02
    -0.6149634E+02     0.1042043E+02
    -0.6149375E+02     0.1042570E+02
    -0.6148627E+02     0.1043278E+02
    -0.6148574E+02     0.1043536E+02
    -0.6147908E+02     0.1046744E+02
    -0.6147130E+02     0.1048463E+02
    -0.6146912E+02     0.1049840E+02
    -0.6147112E+02     0.1051129E+02
    -0.6146077E+02     0.1053030E+02
    -0.6146232E+02     0.1054181E+02
    -0.6146792E+02     0.1055535E+02
    -0.6147147E+02     0.1056394E+02
    -0.6148168E+02     0.1060034E+02
    -0.6148696E+02     0.1061003E+02
    -0.6149664E+02     0.1062091E+02
END
4
    -0.6168801E+02     0.1068730E+02
    -0.6168612E+02     0.1067920E+02
    -0.6168959E+02     0.1068106E+02
    -0.6169983E+02     0.1067928E+02
    -0.6170167E+02     0.1068297E+02
    -0.6169931E+02     0.1068825E+02
    -0.6169372E+02     0.1069166E+02
    -0.6168762E+02     0.1070128E+02
    -0.6168016E+02     0.1070514E+02
    -0.6167505E+02     0.1070465E+02
    -0.6167321E+02     0.1070096E+02
    -0.6167580E+02     0.1069614E+02
    -0.6167421E+02     0.1068970E+02
    -0.6167538E+02     0.1068764E+02
    -0.6168027E+02     0.1068560E+02
    -0.6168333E+02     0.1068010E+02
    -0.6168612E+02     0.1067920E+02
END
5
    -0.6174451E+02     0.1068551E+02
    -0.6176380E+02     0.1066842E+02
    -0.6176458E+02     0.1066939E+02
    -0.6176564E+02     0.1067073E+02
    -0.6176493E+02     0.1067394E+02
    -0.6176120E+02     0.1067645E+02
    -0.6175768E+02     0.1068309E+02
    -0.6175856E+02     0.1069114E+02
    -0.6175667E+02     0.1069596E+02
    -0.6175108E+02     0.1069892E+02
    -0.6174550E+02     0.1069842E+02
    -0.6173601E+02     0.1069262E+02
    -0.6173347E+02     0.1068961E+02
    -0.6173001E+02     0.1068361E+02
    -0.6173143E+02     0.1068109E+02
    -0.6174651E+02     0.1068532E+02
    -0.6175118E+02     0.1068029E+02
    -0.6174121E+02     0.1067632E+02
    -0.6174076E+02     0.1067402E+02
    -0.6174495E+02     0.1067221E+02
    -0.6175192E+02     0.1067271E+02
    -0.6175869E+02     0.1066861E+02
    -0.6176380E+02     0.1066842E+02
END
6
    -0.6162363E+02     0.1067319E+02
    -0.6162992E+02     0.1067400E+02
    -0.6161970E+02     0.1067723E+02
    -0.6161666E+02     0.1067507E+02
    -0.6161692E+02     0.1067139E+02
    -0.6162205E+02     0.1066798E+02
    -0.6162971E+02     0.1066872E+02
    -0.6163203E+02     0.1067103E+02
    -0.6162992E+02     0.1067400E+02
END
7
    -0.6165208E+02     0.1066740E+02
    -0.6164648E+02     0.1066377E+02
    -0.6165345E+02     0.1066381E+02
    -0.6165855E+02     0.1066615E+02
    -0.6165760E+02     0.1066821E+02
    -0.6165411E+02     0.1066956E+02
    -0.6164597E+02     0.1067020E+02
    -0.6164648E+02     0.1066377E+02
END
END
