uganda
1
     0.3267719E+02     0.1307974E+01
     0.3169628E+02     0.3712665E+01
     0.3170101E+02     0.3714355E+01
     0.3171397E+02     0.3725520E+01
     0.3171917E+02     0.3733161E+01
     0.3172137E+02     0.3743764E+01
     0.3172773E+02     0.3750035E+01
     0.3174486E+02     0.3757097E+01
     0.3176498E+02     0.3776470E+01
     0.3176498E+02     0.3776470E+01
     0.3177303E+02     0.3786547E+01
     0.3178803E+02     0.3796208E+01
     0.3179533E+02     0.3803516E+01
     0.3179481E+02     0.3809802E+01
     0.3179019E+02     0.3815576E+01
     0.3179053E+02     0.3819691E+01
     0.3179303E+02     0.3824063E+01
     0.3179674E+02     0.3826991E+01
     0.3180095E+02     0.3828110E+01
     0.3181783E+02     0.3827985E+01
     0.3182628E+02     0.3825625E+01
     0.3183027E+02     0.3822991E+01
     0.3183774E+02     0.3804415E+01
     0.3183974E+02     0.3802525E+01
     0.3186139E+02     0.3782081E+01
     0.3187572E+02     0.3764157E+01
     0.3188117E+02     0.3760807E+01
     0.3188651E+02     0.3755038E+01
     0.3192319E+02     0.3708482E+01
     0.3192879E+02     0.3701380E+01
     0.3193330E+02     0.3692702E+01
     0.3193932E+02     0.3675446E+01
     0.3195003E+02     0.3602461E+01
     0.3195480E+02     0.3590398E+01
     0.3195650E+02     0.3588475E+01
     0.3195928E+02     0.3588251E+01
     0.3197119E+02     0.3589541E+01
     0.3199843E+02     0.3588153E+01
     0.3200785E+02     0.3585071E+01
     0.3201600E+02     0.3588110E+01
     0.3202191E+02     0.3588481E+01
     0.3202191E+02     0.3588481E+01
     0.3203308E+02     0.3592005E+01
     0.3204824E+02     0.3588689E+01
     0.3207106E+02     0.3573019E+01
     0.3207708E+02     0.3566630E+01
     0.3207941E+02     0.3561589E+01
     0.3207909E+02     0.3554552E+01
     0.3207909E+02     0.3554552E+01
     0.3208350E+02     0.3544680E+01
     0.3208506E+02     0.3534059E+01
     0.3210195E+02     0.3528480E+01
     0.3211268E+02     0.3528701E+01
     0.3212493E+02     0.3526386E+01
     0.3212733E+02     0.3524005E+01
     0.3213315E+02     0.3522696E+01
     0.3215239E+02     0.3522223E+01
     0.3218689E+02     0.3516757E+01
     0.3219777E+02     0.3515032E+01
     0.3219984E+02     0.3518339E+01
     0.3219963E+02     0.3527921E+01
     0.3220346E+02     0.3529327E+01
     0.3220346E+02     0.3529327E+01
     0.3220916E+02     0.3558590E+01
     0.3220438E+02     0.3580405E+01
     0.3220522E+02     0.3590074E+01
     0.3220354E+02     0.3598342E+01
     0.3220001E+02     0.3609584E+01
     0.3219598E+02     0.3613288E+01
     0.3219598E+02     0.3613288E+01
     0.3219125E+02     0.3616781E+01
     0.3219055E+02     0.3619467E+01
     0.3219785E+02     0.3624968E+01
     0.3229130E+02     0.3679764E+01
     0.3240012E+02     0.3743546E+01
     0.3240727E+02     0.3747737E+01
     0.3246587E+02     0.3751095E+01
     0.3247556E+02     0.3752801E+01
     0.3250465E+02     0.3752381E+01
     0.3252470E+02     0.3753730E+01
     0.3259516E+02     0.3758469E+01
     0.3262260E+02     0.3759382E+01
     0.3263201E+02     0.3758240E+01
     0.3265039E+02     0.3759887E+01
     0.3266600E+02     0.3761286E+01
     0.3270180E+02     0.3762096E+01
     0.3271104E+02     0.3763648E+01
     0.3272667E+02     0.3769130E+01
     0.3275707E+02     0.3775445E+01
     0.3276287E+02     0.3778474E+01
     0.3277345E+02     0.3781532E+01
     0.3277821E+02     0.3782905E+01
     0.3288279E+02     0.3809856E+01
     0.3289490E+02     0.3814860E+01
     0.3290630E+02     0.3819572E+01
     0.3300357E+02     0.3878663E+01
     0.3301725E+02     0.3886971E+01
     0.3302008E+02     0.3887586E+01
     0.3302396E+02     0.3885960E+01
     0.3303745E+02     0.3874054E+01
     0.3310614E+02     0.3823889E+01
     0.3315589E+02     0.3787543E+01
     0.3317654E+02     0.3774027E+01
     0.3320490E+02     0.3772379E+01
     0.3321628E+02     0.3773025E+01
     0.3323086E+02     0.3770269E+01
     0.3329100E+02     0.3765639E+01
     0.3331011E+02     0.3762742E+01
     0.3333904E+02     0.3764088E+01
     0.3334154E+02     0.3763584E+01
     0.3335427E+02     0.3761021E+01
     0.3336710E+02     0.3760187E+01
     0.3337233E+02     0.3758267E+01
     0.3338784E+02     0.3758944E+01
     0.3346663E+02     0.3752423E+01
     0.3350901E+02     0.3748913E+01
     0.3352744E+02     0.3764425E+01
     0.3353456E+02     0.3773893E+01
     0.3356820E+02     0.3807724E+01
     0.3357317E+02     0.3812712E+01
     0.3358090E+02     0.3817391E+01
     0.3359143E+02     0.3831068E+01
     0.3360704E+02     0.3843121E+01
     0.3361475E+02     0.3854688E+01
     0.3363615E+02     0.3873956E+01
     0.3365025E+02     0.3889745E+01
     0.3365694E+02     0.3896266E+01
     0.3370700E+02     0.3945114E+01
     0.3371249E+02     0.3953075E+01
     0.3372082E+02     0.3959253E+01
     0.3373582E+02     0.3974745E+01
     0.3374725E+02     0.3984006E+01
     0.3374921E+02     0.3985588E+01
     0.3375350E+02     0.3992645E+01
     0.3376034E+02     0.3999565E+01
     0.3383817E+02     0.4071185E+01
     0.3391063E+02     0.4137847E+01
     0.3392492E+02     0.4147043E+01
     0.3393137E+02     0.4155717E+01
     0.3393531E+02     0.4161015E+01
     0.3395181E+02     0.4176509E+01
     0.3398112E+02     0.4200444E+01
     0.3399450E+02     0.4214427E+01
     0.3402099E+02     0.4194176E+01
     0.3404044E+02     0.4183627E+01
     0.3404448E+02     0.4180050E+01
     0.3406132E+02     0.4151020E+01
     0.3406173E+02     0.4145650E+01
     0.3405401E+02     0.4120317E+01
     0.3405342E+02     0.4118376E+01
     0.3405231E+02     0.4109164E+01
     0.3405543E+02     0.4103503E+01
     0.3407055E+02     0.4092091E+01
     0.3407342E+02     0.4088451E+01
     0.3408703E+02     0.4065296E+01
     0.3409070E+02     0.4055400E+01
     0.3409151E+02     0.4048883E+01
     0.3409049E+02     0.4043924E+01
     0.3408636E+02     0.4036865E+01
     0.3406197E+02     0.4026852E+01
     0.3406115E+02     0.4025761E+01
     0.3405705E+02     0.4020311E+01
     0.3405866E+02     0.4008320E+01
     0.3407872E+02     0.3996407E+01
     0.3409516E+02     0.3977437E+01
     0.3412930E+02     0.3953583E+01
     0.3412960E+02     0.3942109E+01
     0.3412840E+02     0.3936446E+01
     0.3412296E+02     0.3910784E+01
     0.3411859E+02     0.3899290E+01
     0.3411185E+02     0.3894828E+01
     0.3409291E+02     0.3886143E+01
     0.3409033E+02     0.3881959E+01
     0.3409114E+02     0.3873095E+01
     0.3412414E+02     0.3874014E+01
     0.3413600E+02     0.3872508E+01
     0.3415794E+02     0.3869720E+01
     0.3416339E+02     0.3871306E+01
     0.3417921E+02     0.3879977E+01
     0.3418596E+02     0.3881570E+01
     0.3420103E+02     0.3881370E+01
     0.3421143E+02     0.3879847E+01
     0.3421535E+02     0.3875429E+01
     0.3421901E+02     0.3867880E+01
     0.3422349E+02     0.3851467E+01
     0.3422327E+02     0.3840773E+01
     0.3422061E+02     0.3835588E+01
     0.3421992E+02     0.3834239E+01
     0.3420902E+02     0.3828979E+01
     0.3417915E+02     0.3827554E+01
     0.3417240E+02     0.3824919E+01
     0.3416489E+02     0.3818629E+01
     0.3415585E+02     0.3805290E+01
     0.3415560E+02     0.3801899E+01
     0.3415898E+02     0.3800348E+01
     0.3418497E+02     0.3798106E+01
     0.3418836E+02     0.3794990E+01
     0.3418890E+02     0.3790298E+01
     0.3418632E+02     0.3785593E+01
     0.3418496E+02     0.3784829E+01
     0.3416946E+02     0.3776135E+01
     0.3416948E+02     0.3771962E+01
     0.3417210E+02     0.3767278E+01
     0.3417470E+02     0.3765202E+01
     0.3418767E+02     0.3771514E+01
     0.3419624E+02     0.3773114E+01
     0.3421700E+02     0.3780761E+01
     0.3422141E+02     0.3781040E+01
     0.3422507E+02     0.3776360E+01
     0.3422844E+02     0.3776112E+01
     0.3424427E+02     0.3782696E+01
     0.3425207E+02     0.3781422E+01
     0.3425572E+02     0.3770562E+01
     0.3425732E+02     0.3765795E+01
     0.3426648E+02     0.3747313E+01
     0.3429933E+02     0.3716667E+01
     0.3430306E+02     0.3690861E+01
     0.3430721E+02     0.3693225E+01
     0.3431531E+02     0.3716778E+01
     0.3431646E+02     0.3720124E+01
     0.3432190E+02     0.3727448E+01
     0.3432656E+02     0.3731639E+01
     0.3433226E+02     0.3734269E+01
     0.3433979E+02     0.3734560E+01
     0.3435122E+02     0.3737472E+01
     0.3437462E+02     0.3732607E+01
     0.3438165E+02     0.3727417E+01
     0.3438713E+02     0.3720918E+01
     0.3439786E+02     0.3698790E+01
     0.3440463E+02     0.3693077E+01
     0.3440725E+02     0.3688915E+01
     0.3440938E+02     0.3688923E+01
     0.3441322E+02     0.3688937E+01
     0.3444625E+02     0.3678368E+01
     0.3445613E+02     0.3674232E+01
     0.3446005E+02     0.3667987E+01
     0.3445985E+02     0.3649729E+01
     0.3445507E+02     0.3606678E+01
     0.3445471E+02     0.3598575E+01
     0.3445242E+02     0.3545901E+01
     0.3444810E+02     0.3517457E+01
     0.3444087E+02     0.3504912E+01
     0.3442869E+02     0.3495216E+01
     0.3441578E+02     0.3487892E+01
     0.3440586E+02     0.3488089E+01
     0.3439626E+02     0.3484401E+01
     0.3439549E+02     0.3482051E+01
     0.3441405E+02     0.3448216E+01
     0.3441590E+02     0.3439617E+01
     0.3441592E+02     0.3433880E+01
     0.3440197E+02     0.3411137E+01
     0.3439967E+02     0.3402522E+01
     0.3440081E+02     0.3387643E+01
     0.3440129E+02     0.3381403E+01
     0.3441308E+02     0.3354064E+01
     0.3442666E+02     0.3329861E+01
     0.3443952E+02     0.3291833E+01
     0.3444439E+02     0.3269900E+01
     0.3445033E+02     0.3243105E+01
     0.3445232E+02     0.3192519E+01
     0.3446226E+02     0.3170650E+01
     0.3446669E+02     0.3165450E+01
     0.3448188E+02     0.3156872E+01
     0.3448412E+02     0.3155605E+01
     0.3448881E+02     0.3151449E+01
     0.3449325E+02     0.3142599E+01
     0.3449714E+02     0.3143656E+01
     0.3450154E+02     0.3147063E+01
     0.3451219E+02     0.3146580E+01
     0.3454572E+02     0.3134706E+01
     0.3454937E+02     0.3131329E+01
     0.3455464E+02     0.3106573E+01
     0.3455647E+02     0.3102668E+01
     0.3455881E+02     0.3103198E+01
     0.3456115E+02     0.3100338E+01
     0.3456604E+02     0.3090595E+01
     0.3456664E+02     0.3089405E+01
     0.3457219E+02     0.3060217E+01
     0.3457276E+02     0.3043268E+01
     0.3457515E+02     0.3027630E+01
     0.3458438E+02     0.2982809E+01
     0.3458901E+02     0.2966603E+01
     0.3458937E+02     0.2965355E+01
     0.3459705E+02     0.2918443E+01
     0.3460589E+02     0.2912999E+01
     0.3462564E+02     0.2905245E+01
     0.3463396E+02     0.2900580E+01
     0.3463708E+02     0.2897462E+01
     0.3464207E+02     0.2880790E+01
     0.3464911E+02     0.2870384E+01
     0.3465059E+02     0.2869197E+01
     0.3465717E+02     0.2863894E+01
     0.3468157E+02     0.2864238E+01
     0.3469893E+02     0.2873686E+01
     0.3470308E+02     0.2874482E+01
     0.3470698E+02     0.2873192E+01
     0.3471923E+02     0.2856544E+01
     0.3473586E+02     0.2850343E+01
     0.3474262E+02     0.2844889E+01
     0.3474679E+02     0.2838645E+01
     0.3475033E+02     0.2828776E+01
     0.3475203E+02     0.2824060E+01
     0.3477179E+02     0.2812131E+01
     0.3477682E+02     0.2775642E+01
     0.3477796E+02     0.2714216E+01
     0.3477838E+02     0.2691684E+01
     0.3483615E+02     0.2605516E+01
     0.3484536E+02     0.2591778E+01
     0.3486176E+02     0.2570972E+01
     0.3486462E+02     0.2568635E+01
     0.3487578E+02     0.2568931E+01
     0.3487991E+02     0.2574681E+01
     0.3488015E+02     0.2581200E+01
     0.3488247E+02     0.2587465E+01
     0.3488895E+02     0.2588789E+01
     0.3489155E+02     0.2587755E+01
     0.3489415E+02     0.2583591E+01
     0.3489748E+02     0.2550025E+01
     0.3489870E+02     0.2537716E+01
     0.3490184E+02     0.2528340E+01
     0.3490444E+02     0.2524177E+01
     0.3491016E+02     0.2519762E+01
     0.3492859E+02     0.2518256E+01
     0.3493308E+02     0.2487765E+01
     0.3493883E+02     0.2473964E+01
     0.3495444E+02     0.2458109E+01
     0.3495346E+02     0.2452864E+01
     0.3491953E+02     0.2417848E+01
     0.3491618E+02     0.2409495E+01
     0.3491543E+02     0.2401149E+01
     0.3491729E+02     0.2386294E+01
     0.3492492E+02     0.2341783E+01
     0.3494628E+02     0.2217197E+01
     0.3496763E+02     0.2092618E+01
     0.3497160E+02     0.2069459E+01
     0.3497813E+02     0.2050189E+01
     0.3497817E+02     0.2038460E+01
     0.3498555E+02     0.1994691E+01
     0.3498712E+02     0.1990004E+01
     0.3499727E+02     0.1974395E+01
     0.3499922E+02     0.1972358E+01
     0.3500000E+02     0.1971539E+01
     0.3500273E+02     0.1968678E+01
     0.3503396E+02     0.1924200E+01
     0.3503605E+02     0.1919515E+01
     0.3503355E+02     0.1899293E+01
     0.3502705E+02     0.1858473E+01
     0.3500716E+02     0.1733666E+01
     0.3500000E+02     0.1688695E+01
     0.3499902E+02     0.1682517E+01
     0.3499773E+02     0.1677793E+01
     0.3497084E+02     0.1626925E+01
     0.3497005E+02     0.1621063E+01
     0.3496763E+02     0.1616498E+01
     0.3496707E+02     0.1615673E+01
     0.3496086E+02     0.1606548E+01
     0.3494766E+02     0.1581766E+01
     0.3492761E+02     0.1574704E+01
     0.3491808E+02     0.1569141E+01
     0.3491096E+02     0.1567816E+01
     0.3489901E+02     0.1555571E+01
     0.3488865E+02     0.1556514E+01
     0.3487513E+02     0.1542027E+01
     0.3486655E+02     0.1532843E+01
     0.3486140E+02     0.1523386E+01
     0.3484281E+02     0.1459364E+01
     0.3484250E+02     0.1455457E+01
     0.3484570E+02     0.1444431E+01
     0.3484555E+02     0.1438615E+01
     0.3484291E+02     0.1437776E+01
     0.3483960E+02     0.1438762E+01
     0.3483192E+02     0.1443008E+01
     0.3483033E+02     0.1443882E+01
     0.3482687E+02     0.1444203E+01
     0.3482010E+02     0.1440526E+01
     0.3480804E+02     0.1438991E+01
     0.3478857E+02     0.1432945E+01
     0.3478645E+02     0.1424298E+01
     0.3477471E+02     0.1426585E+01
     0.3476976E+02     0.1424242E+01
     0.3477094E+02     0.1418265E+01
     0.3479647E+02     0.1377645E+01
     0.3479783E+02     0.1375487E+01
     0.3479405E+02     0.1368995E+01
     0.3479274E+02     0.1362677E+01
     0.3482893E+02     0.1305809E+01
     0.3482976E+02     0.1302157E+01
     0.3482237E+02     0.1288011E+01
     0.3482355E+02     0.1278379E+01
     0.3482127E+02     0.1268403E+01
     0.3481976E+02     0.1266255E+01
     0.3481601E+02     0.1260910E+01
     0.3481306E+02     0.1251597E+01
     0.3480316E+02     0.1237558E+01
     0.3479980E+02     0.1227813E+01
     0.3476930E+02     0.1217952E+01
     0.3472247E+02     0.1214931E+01
     0.3471106E+02     0.1212339E+01
     0.3470689E+02     0.1212781E+01
     0.3470489E+02     0.1212993E+01
     0.3468548E+02     0.1210355E+01
     0.3467955E+02     0.1208253E+01
     0.3466704E+02     0.1197611E+01
     0.3464614E+02     0.1174971E+01
     0.3463885E+02     0.1170793E+01
     0.3462128E+02     0.1166325E+01
     0.3460021E+02     0.1154523E+01
     0.3457772E+02     0.1153006E+01
     0.3457370E+02     0.1117900E+01
     0.3457208E+02     0.1109173E+01
     0.3456900E+02     0.1103971E+01
     0.3456467E+02     0.1101049E+01
     0.3451863E+02     0.1103166E+01
     0.3451718E+02     0.1102144E+01
     0.3451596E+02     0.1101287E+01
     0.3451144E+02     0.1093381E+01
     0.3450039E+02     0.1066348E+01
     0.3449223E+02     0.1034343E+01
     0.3448960E+02     0.1020838E+01
     0.3448743E+02     0.9896867E+00
     0.3448484E+02     0.9816427E+00
     0.3448396E+02     0.9788778E+00
     0.3447767E+02     0.9468821E+00
     0.3447820E+02     0.9439506E+00
     0.3448134E+02     0.9402629E+00
     0.3448134E+02     0.9402629E+00
     0.3447574E+02     0.9278907E+00
     0.3446397E+02     0.9108195E+00
     0.3445115E+02     0.8762823E+00
     0.3443847E+02     0.8564495E+00
     0.3442479E+02     0.8520024E+00
     0.3441857E+02     0.8361573E+00
     0.3441557E+02     0.8285151E+00
     0.3441767E+02     0.8200279E+00
     0.3441428E+02     0.8131159E+00
     0.3441020E+02     0.8089564E+00
     0.3439060E+02     0.8014868E+00
     0.3437811E+02     0.7887767E+00
     0.3436491E+02     0.7818050E+00
     0.3435419E+02     0.7780641E+00
     0.3433686E+02     0.7745123E+00
     0.3432797E+02     0.7703232E+00
     0.3432587E+02     0.7685520E+00
     0.3432002E+02     0.7636127E+00
     0.3431414E+02     0.7548476E+00
     0.3431282E+02     0.7461107E+00
     0.3431548E+02     0.7206303E+00
     0.3431417E+02     0.7107452E+00
     0.3430890E+02     0.6982831E+00
     0.3430890E+02     0.6982831E+00
     0.3430352E+02     0.6960089E+00
     0.3428015E+02     0.6763827E+00
     0.3427805E+02     0.6577511E+00
     0.3427570E+02     0.6525908E+00
     0.3426667E+02     0.6442342E+00
     0.3424641E+02     0.6370217E+00
     0.3423027E+02     0.6341836E+00
     0.3421828E+02     0.6277961E+00
     0.3421707E+02     0.6274475E+00
     0.3421199E+02     0.6259876E+00
     0.3419722E+02     0.6255318E+00
     0.3418761E+02     0.6143988E+00
     0.3417837E+02     0.6109933E+00
     0.3415931E+02     0.5988311E+00
     0.3415483E+02     0.5873227E+00
     0.3414479E+02     0.5845081E+00
     0.3414146E+02     0.5813248E+00
     0.3413755E+02     0.5741770E+00
     0.3413222E+02     0.5516814E+00
     0.3412999E+02     0.5422521E+00
     0.3412353E+02     0.5311322E+00
     0.3412334E+02     0.5285562E+00
     0.3412948E+02     0.5206580E+00
     0.3412604E+02     0.4919213E+00
     0.3412764E+02     0.4847969E+00
     0.3412530E+02     0.4810236E+00
     0.3410603E+02     0.4730204E+00
     0.3409896E+02     0.4666527E+00
     0.3409409E+02     0.4555400E+00
     0.3409412E+02     0.4478168E+00
     0.3409412E+02     0.4470229E+00
     0.3409694E+02     0.4309907E+00
     0.3410567E+02     0.4128046E+00
     0.3410968E+02     0.3947974E+00
     0.3410933E+02     0.3823182E+00
     0.3410545E+02     0.3684378E+00
     0.3409801E+02     0.3561274E+00
     0.3409076E+02     0.3475808E+00
     0.3407841E+02     0.3345891E+00
     0.3405449E+02     0.3094033E+00
     0.3404159E+02     0.2847915E+00
     0.3402531E+02     0.2690775E+00
     0.3401200E+02     0.2513958E+00
     0.3400121E+02     0.2361651E+00
     0.3396404E+02     0.1836632E+00
     0.3396071E+02     0.1786983E+00
     0.3395897E+02     0.1725523E+00
     0.3394740E+02     0.1602254E+00
     0.3392867E+02     0.1338223E+00
     0.3391922E+02     0.1205009E+00
     0.3390886E+02     0.1028334E+00
     0.3391607E+02     0.7336387E-01
     0.3391784E+02     0.7257977E-01
     0.3392022E+02     0.6665044E-01
     0.3393574E+02     0.1849946E-01
     0.3393756E+02     0.0000000E+00
     0.3395896E+02    -0.8229438E-01
     0.3396510E+02    -0.1011324E+00
     0.3396968E+02    -0.1212411E+00
     0.3397259E+02    -0.1339822E+00
     0.3397303E+02    -0.1440869E+00
     0.3396499E+02    -0.1943699E+00
     0.3396202E+02    -0.2005664E+00
     0.3395704E+02    -0.2455770E+00
     0.3395534E+02    -0.2609599E+00
     0.3394983E+02    -0.2857570E+00
     0.3395459E+02    -0.2948886E+00
     0.3394936E+02    -0.2977001E+00
     0.3394455E+02    -0.3162985E+00
     0.3393443E+02    -0.3840453E+00
     0.3393168E+02    -0.3941482E+00
     0.3393213E+02    -0.3996623E+00
     0.3392889E+02    -0.4159504E+00
     0.3392410E+02    -0.4400805E+00
     0.3392454E+02    -0.4522564E+00
     0.3392156E+02    -0.4619006E+00
     0.3391806E+02    -0.5276005E+00
     0.3391779E+02    -0.5412400E+00
     0.3391661E+02    -0.6020377E+00
     0.3391897E+02    -0.6675317E+00
     0.3392014E+02    -0.7001559E+00
     0.3392163E+02    -0.7938604E+00
     0.3392270E+02    -0.8612518E+00
     0.3392131E+02    -0.8782565E+00
     0.3392335E+02    -0.8892910E+00
     0.3392242E+02    -0.9083656E+00
     0.3392274E+02    -0.9199541E+00
     0.3392483E+02    -0.9940757E+00
     0.3384032E+02    -0.9935108E+00
     0.3380470E+02    -0.9952933E+00
     0.3379932E+02    -0.9950825E+00
     0.3378026E+02    -0.9943338E+00
     0.3376397E+02    -0.9961306E+00
     0.3375062E+02    -0.9956826E+00
     0.3369964E+02    -0.9939676E+00
     0.3368867E+02    -0.9953274E+00
     0.3367566E+02    -0.9939255E+00
     0.3365829E+02    -0.9966525E+00
     0.3363478E+02    -0.9929324E+00
     0.3362577E+02    -0.9935045E+00
     0.3361719E+02    -0.9940494E+00
     0.3355804E+02    -0.9934780E+00
     0.3353542E+02    -0.9961932E+00
     0.3352721E+02    -0.9938785E+00
     0.3350072E+02    -0.9948678E+00
     0.3349797E+02    -0.9949702E+00
     0.3349386E+02    -0.9938127E+00
     0.3347673E+02    -0.9944674E+00
     0.3347673E+02    -0.9953870E+00
     0.3346417E+02    -0.9937530E+00
     0.3337635E+02    -0.9938973E+00
     0.3334084E+02    -0.9939525E+00
     0.3333445E+02    -0.9923289E+00
     0.3325100E+02    -0.9930846E+00
     0.3319193E+02    -0.9936138E+00
     0.3312545E+02    -0.9929253E+00
     0.3304736E+02    -0.9921098E+00
     0.3299990E+02    -0.9926547E+00
     0.3296560E+02    -0.9930462E+00
     0.3294002E+02    -0.9945877E+00
     0.3290530E+02    -0.9940339E+00
     0.3288794E+02    -0.9958258E+00
     0.3287466E+02    -0.9936671E+00
     0.3287356E+02    -0.9934877E+00
     0.3279020E+02    -0.9925638E+00
     0.3274913E+02    -0.9933745E+00
     0.3272922E+02    -0.9937662E+00
     0.3272351E+02    -0.9921408E+00
     0.3271072E+02    -0.9934821E+00
     0.3262387E+02    -0.9932210E+00
     0.3258853E+02    -0.9931118E+00
     0.3256432E+02    -0.9937262E+00
     0.3256432E+02    -0.9946449E+00
     0.3249924E+02    -0.9936537E+00
     0.3248804E+02    -0.9934826E+00
     0.3247113E+02    -0.9952671E+00
     0.3244373E+02    -0.9933384E+00
     0.3237384E+02    -0.9933918E+00
     0.3233113E+02    -0.9934213E+00
     0.3233113E+02    -0.9943400E+00
     0.3231560E+02    -0.9954360E+00
     0.3231309E+02    -0.9935890E+00
     0.3229048E+02    -0.9930506E+00
     0.3224984E+02    -0.9927849E+00
     0.3213998E+02    -0.9920551E+00
     0.3212430E+02    -0.9927486E+00
     0.3211120E+02    -0.9933283E+00
     0.3203172E+02    -0.9928015E+00
     0.3201344E+02    -0.9945704E+00
     0.3200500E+02    -0.9933888E+00
     0.3199892E+02    -0.9933346E+00
     0.3196046E+02    -0.9929878E+00
     0.3196046E+02    -0.9920682E+00
     0.3193945E+02    -0.9931358E+00
     0.3187431E+02    -0.9928793E+00
     0.3186020E+02    -0.9928228E+00
     0.3183210E+02    -0.9947789E+00
     0.3182936E+02    -0.9931592E+00
     0.3181155E+02    -0.9944661E+00
     0.3174931E+02    -0.9938215E+00
     0.3170124E+02    -0.9933211E+00
     0.3169187E+02    -0.9946607E+00
     0.3167589E+02    -0.9934441E+00
     0.3162390E+02    -0.9930927E+00
     0.3158385E+02    -0.9928204E+00
     0.3154113E+02    -0.9947020E+00
     0.3149838E+02    -0.9941777E+00
     0.3142397E+02    -0.9932607E+00
     0.3137283E+02    -0.9933822E+00
     0.3129173E+02    -0.9935693E+00
     0.3126891E+02    -0.9913937E+00
     0.3126159E+02    -0.9934272E+00
     0.3124770E+02    -0.9922689E+00
     0.3124697E+02    -0.9922086E+00
     0.3122048E+02    -0.9932316E+00
     0.3120427E+02    -0.9913156E+00
     0.3119467E+02    -0.9933375E+00
     0.3112249E+02    -0.9927773E+00
     0.3103617E+02    -0.9920996E+00
     0.3103274E+02    -0.9932318E+00
     0.3100000E+02    -0.9932724E+00
     0.3092711E+02    -0.9987268E+00
     0.3092329E+02    -0.9987332E+00
     0.3091824E+02    -0.9976797E+00
     0.3090644E+02    -0.1000439E+01
     0.3088494E+02    -0.9975611E+00
     0.3080219E+02    -0.1000298E+01
     0.3080041E+02    -0.1000357E+01
     0.3078061E+02    -0.9910682E+00
     0.3076921E+02    -0.9907359E+00
     0.3075654E+02    -0.9948236E+00
     0.3074459E+02    -0.1004636E+01
     0.3073781E+02    -0.1005801E+01
     0.3072670E+02    -0.1012959E+01
     0.3071381E+02    -0.1016609E+01
     0.3069759E+02    -0.1016100E+01
     0.3068711E+02    -0.1022234E+01
     0.3068711E+02    -0.1022234E+01
     0.3067550E+02    -0.1032697E+01
     0.3066555E+02    -0.1045638E+01
     0.3065949E+02    -0.1060620E+01
     0.3065383E+02    -0.1066406E+01
     0.3064244E+02    -0.1071544E+01
     0.3062922E+02    -0.1074857E+01
     0.3062236E+02    -0.1074217E+01
     0.3061419E+02    -0.1070707E+01
     0.3061419E+02    -0.1070707E+01
     0.3059900E+02    -0.1070134E+01
     0.3058986E+02    -0.1069789E+01
     0.3056967E+02    -0.1072860E+01
     0.3055820E+02    -0.1071499E+01
     0.3052909E+02    -0.1077428E+01
     0.3052096E+02    -0.1077293E+01
     0.3050025E+02    -0.1068470E+01
     0.3047686E+02    -0.1062396E+01
     0.3046138E+02    -0.1055201E+01
     0.3045241E+02    -0.1053816E+01
     0.3044974E+02    -0.1057613E+01
     0.3044303E+02    -0.1053481E+01
     0.3043991E+02    -0.1054349E+01
     0.3043061E+02    -0.1062818E+01
     0.3042313E+02    -0.1064982E+01
     0.3039834E+02    -0.1064998E+01
     0.3039253E+02    -0.1067984E+01
     0.3038899E+02    -0.1068016E+01
     0.3037176E+02    -0.1063900E+01
     0.3036255E+02    -0.1060134E+01
     0.3036171E+02    -0.1060445E+01
     0.3035292E+02    -0.1063685E+01
     0.3034837E+02    -0.1068344E+01
     0.3034711E+02    -0.1076437E+01
     0.3034774E+02    -0.1083839E+01
     0.3033986E+02    -0.1100170E+01
     0.3033821E+02    -0.1108652E+01
     0.3033841E+02    -0.1120772E+01
     0.3033841E+02    -0.1120772E+01
     0.3033956E+02    -0.1132280E+01
     0.3032952E+02    -0.1133958E+01
     0.3032428E+02    -0.1136292E+01
     0.3031792E+02    -0.1141621E+01
     0.3030471E+02    -0.1147228E+01
     0.3029836E+02    -0.1153936E+01
     0.3029065E+02    -0.1193980E+01
     0.3028677E+02    -0.1194466E+01
     0.3028362E+02    -0.1200922E+01
     0.3027610E+02    -0.1203501E+01
     0.3027407E+02    -0.1207653E+01
     0.3027453E+02    -0.1209860E+01
     0.3027478E+02    -0.1211096E+01
     0.3027003E+02    -0.1218023E+01
     0.3024577E+02    -0.1230286E+01
     0.3024577E+02    -0.1230286E+01
     0.3024124E+02    -0.1243309E+01
     0.3023317E+02    -0.1254266E+01
     0.3020939E+02    -0.1270899E+01
     0.3019971E+02    -0.1270603E+01
     0.3019718E+02    -0.1285329E+01
     0.3019073E+02    -0.1285577E+01
     0.3018022E+02    -0.1278032E+01
     0.3017510E+02    -0.1278267E+01
     0.3016718E+02    -0.1283875E+01
     0.3016646E+02    -0.1288464E+01
     0.3016821E+02    -0.1294290E+01
     0.3017114E+02    -0.1304084E+01
     0.3017042E+02    -0.1308482E+01
     0.3016088E+02    -0.1324990E+01
     0.3015960E+02    -0.1330539E+01
     0.3015957E+02    -0.1349256E+01
     0.3015677E+02    -0.1354819E+01
     0.3015319E+02    -0.1357906E+01
     0.3014693E+02    -0.1358343E+01
     0.3014178E+02    -0.1355905E+01
     0.3013498E+02    -0.1359021E+01
     0.3013033E+02    -0.1371093E+01
     0.3012188E+02    -0.1381480E+01
     0.3011772E+02    -0.1384381E+01
     0.3011157E+02    -0.1384223E+01
     0.3009551E+02    -0.1383811E+01
     0.3007958E+02    -0.1386814E+01
     0.3007448E+02    -0.1389913E+01
     0.3006658E+02    -0.1397812E+01
     0.3005446E+02    -0.1402119E+01
     0.3005163E+02    -0.1404436E+01
     0.3005034E+02    -0.1409030E+01
     0.3005040E+02    -0.1415524E+01
     0.3005483E+02    -0.1422934E+01
     0.3005431E+02    -0.1428860E+01
     0.3005263E+02    -0.1432885E+01
     0.3004735E+02    -0.1436368E+01
     0.3003862E+02    -0.1437207E+01
     0.3003135E+02    -0.1430585E+01
     0.3002915E+02    -0.1426256E+01
     0.3002787E+02    -0.1423739E+01
     0.3002482E+02    -0.1421856E+01
     0.3002103E+02    -0.1422270E+01
     0.3001649E+02    -0.1424028E+01
     0.3000951E+02    -0.1430200E+01
     0.3000000E+02    -0.1439785E+01
     0.2998447E+02    -0.1455435E+01
     0.2997898E+02    -0.1456819E+01
     0.2995988E+02    -0.1467105E+01
     0.2994000E+02    -0.1473194E+01
     0.2992464E+02    -0.1482108E+01
     0.2992129E+02    -0.1484050E+01
     0.2991350E+02    -0.1483161E+01
     0.2990967E+02    -0.1479373E+01
     0.2990580E+02    -0.1470429E+01
     0.2989406E+02    -0.1451381E+01
     0.2988438E+02    -0.1429163E+01
     0.2988330E+02    -0.1413129E+01
     0.2987683E+02    -0.1388164E+01
     0.2987708E+02    -0.1377248E+01
     0.2987725E+02    -0.1369634E+01
     0.2987493E+02    -0.1364306E+01
     0.2986691E+02    -0.1359408E+01
     0.2985705E+02    -0.1359873E+01
     0.2982783E+02    -0.1316001E+01
     0.2982593E+02    -0.1314871E+01
     0.2981890E+02    -0.1314930E+01
     0.2981646E+02    -0.1318006E+01
     0.2980807E+02    -0.1336410E+01
     0.2980326E+02    -0.1341865E+01
     0.2979772E+02    -0.1348146E+01
     0.2979218E+02    -0.1366717E+01
     0.2978877E+02    -0.1368655E+01
     0.2978422E+02    -0.1369457E+01
     0.2977358E+02    -0.1367636E+01
     0.2976093E+02    -0.1352461E+01
     0.2975081E+02    -0.1346243E+01
     0.2972139E+02    -0.1346104E+01
     0.2971552E+02    -0.1347680E+01
     0.2970537E+02    -0.1353423E+01
     0.2970285E+02    -0.1354850E+01
     0.2967688E+02    -0.1383328E+01
     0.2966668E+02    -0.1389906E+01
     0.2964790E+02    -0.1391587E+01
     0.2960972E+02    -0.1389604E+01
     0.2959853E+02    -0.1390459E+01
     0.2959532E+02    -0.1392395E+01
     0.2959573E+02    -0.1371956E+01
     0.2960660E+02    -0.1330806E+01
     0.2960693E+02    -0.1323929E+01
     0.2960573E+02    -0.1317064E+01
     0.2959899E+02    -0.1303750E+01
     0.2959658E+02    -0.1287536E+01
     0.2959388E+02    -0.1283690E+01
     0.2959285E+02    -0.1278460E+01
     0.2959330E+02    -0.1270349E+01
     0.2959372E+02    -0.1262990E+01
     0.2959931E+02    -0.1249227E+01
     0.2960193E+02    -0.1235488E+01
     0.2960107E+02    -0.1220530E+01
     0.2959481E+02    -0.1212350E+01
     0.2957708E+02    -0.1196532E+01
     0.2957354E+02    -0.1187333E+01
     0.2957325E+02    -0.1182098E+01
     0.2958170E+02    -0.1157646E+01
     0.2958198E+02    -0.1156839E+01
     0.2958116E+02    -0.1147618E+01
     0.2957611E+02    -0.1136187E+01
     0.2957381E+02    -0.1126978E+01
     0.2957694E+02    -0.1115730E+01
     0.2958183E+02    -0.1106714E+01
     0.2958612E+02    -0.1084734E+01
     0.2958636E+02    -0.1052313E+01
     0.2958459E+02    -0.1034935E+01
     0.2958099E+02    -0.9994923E+00
     0.2958482E+02    -0.9825053E+00
     0.2959381E+02    -0.9587443E+00
     0.2958736E+02    -0.9263815E+00
     0.2958776E+02    -0.9115202E+00
     0.2958793E+02    -0.9049337E+00
     0.2959188E+02    -0.9034060E+00
     0.2959907E+02    -0.9033480E+00
     0.2962511E+02    -0.9058799E+00
     0.2963029E+02    -0.9025966E+00
     0.2963248E+02    -0.8980906E+00
     0.2963244E+02    -0.8931041E+00
     0.2962804E+02    -0.8689557E+00
     0.2962372E+02    -0.8549325E+00
     0.2962372E+02    -0.8549325E+00
     0.2962670E+02    -0.8475358E+00
     0.2963755E+02    -0.8297782E+00
     0.2963885E+02    -0.8187425E+00
     0.2963052E+02    -0.8008704E+00
     0.2963186E+02    -0.7969570E+00
     0.2962565E+02    -0.7894118E+00
     0.2962881E+02    -0.7829596E+00
     0.2962786E+02    -0.7769919E+00
     0.2963102E+02    -0.7709997E+00
     0.2962843E+02    -0.7586084E+00
     0.2963038E+02    -0.7425146E+00
     0.2962946E+02    -0.7388205E+00
     0.2962804E+02    -0.7331092E+00
     0.2962962E+02    -0.7294238E+00
     0.2962613E+02    -0.7202555E+00
     0.2962723E+02    -0.7126675E+00
     0.2962604E+02    -0.7057822E+00
     0.2962807E+02    -0.7011750E+00
     0.2963193E+02    -0.6974764E+00
     0.2963300E+02    -0.6859832E+00
     0.2963663E+02    -0.6827455E+00
     0.2963657E+02    -0.6728674E+00
     0.2963977E+02    -0.6735379E+00
     0.2964135E+02    -0.6719201E+00
     0.2964314E+02    -0.6654770E+00
     0.2964766E+02    -0.6587874E+00
     0.2964918E+02    -0.6452244E+00
     0.2965911E+02    -0.6281660E+00
     0.2965924E+02    -0.6266993E+00
     0.2965954E+02    -0.6231096E+00
     0.2964977E+02    -0.5977402E+00
     0.2964977E+02    -0.5977402E+00
     0.2966023E+02    -0.5943008E+00
     0.2966480E+02    -0.5927989E+00
     0.2967156E+02    -0.5846040E+00
     0.2968102E+02    -0.5662118E+00
     0.2968099E+02    -0.5631601E+00
     0.2967486E+02    -0.5553247E+00
     0.2966929E+02    -0.5543532E+00
     0.2966776E+02    -0.5525849E+00
     0.2966771E+02    -0.5457179E+00
     0.2967091E+02    -0.5344998E+00
     0.2967257E+02    -0.5217685E+00
     0.2966971E+02    -0.5113631E+00
     0.2967369E+02    -0.5037005E+00
     0.2967516E+02    -0.4973294E+00
     0.2967316E+02    -0.4858250E+00
     0.2967251E+02    -0.4820903E+00
     0.2967045E+02    -0.4770208E+00
     0.2965370E+02    -0.4685099E+00
     0.2966745E+02    -0.3865039E+00
     0.2967030E+02    -0.3718208E+00
     0.2969427E+02    -0.2478868E+00
     0.2971825E+02    -0.1239704E+00
     0.2972279E+02    -0.1004995E+00
     0.2972673E+02    -0.5699425E-01
     0.2973316E+02    -0.3990821E-01
     0.2974319E+02    -0.3016576E-01
     0.2974287E+02    -0.2152520E-01
     0.2973524E+02    -0.1599496E-01
     0.2973269E+02    -0.1194882E-01
     0.2973192E+02    -0.8606664E-02
     0.2972993E+02     0.0000000E+00
     0.2972341E+02     0.1260896E-01
     0.2971642E+02     0.2643444E-01
     0.2971397E+02     0.3517795E-01
     0.2971404E+02     0.4482388E-01
     0.2971121E+02     0.6574292E-01
     0.2971560E+02     0.7559059E-01
     0.2972382E+02     0.7530744E-01
     0.2972884E+02     0.7642303E-01
     0.2973118E+02     0.8467647E-01
     0.2972969E+02     0.1005347E+00
     0.2973158E+02     0.1108584E+00
     0.2973405E+02     0.1200316E+00
     0.2973470E+02     0.1290926E+00
     0.2975205E+02     0.1359911E+00
     0.2975643E+02     0.1423941E+00
     0.2976682E+02     0.1604724E+00
     0.2977210E+02     0.1654912E+00
     0.2978898E+02     0.1653799E+00
     0.2980310E+02     0.1602331E+00
     0.2980949E+02     0.1606502E+00
     0.2981499E+02     0.1642891E+00
     0.2982462E+02     0.1929511E+00
     0.2983462E+02     0.2339925E+00
     0.2983491E+02     0.2420310E+00
     0.2983744E+02     0.2459196E+00
     0.2984266E+02     0.2762094E+00
     0.2985327E+02     0.3259931E+00
     0.2985939E+02     0.3542117E+00
     0.2987243E+02     0.3927243E+00
     0.2990928E+02     0.4402692E+00
     0.2991320E+02     0.4471361E+00
     0.2996311E+02     0.5026357E+00
     0.2997326E+02     0.5177331E+00
     0.2997423E+02     0.5255397E+00
     0.2997352E+02     0.5547294E+00
     0.2996679E+02     0.5720111E+00
     0.2996691E+02     0.5894760E+00
     0.2996649E+02     0.5947645E+00
     0.2995725E+02     0.6129831E+00
     0.2995031E+02     0.6330249E+00
     0.2994970E+02     0.6436009E+00
     0.2995207E+02     0.6576045E+00
     0.2995976E+02     0.6803055E+00
     0.2996533E+02     0.6924489E+00
     0.2996629E+02     0.6995674E+00
     0.2996320E+02     0.7156775E+00
     0.2997017E+02     0.7324086E+00
     0.2997160E+02     0.7418227E+00
     0.2996710E+02     0.7510475E+00
     0.2996258E+02     0.7579737E+00
     0.2995725E+02     0.7805361E+00
     0.2995711E+02     0.7924898E+00
     0.2996222E+02     0.8062465E+00
     0.2996684E+02     0.8135707E+00
     0.2998064E+02     0.8281882E+00
     0.2998439E+02     0.8414949E+00
     0.2999674E+02     0.8506212E+00
     0.3000000E+02     0.8486934E+00
     0.3000124E+02     0.8488609E+00
     0.3000779E+02     0.8533848E+00
     0.3001387E+02     0.8548434E+00
     0.3001903E+02     0.8592271E+00
     0.3002409E+02     0.8599112E+00
     0.3002887E+02     0.8648015E+00
     0.3003418E+02     0.8659980E+00
     0.3004453E+02     0.8714493E+00
     0.3005416E+02     0.8726850E+00
     0.3006275E+02     0.8759519E+00
     0.3006980E+02     0.8822657E+00
     0.3008144E+02     0.8847950E+00
     0.3010025E+02     0.8942763E+00
     0.3010431E+02     0.8943130E+00
     0.3010900E+02     0.8922441E+00
     0.3011054E+02     0.8915636E+00
     0.3011647E+02     0.8958262E+00
     0.3011900E+02     0.8961042E+00
     0.3012904E+02     0.8938990E+00
     0.3013057E+02     0.8922550E+00
     0.3013057E+02     0.8922550E+00
     0.3013653E+02     0.8914141E+00
     0.3014459E+02     0.8853019E+00
     0.3014889E+02     0.8892561E+00
     0.3015423E+02     0.9021821E+00
     0.3016129E+02     0.9036399E+00
     0.3016446E+02     0.9062029E+00
     0.3016667E+02     0.9126609E+00
     0.3017167E+02     0.9157036E+00
     0.3017345E+02     0.9198592E+00
     0.3017175E+02     0.9288005E+00
     0.3017305E+02     0.9350185E+00
     0.3017820E+02     0.9449559E+00
     0.3017726E+02     0.9470131E+00
     0.3017952E+02     0.9491064E+00
     0.3018338E+02     0.9493436E+00
     0.3018865E+02     0.9496683E+00
     0.3019137E+02     0.9517667E+00
     0.3019406E+02     0.9568514E+00
     0.3019462E+02     0.9678864E+00
     0.3019733E+02     0.9711334E+00
     0.3020733E+02     0.9760703E+00
     0.3021117E+02     0.9795598E+00
     0.3021431E+02     0.9853390E+00
     0.3022448E+02     0.9948733E+00
     0.3022626E+02     0.9999479E+00
     0.3022271E+02     0.1010478E+01
     0.3023145E+02     0.1026200E+01
     0.3023516E+02     0.1042555E+01
     0.3023835E+02     0.1050153E+01
     0.3023835E+02     0.1050153E+01
     0.3023550E+02     0.1053643E+01
     0.3023614E+02     0.1056234E+01
     0.3024328E+02     0.1085276E+01
     0.3024695E+02     0.1088384E+01
     0.3025481E+02     0.1091368E+01
     0.3026521E+02     0.1117035E+01
     0.3029237E+02     0.1140909E+01
     0.3029959E+02     0.1143401E+01
     0.3030278E+02     0.1146990E+01
     0.3030909E+02     0.1148999E+01
     0.3030909E+02     0.1148999E+01
     0.3032005E+02     0.1157014E+01
     0.3032348E+02     0.1156822E+01
     0.3032948E+02     0.1151373E+01
     0.3033268E+02     0.1151868E+01
     0.3033629E+02     0.1155585E+01
     0.3034018E+02     0.1176080E+01
     0.3035869E+02     0.1197426E+01
     0.3036300E+02     0.1200461E+01
     0.3038916E+02     0.1190866E+01
     0.3039554E+02     0.1191856E+01
     0.3039890E+02     0.1193346E+01
     0.3040828E+02     0.1197511E+01
     0.3041421E+02     0.1196404E+01
     0.3041421E+02     0.1196404E+01
     0.3041621E+02     0.1194387E+01
     0.3041940E+02     0.1194414E+01
     0.3043801E+02     0.1201315E+01
     0.3045457E+02     0.1204828E+01
     0.3045806E+02     0.1206966E+01
     0.3046838E+02     0.1213292E+01
     0.3052463E+02     0.1281012E+01
     0.3054077E+02     0.1301273E+01
     0.3058102E+02     0.1351783E+01
     0.3060285E+02     0.1375077E+01
     0.3062122E+02     0.1398248E+01
     0.3065830E+02     0.1445038E+01
     0.3069988E+02     0.1494337E+01
     0.3070137E+02     0.1495504E+01
     0.3080049E+02     0.1573204E+01
     0.3081267E+02     0.1582746E+01
     0.3081935E+02     0.1585209E+01
     0.3084551E+02     0.1608697E+01
     0.3085504E+02     0.1614553E+01
     0.3089949E+02     0.1650277E+01
     0.3095229E+02     0.1692710E+01
     0.3097309E+02     0.1707806E+01
     0.3099852E+02     0.1728083E+01
     0.3102577E+02     0.1749802E+01
     0.3103480E+02     0.1758864E+01
     0.3104664E+02     0.1776776E+01
     0.3108183E+02     0.1821601E+01
     0.3115039E+02     0.1908913E+01
     0.3116075E+02     0.1919952E+01
     0.3122819E+02     0.1991877E+01
     0.3123844E+02     0.2010420E+01
     0.3124304E+02     0.2014780E+01
     0.3124494E+02     0.2016571E+01
     0.3124981E+02     0.2026884E+01
     0.3130536E+02     0.2119310E+01
     0.3130543E+02     0.2123720E+01
     0.3130591E+02     0.2153676E+01
     0.3130493E+02     0.2156880E+01
     0.3122764E+02     0.2208165E+01
     0.3120349E+02     0.2224187E+01
     0.3120187E+02     0.2226744E+01
     0.3119913E+02     0.2296254E+01
     0.3118987E+02     0.2295861E+01
     0.3118190E+02     0.2293391E+01
     0.3117553E+02     0.2290460E+01
     0.3116168E+02     0.2284081E+01
     0.3115418E+02     0.2282899E+01
     0.3113977E+02     0.2286480E+01
     0.3113691E+02     0.2284852E+01
     0.3112664E+02     0.2269035E+01
     0.3112440E+02     0.2269178E+01
     0.3110353E+02     0.2282985E+01
     0.3109244E+02     0.2293336E+01
     0.3107832E+02     0.2300612E+01
     0.3107623E+02     0.2303165E+01
     0.3107619E+02     0.2307693E+01
     0.3107612E+02     0.2316974E+01
     0.3107353E+02     0.2321932E+01
     0.3107331E+02     0.2329478E+01
     0.3106890E+02     0.2343093E+01
     0.3106406E+02     0.2348836E+01
     0.3099993E+02     0.2400359E+01
     0.3098532E+02     0.2408754E+01
     0.3096074E+02     0.2406470E+01
     0.3094834E+02     0.2398020E+01
     0.3094422E+02     0.2393329E+01
     0.3093781E+02     0.2375292E+01
     0.3094117E+02     0.2353479E+01
     0.3093664E+02     0.2339792E+01
     0.3093474E+02     0.2337690E+01
     0.3093124E+02     0.2336056E+01
     0.3093060E+02     0.2336131E+01
     0.3092612E+02     0.2336657E+01
     0.3088596E+02     0.2344041E+01
     0.3088147E+02     0.2346413E+01
     0.3087582E+02     0.2354397E+01
     0.3085813E+02     0.2389743E+01
     0.3084348E+02     0.2411642E+01
     0.3083356E+02     0.2426479E+01
     0.3080270E+02     0.2429599E+01
     0.3077993E+02     0.2440172E+01
     0.3077545E+02     0.2440778E+01
     0.3076890E+02     0.2440242E+01
     0.3076126E+02     0.2436646E+01
     0.3075487E+02     0.2436593E+01
     0.3075278E+02     0.2438503E+01
     0.3074787E+02     0.2452595E+01
     0.3074686E+02     0.2460880E+01
     0.3074582E+02     0.2469440E+01
     0.3074685E+02     0.2481173E+01
     0.3075916E+02     0.2500064E+01
     0.3076098E+02     0.2512285E+01
     0.3075834E+02     0.2563816E+01
     0.3075472E+02     0.2576956E+01
     0.3075484E+02     0.2582822E+01
     0.3075495E+02     0.2588200E+01
     0.3075667E+02     0.2592711E+01
     0.3077316E+02     0.2609389E+01
     0.3078088E+02     0.2623747E+01
     0.3080287E+02     0.2693953E+01
     0.3080407E+02     0.2696501E+01
     0.3081639E+02     0.2722492E+01
     0.3081683E+02     0.2726993E+01
     0.3082860E+02     0.2755839E+01
     0.3083889E+02     0.2767969E+01
     0.3084844E+02     0.2773347E+01
     0.3086093E+02     0.2791117E+01
     0.3086967E+02     0.2801094E+01
     0.3087028E+02     0.2801793E+01
     0.3087874E+02     0.2823385E+01
     0.3088107E+02     0.2833362E+01
     0.3088276E+02     0.2871878E+01
     0.3088041E+02     0.2883495E+01
     0.3087016E+02     0.2905421E+01
     0.3086407E+02     0.2912454E+01
     0.3086142E+02     0.2920124E+01
     0.3085145E+02     0.2949031E+01
     0.3084555E+02     0.2962138E+01
     0.3082780E+02     0.2977931E+01
     0.3081582E+02     0.2996300E+01
     0.3081152E+02     0.2999806E+01
     0.3080471E+02     0.3001015E+01
     0.3079585E+02     0.3007267E+01
     0.3078827E+02     0.3010240E+01
     0.3078510E+02     0.3012865E+01
     0.3078041E+02     0.3016753E+01
     0.3076947E+02     0.3031589E+01
     0.3076329E+02     0.3047981E+01
     0.3076576E+02     0.3054073E+01
     0.3077727E+02     0.3064539E+01
     0.3077925E+02     0.3068350E+01
     0.3079371E+02     0.3124398E+01
     0.3079783E+02     0.3140349E+01
     0.3080168E+02     0.3162390E+01
     0.3081349E+02     0.3198158E+01
     0.3081711E+02     0.3218426E+01
     0.3082778E+02     0.3239006E+01
     0.3082888E+02     0.3245052E+01
     0.3082972E+02     0.3249647E+01
     0.3082917E+02     0.3255208E+01
     0.3083288E+02     0.3263587E+01
     0.3084313E+02     0.3273790E+01
     0.3086093E+02     0.3284308E+01
     0.3088516E+02     0.3310562E+01
     0.3088688E+02     0.3316395E+01
     0.3088653E+02     0.3329800E+01
     0.3089047E+02     0.3340458E+01
     0.3089366E+02     0.3344502E+01
     0.3091093E+02     0.3366428E+01
     0.3091638E+02     0.3378110E+01
     0.3093560E+02     0.3401540E+01
     0.3093414E+02     0.3456792E+01
     0.3093347E+02     0.3482229E+01
     0.3092858E+02     0.3496357E+01
     0.3092277E+02     0.3498082E+01
     0.3091390E+02     0.3504082E+01
     0.3090886E+02     0.3504548E+01
     0.3089653E+02     0.3501918E+01
     0.3087399E+02     0.3484532E+01
     0.3086772E+02     0.3481445E+01
     0.3086243E+02     0.3480643E+01
     0.3085357E+02     0.3486390E+01
     0.3087501E+02     0.3540847E+01
     0.3088465E+02     0.3545233E+01
     0.3088465E+02     0.3545233E+01
     0.3089023E+02     0.3557987E+01
     0.3090581E+02     0.3580924E+01
     0.3091025E+02     0.3595464E+01
     0.3091434E+02     0.3598727E+01
     0.3091937E+02     0.3600389E+01
     0.3092702E+02     0.3613813E+01
     0.3092702E+02     0.3613813E+01
     0.3092875E+02     0.3618830E+01
     0.3093329E+02     0.3623218E+01
     0.3093665E+02     0.3626465E+01
     0.3094087E+02     0.3634848E+01
     0.3094645E+02     0.3662470E+01
     0.3094894E+02     0.3667297E+01
     0.3096220E+02     0.3679294E+01
     0.3098042E+02     0.3702209E+01
     0.3098697E+02     0.3702768E+01
     0.3099936E+02     0.3697048E+01
     0.3101042E+02     0.3695121E+01
     0.3101042E+02     0.3695121E+01
     0.3102586E+02     0.3699718E+01
     0.3104484E+02     0.3709989E+01
     0.3104752E+02     0.3711441E+01
     0.3105907E+02     0.3725362E+01
     0.3106058E+02     0.3734580E+01
     0.3106329E+02     0.3739209E+01
     0.3106739E+02     0.3741781E+01
     0.3107265E+02     0.3742755E+01
     0.3109285E+02     0.3740198E+01
     0.3109654E+02     0.3737935E+01
     0.3109905E+02     0.3738880E+01
     0.3110650E+02     0.3750458E+01
     0.3111831E+02     0.3761160E+01
     0.3113753E+02     0.3773968E+01
     0.3113753E+02     0.3773968E+01
     0.3116024E+02     0.3788162E+01
     0.3116638E+02     0.3789462E+01
     0.3117077E+02     0.3792773E+01
     0.3117384E+02     0.3793183E+01
     0.3125823E+02     0.3792713E+01
     0.3128293E+02     0.3792573E+01
     0.3130758E+02     0.3782736E+01
     0.3137251E+02     0.3745533E+01
     0.3141152E+02     0.3723177E+01
     0.3141941E+02     0.3720151E+01
     0.3143562E+02     0.3708898E+01
     0.3147534E+02     0.3686637E+01
     0.3148195E+02     0.3683262E+01
     0.3153893E+02     0.3654138E+01
     0.3155805E+02     0.3665651E+01
     0.3157237E+02     0.3677514E+01
     0.3158251E+02     0.3683178E+01
     0.3159187E+02     0.3685193E+01
     0.3159363E+02     0.3685572E+01
     0.3161451E+02     0.3692855E+01
     0.3162771E+02     0.3700083E+01
     0.3163884E+02     0.3702090E+01
     0.3166394E+02     0.3710366E+01
     0.3167891E+02     0.3711630E+01
     0.3168353E+02     0.3710506E+01
     0.3169628E+02     0.3712665E+01
END
END
