uruguay
1
    -0.5804814E+02    -0.3293652E+02
    -0.5805089E+02    -0.3294443E+02
    -0.5805013E+02    -0.3293116E+02
    -0.5804860E+02    -0.3293036E+02
    -0.5804641E+02    -0.3293211E+02
    -0.5804583E+02    -0.3293655E+02
    -0.5804734E+02    -0.3294326E+02
    -0.5805089E+02    -0.3294443E+02
END
2
    -0.5808825E+02    -0.3303325E+02
    -0.5809123E+02    -0.3304266E+02
    -0.5809376E+02    -0.3303036E+02
    -0.5808732E+02    -0.3302590E+02
    -0.5808305E+02    -0.3303192E+02
    -0.5808397E+02    -0.3303611E+02
    -0.5808795E+02    -0.3304191E+02
    -0.5809123E+02    -0.3304266E+02
END
3
    -0.5810220E+02    -0.3304645E+02
    -0.5810913E+02    -0.3305862E+02
    -0.5811052E+02    -0.3305563E+02
    -0.5810761E+02    -0.3304516E+02
    -0.5810468E+02    -0.3304081E+02
    -0.5809927E+02    -0.3303695E+02
    -0.5809637E+02    -0.3304610E+02
    -0.5809707E+02    -0.3305115E+02
    -0.5810561E+02    -0.3305808E+02
    -0.5810913E+02    -0.3305862E+02
END
4
    -0.5813980E+02    -0.3304217E+02
    -0.5814340E+02    -0.3304538E+02
    -0.5813969E+02    -0.3303856E+02
    -0.5813915E+02    -0.3303731E+02
    -0.5813915E+02    -0.3303731E+02
    -0.5813777E+02    -0.3304157E+02
    -0.5813893E+02    -0.3304554E+02
    -0.5814255E+02    -0.3304839E+02
    -0.5814340E+02    -0.3304538E+02
END
5
    -0.5813374E+02    -0.3305214E+02
    -0.5813691E+02    -0.3305783E+02
    -0.5813914E+02    -0.3305714E+02
    -0.5813975E+02    -0.3305375E+02
    -0.5813353E+02    -0.3304823E+02
    -0.5813025E+02    -0.3304769E+02
    -0.5812913E+02    -0.3305109E+02
    -0.5813108E+02    -0.3305610E+02
    -0.5813691E+02    -0.3305783E+02
END
6
    -0.5813035E+02    -0.3306555E+02
    -0.5813522E+02    -0.3307202E+02
    -0.5813867E+02    -0.3307066E+02
    -0.5814031E+02    -0.3306786E+02
    -0.5813946E+02    -0.3306536E+02
    -0.5813211E+02    -0.3306324E+02
    -0.5811764E+02    -0.3305184E+02
    -0.5811511E+02    -0.3305128E+02
    -0.5811393E+02    -0.3305321E+02
    -0.5812172E+02    -0.3306649E+02
    -0.5812894E+02    -0.3307177E+02
    -0.5813522E+02    -0.3307202E+02
END
7
    -0.5815757E+02    -0.3307974E+02
    -0.5815580E+02    -0.3309190E+02
    -0.5816026E+02    -0.3309072E+02
    -0.5816344E+02    -0.3308240E+02
    -0.5816174E+02    -0.3307738E+02
    -0.5815597E+02    -0.3307101E+02
    -0.5815243E+02    -0.3307026E+02
    -0.5815107E+02    -0.3307389E+02
    -0.5815580E+02    -0.3309190E+02
END
8
    -0.5819694E+02    -0.3309902E+02
    -0.5821180E+02    -0.3310717E+02
    -0.5821399E+02    -0.3310563E+02
    -0.5821135E+02    -0.3310233E+02
    -0.5821249E+02    -0.3309956E+02
    -0.5821063E+02    -0.3309687E+02
    -0.5820401E+02    -0.3309431E+02
    -0.5819476E+02    -0.3309479E+02
    -0.5818064E+02    -0.3309267E+02
    -0.5817948E+02    -0.3309502E+02
    -0.5818433E+02    -0.3310353E+02
    -0.5819650E+02    -0.3310698E+02
    -0.5821180E+02    -0.3310717E+02
END
9
    -0.5837606E+02    -0.3397748E+02
    -0.5836570E+02    -0.3399553E+02
    -0.5838111E+02    -0.3398260E+02
    -0.5839031E+02    -0.3396671E+02
    -0.5838789E+02    -0.3396341E+02
    -0.5837568E+02    -0.3396820E+02
    -0.5836892E+02    -0.3397601E+02
    -0.5836585E+02    -0.3398116E+02
    -0.5836411E+02    -0.3399388E+02
    -0.5836570E+02    -0.3399553E+02
END
10
    -0.5825045E+02    -0.3418419E+02
    -0.5824942E+02    -0.3419230E+02
    -0.5825619E+02    -0.3418999E+02
    -0.5826030E+02    -0.3418502E+02
    -0.5825795E+02    -0.3418340E+02
    -0.5825651E+02    -0.3417943E+02
    -0.5825264E+02    -0.3417785E+02
    -0.5824508E+02    -0.3417934E+02
    -0.5823886E+02    -0.3418859E+02
    -0.5824202E+02    -0.3419125E+02
    -0.5824942E+02    -0.3419230E+02
END
11
    -0.5755163E+02    -0.3448751E+02
    -0.5754870E+02    -0.3449409E+02
    -0.5755430E+02    -0.3449397E+02
    -0.5756135E+02    -0.3449127E+02
    -0.5756482E+02    -0.3448824E+02
    -0.5756497E+02    -0.3448507E+02
    -0.5756259E+02    -0.3448238E+02
    -0.5755751E+02    -0.3448292E+02
    -0.5755153E+02    -0.3448706E+02
    -0.5753951E+02    -0.3448586E+02
    -0.5753781E+02    -0.3448843E+02
    -0.5753890E+02    -0.3449052E+02
    -0.5754870E+02    -0.3449409E+02
END
12
    -0.5638770E+02    -0.3479760E+02
    -0.5639229E+02    -0.3480408E+02
    -0.5639909E+02    -0.3479851E+02
    -0.5639829E+02    -0.3479683E+02
    -0.5639342E+02    -0.3479605E+02
    -0.5638798E+02    -0.3479253E+02
    -0.5638160E+02    -0.3479346E+02
    -0.5637455E+02    -0.3479946E+02
    -0.5637664E+02    -0.3480154E+02
    -0.5638281E+02    -0.3480336E+02
    -0.5639229E+02    -0.3480408E+02
END
13
    -0.5592359E+02    -0.3494738E+02
    -0.5592486E+02    -0.3495839E+02
    -0.5592892E+02    -0.3495561E+02
    -0.5593117E+02    -0.3495095E+02
    -0.5592879E+02    -0.3494485E+02
    -0.5592410E+02    -0.3493940E+02
    -0.5592102E+02    -0.3493880E+02
    -0.5591874E+02    -0.3494029E+02
    -0.5591702E+02    -0.3494601E+02
    -0.5591916E+02    -0.3495359E+02
    -0.5592486E+02    -0.3495839E+02
END
14
    -0.5656804E+02    -0.3221071E+02
    -0.5700000E+02    -0.3008343E+02
    -0.5699422E+02    -0.3008222E+02
    -0.5699030E+02    -0.3008307E+02
    -0.5697966E+02    -0.3009636E+02
    -0.5696074E+02    -0.3009805E+02
    -0.5692540E+02    -0.3009350E+02
    -0.5691726E+02    -0.3009429E+02
    -0.5691231E+02    -0.3010069E+02
    -0.5691386E+02    -0.3010499E+02
    -0.5691295E+02    -0.3010778E+02
    -0.5690662E+02    -0.3010780E+02
    -0.5690197E+02    -0.3010983E+02
    -0.5689932E+02    -0.3010970E+02
    -0.5689290E+02    -0.3009785E+02
    -0.5689202E+02    -0.3009622E+02
    -0.5687761E+02    -0.3008829E+02
    -0.5687129E+02    -0.3008854E+02
    -0.5686665E+02    -0.3009562E+02
    -0.5686242E+02    -0.3009556E+02
    -0.5685291E+02    -0.3009042E+02
    -0.5683579E+02    -0.3009110E+02
    -0.5682989E+02    -0.3009432E+02
    -0.5682693E+02    -0.3009761E+02
    -0.5682693E+02    -0.3009761E+02
    -0.5681641E+02    -0.3010932E+02
    -0.5681250E+02    -0.3011016E+02
    -0.5680679E+02    -0.3010694E+02
    -0.5680361E+02    -0.3010683E+02
    -0.5680155E+02    -0.3011289E+02
    -0.5680283E+02    -0.3012248E+02
    -0.5679930E+02    -0.3012560E+02
    -0.5678775E+02    -0.3012698E+02
    -0.5678109E+02    -0.3013091E+02
    -0.5677895E+02    -0.3014064E+02
    -0.5678211E+02    -0.3015590E+02
    -0.5678086E+02    -0.3016238E+02
    -0.5677631E+02    -0.3016646E+02
    -0.5677108E+02    -0.3016735E+02
    -0.5675946E+02    -0.3016229E+02
    -0.5675189E+02    -0.3016397E+02
    -0.5672445E+02    -0.3017917E+02
    -0.5672337E+02    -0.3017977E+02
    -0.5671574E+02    -0.3018029E+02
    -0.5670951E+02    -0.3017732E+02
    -0.5670582E+02    -0.3017746E+02
    -0.5670359E+02    -0.3018030E+02
    -0.5670632E+02    -0.3018731E+02
    -0.5670533E+02    -0.3018992E+02
    -0.5670533E+02    -0.3018992E+02
    -0.5670073E+02    -0.3020200E+02
    -0.5669721E+02    -0.3020558E+02
    -0.5669221E+02    -0.3020600E+02
    -0.5668288E+02    -0.3019924E+02
    -0.5667814E+02    -0.3019942E+02
    -0.5667250E+02    -0.3020285E+02
    -0.5666669E+02    -0.3020284E+02
    -0.5665942E+02    -0.3020014E+02
    -0.5665310E+02    -0.3020589E+02
    -0.5664434E+02    -0.3020507E+02
    -0.5664216E+02    -0.3020906E+02
    -0.5664855E+02    -0.3021525E+02
    -0.5666028E+02    -0.3021733E+02
    -0.5666343E+02    -0.3022226E+02
    -0.5665848E+02    -0.3022359E+02
    -0.5665155E+02    -0.3022248E+02
    -0.5664636E+02    -0.3022429E+02
    -0.5664000E+02    -0.3023440E+02
    -0.5662774E+02    -0.3024290E+02
    -0.5662416E+02    -0.3025084E+02
    -0.5662614E+02    -0.3025858E+02
    -0.5663573E+02    -0.3026005E+02
    -0.5663800E+02    -0.3026318E+02
    -0.5663708E+02    -0.3026596E+02
    -0.5663401E+02    -0.3026792E+02
    -0.5661980E+02    -0.3026938E+02
    -0.5661228E+02    -0.3026691E+02
    -0.5660794E+02    -0.3027006E+02
    -0.5660492E+02    -0.3027843E+02
    -0.5660607E+02    -0.3028551E+02
    -0.5661790E+02    -0.3029493E+02
    -0.5661967E+02    -0.3029854E+02
    -0.5661723E+02    -0.3030253E+02
    -0.5661145E+02    -0.3030344E+02
    -0.5660276E+02    -0.3029872E+02
    -0.5659137E+02    -0.3029846E+02
    -0.5658238E+02    -0.3029306E+02
    -0.5657792E+02    -0.3029337E+02
    -0.5657527E+02    -0.3029356E+02
    -0.5657417E+02    -0.3029819E+02
    -0.5657712E+02    -0.3030428E+02
    -0.5657386E+02    -0.3030784E+02
    -0.5656682E+02    -0.3030994E+02
    -0.5655823E+02    -0.3031807E+02
    -0.5655187E+02    -0.3031785E+02
    -0.5654473E+02    -0.3031238E+02
    -0.5653996E+02    -0.3031233E+02
    -0.5653607E+02    -0.3032992E+02
    -0.5653904E+02    -0.3033647E+02
    -0.5654935E+02    -0.3034182E+02
    -0.5655132E+02    -0.3034427E+02
    -0.5654984E+02    -0.3034639E+02
    -0.5654566E+02    -0.3034747E+02
    -0.5654331E+02    -0.3035353E+02
    -0.5654602E+02    -0.3036008E+02
    -0.5654465E+02    -0.3036449E+02
    -0.5654010E+02    -0.3036352E+02
    -0.5653450E+02    -0.3036015E+02
    -0.5653219E+02    -0.3035876E+02
    -0.5652398E+02    -0.3035861E+02
    -0.5651905E+02    -0.3036063E+02
    -0.5651766E+02    -0.3036176E+02
    -0.5651766E+02    -0.3036176E+02
    -0.5651346E+02    -0.3036520E+02
    -0.5650778E+02    -0.3037895E+02
    -0.5650132E+02    -0.3038217E+02
    -0.5648867E+02    -0.3039412E+02
    -0.5648316E+02    -0.3039501E+02
    -0.5647927E+02    -0.3038989E+02
    -0.5647927E+02    -0.3038989E+02
    -0.5647892E+02    -0.3038943E+02
    -0.5647486E+02    -0.3038774E+02
    -0.5646803E+02    -0.3038868E+02
    -0.5646235E+02    -0.3038614E+02
    -0.5645923E+02    -0.3038740E+02
    -0.5645350E+02    -0.3040023E+02
    -0.5644614E+02    -0.3040670E+02
    -0.5644547E+02    -0.3040925E+02
    -0.5645053E+02    -0.3041549E+02
    -0.5645114E+02    -0.3041877E+02
    -0.5645114E+02    -0.3041877E+02
    -0.5645125E+02    -0.3041937E+02
    -0.5645074E+02    -0.3042014E+02
    -0.5644780E+02    -0.3042455E+02
    -0.5644176E+02    -0.3042568E+02
    -0.5643846E+02    -0.3042856E+02
    -0.5643657E+02    -0.3043322E+02
    -0.5643322E+02    -0.3043518E+02
    -0.5642050E+02    -0.3042945E+02
    -0.5641627E+02    -0.3042960E+02
    -0.5641217E+02    -0.3044352E+02
    -0.5640865E+02    -0.3044732E+02
    -0.5640237E+02    -0.3044893E+02
    -0.5639857E+02    -0.3045251E+02
    -0.5639902E+02    -0.3045639E+02
    -0.5640413E+02    -0.3045804E+02
    -0.5640591E+02    -0.3046188E+02
    -0.5640591E+02    -0.3046188E+02
    -0.5640406E+02    -0.3046769E+02
    -0.5640025E+02    -0.3047104E+02
    -0.5639550E+02    -0.3047144E+02
    -0.5639320E+02    -0.3047313E+02
    -0.5639667E+02    -0.3047920E+02
    -0.5638865E+02    -0.3048316E+02
    -0.5638671E+02    -0.3049242E+02
    -0.5638456E+02    -0.3049462E+02
    -0.5638393E+02    -0.3049527E+02
    -0.5636277E+02    -0.3050154E+02
    -0.5635991E+02    -0.3049706E+02
    -0.5636155E+02    -0.3049263E+02
    -0.5635932E+02    -0.3049019E+02
    -0.5635348E+02    -0.3048994E+02
    -0.5635037E+02    -0.3049143E+02
    -0.5634794E+02    -0.3050162E+02
    -0.5634439E+02    -0.3050496E+02
    -0.5633682E+02    -0.3050729E+02
    -0.5633376E+02    -0.3050993E+02
    -0.5633193E+02    -0.3051596E+02
    -0.5633498E+02    -0.3052434E+02
    -0.5633115E+02    -0.3052746E+02
    -0.5632098E+02    -0.3053104E+02
    -0.5630792E+02    -0.3052944E+02
    -0.5629886E+02    -0.3052265E+02
    -0.5629275E+02    -0.3052241E+02
    -0.5629098E+02    -0.3052407E+02
    -0.5629008E+02    -0.3053329E+02
    -0.5629018E+02    -0.3053535E+02
    -0.5628536E+02    -0.3053988E+02
    -0.5628278E+02    -0.3054709E+02
    -0.5627873E+02    -0.3055113E+02
    -0.5626599E+02    -0.3055640E+02
    -0.5626409E+02    -0.3055787E+02
    -0.5626164E+02    -0.3055977E+02
    -0.5625926E+02    -0.3056559E+02
    -0.5626312E+02    -0.3057440E+02
    -0.5626283E+02    -0.3057969E+02
    -0.5625882E+02    -0.3058465E+02
    -0.5625671E+02    -0.3058473E+02
    -0.5625283E+02    -0.3057545E+02
    -0.5624900E+02    -0.3057306E+02
    -0.5623105E+02    -0.3057461E+02
    -0.5622508E+02    -0.3057735E+02
    -0.5622579E+02    -0.3058122E+02
    -0.5623208E+02    -0.3058536E+02
    -0.5623138E+02    -0.3058745E+02
    -0.5621954E+02    -0.3060095E+02
    -0.5621161E+02    -0.3060145E+02
    -0.5620325E+02    -0.3060404E+02
    -0.5619175E+02    -0.3060382E+02
    -0.5619175E+02    -0.3060382E+02
    -0.5619051E+02    -0.3060379E+02
    -0.5618738E+02    -0.3060618E+02
    -0.5617693E+02    -0.3061413E+02
    -0.5617572E+02    -0.3061670E+02
    -0.5618093E+02    -0.3062616E+02
    -0.5617838E+02    -0.3063428E+02
    -0.5616836E+02    -0.3064128E+02
    -0.5616743E+02    -0.3064407E+02
    -0.5617051E+02    -0.3065337E+02
    -0.5616830E+02    -0.3066308E+02
    -0.5616040E+02    -0.3067024E+02
    -0.5614277E+02    -0.3067933E+02
    -0.5614182E+02    -0.3068166E+02
    -0.5614864E+02    -0.3069152E+02
    -0.5614837E+02    -0.3069727E+02
    -0.5614563E+02    -0.3070127E+02
    -0.5613906E+02    -0.3070496E+02
    -0.5613476E+02    -0.3070738E+02
    -0.5613176E+02    -0.3071138E+02
    -0.5612999E+02    -0.3071924E+02
    -0.5613100E+02    -0.3073550E+02
    -0.5613100E+02    -0.3073550E+02
    -0.5612743E+02    -0.3073883E+02
    -0.5612131E+02    -0.3073858E+02
    -0.5611261E+02    -0.3073406E+02
    -0.5610571E+02    -0.3073407E+02
    -0.5610054E+02    -0.3073723E+02
    -0.5609085E+02    -0.3075201E+02
    -0.5608688E+02    -0.3075215E+02
    -0.5607503E+02    -0.3074245E+02
    -0.5606860E+02    -0.3074129E+02
    -0.5606580E+02    -0.3074391E+02
    -0.5606472E+02    -0.3074945E+02
    -0.5606716E+02    -0.3076245E+02
    -0.5605987E+02    -0.3077164E+02
    -0.5605328E+02    -0.3077256E+02
    -0.5604815E+02    -0.3077663E+02
    -0.5604131E+02    -0.3077227E+02
    -0.5603759E+02    -0.3077217E+02
    -0.5603350E+02    -0.3078171E+02
    -0.5602140E+02    -0.3078441E+02
    -0.5602016E+02    -0.3078629E+02
    -0.5602444E+02    -0.3079303E+02
    -0.5602196E+02    -0.3079701E+02
    -0.5601130E+02    -0.3080218E+02
    -0.5601087E+02    -0.3080449E+02
    -0.5601566E+02    -0.3081053E+02
    -0.5601447E+02    -0.3081378E+02
    -0.5600774E+02    -0.3081767E+02
    -0.5600372E+02    -0.3082286E+02
    -0.5600395E+02    -0.3083409E+02
    -0.5599118E+02    -0.3084576E+02
    -0.5598701E+02    -0.3085966E+02
    -0.5598790E+02    -0.3086193E+02
    -0.5600848E+02    -0.3090024E+02
    -0.5600862E+02    -0.3090941E+02
    -0.5600503E+02    -0.3091639E+02
    -0.5600503E+02    -0.3091639E+02
    -0.5600250E+02    -0.3092132E+02
    -0.5600375E+02    -0.3092563E+02
    -0.5601556E+02    -0.3093992E+02
    -0.5601485E+02    -0.3094168E+02
    -0.5601388E+02    -0.3094411E+02
    -0.5600842E+02    -0.3094681E+02
    -0.5600755E+02    -0.3096313E+02
    -0.5600298E+02    -0.3096810E+02
    -0.5601167E+02    -0.3097813E+02
    -0.5601093E+02    -0.3097953E+02
    -0.5600673E+02    -0.3098059E+02
    -0.5600602E+02    -0.3098268E+02
    -0.5600997E+02    -0.3098782E+02
    -0.5601158E+02    -0.3099396E+02
    -0.5600967E+02    -0.3102293E+02
    -0.5601266E+02    -0.3103636E+02
    -0.5601282E+02    -0.3104576E+02
    -0.5601062E+02    -0.3105638E+02
    -0.5600782E+02    -0.3106264E+02
    -0.5600174E+02    -0.3106505E+02
    -0.5599458E+02    -0.3106780E+02
    -0.5598954E+02    -0.3106923E+02
    -0.5598310E+02    -0.3107164E+02
    -0.5597313E+02    -0.3107669E+02
    -0.5596394E+02    -0.3108265E+02
    -0.5595750E+02    -0.3108537E+02
    -0.5595106E+02    -0.3108779E+02
    -0.5594381E+02    -0.3108866E+02
    -0.5593362E+02    -0.3108901E+02
    -0.5592775E+02    -0.3108795E+02
    -0.5591593E+02    -0.3108459E+02
    -0.5590672E+02    -0.3108239E+02
    -0.5589798E+02    -0.3108238E+02
    -0.5588631E+02    -0.3108214E+02
    -0.5587534E+02    -0.3108126E+02
    -0.5586979E+02    -0.3107956E+02
    -0.5586187E+02    -0.3107356E+02
    -0.5584860E+02    -0.3106209E+02
    -0.5584335E+02    -0.3105882E+02
    -0.5583780E+02    -0.3105681E+02
    -0.5582958E+02    -0.3105238E+02
    -0.5582026E+02    -0.3104767E+02
    -0.5581316E+02    -0.3104352E+02
    -0.5580513E+02    -0.3103501E+02
    -0.5579717E+02    -0.3102806E+02
    -0.5578847E+02    -0.3102083E+02
    -0.5578065E+02    -0.3101701E+02
    -0.5577361E+02    -0.3101411E+02
    -0.5576796E+02    -0.3100990E+02
    -0.5575938E+02    -0.3100548E+02
    -0.5574848E+02    -0.3099769E+02
    -0.5573681E+02    -0.3098898E+02
    -0.5572968E+02    -0.3098420E+02
    -0.5572066E+02    -0.3097759E+02
    -0.5571381E+02    -0.3097092E+02
    -0.5570209E+02    -0.3096095E+02
    -0.5569761E+02    -0.3095828E+02
    -0.5569178E+02    -0.3095815E+02
    -0.5568525E+02    -0.3095868E+02
    -0.5567807E+02    -0.3096079E+02
    -0.5567083E+02    -0.3096165E+02
    -0.5566237E+02    -0.3095973E+02
    -0.5565714E+02    -0.3095645E+02
    -0.5565109E+02    -0.3095131E+02
    -0.5564794E+02    -0.3094577E+02
    -0.5564284E+02    -0.3093716E+02
    -0.5563885E+02    -0.3092913E+02
    -0.5563665E+02    -0.3092043E+02
    -0.5563480E+02    -0.3091108E+02
    -0.5563556E+02    -0.3090353E+02
    -0.5563916E+02    -0.3089433E+02
    -0.5564035E+02    -0.3088802E+02
    -0.5564106E+02    -0.3087922E+02
    -0.5564041E+02    -0.3087266E+02
    -0.5563788E+02    -0.3086459E+02
    -0.5563539E+02    -0.3085745E+02
    -0.5563122E+02    -0.3085351E+02
    -0.5562381E+02    -0.3085030E+02
    -0.5561206E+02    -0.3084754E+02
    -0.5560112E+02    -0.3084663E+02
    -0.5559353E+02    -0.3084781E+02
    -0.5558713E+02    -0.3085115E+02
    -0.5558391E+02    -0.3085414E+02
    -0.5558391E+02    -0.3085414E+02
    -0.5558329E+02    -0.3085472E+02
    -0.5558057E+02    -0.3085920E+02
    -0.5557761E+02    -0.3086650E+02
    -0.5557574E+02    -0.3087377E+02
    -0.5557276E+02    -0.3088076E+02
    -0.5556715E+02    -0.3088564E+02
    -0.5556255E+02    -0.3088860E+02
    -0.5554677E+02    -0.3089380E+02
    -0.5552549E+02    -0.3090728E+02
    -0.5552549E+02    -0.3090728E+02
    -0.5552127E+02    -0.3090996E+02
    -0.5551634E+02    -0.3091387E+02
    -0.5550947E+02    -0.3092349E+02
    -0.5550206E+02    -0.3093751E+02
    -0.5549731E+02    -0.3094581E+02
    -0.5549274E+02    -0.3094971E+02
    -0.5548418E+02    -0.3095374E+02
    -0.5547235E+02    -0.3095817E+02
    -0.5545950E+02    -0.3096390E+02
    -0.5545166E+02    -0.3096790E+02
    -0.5544601E+02    -0.3097215E+02
    -0.5544297E+02    -0.3097788E+02
    -0.5544038E+02    -0.3098548E+02
    -0.5543882E+02    -0.3099180E+02
    -0.5543761E+02    -0.3099779E+02
    -0.5543562E+02    -0.3100255E+02
    -0.5543152E+02    -0.3100895E+02
    -0.5542726E+02    -0.3101159E+02
    -0.5542192E+02    -0.3101457E+02
    -0.5541008E+02    -0.3101869E+02
    -0.5539932E+02    -0.3102277E+02
    -0.5538966E+02    -0.3102683E+02
    -0.5538253E+02    -0.3103080E+02
    -0.5537408E+02    -0.3103764E+02
    -0.5536817E+02    -0.3104471E+02
    -0.5536094E+02    -0.3105496E+02
    -0.5535485E+02    -0.3106642E+02
    -0.5535048E+02    -0.3107533E+02
    -0.5534623E+02    -0.3108736E+02
    -0.5534307E+02    -0.3109937E+02
    -0.5534162E+02    -0.3110850E+02
    -0.5534163E+02    -0.3111759E+02
    -0.5534015E+02    -0.3112609E+02
    -0.5533638E+02    -0.3113216E+02
    -0.5533220E+02    -0.3113667E+02
    -0.5533010E+02    -0.3113893E+02
    -0.5531269E+02    -0.3115009E+02
    -0.5530199E+02    -0.3115605E+02
    -0.5529596E+02    -0.3116030E+02
    -0.5528968E+02    -0.3116738E+02
    -0.5528770E+02    -0.3117245E+02
    -0.5528720E+02    -0.3117811E+02
    -0.5528744E+02    -0.3118406E+02
    -0.5528439E+02    -0.3118979E+02
    -0.5528165E+02    -0.3119425E+02
    -0.5527679E+02    -0.3120066E+02
    -0.5527156E+02    -0.3120646E+02
    -0.5526779E+02    -0.3121252E+02
    -0.5526336E+02    -0.3122048E+02
    -0.5525931E+02    -0.3122875E+02
    -0.5525670E+02    -0.3123634E+02
    -0.5525339E+02    -0.3124490E+02
    -0.5524928E+02    -0.3125160E+02
    -0.5524510E+02    -0.3125673E+02
    -0.5523834E+02    -0.3126100E+02
    -0.5522685E+02    -0.3126572E+02
    -0.5521888E+02    -0.3126721E+02
    -0.5520368E+02    -0.3127046E+02
    -0.5519394E+02    -0.3127325E+02
    -0.5518532E+02    -0.3127694E+02
    -0.5517426E+02    -0.3128353E+02
    -0.5516790E+02    -0.3128872E+02
    -0.5516226E+02    -0.3129389E+02
    -0.5515165E+02    -0.3130265E+02
    -0.5514167E+02    -0.3130889E+02
    -0.5512952E+02    -0.3131581E+02
    -0.5511588E+02    -0.3132184E+02
    -0.5510426E+02    -0.3132342E+02
    -0.5509120E+02    -0.3132566E+02
    -0.5507698E+02    -0.3132606E+02
    -0.5506228E+02    -0.3132365E+02
    -0.5505154E+02    -0.3131956E+02
    -0.5503883E+02    -0.3131176E+02
    -0.5503014E+02    -0.3130386E+02
    -0.5502587E+02    -0.3129708E+02
    -0.5502348E+02    -0.3129182E+02
    -0.5502184E+02    -0.3128717E+02
    -0.5501956E+02    -0.3128472E+02
    -0.5501736E+02    -0.3128447E+02
    -0.5501446E+02    -0.3128486E+02
    -0.5501058E+02    -0.3128842E+02
    -0.5500327E+02    -0.3129802E+02
    -0.5500000E+02    -0.3130220E+02
    -0.5499526E+02    -0.3130826E+02
    -0.5498362E+02    -0.3131923E+02
    -0.5497519E+02    -0.3132823E+02
    -0.5497211E+02    -0.3133364E+02
    -0.5496867E+02    -0.3133937E+02
    -0.5496735E+02    -0.3134316E+02
    -0.5496497E+02    -0.3134793E+02
    -0.5495974E+02    -0.3135465E+02
    -0.5495547E+02    -0.3135789E+02
    -0.5495197E+02    -0.3136175E+02
    -0.5495036E+02    -0.3136774E+02
    -0.5494946E+02    -0.3137309E+02
    -0.5494975E+02    -0.3138092E+02
    -0.5494849E+02    -0.3138628E+02
    -0.5494468E+02    -0.3139202E+02
    -0.5493851E+02    -0.3139312E+02
    -0.5492907E+02    -0.3139463E+02
    -0.5491632E+02    -0.3139560E+02
    -0.5490103E+02    -0.3139726E+02
    -0.5489093E+02    -0.3140066E+02
    -0.5488237E+02    -0.3140652E+02
    -0.5487096E+02    -0.3141434E+02
    -0.5486398E+02    -0.3142330E+02
    -0.5485732E+02    -0.3143130E+02
    -0.5485209E+02    -0.3143833E+02
    -0.5484602E+02    -0.3144225E+02
    -0.5483556E+02    -0.3144628E+02
    -0.5482868E+02    -0.3144803E+02
    -0.5482352E+02    -0.3144691E+02
    -0.5481250E+02    -0.3144531E+02
    -0.5480001E+02    -0.3144345E+02
    -0.5478422E+02    -0.3144135E+02
    -0.5476629E+02    -0.3144087E+02
    -0.5475382E+02    -0.3143962E+02
    -0.5473592E+02    -0.3143976E+02
    -0.5472535E+02    -0.3144066E+02
    -0.5471518E+02    -0.3144248E+02
    -0.5470150E+02    -0.3144846E+02
    -0.5469101E+02    -0.3145155E+02
    -0.5468308E+02    -0.3145488E+02
    -0.5467367E+02    -0.3145762E+02
    -0.5465984E+02    -0.3145953E+02
    -0.5464633E+02    -0.3145986E+02
    -0.5463831E+02    -0.3146037E+02
    -0.5463179E+02    -0.3146210E+02
    -0.5462056E+02    -0.3146520E+02
    -0.5460829E+02    -0.3146988E+02
    -0.5459314E+02    -0.3147620E+02
    -0.5458411E+02    -0.3147924E+02
    -0.5457039E+02    -0.3148459E+02
    -0.5455671E+02    -0.3149087E+02
    -0.5454724E+02    -0.3149520E+02
    -0.5454117E+02    -0.3149786E+02
    -0.5453316E+02    -0.3149827E+02
    -0.5452603E+02    -0.3150096E+02
    -0.5450537E+02    -0.3151609E+02
    -0.5449418E+02    -0.3153488E+02
    -0.5449112E+02    -0.3154001E+02
    -0.5448322E+02    -0.3156173E+02
    -0.5447781E+02    -0.3156895E+02
    -0.5446542E+02    -0.3157496E+02
    -0.5446084E+02    -0.3158285E+02
    -0.5445277E+02    -0.3159036E+02
    -0.5444792E+02    -0.3159803E+02
    -0.5444353E+02    -0.3161256E+02
    -0.5443998E+02    -0.3161883E+02
    -0.5443528E+02    -0.3162283E+02
    -0.5442890E+02    -0.3162434E+02
    -0.5442341E+02    -0.3162881E+02
    -0.5442128E+02    -0.3163239E+02
    -0.5442353E+02    -0.3163568E+02
    -0.5442633E+02    -0.3163907E+02
    -0.5443046E+02    -0.3164174E+02
    -0.5443650E+02    -0.3164506E+02
    -0.5444145E+02    -0.3164817E+02
    -0.5444750E+02    -0.3165195E+02
    -0.5445163E+02    -0.3165462E+02
    -0.5445718E+02    -0.3165956E+02
    -0.5445938E+02    -0.3166112E+02
    -0.5446079E+02    -0.3166293E+02
    -0.5446140E+02    -0.3166499E+02
    -0.5445935E+02    -0.3166850E+02
    -0.5445541E+02    -0.3167159E+02
    -0.5444852E+02    -0.3167543E+02
    -0.5444002E+02    -0.3167932E+02
    -0.5443422E+02    -0.3168337E+02
    -0.5442416E+02    -0.3168914E+02
    -0.5440435E+02    -0.3170227E+02
    -0.5436917E+02    -0.3172428E+02
    -0.5435757E+02    -0.3173284E+02
    -0.5432611E+02    -0.3175336E+02
    -0.5430257E+02    -0.3176864E+02
    -0.5429280E+02    -0.3177577E+02
    -0.5425974E+02    -0.3179747E+02
    -0.5423222E+02    -0.3181604E+02
    -0.5421529E+02    -0.3182747E+02
    -0.5420177E+02    -0.3183606E+02
    -0.5418930E+02    -0.3184324E+02
    -0.5417128E+02    -0.3185491E+02
    -0.5416257E+02    -0.3186155E+02
    -0.5415729E+02    -0.3186581E+02
    -0.5415285E+02    -0.3187120E+02
    -0.5414919E+02    -0.3187497E+02
    -0.5414410E+02    -0.3187669E+02
    -0.5413500E+02    -0.3187941E+02
    -0.5412619E+02    -0.3188282E+02
    -0.5411764E+02    -0.3188623E+02
    -0.5411127E+02    -0.3189005E+02
    -0.5410521E+02    -0.3189524E+02
    -0.5410024E+02    -0.3190111E+02
    -0.5409551E+02    -0.3190558E+02
    -0.5408907E+02    -0.3190710E+02
    -0.5407770E+02    -0.3190641E+02
    -0.5406983E+02    -0.3190519E+02
    -0.5406647E+02    -0.3190111E+02
    -0.5406197E+02    -0.3189499E+02
    -0.5405671E+02    -0.3189026E+02
    -0.5405152E+02    -0.3188829E+02
    -0.5404392E+02    -0.3188706E+02
    -0.5403555E+02    -0.3188723E+02
    -0.5402752E+02    -0.3188970E+02
    -0.5402247E+02    -0.3189280E+02
    -0.5401614E+02    -0.3190173E+02
    -0.5401181E+02    -0.3191120E+02
    -0.5400760E+02    -0.3191448E+02
    -0.5400227E+02    -0.3191596E+02
    -0.5397171E+02    -0.3191745E+02
    -0.5396478E+02    -0.3191941E+02
    -0.5395951E+02    -0.3192295E+02
    -0.5395880E+02    -0.3192685E+02
    -0.5396534E+02    -0.3194139E+02
    -0.5396075E+02    -0.3195109E+02
    -0.5395339E+02    -0.3195718E+02
    -0.5395339E+02    -0.3195718E+02
    -0.5394802E+02    -0.3195728E+02
    -0.5393981E+02    -0.3195102E+02
    -0.5393463E+02    -0.3195844E+02
    -0.5392718E+02    -0.3196133E+02
    -0.5391673E+02    -0.3196221E+02
    -0.5389636E+02    -0.3197449E+02
    -0.5388447E+02    -0.3199325E+02
    -0.5387972E+02    -0.3199677E+02
    -0.5387412E+02    -0.3199825E+02
    -0.5386303E+02    -0.3199501E+02
    -0.5385767E+02    -0.3199556E+02
    -0.5385268E+02    -0.3200000E+02
    -0.5385156E+02    -0.3200089E+02
    -0.5384898E+02    -0.3200972E+02
    -0.5384837E+02    -0.3201898E+02
    -0.5385023E+02    -0.3202805E+02
    -0.5384896E+02    -0.3203078E+02
    -0.5383883E+02    -0.3203027E+02
    -0.5383672E+02    -0.3204078E+02
    -0.5383125E+02    -0.3204347E+02
    -0.5382962E+02    -0.3205420E+02
    -0.5382685E+02    -0.3205776E+02
    -0.5382138E+02    -0.3206024E+02
    -0.5381371E+02    -0.3206080E+02
    -0.5380545E+02    -0.3206810E+02
    -0.5379824E+02    -0.3207056E+02
    -0.5378093E+02    -0.3206997E+02
    -0.5377320E+02    -0.3207495E+02
    -0.5376576E+02    -0.3207594E+02
    -0.5376177E+02    -0.3207864E+02
    -0.5374218E+02    -0.3208203E+02
    -0.5373867E+02    -0.3208515E+02
    -0.5372857E+02    -0.3209980E+02
    -0.5371415E+02    -0.3210408E+02
    -0.5372025E+02    -0.3211025E+02
    -0.5372321E+02    -0.3211112E+02
    -0.5372673E+02    -0.3210737E+02
    -0.5373141E+02    -0.3210868E+02
    -0.5373108E+02    -0.3211478E+02
    -0.5373539E+02    -0.3212515E+02
    -0.5373382E+02    -0.3213082E+02
    -0.5372047E+02    -0.3214691E+02
    -0.5372167E+02    -0.3214966E+02
    -0.5372974E+02    -0.3215691E+02
    -0.5371933E+02    -0.3215807E+02
    -0.5371132E+02    -0.3216410E+02
    -0.5371514E+02    -0.3217383E+02
    -0.5370461E+02    -0.3218278E+02
    -0.5370554E+02    -0.3218700E+02
    -0.5370375E+02    -0.3219078E+02
    -0.5370199E+02    -0.3219224E+02
    -0.5369182E+02    -0.3219340E+02
    -0.5369201E+02    -0.3219719E+02
    -0.5369768E+02    -0.3219957E+02
    -0.5369986E+02    -0.3220317E+02
    -0.5369754E+02    -0.3220863E+02
    -0.5369305E+02    -0.3221090E+02
    -0.5368464E+02    -0.3220997E+02
    -0.5368251E+02    -0.3222027E+02
    -0.5366778E+02    -0.3223613E+02
    -0.5366980E+02    -0.3224142E+02
    -0.5366843E+02    -0.3225005E+02
    -0.5367025E+02    -0.3226144E+02
    -0.5366821E+02    -0.3226500E+02
    -0.5366146E+02    -0.3226873E+02
    -0.5365591E+02    -0.3227541E+02
    -0.5364794E+02    -0.3227764E+02
    -0.5364425E+02    -0.3229172E+02
    -0.5363528E+02    -0.3229457E+02
    -0.5363341E+02    -0.3230320E+02
    -0.5363552E+02    -0.3231123E+02
    -0.5363896E+02    -0.3231358E+02
    -0.5364441E+02    -0.3231406E+02
    -0.5364457E+02    -0.3232018E+02
    -0.5363346E+02    -0.3233249E+02
    -0.5362881E+02    -0.3234424E+02
    -0.5362325E+02    -0.3235134E+02
    -0.5362785E+02    -0.3235898E+02
    -0.5362677E+02    -0.3236444E+02
    -0.5363263E+02    -0.3237062E+02
    -0.5363242E+02    -0.3238453E+02
    -0.5362962E+02    -0.3238913E+02
    -0.5362436E+02    -0.3239224E+02
    -0.5361065E+02    -0.3239525E+02
    -0.5360607E+02    -0.3240215E+02
    -0.5360574E+02    -0.3240721E+02
    -0.5360658E+02    -0.3241755E+02
    -0.5359929E+02    -0.3242273E+02
    -0.5359493E+02    -0.3243153E+02
    -0.5359167E+02    -0.3243298E+02
    -0.5358294E+02    -0.3243562E+02
    -0.5357762E+02    -0.3244209E+02
    -0.5357298E+02    -0.3245237E+02
    -0.5355716E+02    -0.3246230E+02
    -0.5355107E+02    -0.3247024E+02
    -0.5354755E+02    -0.3247273E+02
    -0.5353957E+02    -0.3247390E+02
    -0.5353249E+02    -0.3248099E+02
    -0.5352650E+02    -0.3248240E+02
    -0.5352046E+02    -0.3248717E+02
    -0.5351499E+02    -0.3248711E+02
    -0.5350611E+02    -0.3248300E+02
    -0.5350083E+02    -0.3248610E+02
    -0.5349290E+02    -0.3248474E+02
    -0.5348500E+02    -0.3248127E+02
    -0.5347593E+02    -0.3248147E+02
    -0.5347256E+02    -0.3248154E+02
    -0.5345967E+02    -0.3247991E+02
    -0.5345461E+02    -0.3248491E+02
    -0.5345279E+02    -0.3248931E+02
    -0.5345565E+02    -0.3249630E+02
    -0.5345013E+02    -0.3251284E+02
    -0.5345013E+02    -0.3251284E+02
    -0.5344818E+02    -0.3251460E+02
    -0.5343568E+02    -0.3253426E+02
    -0.5341908E+02    -0.3256415E+02
    -0.5341148E+02    -0.3256467E+02
    -0.5340320E+02    -0.3256999E+02
    -0.5338982E+02    -0.3258253E+02
    -0.5338598E+02    -0.3258427E+02
    -0.5337628E+02    -0.3258291E+02
    -0.5336805E+02    -0.3257623E+02
    -0.5336757E+02    -0.3257584E+02
    -0.5335863E+02    -0.3257610E+02
    -0.5334040E+02    -0.3258784E+02
    -0.5332711E+02    -0.3258846E+02
    -0.5331559E+02    -0.3259346E+02
    -0.5330566E+02    -0.3259897E+02
    -0.5328233E+02    -0.3261723E+02
    -0.5327477E+02    -0.3261659E+02
    -0.5326841E+02    -0.3261255E+02
    -0.5326581E+02    -0.3260928E+02
    -0.5325754E+02    -0.3260542E+02
    -0.5324374E+02    -0.3260533E+02
    -0.5323785E+02    -0.3261161E+02
    -0.5322690E+02    -0.3263152E+02
    -0.5321040E+02    -0.3263892E+02
    -0.5319349E+02    -0.3264242E+02
    -0.5318724E+02    -0.3264296E+02
    -0.5317858E+02    -0.3265100E+02
    -0.5316975E+02    -0.3266362E+02
    -0.5316665E+02    -0.3266596E+02
    -0.5316665E+02    -0.3266596E+02
    -0.5310605E+02    -0.3271159E+02
    -0.5308625E+02    -0.3272737E+02
    -0.5307554E+02    -0.3273903E+02
    -0.5307393E+02    -0.3274632E+02
    -0.5307416E+02    -0.3276306E+02
    -0.5308055E+02    -0.3277422E+02
    -0.5309460E+02    -0.3278374E+02
    -0.5310429E+02    -0.3278581E+02
    -0.5313248E+02    -0.3278650E+02
    -0.5314619E+02    -0.3279027E+02
    -0.5315832E+02    -0.3280065E+02
    -0.5316241E+02    -0.3281588E+02
    -0.5316544E+02    -0.3283062E+02
    -0.5317132E+02    -0.3284154E+02
    -0.5317240E+02    -0.3284156E+02
    -0.5318161E+02    -0.3285027E+02
    -0.5319675E+02    -0.3286025E+02
    -0.5321598E+02    -0.3287011E+02
    -0.5327137E+02    -0.3289524E+02
    -0.5328075E+02    -0.3289935E+02
    -0.5329423E+02    -0.3291089E+02
    -0.5329462E+02    -0.3291549E+02
    -0.5329227E+02    -0.3292094E+02
    -0.5327841E+02    -0.3292933E+02
    -0.5324890E+02    -0.3293415E+02
    -0.5324313E+02    -0.3293585E+02
    -0.5325395E+02    -0.3294573E+02
    -0.5326518E+02    -0.3295149E+02
    -0.5328013E+02    -0.3295986E+02
    -0.5331639E+02    -0.3298223E+02
    -0.5334761E+02    -0.3300082E+02
    -0.5335246E+02    -0.3300253E+02
    -0.5336200E+02    -0.3301054E+02
    -0.5336202E+02    -0.3300962E+02
    -0.5340314E+02    -0.3303437E+02
    -0.5343384E+02    -0.3305384E+02
    -0.5345134E+02    -0.3306912E+02
    -0.5347851E+02    -0.3310661E+02
    -0.5350828E+02    -0.3314942E+02
    -0.5351495E+02    -0.3316332E+02
    -0.5351748E+02    -0.3317919E+02
    -0.5351936E+02    -0.3324389E+02
    -0.5351854E+02    -0.3327139E+02
    -0.5351878E+02    -0.3327253E+02
    -0.5351348E+02    -0.3331278E+02
    -0.5350512E+02    -0.3335503E+02
    -0.5350676E+02    -0.3338235E+02
    -0.5350882E+02    -0.3339569E+02
    -0.5350772E+02    -0.3341401E+02
    -0.5351295E+02    -0.3349484E+02
    -0.5352161E+02    -0.3356221E+02
    -0.5352132E+02    -0.3356399E+02
    -0.5352132E+02    -0.3356399E+02
    -0.5352219E+02    -0.3359459E+02
    -0.5352082E+02    -0.3361333E+02
    -0.5352082E+02    -0.3361333E+02
    -0.5351923E+02    -0.3363632E+02
    -0.5351962E+02    -0.3364370E+02
    -0.5352390E+02    -0.3365873E+02
    -0.5352148E+02    -0.3366814E+02
    -0.5352093E+02    -0.3367030E+02
    -0.5352446E+02    -0.3368903E+02
    -0.5352446E+02    -0.3368903E+02
    -0.5349318E+02    -0.3369212E+02
    -0.5348720E+02    -0.3369040E+02
    -0.5347119E+02    -0.3369195E+02
    -0.5346618E+02    -0.3369358E+02
    -0.5345016E+02    -0.3369596E+02
    -0.5343561E+02    -0.3370086E+02
    -0.5343057E+02    -0.3370415E+02
    -0.5342748E+02    -0.3371206E+02
    -0.5342685E+02    -0.3372416E+02
    -0.5342521E+02    -0.3373667E+02
    -0.5342115E+02    -0.3374123E+02
    -0.5341707E+02    -0.3374300E+02
    -0.5340659E+02    -0.3374317E+02
    -0.5339030E+02    -0.3375014E+02
    -0.5337161E+02    -0.3375053E+02
    -0.5337161E+02    -0.3375053E+02
    -0.5337132E+02    -0.3375264E+02
    -0.5339552E+02    -0.3376835E+02
    -0.5340615E+02    -0.3378114E+02
    -0.5343579E+02    -0.3380450E+02
    -0.5346996E+02    -0.3384404E+02
    -0.5347393E+02    -0.3384863E+02
    -0.5349556E+02    -0.3388475E+02
    -0.5349852E+02    -0.3390377E+02
    -0.5349752E+02    -0.3393245E+02
    -0.5349884E+02    -0.3394365E+02
    -0.5350126E+02    -0.3395064E+02
    -0.5350820E+02    -0.3395916E+02
    -0.5350855E+02    -0.3396247E+02
    -0.5350973E+02    -0.3397331E+02
    -0.5351497E+02    -0.3399299E+02
    -0.5352392E+02    -0.3401736E+02
    -0.5352555E+02    -0.3402602E+02
    -0.5352302E+02    -0.3404097E+02
    -0.5352590E+02    -0.3405008E+02
    -0.5353482E+02    -0.3406221E+02
    -0.5353871E+02    -0.3407238E+02
    -0.5354424E+02    -0.3407539E+02
    -0.5354821E+02    -0.3408008E+02
    -0.5356835E+02    -0.3408917E+02
    -0.5357512E+02    -0.3409367E+02
    -0.5360164E+02    -0.3411633E+02
    -0.5361626E+02    -0.3412218E+02
    -0.5362795E+02    -0.3413665E+02
    -0.5365571E+02    -0.3416289E+02
    -0.5365744E+02    -0.3416487E+02
    -0.5366819E+02    -0.3417715E+02
    -0.5367624E+02    -0.3418167E+02
    -0.5369627E+02    -0.3420065E+02
    -0.5370281E+02    -0.3420472E+02
    -0.5371051E+02    -0.3421619E+02
    -0.5373402E+02    -0.3424174E+02
    -0.5375054E+02    -0.3426324E+02
    -0.5375247E+02    -0.3426576E+02
    -0.5377225E+02    -0.3430582E+02
    -0.5377552E+02    -0.3432674E+02
    -0.5377601E+02    -0.3434594E+02
    -0.5377511E+02    -0.3435606E+02
    -0.5377201E+02    -0.3435920E+02
    -0.5376079E+02    -0.3436142E+02
    -0.5375741E+02    -0.3436666E+02
    -0.5376261E+02    -0.3437663E+02
    -0.5377291E+02    -0.3438643E+02
    -0.5377804E+02    -0.3440188E+02
    -0.5378886E+02    -0.3441126E+02
    -0.5380534E+02    -0.3441563E+02
    -0.5382888E+02    -0.3442597E+02
    -0.5388172E+02    -0.3445554E+02
    -0.5390547E+02    -0.3447114E+02
    -0.5391436E+02    -0.3447375E+02
    -0.5395514E+02    -0.3449556E+02
    -0.5398323E+02    -0.3451057E+02
    -0.5400018E+02    -0.3452273E+02
    -0.5403020E+02    -0.3455143E+02
    -0.5406993E+02    -0.3457746E+02
    -0.5409075E+02    -0.3459109E+02
    -0.5411094E+02    -0.3461359E+02
    -0.5413198E+02    -0.3462828E+02
    -0.5414814E+02    -0.3464779E+02
    -0.5415013E+02    -0.3465329E+02
    -0.5414877E+02    -0.3466151E+02
    -0.5414569E+02    -0.3466402E+02
    -0.5413267E+02    -0.3466331E+02
    -0.5413206E+02    -0.3466454E+02
    -0.5413163E+02    -0.3466542E+02
    -0.5413465E+02    -0.3466945E+02
    -0.5413897E+02    -0.3467179E+02
    -0.5414815E+02    -0.3467396E+02
    -0.5414222E+02    -0.3467920E+02
    -0.5414246E+02    -0.3468089E+02
    -0.5415114E+02    -0.3468136E+02
    -0.5416011E+02    -0.3467846E+02
    -0.5419001E+02    -0.3467674E+02
    -0.5419919E+02    -0.3467805E+02
    -0.5421626E+02    -0.3468343E+02
    -0.5424833E+02    -0.3469689E+02
    -0.5425676E+02    -0.3469588E+02
    -0.5425676E+02    -0.3469588E+02
    -0.5425930E+02    -0.3469779E+02
    -0.5425930E+02    -0.3469779E+02
    -0.5426029E+02    -0.3470202E+02
    -0.5426410E+02    -0.3470499E+02
    -0.5428397E+02    -0.3471248E+02
    -0.5429751E+02    -0.3471339E+02
    -0.5431943E+02    -0.3472046E+02
    -0.5434209E+02    -0.3473195E+02
    -0.5437650E+02    -0.3474582E+02
    -0.5439207E+02    -0.3474904E+02
    -0.5439424E+02    -0.3474997E+02
    -0.5442344E+02    -0.3476246E+02
    -0.5443570E+02    -0.3476398E+02
    -0.5444131E+02    -0.3476611E+02
    -0.5447343E+02    -0.3478416E+02
    -0.5448719E+02    -0.3479349E+02
    -0.5450940E+02    -0.3480347E+02
    -0.5452756E+02    -0.3480925E+02
    -0.5457301E+02    -0.3482370E+02
    -0.5460290E+02    -0.3483495E+02
    -0.5462816E+02    -0.3485695E+02
    -0.5463969E+02    -0.3485360E+02
    -0.5466526E+02    -0.3485955E+02
    -0.5470005E+02    -0.3486868E+02
    -0.5471713E+02    -0.3487616E+02
    -0.5473484E+02    -0.3488391E+02
    -0.5476861E+02    -0.3490062E+02
    -0.5477372E+02    -0.3490590E+02
    -0.5478703E+02    -0.3491139E+02
    -0.5479522E+02    -0.3491730E+02
    -0.5484414E+02    -0.3493083E+02
    -0.5484798E+02    -0.3493104E+02
    -0.5485157E+02    -0.3492914E+02
    -0.5485157E+02    -0.3492914E+02
    -0.5485695E+02    -0.3493062E+02
    -0.5486105E+02    -0.3493357E+02
    -0.5486105E+02    -0.3493357E+02
    -0.5487231E+02    -0.3494307E+02
    -0.5488871E+02    -0.3494813E+02
    -0.5492101E+02    -0.3496184E+02
    -0.5493665E+02    -0.3497702E+02
    -0.5494716E+02    -0.3498082E+02
    -0.5495152E+02    -0.3497997E+02
    -0.5495485E+02    -0.3497490E+02
    -0.5494690E+02    -0.3496879E+02
    -0.5493997E+02    -0.3495909E+02
    -0.5493971E+02    -0.3495655E+02
    -0.5494304E+02    -0.3495149E+02
    -0.5494425E+02    -0.3495079E+02
    -0.5494970E+02    -0.3494769E+02
    -0.5495636E+02    -0.3493945E+02
    -0.5496890E+02    -0.3493163E+02
    -0.5499553E+02    -0.3492064E+02
    -0.5500000E+02    -0.3491693E+02
    -0.5500244E+02    -0.3491514E+02
    -0.5500884E+02    -0.3491408E+02
    -0.5503088E+02    -0.3491806E+02
    -0.5503652E+02    -0.3492164E+02
    -0.5504164E+02    -0.3492121E+02
    -0.5504393E+02    -0.3490981E+02
    -0.5503750E+02    -0.3489927E+02
    -0.5503904E+02    -0.3489610E+02
    -0.5504315E+02    -0.3489306E+02
    -0.5504620E+02    -0.3489082E+02
    -0.5505413E+02    -0.3488848E+02
    -0.5510379E+02    -0.3488333E+02
    -0.5510891E+02    -0.3488458E+02
    -0.5512735E+02    -0.3488454E+02
    -0.5514861E+02    -0.3488766E+02
    -0.5517857E+02    -0.3488885E+02
    -0.5518575E+02    -0.3488968E+02
    -0.5519315E+02    -0.3489203E+02
    -0.5520549E+02    -0.3489595E+02
    -0.5522601E+02    -0.3490454E+02
    -0.5523269E+02    -0.3490895E+02
    -0.5524062E+02    -0.3490682E+02
    -0.5525702E+02    -0.3490930E+02
    -0.5525957E+02    -0.3490781E+02
    -0.5525877E+02    -0.3490085E+02
    -0.5526234E+02    -0.3489683E+02
    -0.5527386E+02    -0.3489553E+02
    -0.5527718E+02    -0.3489319E+02
    -0.5527715E+02    -0.3488729E+02
    -0.5527969E+02    -0.3488306E+02
    -0.5527556E+02    -0.3487653E+02
    -0.5527502E+02    -0.3487104E+02
    -0.5528089E+02    -0.3486659E+02
    -0.5529282E+02    -0.3486207E+02
    -0.5530056E+02    -0.3485914E+02
    -0.5530208E+02    -0.3485618E+02
    -0.5529949E+02    -0.3484964E+02
    -0.5530101E+02    -0.3484669E+02
    -0.5530611E+02    -0.3484393E+02
    -0.5531373E+02    -0.3483208E+02
    -0.5532238E+02    -0.3482318E+02
    -0.5532901E+02    -0.3481788E+02
    -0.5534254E+02    -0.3481403E+02
    -0.5534970E+02    -0.3481400E+02
    -0.5537193E+02    -0.3480906E+02
    -0.5538089E+02    -0.3480902E+02
    -0.5538441E+02    -0.3480056E+02
    -0.5539001E+02    -0.3479589E+02
    -0.5538765E+02    -0.3478577E+02
    -0.5538966E+02    -0.3478049E+02
    -0.5540518E+02    -0.3476818E+02
    -0.5541508E+02    -0.3475738E+02
    -0.5542171E+02    -0.3475502E+02
    -0.5543883E+02    -0.3475325E+02
    -0.5545031E+02    -0.3475024E+02
    -0.5545515E+02    -0.3474726E+02
    -0.5546095E+02    -0.3473521E+02
    -0.5546432E+02    -0.3474258E+02
    -0.5546383E+02    -0.3474617E+02
    -0.5545799E+02    -0.3475126E+02
    -0.5544753E+02    -0.3475448E+02
    -0.5542914E+02    -0.3475668E+02
    -0.5542506E+02    -0.3475902E+02
    -0.5541645E+02    -0.3477024E+02
    -0.5539941E+02    -0.3478467E+02
    -0.5539435E+02    -0.3479355E+02
    -0.5539692E+02    -0.3479671E+02
    -0.5540538E+02    -0.3479920E+02
    -0.5541428E+02    -0.3479916E+02
    -0.5542661E+02    -0.3479910E+02
    -0.5545913E+02    -0.3480506E+02
    -0.5548676E+02    -0.3480492E+02
    -0.5550030E+02    -0.3480274E+02
    -0.5550640E+02    -0.3479764E+02
    -0.5553381E+02    -0.3480297E+02
    -0.5554883E+02    -0.3479403E+02
    -0.5555855E+02    -0.3479440E+02
    -0.5555919E+02    -0.3479405E+02
    -0.5556924E+02    -0.3478864E+02
    -0.5557666E+02    -0.3478817E+02
    -0.5560318E+02    -0.3477999E+02
    -0.5562108E+02    -0.3477966E+02
    -0.5565232E+02    -0.3478473E+02
    -0.5567751E+02    -0.3477148E+02
    -0.5568900E+02    -0.3476971E+02
    -0.5570257E+02    -0.3477194E+02
    -0.5575386E+02    -0.3478633E+02
    -0.5576688E+02    -0.3478413E+02
    -0.5577349E+02    -0.3478070E+02
    -0.5578244E+02    -0.3478063E+02
    -0.5581168E+02    -0.3478736E+02
    -0.5584638E+02    -0.3480080E+02
    -0.5586024E+02    -0.3480617E+02
    -0.5586792E+02    -0.3480716E+02
    -0.5588253E+02    -0.3480957E+02
    -0.5589719E+02    -0.3481556E+02
    -0.5593689E+02    -0.3483863E+02
    -0.5597245E+02    -0.3485640E+02
    -0.5597837E+02    -0.3485935E+02
    -0.5601890E+02    -0.3488365E+02
    -0.5606450E+02    -0.3490261E+02
    -0.5607294E+02    -0.3490231E+02
    -0.5607732E+02    -0.3490417E+02
    -0.5608933E+02    -0.3490194E+02
    -0.5609907E+02    -0.3490247E+02
    -0.5610855E+02    -0.3490326E+02
    -0.5611471E+02    -0.3490378E+02
    -0.5611961E+02    -0.3490584E+02
    -0.5612481E+02    -0.3491064E+02
    -0.5612890E+02    -0.3491038E+02
    -0.5613361E+02    -0.3491687E+02
    -0.5614077E+02    -0.3491616E+02
    -0.5614673E+02    -0.3492053E+02
    -0.5614864E+02    -0.3492811E+02
    -0.5615722E+02    -0.3493561E+02
    -0.5615804E+02    -0.3493877E+02
    -0.5616716E+02    -0.3493255E+02
    -0.5617252E+02    -0.3493080E+02
    -0.5617237E+02    -0.3492173E+02
    -0.5620639E+02    -0.3491839E+02
    -0.5621252E+02    -0.3491727E+02
    -0.5621453E+02    -0.3491535E+02
    -0.5621502E+02    -0.3491344E+02
    -0.5621259E+02    -0.3491010E+02
    -0.5621213E+02    -0.3490947E+02
    -0.5619872E+02    -0.3490371E+02
    -0.5619584E+02    -0.3489973E+02
    -0.5620205E+02    -0.3488827E+02
    -0.5621091E+02    -0.3488184E+02
    -0.5622115E+02    -0.3488172E+02
    -0.5622572E+02    -0.3487934E+02
    -0.5622957E+02    -0.3487993E+02
    -0.5623066E+02    -0.3488351E+02
    -0.5624120E+02    -0.3488655E+02
    -0.5624382E+02    -0.3488948E+02
    -0.5624426E+02    -0.3490065E+02
    -0.5625727E+02    -0.3491253E+02
    -0.5626290E+02    -0.3491246E+02
    -0.5626591E+02    -0.3490884E+02
    -0.5626999E+02    -0.3490731E+02
    -0.5627870E+02    -0.3490784E+02
    -0.5628197E+02    -0.3490401E+02
    -0.5628388E+02    -0.3490418E+02
    -0.5628812E+02    -0.3490457E+02
    -0.5629317E+02    -0.3490007E+02
    -0.5630293E+02    -0.3490186E+02
    -0.5631234E+02    -0.3491272E+02
    -0.5632066E+02    -0.3490523E+02
    -0.5632805E+02    -0.3490303E+02
    -0.5633133E+02    -0.3490024E+02
    -0.5633483E+02    -0.3488121E+02
    -0.5633812E+02    -0.3487884E+02
    -0.5635140E+02    -0.3487699E+02
    -0.5637174E+02    -0.3486935E+02
    -0.5638454E+02    -0.3485567E+02
    -0.5638984E+02    -0.3485377E+02
    -0.5639548E+02    -0.3485173E+02
    -0.5642353E+02    -0.3484588E+02
    -0.5642630E+02    -0.3484394E+02
    -0.5642646E+02    -0.3483888E+02
    -0.5642332E+02    -0.3483512E+02
    -0.5640701E+02    -0.3482542E+02
    -0.5640169E+02    -0.3481430E+02
    -0.5639547E+02    -0.3481037E+02
    -0.5636440E+02    -0.3480381E+02
    -0.5635614E+02    -0.3480011E+02
    -0.5634341E+02    -0.3478888E+02
    -0.5634341E+02    -0.3478888E+02
    -0.5634771E+02    -0.3478608E+02
    -0.5634771E+02    -0.3478608E+02
    -0.5635185E+02    -0.3478877E+02
    -0.5636032E+02    -0.3479078E+02
    -0.5637081E+02    -0.3479064E+02
    -0.5638023E+02    -0.3478862E+02
    -0.5642148E+02    -0.3477303E+02
    -0.5644904E+02    -0.3476261E+02
    -0.5647223E+02    -0.3475871E+02
    -0.5648603E+02    -0.3475830E+02
    -0.5652296E+02    -0.3476370E+02
    -0.5653635E+02    -0.3476816E+02
    -0.5654969E+02    -0.3477071E+02
    -0.5655326E+02    -0.3477003E+02
    -0.5656483E+02    -0.3476079E+02
    -0.5660339E+02    -0.3474651E+02
    -0.5663908E+02    -0.3472994E+02
    -0.5665000E+02    -0.3472661E+02
    -0.5668357E+02    -0.3471935E+02
    -0.5670618E+02    -0.3471622E+02
    -0.5671796E+02    -0.3471459E+02
    -0.5675357E+02    -0.3470706E+02
    -0.5678643E+02    -0.3470294E+02
    -0.5681543E+02    -0.3469719E+02
    -0.5683729E+02    -0.3468205E+02
    -0.5684811E+02    -0.3467696E+02
    -0.5684890E+02    -0.3467658E+02
    -0.5688092E+02    -0.3466992E+02
    -0.5688774E+02    -0.3466685E+02
    -0.5689293E+02    -0.3465979E+02
    -0.5689381E+02    -0.3465387E+02
    -0.5689891E+02    -0.3464323E+02
    -0.5690888E+02    -0.3463356E+02
    -0.5692914E+02    -0.3461717E+02
    -0.5695045E+02    -0.3460181E+02
    -0.5695698E+02    -0.3459822E+02
    -0.5696630E+02    -0.3459309E+02
    -0.5699182E+02    -0.3457364E+02
    -0.5701117E+02    -0.3456231E+02
    -0.5704419E+02    -0.3454757E+02
    -0.5704993E+02    -0.3454282E+02
    -0.5705345E+02    -0.3453156E+02
    -0.5706384E+02    -0.3451976E+02
    -0.5706500E+02    -0.3451531E+02
    -0.5707155E+02    -0.3450294E+02
    -0.5709114E+02    -0.3448316E+02
    -0.5711564E+02    -0.3446581E+02
    -0.5712647E+02    -0.3446138E+02
    -0.5713662E+02    -0.3445992E+02
    -0.5714787E+02    -0.3446139E+02
    -0.5715244E+02    -0.3446046E+02
    -0.5716421E+02    -0.3445348E+02
    -0.5717559E+02    -0.3445030E+02
    -0.5718346E+02    -0.3444998E+02
    -0.5720586E+02    -0.3444907E+02
    -0.5721906E+02    -0.3444712E+02
    -0.5726542E+02    -0.3444724E+02
    -0.5727913E+02    -0.3444590E+02
    -0.5730631E+02    -0.3445188E+02
    -0.5732318E+02    -0.3445364E+02
    -0.5733398E+02    -0.3445131E+02
    -0.5733508E+02    -0.3445107E+02
    -0.5733863E+02    -0.3445057E+02
    -0.5734305E+02    -0.3444520E+02
    -0.5734858E+02    -0.3444276E+02
    -0.5737980E+02    -0.3443915E+02
    -0.5739769E+02    -0.3444130E+02
    -0.5743299E+02    -0.3445383E+02
    -0.5743751E+02    -0.3445183E+02
    -0.5743903E+02    -0.3444357E+02
    -0.5744150E+02    -0.3444098E+02
    -0.5746695E+02    -0.3444021E+02
    -0.5750323E+02    -0.3445164E+02
    -0.5753198E+02    -0.3446598E+02
    -0.5754307E+02    -0.3446235E+02
    -0.5754903E+02    -0.3445757E+02
    -0.5755783E+02    -0.3444640E+02
    -0.5756886E+02    -0.3444086E+02
    -0.5758811E+02    -0.3443768E+02
    -0.5758933E+02    -0.3443769E+02
    -0.5760468E+02    -0.3443792E+02
    -0.5761393E+02    -0.3444045E+02
    -0.5763546E+02    -0.3445177E+02
    -0.5765053E+02    -0.3445289E+02
    -0.5766332E+02    -0.3446187E+02
    -0.5766743E+02    -0.3446283E+02
    -0.5767600E+02    -0.3446009E+02
    -0.5768008E+02    -0.3446021E+02
    -0.5771851E+02    -0.3447342E+02
    -0.5772335E+02    -0.3447331E+02
    -0.5772783E+02    -0.3447024E+02
    -0.5773185E+02    -0.3446867E+02
    -0.5775235E+02    -0.3447197E+02
    -0.5776653E+02    -0.3448365E+02
    -0.5777418E+02    -0.3448388E+02
    -0.5778366E+02    -0.3447816E+02
    -0.5779130E+02    -0.3447797E+02
    -0.5780887E+02    -0.3448450E+02
    -0.5781395E+02    -0.3448395E+02
    -0.5782268E+02    -0.3448584E+02
    -0.5785630E+02    -0.3448499E+02
    -0.5785775E+02    -0.3448284E+02
    -0.5785006E+02    -0.3447480E+02
    -0.5785019E+02    -0.3447142E+02
    -0.5785358E+02    -0.3446648E+02
    -0.5786105E+02    -0.3446165E+02
    -0.5787027E+02    -0.3445773E+02
    -0.5789065E+02    -0.3444907E+02
    -0.5789508E+02    -0.3444495E+02
    -0.5789814E+02    -0.3443811E+02
    -0.5790017E+02    -0.3439690E+02
    -0.5790194E+02    -0.3438988E+02
    -0.5793155E+02    -0.3435112E+02
    -0.5795546E+02    -0.3432411E+02
    -0.5796148E+02    -0.3430833E+02
    -0.5798501E+02    -0.3428512E+02
    -0.5798930E+02    -0.3427762E+02
    -0.5799290E+02    -0.3427204E+02
    -0.5800822E+02    -0.3426065E+02
    -0.5801718E+02    -0.3425577E+02
    -0.5803355E+02    -0.3425174E+02
    -0.5803429E+02    -0.3424454E+02
    -0.5803846E+02    -0.3424063E+02
    -0.5804418E+02    -0.3423752E+02
    -0.5806480E+02    -0.3423210E+02
    -0.5806602E+02    -0.3423059E+02
    -0.5806292E+02    -0.3422287E+02
    -0.5806401E+02    -0.3421840E+02
    -0.5807103E+02    -0.3420956E+02
    -0.5807500E+02    -0.3419404E+02
    -0.5807620E+02    -0.3419303E+02
    -0.5808852E+02    -0.3418269E+02
    -0.5810976E+02    -0.3417408E+02
    -0.5815139E+02    -0.3416744E+02
    -0.5818811E+02    -0.3416492E+02
    -0.5820774E+02    -0.3416690E+02
    -0.5821109E+02    -0.3416174E+02
    -0.5821419E+02    -0.3415898E+02
    -0.5822089E+02    -0.3415302E+02
    -0.5821789E+02    -0.3414803E+02
    -0.5821835E+02    -0.3414084E+02
    -0.5821485E+02    -0.3413588E+02
    -0.5821344E+02    -0.3412621E+02
    -0.5821306E+02    -0.3411693E+02
    -0.5821685E+02    -0.3409803E+02
    -0.5822239E+02    -0.3408458E+02
    -0.5823122E+02    -0.3407103E+02
    -0.5825505E+02    -0.3404649E+02
    -0.5826896E+02    -0.3403342E+02
    -0.5828590E+02    -0.3402617E+02
    -0.5828696E+02    -0.3402128E+02
    -0.5830625E+02    -0.3399771E+02
    -0.5835362E+02    -0.3395578E+02
    -0.5836246E+02    -0.3394939E+02
    -0.5838261E+02    -0.3394668E+02
    -0.5838986E+02    -0.3393865E+02
    -0.5840002E+02    -0.3393349E+02
    -0.5840731E+02    -0.3392651E+02
    -0.5841500E+02    -0.3391108E+02
    -0.5841705E+02    -0.3385909E+02
    -0.5841746E+02    -0.3385778E+02
    -0.5841905E+02    -0.3385270E+02
    -0.5843047E+02    -0.3383610E+02
    -0.5843390E+02    -0.3381615E+02
    -0.5842940E+02    -0.3381165E+02
    -0.5842923E+02    -0.3380194E+02
    -0.5842522E+02    -0.3377927E+02
    -0.5842648E+02    -0.3377353E+02
    -0.5842228E+02    -0.3376986E+02
    -0.5842167E+02    -0.3376735E+02
    -0.5842677E+02    -0.3375685E+02
    -0.5842538E+02    -0.3374823E+02
    -0.5842826E+02    -0.3373904E+02
    -0.5843004E+02    -0.3373332E+02
    -0.5842694E+02    -0.3373172E+02
    -0.5842011E+02    -0.3373151E+02
    -0.5841800E+02    -0.3372947E+02
    -0.5842236E+02    -0.3372511E+02
    -0.5843168E+02    -0.3370710E+02
    -0.5843460E+02    -0.3369286E+02
    -0.5844272E+02    -0.3367657E+02
    -0.5843468E+02    -0.3367155E+02
    -0.5842704E+02    -0.3365848E+02
    -0.5842443E+02    -0.3364463E+02
    -0.5842267E+02    -0.3362738E+02
    -0.5842484E+02    -0.3360178E+02
    -0.5842633E+02    -0.3358970E+02
    -0.5843677E+02    -0.3355139E+02
    -0.5843656E+02    -0.3352903E+02
    -0.5843502E+02    -0.3352274E+02
    -0.5843341E+02    -0.3352027E+02
    -0.5842963E+02    -0.3351447E+02
    -0.5839855E+02    -0.3348291E+02
    -0.5839303E+02    -0.3348351E+02
    -0.5839088E+02    -0.3348610E+02
    -0.5839088E+02    -0.3348610E+02
    -0.5838702E+02    -0.3348411E+02
    -0.5838702E+02    -0.3348411E+02
    -0.5839060E+02    -0.3347957E+02
    -0.5839167E+02    -0.3347511E+02
    -0.5838870E+02    -0.3346464E+02
    -0.5837969E+02    -0.3344825E+02
    -0.5837699E+02    -0.3343798E+02
    -0.5837958E+02    -0.3341617E+02
    -0.5837574E+02    -0.3341460E+02
    -0.5837574E+02    -0.3341460E+02
    -0.5837580E+02    -0.3340426E+02
    -0.5837580E+02    -0.3340426E+02
    -0.5837956E+02    -0.3340393E+02
    -0.5839080E+02    -0.3341372E+02
    -0.5840030E+02    -0.3341829E+02
    -0.5841867E+02    -0.3341815E+02
    -0.5842031E+02    -0.3341557E+02
    -0.5841651E+02    -0.3340893E+02
    -0.5841489E+02    -0.3340075E+02
    -0.5841689E+02    -0.3339457E+02
    -0.5841090E+02    -0.3338399E+02
    -0.5841138E+02    -0.3337764E+02
    -0.5840722E+02    -0.3337439E+02
    -0.5840722E+02    -0.3337439E+02
    -0.5840346E+02    -0.3336881E+02
    -0.5840346E+02    -0.3336881E+02
    -0.5840812E+02    -0.3336592E+02
    -0.5840266E+02    -0.3336187E+02
    -0.5839286E+02    -0.3335605E+02
    -0.5838610E+02    -0.3335668E+02
    -0.5838610E+02    -0.3335668E+02
    -0.5838217E+02    -0.3335300E+02
    -0.5838217E+02    -0.3335300E+02
    -0.5838053E+02    -0.3334988E+02
    -0.5836467E+02    -0.3334340E+02
    -0.5835238E+02    -0.3333237E+02
    -0.5834676E+02    -0.3332410E+02
    -0.5834691E+02    -0.3331997E+02
    -0.5834758E+02    -0.3330192E+02
    -0.5834575E+02    -0.3328847E+02
    -0.5833969E+02    -0.3327578E+02
    -0.5834004E+02    -0.3327218E+02
    -0.5834476E+02    -0.3327099E+02
    -0.5834763E+02    -0.3326752E+02
    -0.5835040E+02    -0.3325563E+02
    -0.5835150E+02    -0.3324610E+02
    -0.5835038E+02    -0.3323136E+02
    -0.5835398E+02    -0.3321564E+02
    -0.5835427E+02    -0.3319936E+02
    -0.5835435E+02    -0.3319474E+02
    -0.5836047E+02    -0.3317346E+02
    -0.5836039E+02    -0.3315363E+02
    -0.5835335E+02    -0.3313548E+02
    -0.5835074E+02    -0.3313303E+02
    -0.5834542E+02    -0.3313171E+02
    -0.5833063E+02    -0.3311971E+02
    -0.5831390E+02    -0.3311536E+02
    -0.5831115E+02    -0.3311320E+02
    -0.5831037E+02    -0.3311222E+02
    -0.5830751E+02    -0.3311238E+02
    -0.5830706E+02    -0.3311261E+02
    -0.5830236E+02    -0.3311507E+02
    -0.5829359E+02    -0.3311533E+02
    -0.5829214E+02    -0.3311637E+02
    -0.5828045E+02    -0.3312479E+02
    -0.5827718E+02    -0.3312446E+02
    -0.5827520E+02    -0.3311903E+02
    -0.5827046E+02    -0.3311959E+02
    -0.5825998E+02    -0.3311484E+02
    -0.5825115E+02    -0.3311341E+02
    -0.5823320E+02    -0.3311583E+02
    -0.5822736E+02    -0.3312022E+02
    -0.5822211E+02    -0.3312037E+02
    -0.5821721E+02    -0.3312326E+02
    -0.5821244E+02    -0.3312318E+02
    -0.5820752E+02    -0.3311911E+02
    -0.5820347E+02    -0.3311817E+02
    -0.5819476E+02    -0.3311969E+02
    -0.5818532E+02    -0.3311574E+02
    -0.5818081E+02    -0.3311587E+02
    -0.5817392E+02    -0.3311902E+02
    -0.5816697E+02    -0.3311436E+02
    -0.5816232E+02    -0.3311308E+02
    -0.5815936E+02    -0.3311226E+02
    -0.5815865E+02    -0.3310679E+02
    -0.5814385E+02    -0.3310025E+02
    -0.5813792E+02    -0.3309599E+02
    -0.5813450E+02    -0.3309841E+02
    -0.5813077E+02    -0.3309261E+02
    -0.5810548E+02    -0.3307412E+02
    -0.5810185E+02    -0.3306452E+02
    -0.5809745E+02    -0.3306084E+02
    -0.5809237E+02    -0.3305255E+02
    -0.5807229E+02    -0.3303855E+02
    -0.5807039E+02    -0.3303481E+02
    -0.5807647E+02    -0.3302857E+02
    -0.5807906E+02    -0.3302591E+02
    -0.5807665E+02    -0.3301543E+02
    -0.5806164E+02    -0.3298969E+02
    -0.5805879E+02    -0.3298070E+02
    -0.5805254E+02    -0.3297433E+02
    -0.5805177E+02    -0.3296719E+02
    -0.5803538E+02    -0.3292482E+02
    -0.5803587E+02    -0.3291784E+02
    -0.5803938E+02    -0.3291163E+02
    -0.5803938E+02    -0.3291163E+02
    -0.5804619E+02    -0.3291334E+02
    -0.5804726E+02    -0.3291500E+02
    -0.5804726E+02    -0.3291500E+02
    -0.5804859E+02    -0.3291707E+02
    -0.5805104E+02    -0.3291595E+02
    -0.5805104E+02    -0.3291595E+02
    -0.5805445E+02    -0.3291986E+02
    -0.5805445E+02    -0.3291986E+02
    -0.5805135E+02    -0.3292395E+02
    -0.5805733E+02    -0.3292337E+02
    -0.5805733E+02    -0.3292337E+02
    -0.5806168E+02    -0.3292578E+02
    -0.5806168E+02    -0.3292578E+02
    -0.5805700E+02    -0.3293414E+02
    -0.5805741E+02    -0.3293834E+02
    -0.5806118E+02    -0.3293887E+02
    -0.5806556E+02    -0.3293559E+02
    -0.5806556E+02    -0.3293559E+02
    -0.5807151E+02    -0.3294090E+02
    -0.5807151E+02    -0.3294090E+02
    -0.5807035E+02    -0.3294326E+02
    -0.5807164E+02    -0.3295060E+02
    -0.5806833E+02    -0.3296841E+02
    -0.5806995E+02    -0.3297153E+02
    -0.5807310E+02    -0.3296912E+02
    -0.5807502E+02    -0.3297983E+02
    -0.5807791E+02    -0.3298334E+02
    -0.5808168E+02    -0.3298386E+02
    -0.5808456E+02    -0.3298062E+02
    -0.5808456E+02    -0.3298062E+02
    -0.5808617E+02    -0.3298332E+02
    -0.5808617E+02    -0.3298332E+02
    -0.5808539E+02    -0.3298904E+02
    -0.5809410E+02    -0.3301347E+02
    -0.5810270E+02    -0.3302209E+02
    -0.5810622E+02    -0.3302262E+02
    -0.5811011E+02    -0.3301956E+02
    -0.5811011E+02    -0.3301956E+02
    -0.5811172E+02    -0.3302247E+02
    -0.5811172E+02    -0.3302247E+02
    -0.5811108E+02    -0.3302523E+02
    -0.5811651E+02    -0.3302951E+02
    -0.5812510E+02    -0.3303138E+02
    -0.5812443E+02    -0.3302718E+02
    -0.5812443E+02    -0.3302718E+02
    -0.5813420E+02    -0.3302597E+02
    -0.5813420E+02    -0.3302597E+02
    -0.5812840E+02    -0.3301265E+02
    -0.5812183E+02    -0.3296967E+02
    -0.5811459E+02    -0.3294231E+02
    -0.5811311E+02    -0.3293798E+02
    -0.5811400E+02    -0.3293040E+02
    -0.5812121E+02    -0.3291513E+02
    -0.5812140E+02    -0.3290183E+02
    -0.5811768E+02    -0.3288425E+02
    -0.5811886E+02    -0.3286704E+02
    -0.5812774E+02    -0.3282264E+02
    -0.5812786E+02    -0.3281691E+02
    -0.5813609E+02    -0.3280002E+02
    -0.5814297E+02    -0.3277307E+02
    -0.5814464E+02    -0.3275402E+02
    -0.5814825E+02    -0.3272644E+02
    -0.5814683E+02    -0.3270378E+02
    -0.5814688E+02    -0.3267490E+02
    -0.5814877E+02    -0.3266433E+02
    -0.5815266E+02    -0.3264798E+02
    -0.5815281E+02    -0.3263308E+02
    -0.5815520E+02    -0.3262112E+02
    -0.5815981E+02    -0.3261118E+02
    -0.5816350E+02    -0.3260767E+02
    -0.5817172E+02    -0.3259101E+02
    -0.5817411E+02    -0.3257909E+02
    -0.5817625E+02    -0.3256846E+02
    -0.5818723E+02    -0.3253411E+02
    -0.5819793E+02    -0.3247982E+02
    -0.5820097E+02    -0.3246235E+02
    -0.5820070E+02    -0.3245227E+02
    -0.5819361E+02    -0.3242010E+02
    -0.5818870E+02    -0.3239820E+02
    -0.5818235E+02    -0.3238297E+02
    -0.5816987E+02    -0.3237039E+02
    -0.5815456E+02    -0.3236312E+02
    -0.5815023E+02    -0.3236275E+02
    -0.5813430E+02    -0.3235206E+02
    -0.5812217E+02    -0.3234221E+02
    -0.5811484E+02    -0.3233021E+02
    -0.5810960E+02    -0.3231564E+02
    -0.5810373E+02    -0.3230751E+02
    -0.5809905E+02    -0.3229339E+02
    -0.5809966E+02    -0.3227528E+02
    -0.5810619E+02    -0.3225683E+02
    -0.5811531E+02    -0.3224475E+02
    -0.5812476E+02    -0.3223517E+02
    -0.5812914E+02    -0.3222753E+02
    -0.5812971E+02    -0.3221813E+02
    -0.5813650E+02    -0.3221021E+02
    -0.5815543E+02    -0.3219266E+02
    -0.5817502E+02    -0.3216983E+02
    -0.5818193E+02    -0.3215618E+02
    -0.5818216E+02    -0.3214472E+02
    -0.5817037E+02    -0.3209616E+02
    -0.5815942E+02    -0.3206866E+02
    -0.5815522E+02    -0.3206256E+02
    -0.5814255E+02    -0.3205112E+02
    -0.5813899E+02    -0.3203837E+02
    -0.5813912E+02    -0.3202302E+02
    -0.5814644E+02    -0.3200000E+02
    -0.5814644E+02    -0.3200000E+02
    -0.5817624E+02    -0.3200000E+02
    -0.5817624E+02    -0.3200000E+02
    -0.5817533E+02    -0.3199845E+02
    -0.5816228E+02    -0.3199065E+02
    -0.5815791E+02    -0.3198660E+02
    -0.5815642E+02    -0.3197875E+02
    -0.5815853E+02    -0.3196710E+02
    -0.5815902E+02    -0.3196441E+02
    -0.5817110E+02    -0.3193208E+02
    -0.5817998E+02    -0.3192094E+02
    -0.5820074E+02    -0.3190289E+02
    -0.5820572E+02    -0.3188358E+02
    -0.5820473E+02    -0.3187094E+02
    -0.5819958E+02    -0.3185564E+02
    -0.5819827E+02    -0.3185386E+02
    -0.5819505E+02    -0.3184952E+02
    -0.5818567E+02    -0.3184391E+02
    -0.5817492E+02    -0.3183872E+02
    -0.5814906E+02    -0.3183000E+02
    -0.5812887E+02    -0.3182584E+02
    -0.5811604E+02    -0.3182492E+02
    -0.5810096E+02    -0.3182598E+02
    -0.5808266E+02    -0.3181638E+02
    -0.5807613E+02    -0.3180766E+02
    -0.5807301E+02    -0.3180184E+02
    -0.5806461E+02    -0.3178615E+02
    -0.5806054E+02    -0.3178165E+02
    -0.5802907E+02    -0.3170440E+02
    -0.5802229E+02    -0.3169544E+02
    -0.5801906E+02    -0.3168529E+02
    -0.5801374E+02    -0.3166854E+02
    -0.5801042E+02    -0.3166543E+02
    -0.5800200E+02    -0.3164151E+02
    -0.5799949E+02    -0.3162766E+02
    -0.5798053E+02    -0.3157951E+02
    -0.5798136E+02    -0.3157381E+02
    -0.5798518E+02    -0.3156562E+02
    -0.5798557E+02    -0.3156479E+02
    -0.5801524E+02    -0.3151820E+02
    -0.5804329E+02    -0.3150319E+02
    -0.5805079E+02    -0.3149773E+02
    -0.5806779E+02    -0.3149469E+02
    -0.5807194E+02    -0.3149209E+02
    -0.5807982E+02    -0.3148412E+02
    -0.5808286E+02    -0.3147930E+02
    -0.5808448E+02    -0.3147672E+02
    -0.5808642E+02    -0.3146992E+02
    -0.5808102E+02    -0.3145505E+02
    -0.5806409E+02    -0.3143540E+02
    -0.5805717E+02    -0.3142964E+02
    -0.5803140E+02    -0.3141585E+02
    -0.5799957E+02    -0.3140596E+02
    -0.5799439E+02    -0.3140256E+02
    -0.5798980E+02    -0.3139665E+02
    -0.5798687E+02    -0.3139288E+02
    -0.5798196E+02    -0.3138444E+02
    -0.5798173E+02    -0.3137847E+02
    -0.5798906E+02    -0.3136567E+02
    -0.5799099E+02    -0.3135932E+02
    -0.5798965E+02    -0.3134895E+02
    -0.5798127E+02    -0.3131952E+02
    -0.5797812E+02    -0.3131321E+02
    -0.5794790E+02    -0.3128596E+02
    -0.5794469E+02    -0.3128306E+02
    -0.5793826E+02    -0.3127319E+02
    -0.5791631E+02    -0.3121250E+02
    -0.5790628E+02    -0.3117427E+02
    -0.5790703E+02    -0.3116635E+02
    -0.5790863E+02    -0.3114936E+02
    -0.5791288E+02    -0.3112910E+02
    -0.5791051E+02    -0.3112328E+02
    -0.5790323E+02    -0.3111475E+02
    -0.5786879E+02    -0.3105953E+02
    -0.5786662E+02    -0.3105077E+02
    -0.5786218E+02    -0.3103289E+02
    -0.5786363E+02    -0.3102561E+02
    -0.5787432E+02    -0.3099917E+02
    -0.5789097E+02    -0.3097067E+02
    -0.5789373E+02    -0.3095862E+02
    -0.5789806E+02    -0.3095190E+02
    -0.5790813E+02    -0.3094241E+02
    -0.5791022E+02    -0.3093502E+02
    -0.5791301E+02    -0.3092516E+02
    -0.5791068E+02    -0.3091360E+02
    -0.5790401E+02    -0.3090899E+02
    -0.5789119E+02    -0.3090483E+02
    -0.5787198E+02    -0.3090593E+02
    -0.5786836E+02    -0.3090901E+02
    -0.5785202E+02    -0.3091641E+02
    -0.5784134E+02    -0.3091715E+02
    -0.5783396E+02    -0.3091572E+02
    -0.5782496E+02    -0.3090987E+02
    -0.5781808E+02    -0.3089905E+02
    -0.5781504E+02    -0.3088912E+02
    -0.5781354E+02    -0.3088419E+02
    -0.5780223E+02    -0.3086149E+02
    -0.5779935E+02    -0.3085060E+02
    -0.5779918E+02    -0.3083866E+02
    -0.5780488E+02    -0.3082626E+02
    -0.5780602E+02    -0.3081965E+02
    -0.5780162E+02    -0.3080731E+02
    -0.5779750E+02    -0.3078467E+02
    -0.5780082E+02    -0.3076764E+02
    -0.5780695E+02    -0.3073615E+02
    -0.5780676E+02    -0.3069920E+02
    -0.5781319E+02    -0.3068292E+02
    -0.5784015E+02    -0.3065458E+02
    -0.5784207E+02    -0.3065175E+02
    -0.5784561E+02    -0.3064653E+02
    -0.5784702E+02    -0.3063970E+02
    -0.5784525E+02    -0.3062793E+02
    -0.5784629E+02    -0.3061810E+02
    -0.5785036E+02    -0.3061114E+02
    -0.5788403E+02    -0.3058581E+02
    -0.5788819E+02    -0.3057725E+02
    -0.5788310E+02    -0.3056282E+02
    -0.5788071E+02    -0.3054236E+02
    -0.5787759E+02    -0.3051556E+02
    -0.5787258E+02    -0.3050481E+02
    -0.5786739E+02    -0.3049749E+02
    -0.5786179E+02    -0.3049314E+02
    -0.5785545E+02    -0.3048257E+02
    -0.5784768E+02    -0.3047401E+02
    -0.5782549E+02    -0.3045754E+02
    -0.5780105E+02    -0.3044550E+02
    -0.5778960E+02    -0.3043985E+02
    -0.5777383E+02    -0.3042248E+02
    -0.5773317E+02    -0.3040022E+02
    -0.5772561E+02    -0.3039809E+02
    -0.5769801E+02    -0.3037955E+02
    -0.5768995E+02    -0.3037671E+02
    -0.5768797E+02    -0.3037410E+02
    -0.5768510E+02    -0.3037224E+02
    -0.5766726E+02    -0.3036065E+02
    -0.5766075E+02    -0.3035855E+02
    -0.5764696E+02    -0.3034928E+02
    -0.5763539E+02    -0.3033802E+02
    -0.5763111E+02    -0.3032913E+02
    -0.5762009E+02    -0.3028827E+02
    -0.5761459E+02    -0.3027749E+02
    -0.5761333E+02    -0.3027040E+02
    -0.5761114E+02    -0.3025807E+02
    -0.5760690E+02    -0.3024848E+02
    -0.5760802E+02    -0.3024233E+02
    -0.5762225E+02    -0.3022361E+02
    -0.5763658E+02    -0.3021271E+02
    -0.5764295E+02    -0.3020240E+02
    -0.5764548E+02    -0.3019191E+02
    -0.5764492E+02    -0.3018532E+02
    -0.5764147E+02    -0.3018011E+02
    -0.5763419E+02    -0.3017658E+02
    -0.5761797E+02    -0.3017916E+02
    -0.5761469E+02    -0.3018368E+02
    -0.5760413E+02    -0.3018932E+02
    -0.5757973E+02    -0.3020068E+02
    -0.5757052E+02    -0.3020273E+02
    -0.5756178E+02    -0.3020905E+02
    -0.5755584E+02    -0.3021529E+02
    -0.5755487E+02    -0.3022456E+02
    -0.5755726E+02    -0.3023641E+02
    -0.5755937E+02    -0.3024905E+02
    -0.5755727E+02    -0.3025767E+02
    -0.5755072E+02    -0.3026652E+02
    -0.5753837E+02    -0.3027471E+02
    -0.5752197E+02    -0.3028011E+02
    -0.5750642E+02    -0.3028270E+02
    -0.5749993E+02    -0.3028203E+02
    -0.5749365E+02    -0.3027731E+02
    -0.5748581E+02    -0.3027131E+02
    -0.5748105E+02    -0.3026816E+02
    -0.5747747E+02    -0.3026590E+02
    -0.5747147E+02    -0.3026484E+02
    -0.5746397E+02    -0.3026534E+02
    -0.5745630E+02    -0.3026906E+02
    -0.5744563E+02    -0.3027631E+02
    -0.5744101E+02    -0.3027531E+02
    -0.5743409E+02    -0.3027380E+02
    -0.5742562E+02    -0.3027506E+02
    -0.5742310E+02    -0.3027836E+02
    -0.5742098E+02    -0.3028297E+02
    -0.5742048E+02    -0.3029186E+02
    -0.5741867E+02    -0.3029619E+02
    -0.5741502E+02    -0.3029770E+02
    -0.5740901E+02    -0.3029664E+02
    -0.5740371E+02    -0.3029966E+02
    -0.5740035E+02    -0.3030208E+02
    -0.5739561E+02    -0.3030255E+02
    -0.5739290E+02    -0.3030082E+02
    -0.5738805E+02    -0.3029575E+02
    -0.5737840E+02    -0.3027630E+02
    -0.5737399E+02    -0.3027166E+02
    -0.5737027E+02    -0.3027150E+02
    -0.5736468E+02    -0.3027126E+02
    -0.5736029E+02    -0.3027472E+02
    -0.5735387E+02    -0.3028093E+02
    -0.5735052E+02    -0.3028241E+02
    -0.5734509E+02    -0.3027934E+02
    -0.5734056E+02    -0.3027671E+02
    -0.5733376E+02    -0.3027318E+02
    -0.5732598E+02    -0.3027042E+02
    -0.5732079E+02    -0.3026331E+02
    -0.5731305E+02    -0.3025974E+02
    -0.5730735E+02    -0.3026152E+02
    -0.5730237E+02    -0.3026697E+02
    -0.5730058E+02    -0.3027378E+02
    -0.5729261E+02    -0.3028275E+02
    -0.5728574E+02    -0.3028853E+02
    -0.5727633E+02    -0.3028975E+02
    -0.5727283E+02    -0.3028555E+02
    -0.5726934E+02    -0.3028134E+02
    -0.5726578E+02    -0.3027835E+02
    -0.5726475E+02    -0.3027183E+02
    -0.5726419E+02    -0.3026772E+02
    -0.5726135E+02    -0.3026601E+02
    -0.5725744E+02    -0.3026908E+02
    -0.5725427E+02    -0.3027542E+02
    -0.5725127E+02    -0.3028064E+02
    -0.5723953E+02    -0.3028432E+02
    -0.5722708E+02    -0.3028558E+02
    -0.5721737E+02    -0.3028394E+02
    -0.5720678E+02    -0.3028145E+02
    -0.5719930E+02    -0.3027343E+02
    -0.5719390E+02    -0.3026185E+02
    -0.5718859E+02    -0.3025676E+02
    -0.5718145E+02    -0.3025118E+02
    -0.5717521E+02    -0.3024604E+02
    -0.5717154E+02    -0.3024507E+02
    -0.5716721E+02    -0.3023921E+02
    -0.5715997E+02    -0.3023524E+02
    -0.5715783E+02    -0.3023191E+02
    -0.5715884E+02    -0.3022263E+02
    -0.5716129E+02    -0.3021261E+02
    -0.5716485E+02    -0.3020750E+02
    -0.5716611E+02    -0.3020189E+02
    -0.5716323E+02    -0.3019528E+02
    -0.5715849E+02    -0.3018859E+02
    -0.5715128E+02    -0.3018422E+02
    -0.5714363E+02    -0.3017132E+02
    -0.5713132E+02    -0.3015052E+02
    -0.5712709E+02    -0.3014304E+02
    -0.5712121E+02    -0.3013994E+02
    -0.5711419E+02    -0.3014044E+02
    -0.5710912E+02    -0.3013940E+02
    -0.5710764E+02    -0.3013285E+02
    -0.5711021E+02    -0.3012081E+02
    -0.5711265E+02    -0.3011890E+02
    -0.5711010E+02    -0.3011473E+02
    -0.5710457E+02    -0.3011367E+02
    -0.5710001E+02    -0.3011185E+02
    -0.5709478E+02    -0.3011364E+02
    -0.5709347E+02    -0.3012007E+02
    -0.5708917E+02    -0.3012190E+02
    -0.5708559E+02    -0.3011931E+02
    -0.5708357E+02    -0.3011395E+02
    -0.5708609E+02    -0.3011082E+02
    -0.5708791E+02    -0.3010361E+02
    -0.5708403E+02    -0.3009817E+02
    -0.5707468E+02    -0.3009086E+02
    -0.5706834E+02    -0.3008774E+02
    -0.5706315E+02    -0.3008873E+02
    -0.5706389E+02    -0.3009200E+02
    -0.5706268E+02    -0.3009681E+02
    -0.5705267E+02    -0.3010041E+02
    -0.5704142E+02    -0.3010153E+02
    -0.5703357E+02    -0.3010036E+02
    -0.5702679E+02    -0.3009682E+02
    -0.5702243E+02    -0.3009175E+02
    -0.5701564E+02    -0.3008821E+02
    -0.5700735E+02    -0.3008662E+02
    -0.5700000E+02    -0.3008343E+02
END
15
    -0.5496544E+02    -0.3496384E+02
    -0.5496304E+02    -0.3497131E+02
    -0.5497149E+02    -0.3496138E+02
    -0.5496611E+02    -0.3496075E+02
    -0.5496355E+02    -0.3495802E+02
    -0.5496150E+02    -0.3496308E+02
    -0.5496125E+02    -0.3496983E+02
    -0.5496304E+02    -0.3497131E+02
END
END
