vermont
1
        -72.749962         44.019413
        -71.537270         45.000000
        -71.540459         44.997334
        -71.541672         44.988148
        -71.544724         44.984184
        -71.531624         44.965473
        -71.522736         44.961548
        -71.522217         44.956978
        -71.524658         44.947220
        -71.526878         44.938328
        -71.514801         44.920273
        -71.503540         44.913651
        -71.501762         44.909798
        -71.526543         44.879253
        -71.532478         44.875000
        -71.546700         44.868729
        -71.560806         44.845509
        -71.559143         44.841717
        -71.557228         44.837345
        -71.558952         44.832726
        -71.565186         44.828007
        -71.567551         44.823372
        -71.573563         44.820946
        -71.579361         44.821045
        -71.584290         44.816124
        -71.577637         44.811237
        -71.576096         44.805546
        -71.578865         44.795635
        -71.584328         44.788181
        -71.597214         44.781475
        -71.605927         44.774864
        -71.618515         44.761520
        -71.623878         44.759338
        -71.632553         44.759136
        -71.637939         44.750309
        -71.636757         44.748283
        -71.627647         44.732662
        -71.627647         44.732662
        -71.620155         44.719803
        -71.610420         44.710636
        -71.607903         44.697639
        -71.601257         44.692753
        -71.601357         44.680843
        -71.597633         44.676575
        -71.589844         44.674694
        -71.588799         44.672886
        -71.591431         44.660000
        -71.589188         44.652950
        -71.578979         44.647228
        -71.568985         44.646309
        -71.564590         44.641369
        -71.566948         44.636509
        -71.566444         44.632397
        -71.556107         44.623699
        -71.561279         44.617397
        -71.559044         44.610348
        -71.560722         44.604813
        -71.566277         44.599880
        -71.561798         44.592880
        -71.556984         44.592758
        -71.551712         44.589672
        -71.546608         44.590244
        -71.544197         44.586407
        -71.542801         44.583920
        -71.548309         44.577839
        -71.553062         44.576588
        -71.557365         44.579697
        -71.560226         44.579174
        -71.562927         44.574989
        -71.558372         44.573490
        -71.556671         44.571236
        -71.571701         44.563110
        -71.576462         44.562084
        -71.595718         44.562561
        -71.600769         44.560844
        -71.603111         44.555981
        -71.602638         44.552555
        -71.587830         44.543961
        -71.582474         44.538815
        -71.581268         44.533348
        -71.582657         44.528507
        -71.587563         44.523582
        -71.595406         44.519970
        -71.597214         44.517406
        -71.577347         44.510075
        -71.568085         44.503414
        -71.568275         44.500431
        -71.586929         44.502296
        -71.592957         44.501015
        -71.596619         44.497036
        -71.598885         44.490341
        -71.606155         44.488342
        -71.612000         44.482941
        -71.622963         44.484749
        -71.629951         44.476570
        -71.636284         44.475048
        -71.640900         44.477917
        -71.643753         44.477390
        -71.648682         44.473156
        -71.649803         44.469692
        -71.645050         44.463619
        -71.652298         44.461159
        -71.656906         44.456928
        -71.665733         44.440228
        -71.676712         44.435387
        -71.702354         44.415997
        -71.717346         44.408306
        -71.723358         44.407017
        -71.741287         44.407497
        -71.748009         44.400921
        -71.751778         44.399456
        -71.753441         44.400791
        -71.753441         44.400791
        -71.767616         44.405437
        -71.774834         44.404583
        -71.787148         44.398418
        -71.803024         44.396332
        -71.816315         44.379398
        -71.820297         44.363609
        -71.821678         44.358131
        -71.826736         44.352127
        -71.835251         44.347775
        -71.847694         44.345066
        -71.853668         44.349091
        -71.855934         44.345570
        -71.863052         44.342636
        -71.876930         44.339542
        -71.889107         44.341690
        -71.900421         44.346283
        -71.910095         44.346405
        -71.916809         44.345207
        -71.938065         44.334309
        -71.955948         44.334579
        -71.967705         44.332829
        -71.967705         44.332829
        -71.968582         44.332542
        -72.015450         44.317364
        -72.033890         44.315952
        -72.039635         44.297470
        -72.043823         44.292088
        -72.053787         44.288197
        -72.068680         44.276390
        -72.071228         44.267063
        -72.063919         44.255577
        -72.064987         44.251266
        -72.066025         44.247044
        -72.055550         44.241829
        -72.064850         44.206524
        -72.073456         44.188419
        -72.068474         44.178474
        -72.063568         44.176086
        -72.060516         44.172504
        -72.056709         44.160694
        -72.050819         44.157646
        -72.053040         44.151402
        -72.047409         44.137432
        -72.047409         44.137432
        -72.045364         44.132362
        -72.045563         44.130066
        -72.056648         44.116936
        -72.061546         44.107182
        -72.058754         44.102444
        -72.059502         44.098530
        -72.054947         44.096592
        -72.047928         44.102280
        -72.044067         44.101467
        -72.040192         44.094242
        -72.042160         44.089149
        -72.046532         44.087654
        -72.050598         44.086399
        -72.043564         44.079487
        -72.045662         44.077141
        -72.052170         44.079941
        -72.056602         44.079594
        -72.059891         44.069424
        -72.074066         44.054832
        -72.074707         44.048855
        -72.081863         44.045910
        -72.085991         44.039841
        -72.088112         44.025806
        -72.091789         44.023186
        -72.099045         44.022297
        -72.101814         44.020618
        -72.101883         44.009850
        -72.108627         44.011265
        -72.112000         44.002926
        -72.121582         43.998077
        -72.123856         43.992973
        -72.122047         43.982941
        -72.118156         43.975487
        -72.118156         43.975487
        -72.107140         43.971382
        -72.105072         43.968315
        -72.116364         43.953468
        -72.124367         43.950146
        -72.127289         43.931004
        -72.129883         43.925045
        -72.133545         43.921482
        -72.152313         43.912685
        -72.161064         43.905178
        -72.166878         43.896362
        -72.171959         43.892418
        -72.179520         43.890141
        -72.182190         43.885914
        -72.181412         43.884121
        -72.177872         43.875969
        -72.182953         43.872025
        -72.190987         43.869736
        -72.194580         43.864788
        -72.194687         43.857159
        -72.190689         43.844086
        -72.196678         43.829369
        -72.190735         43.815655
        -72.195107         43.807217
        -72.211426         43.788418
        -72.211937         43.779388
        -72.220680         43.772793
        -72.220680         43.772793
        -72.226784         43.768723
        -72.233398         43.756615
        -72.240349         43.750687
        -72.255829         43.744740
        -72.264343         43.738533
        -72.272751         43.736225
        -72.272751         43.736225
        -72.286072         43.730614
        -72.292297         43.722095
        -72.307533         43.701260
        -72.310120         43.676914
        -72.313431         43.666771
        -72.321030         43.656509
        -72.321945         43.646427
        -72.323677         43.642914
        -72.333748         43.634315
        -72.339058         43.626198
        -72.339088         43.617527
        -72.335770         43.608601
        -72.332405         43.605682
        -72.332405         43.605682
        -72.331978         43.603634
        -72.340157         43.597660
        -72.350594         43.592537
        -72.352348         43.590191
        -72.379021         43.576557
        -72.383232         43.561993
        -72.379128         43.550888
        -72.382271         43.539791
        -72.393433         43.525475
        -72.396271         43.520119
        -72.395378         43.510063
        -72.382706         43.497845
        -72.381714         43.491455
        -72.385994         43.478264
        -72.392410         43.463863
        -72.390213         43.452930
        -72.402794         43.403503
        -72.404442         43.393829
        -72.412056         43.384201
        -72.413742         43.375214
        -72.411934         43.365643
        -72.408897         43.362068
        -72.390808         43.358955
        -72.389420         43.356705
        -72.390205         43.353931
        -72.405090         43.339500
        -72.408447         43.332291
        -72.407883         43.327953
        -72.398705         43.321362
        -72.394241         43.314621
        -72.403793         43.300579
        -72.404716         43.289322
        -72.414467         43.273212
        -72.428619         43.262924
        -72.436836         43.253044
        -72.437386         43.246384
        -72.433815         43.233429
        -72.437027         43.218433
        -72.434517         43.207512
        -72.435570         43.204044
        -72.445724         43.195477
        -72.447716         43.191978
        -72.442276         43.184586
        -72.451019         43.173313
        -72.450119         43.157757
        -72.454468         43.146393
        -72.452751         43.143696
        -72.443962         43.138012
        -72.439049         43.128769
        -72.435242         43.122471
        -72.433426         43.118172
        -72.439941         43.106285
        -72.440247         43.100773
        -72.433517         43.087231
        -72.434799         43.082382
        -72.442070         43.072762
        -72.463409         43.057888
        -72.465019         43.053253
        -72.460648         43.042618
        -72.461395         43.028618
        -72.456551         43.020519
        -72.445869         43.014206
        -72.445831         43.008018
        -72.450539         43.003059
        -72.463387         42.998306
        -72.467773         42.993126
        -72.465675         42.989296
        -72.466057         42.985157
        -72.471634         42.974838
        -72.471634         42.974838
        -72.482597         42.973713
        -72.506714         42.965382
        -72.517548         42.964722
        -72.528877         42.959339
        -72.528877         42.959339
        -72.535706         42.953396
        -72.530586         42.940723
        -72.527214         42.920666
        -72.527214         42.920666
        -72.530891         42.914394
        -72.533318         42.902596
        -72.533318         42.902596
        -72.537498         42.894211
        -72.547234         42.890003
        -72.554420         42.884960
        -72.558083         42.878426
        -72.558640         42.855968
        -72.549843         42.839504
        -72.550423         42.828255
        -72.538757         42.810066
        -72.538757         42.810066
        -72.537193         42.803936
        -72.529526         42.792717
        -72.518379         42.786976
        -72.514854         42.778236
        -72.516113         42.771091
        -72.509819         42.767807
        -72.501678         42.774117
        -72.498154         42.774220
        -72.490486         42.771667
        -72.483101         42.766479
        -72.483101         42.766479
        -72.480370         42.764717
        -72.476875         42.758179
        -72.475105         42.749069
        -72.463394         42.737286
        -72.463394         42.737286
        -72.462097         42.729202
        -72.462097         42.729202
        -72.502426         42.731388
        -72.583305         42.733223
        -72.754066         42.736904
        -72.883369         42.739517
        -72.910301         42.742237
        -72.924599         42.741730
        -72.945068         42.741001
        -73.095337         42.745045
        -73.266106         42.749390
        -73.268715         42.750084
        -73.278114         42.764160
        -73.282494         42.777515
        -73.278030         42.819870
        -73.276817         42.871796
        -73.274788         42.958225
        -73.269806         42.989136
        -73.269989         42.997463
        -73.270668         43.027615
        -73.265518         43.086956
        -73.264740         43.123230
        -73.262505         43.227463
        -73.261307         43.249096
        -73.254311         43.374893
        -73.251442         43.426315
        -73.252701         43.426270
        -73.250191         43.479317
        -73.250648         43.499752
        -73.250969         43.514503
        -73.250969         43.514503
        -73.253311         43.525188
        -73.247940         43.538235
        -73.254524         43.546467
        -73.258331         43.559849
        -73.270988         43.573582
        -73.282234         43.576363
        -73.290283         43.582935
        -73.294991         43.582523
        -73.297691         43.580585
        -73.300354         43.582546
        -73.302048         43.588444
        -73.296471         43.598518
        -73.295456         43.606350
        -73.303162         43.612476
        -73.304695         43.624798
        -73.308075         43.627876
        -73.317627         43.628887
        -73.321274         43.631268
        -73.333138         43.629436
        -73.337051         43.631119
        -73.344200         43.629467
        -73.347099         43.630272
        -73.353645         43.624744
        -73.359947         43.628853
        -73.373192         43.628567
        -73.375496         43.629852
        -73.378441         43.626987
        -73.378479         43.614605
        -73.382484         43.604816
        -73.388779         43.600216
        -73.392517         43.578285
        -73.396599         43.573769
        -73.403351         43.571213
        -73.403351         43.571213
        -73.415787         43.573605
        -73.430519         43.579681
        -73.430519         43.579681
        -73.432953         43.581036
        -73.433487         43.594330
        -73.433487         43.594330
        -73.432465         43.597580
        -73.429451         43.599533
        -73.429451         43.599533
        -73.426331         43.616856
        -73.426331         43.616856
        -73.423508         43.621323
        -73.425522         43.627205
        -73.428139         43.632603
        -73.431374         43.633621
        -73.431374         43.633621
        -73.434708         43.640327
        -73.433067         43.645287
        -73.424957         43.654232
        -73.418587         43.665413
        -73.409805         43.693398
        -73.393425         43.715034
        -73.386269         43.719967
        -73.386269         43.719967
        -73.378761         43.727669
        -73.377304         43.729164
        -73.374763         43.743538
        -73.358597         43.769314
        -73.357536         43.777134
        -73.365326         43.792835
        -73.379936         43.802521
        -73.397537         43.825100
        -73.395935         43.830597
        -73.390800         43.837276
        -73.387817         43.839622
        -73.379944         43.845810
        -73.379715         43.850834
        -73.383812         43.858654
        -73.384346         43.866371
        -73.382141         43.876450
        -73.382507         43.887100
        -73.386688         43.897400
        -73.401070         43.908787
        -73.407570         43.918247
        -73.411026         43.929409
        -73.413078         43.939651
        -73.412132         43.956642
        -73.411911         43.960644
        -73.414543         43.979908
        -73.413277         43.996883
        -73.410072         44.003887
        -73.410149         44.018394
        -73.415688         44.027180
        -73.431160         44.038471
        -73.434990         44.048489
        -73.423866         44.075031
        -73.408585         44.111465
        -73.408646         44.124989
        -73.411919         44.134720
        -73.406975         44.145229
        -73.392975         44.154026
        -73.379593         44.192677
        -73.378815         44.194920
        -73.349709         44.223778
        -73.320282         44.248741
        -73.316223         44.258179
        -73.314972         44.277958
        -73.317665         44.291985
        -73.318222         44.303360
        -73.319107         44.321426
        -73.326874         44.342476
        -73.332634         44.351196
        -73.335442         44.363235
        -73.332191         44.371155
        -73.313194         44.391132
        -73.310730         44.401081
        -73.300873         44.421535
        -73.292953         44.437969
        -73.292404         44.447845
        -73.300552         44.482208
        -73.311386         44.504673
        -73.330597         44.531212
        -73.338730         44.539467
        -73.341690         44.542480
        -73.349701         44.555241
        -73.376213         44.575085
        -73.390816         44.598595
        -73.389389         44.613777
        -73.381027         44.653149
        -73.380852         44.653988
        -73.370819         44.687378
        -73.366409         44.727196
        -73.358025         44.748375
        -73.343178         44.773693
        -73.342621         44.775135
        -73.338379         44.786148
        -73.339127         44.796921
        -73.344650         44.809185
        -73.367149         44.830399
        -73.375999         44.841888
        -73.378159         44.849140
        -73.374657         44.866924
        -73.364319         44.891579
        -73.355507         44.912571
        -73.347580         44.918308
        -73.342026         44.930965
        -73.341743         44.960461
        -73.349998         44.989784
        -73.349342         45.000000
        -73.349342         45.000000
        -73.334000         45.000000
        -73.250702         45.000000
        -73.167397         45.000000
        -73.084099         45.000000
        -73.000801         45.000000
        -72.917503         45.000000
        -72.834198         45.000000
        -72.750900         45.000000
        -72.667603         45.000000
        -72.584297         45.000000
        -72.500999         45.000000
        -72.417702         45.000000
        -72.334396         45.000000
        -72.251099         45.000000
        -72.167801         45.000000
        -72.084503         45.000000
        -72.001198         45.000000
        -71.917900         45.000000
        -71.834602         45.000000
        -71.751297         45.000000
        -71.667999         45.000000
        -71.584702         45.000000
        -71.537270         45.000000
END
END
