wallis
1
    -0.1761617E+03    -0.1327485E+02
    -0.1761678E+03    -0.1321425E+02
    -0.1761594E+03    -0.1321580E+02
    -0.1761535E+03    -0.1322628E+02
    -0.1761500E+03    -0.1322705E+02
    -0.1761470E+03    -0.1323056E+02
    -0.1761476E+03    -0.1323584E+02
    -0.1761463E+03    -0.1324116E+02
    -0.1761410E+03    -0.1324840E+02
    -0.1761370E+03    -0.1324917E+02
    -0.1761313E+03    -0.1325413E+02
    -0.1761288E+03    -0.1327075E+02
    -0.1761317E+03    -0.1327644E+02
    -0.1761422E+03    -0.1328336E+02
    -0.1761452E+03    -0.1328768E+02
    -0.1761453E+03    -0.1329343E+02
    -0.1761422E+03    -0.1330339E+02
    -0.1761434E+03    -0.1330704E+02
    -0.1761498E+03    -0.1330740E+02
    -0.1761524E+03    -0.1330755E+02
    -0.1761505E+03    -0.1331519E+02
    -0.1761524E+03    -0.1331906E+02
    -0.1761528E+03    -0.1333631E+02
    -0.1761517E+03    -0.1333956E+02
    -0.1761416E+03    -0.1334184E+02
    -0.1761412E+03    -0.1334507E+02
    -0.1761486E+03    -0.1335113E+02
    -0.1761517E+03    -0.1335130E+02
    -0.1761584E+03    -0.1334633E+02
    -0.1761620E+03    -0.1334671E+02
    -0.1761649E+03    -0.1335034E+02
    -0.1761687E+03    -0.1335233E+02
    -0.1761814E+03    -0.1335253E+02
    -0.1761849E+03    -0.1335108E+02
    -0.1761853E+03    -0.1334739E+02
    -0.1761831E+03    -0.1334559E+02
    -0.1761844E+03    -0.1334050E+02
    -0.1761918E+03    -0.1333137E+02
    -0.1761905E+03    -0.1332772E+02
    -0.1761912E+03    -0.1332645E+02
    -0.1761928E+03    -0.1332353E+02
    -0.1761968E+03    -0.1332436E+02
    -0.1762023E+03    -0.1331804E+02
    -0.1762051E+03    -0.1331913E+02
    -0.1762122E+03    -0.1331691E+02
    -0.1762155E+03    -0.1331040E+02
    -0.1762176E+03    -0.1329609E+02
    -0.1762168E+03    -0.1329104E+02
    -0.1762139E+03    -0.1328880E+02
    -0.1762025E+03    -0.1328581E+02
    -0.1761936E+03    -0.1327748E+02
    -0.1761919E+03    -0.1327383E+02
    -0.1761928E+03    -0.1326092E+02
    -0.1761873E+03    -0.1323226E+02
    -0.1761869E+03    -0.1323178E+02
    -0.1761824E+03    -0.1322569E+02
    -0.1761678E+03    -0.1321425E+02
END
2
    -0.1781485E+03    -0.1430233E+02
    -0.1781006E+03    -0.1432860E+02
    -0.1781105E+03    -0.1432856E+02
    -0.1781240E+03    -0.1432561E+02
    -0.1781306E+03    -0.1432712E+02
    -0.1781356E+03    -0.1432446E+02
    -0.1781613E+03    -0.1432496E+02
    -0.1781708E+03    -0.1431779E+02
    -0.1781789E+03    -0.1430324E+02
    -0.1781860E+03    -0.1430246E+02
    -0.1781901E+03    -0.1429794E+02
    -0.1782024E+03    -0.1426991E+02
    -0.1782068E+03    -0.1426379E+02
    -0.1782066E+03    -0.1425068E+02
    -0.1782038E+03    -0.1424672E+02
    -0.1781992E+03    -0.1424433E+02
    -0.1781712E+03    -0.1425183E+02
    -0.1781546E+03    -0.1426001E+02
    -0.1781515E+03    -0.1426522E+02
    -0.1781333E+03    -0.1429614E+02
    -0.1781193E+03    -0.1430070E+02
    -0.1781130E+03    -0.1430011E+02
    -0.1781034E+03    -0.1431004E+02
    -0.1780951E+03    -0.1430941E+02
    -0.1780823E+03    -0.1431629E+02
    -0.1780664E+03    -0.1432126E+02
    -0.1780584E+03    -0.1431995E+02
    -0.1780562E+03    -0.1432266E+02
    -0.1780588E+03    -0.1432478E+02
    -0.1780621E+03    -0.1432485E+02
    -0.1780729E+03    -0.1432506E+02
    -0.1780860E+03    -0.1432762E+02
    -0.1780955E+03    -0.1432712E+02
    -0.1781006E+03    -0.1432860E+02
END
3
    -0.1780354E+03    -0.1435740E+02
    -0.1780000E+03    -0.1435808E+02
    -0.1780064E+03    -0.1436028E+02
    -0.1780266E+03    -0.1437747E+02
    -0.1780372E+03    -0.1438779E+02
    -0.1780778E+03    -0.1437320E+02
    -0.1780807E+03    -0.1436797E+02
    -0.1780803E+03    -0.1436451E+02
    -0.1780778E+03    -0.1436171E+02
    -0.1780593E+03    -0.1434594E+02
    -0.1780463E+03    -0.1433859E+02
    -0.1780399E+03    -0.1433498E+02
    -0.1780329E+03    -0.1433369E+02
    -0.1780212E+03    -0.1433966E+02
    -0.1780158E+03    -0.1434116E+02
    -0.1780068E+03    -0.1434076E+02
    -0.1780000E+03    -0.1434296E+02
    -0.1779919E+03    -0.1434667E+02
    -0.1779873E+03    -0.1435067E+02
    -0.1779894E+03    -0.1435441E+02
    -0.1780000E+03    -0.1435808E+02
END
END
