west_virginia
1
        -80.489395         38.846397
        -80.514900         40.630112
        -80.515274         40.465511
        -80.516434         40.339722
        -80.517593         40.213943
        -80.518738         40.088184
        -80.524109         40.000000
        -80.523552         39.992500
        -80.524895         39.967770
        -80.521873         39.882427
        -80.523735         39.870049
        -80.520859         39.858860
        -80.520988         39.832993
        -80.519600         39.801651
        -80.518997         39.787918
        -80.516594         39.753376
        -80.518700         39.738014
        -80.518776         39.725651
        -80.517059         39.712360
        -80.506050         39.710670
        -80.423637         39.713333
        -80.413231         39.711376
        -80.398140         39.713810
        -80.379753         39.713757
        -80.361099         39.715759
        -80.351578         39.714016
        -80.286926         39.714367
        -80.268181         39.713398
        -80.267639         39.713844
        -80.257858         39.714157
        -80.245392         39.713802
        -80.230560         39.713467
        -80.230576         39.714382
        -80.213997         39.716579
        -80.203583         39.714603
        -80.194687         39.714672
        -80.190201         39.711731
        -80.187569         39.714729
        -80.176514         39.714680
        -80.131218         39.714474
        -80.125549         39.712227
        -80.053169         39.710911
        -80.038071         39.713070
        -80.030342         39.711521
        -80.020264         39.712044
        -80.000000         39.712475
        -79.989128         39.712704
        -79.968384         39.714436
        -79.961548         39.712418
        -79.944046         39.712063
        -79.931259         39.709846
        -79.929810         39.712147
        -79.922249         39.709286
        -79.920609         39.711285
        -79.913193         39.711399
        -79.896881         39.711647
        -79.805840         39.711895
        -79.782707         39.712006
        -79.772606         39.710449
        -79.762238         39.711411
        -79.743851         39.711494
        -79.717461         39.712063
        -79.633522         39.710781
        -79.617821         39.713814
        -79.608910         39.711781
        -79.570946         39.710068
        -79.565315         39.711231
        -79.539810         39.712219
        -79.527946         39.710648
        -79.522018         39.712269
        -79.476349         39.712536
        -79.477074         39.671856
        -79.478432         39.639797
        -79.480652         39.604076
        -79.481400         39.567898
        -79.482437         39.531948
        -79.485344         39.519348
        -79.482948         39.512939
        -79.482872         39.494621
        -79.484489         39.455917
        -79.485237         39.422707
        -79.485382         39.417332
        -79.485497         39.413090
        -79.486877         39.389725
        -79.487991         39.373234
        -79.488190         39.351017
        -79.488091         39.326054
        -79.488907         39.294796
        -79.490379         39.238091
        -79.489151         39.226868
        -79.490540         39.205563
        -79.489914         39.197086
        -79.472534         39.196671
        -79.458893         39.195263
        -79.458893         39.195263
        -79.441849         39.211502
        -79.437973         39.216690
        -79.433044         39.223141
        -79.421089         39.233307
        -79.416740         39.239525
        -79.387543         39.263783
        -79.380554         39.266823
        -79.375221         39.269138
        -79.363441         39.270596
        -79.352570         39.274563
        -79.345894         39.283768
        -79.343323         39.291573
        -79.336296         39.296429
        -79.322777         39.300869
        -79.310684         39.301407
        -79.299118         39.295982
        -79.294991         39.296467
        -79.289436         39.301311
        -79.286896         39.312321
        -79.280487         39.319920
        -79.268883         39.332401
        -79.267639         39.333740
        -79.260582         39.336533
        -79.259140         39.339745
        -79.259544         39.350510
        -79.256042         39.354424
        -79.252808         39.356045
        -79.241302         39.357029
        -79.223640         39.362858
        -79.209557         39.372326
        -79.206062         39.377613
        -79.199028         39.383377
        -79.194023         39.385239
        -79.180450         39.386456
        -79.172798         39.390160
        -79.171104         39.398186
        -79.164520         39.411205
        -79.164131         39.411964
        -79.161194         39.413811
        -79.156769         39.414520
        -79.154091         39.412243
        -79.151047         39.401955
        -79.147797         39.402199
        -79.131737         39.424953
        -79.120018         39.436920
        -79.112129         39.447948
        -79.108353         39.456440
        -79.107292         39.471100
        -79.101089         39.472275
        -79.090408         39.467518
        -79.081543         39.468243
        -79.077698         39.470726
        -79.076538         39.471474
        -79.072105         39.471722
        -79.066452         39.467396
        -79.062309         39.467186
        -79.056137         39.472252
        -79.046707         39.476414
        -79.033302         39.463646
        -79.025887         39.460243
        -79.012573         39.458694
        -78.980843         39.444389
        -78.963654         39.437813
        -78.960106         39.438286
        -78.954285         39.454571
        -78.953712         39.456169
        -78.933434         39.476620
        -78.918976         39.483078
        -78.912506         39.489513
        -78.905777         39.502129
        -78.890450         39.512939
        -78.878349         39.519157
        -78.855408         39.547386
        -78.852661         39.549664
        -78.846558         39.554737
        -78.837097         39.557053
        -78.828804         39.555927
        -78.824661         39.557999
        -78.819656         39.563736
        -78.822655         39.571743
        -78.820030         39.581364
        -78.812973         39.592373
        -78.800583         39.604763
        -78.798866         39.619423
        -78.795044         39.626068
        -78.790016         39.629055
        -78.774902         39.630005
        -78.764252         39.634377
        -78.770119         39.619026
        -78.770103         39.615135
        -78.765648         39.611938
        -78.759430         39.612179
        -78.749374         39.617924
        -78.741676         39.618626
        -78.730980         39.609486
        -78.730080         39.606052
        -78.739235         39.599167
        -78.746948         39.600758
        -78.757011         39.599365
        -78.767349         39.591789
        -78.763474         39.584240
        -78.753075         39.575562
        -78.748337         39.573967
        -78.740479         39.573982
        -78.735619         39.578339
        -78.728203         39.575836
        -78.722534         39.562794
        -78.710365         39.551594
        -78.665909         39.531509
        -78.650803         39.527409
        -78.615891         39.531105
        -78.608246         39.530506
        -78.604347         39.530201
        -78.591019         39.526775
        -78.578583         39.520828
        -78.562302         39.515800
        -78.549583         39.514660
        -78.527985         39.517414
        -78.511703         39.517414
        -78.482704         39.510773
        -78.476494         39.511913
        -78.467026         39.510311
        -78.462097         39.510689
        -78.461105         39.510765
        -78.452522         39.521984
        -78.449852         39.534115
        -78.451622         39.539612
        -78.450142         39.543045
        -78.447479         39.543503
        -78.437714         39.536629
        -78.432686         39.535709
        -78.430016         39.537998
        -78.430016         39.543720
        -78.427353         39.544407
        -78.416992         39.539593
        -78.412849         39.540047
        -78.409889         39.542793
        -78.415504         39.548061
        -78.446877         39.563652
        -78.451317         39.569149
        -78.451958         39.573990
        -78.452499         39.578079
        -78.446274         39.582195
        -78.440056         39.584026
        -78.428802         39.583790
        -78.404526         39.575073
        -78.395340         39.575981
        -78.391785         39.579868
        -78.395035         39.585369
        -78.405991         39.589725
        -78.420197         39.600956
        -78.422562         39.605995
        -78.422852         39.612404
        -78.418106         39.616295
        -78.410400         39.616745
        -78.393860         39.609722
        -78.379608         39.603668
        -78.373680         39.602749
        -78.371307         39.604805
        -78.375145         39.615799
        -78.372177         39.619686
        -78.366547         39.620598
        -78.357658         39.618526
        -78.352921         39.619205
        -78.350250         39.621265
        -78.349045         39.628819
        -78.342232         39.630642
        -78.314674         39.627625
        -78.290108         39.615681
        -78.272644         39.610153
        -78.264351         39.608765
        -78.258705         39.613106
        -78.257210         39.620197
        -78.249771         39.628197
        -78.236412         39.636410
        -78.220955         39.648739
        -78.220642         39.654003
        -78.223351         39.657303
        -78.229500         39.664783
        -78.227119         39.667297
        -78.197464         39.667686
        -78.190926         39.672249
        -78.182579         39.682072
        -78.176933         39.684574
        -78.168625         39.685696
        -78.153519         39.682220
        -78.131882         39.679642
        -78.093391         39.668301
        -78.073280         39.659077
        -78.060593         39.648273
        -78.028419         39.625717
        -78.016518         39.610584
        -78.016518         39.610584
        -78.010239         39.602089
        -78.007919         39.598431
        -78.003212         39.597305
        -77.996155         39.595802
        -77.993347         39.593960
        -77.988167         39.593197
        -77.983459         39.592800
        -77.978745         39.592770
        -77.971199         39.592720
        -77.963631         39.594856
        -77.958412         39.597012
        -77.954620         39.598808
        -77.951317         39.598785
        -77.947090         39.597298
        -77.946159         39.596199
        -77.944351         39.589985
        -77.941628         39.581215
        -77.938835         39.577911
        -77.933647         39.578239
        -77.932205         39.580784
        -77.931221         39.583694
        -77.930267         39.584782
        -77.930176         39.592075
        -77.930130         39.596085
        -77.935226         39.603779
        -77.937523         39.608536
        -77.937508         39.609997
        -77.934669         39.610706
        -77.932785         39.610691
        -77.928543         39.609932
        -77.916435         39.597813
        -77.911278         39.595222
        -77.905167         39.593719
        -77.894798         39.592918
        -77.888680         39.591778
        -77.883041         39.590641
        -77.880676         39.590992
        -77.877823         39.592793
        -77.876877         39.593151
        -77.876854         39.594975
        -77.881012         39.601570
        -77.881462         39.603397
        -77.881439         39.605217
        -77.878601         39.605564
        -77.876251         39.604816
        -77.863571         39.600708
        -77.853218         39.599171
        -77.842850         39.598366
        -77.835800         39.596851
        -77.830147         39.596077
        -77.827354         39.593502
        -77.825035         39.590569
        -77.824142         39.586914
        -77.823265         39.582165
        -77.824280         39.576702
        -77.827278         39.564327
        -77.829231         39.559601
        -77.830208         39.557053
        -77.834465         39.555630
        -77.849098         39.553917
        -77.873642         39.551548
        -77.876961         39.550117
        -77.879807         39.548676
        -77.879364         39.546486
        -77.879379         39.545391
        -77.877502         39.544647
        -77.874229         39.542801
        -77.868141         39.539474
        -77.864395         39.537621
        -77.860222         39.532482
        -77.859337         39.528465
        -77.859886         39.522270
        -77.860451         39.514980
        -77.859543         39.512417
        -77.855804         39.510201
        -77.852058         39.508713
        -77.847343         39.508678
        -77.839325         39.509712
        -77.834564         39.513321
        -77.834518         39.516605
        -77.834465         39.520615
        -77.833473         39.524254
        -77.829704         39.524590
        -77.824036         39.525276
        -77.821228         39.524158
        -77.820297         39.523056
        -77.817955         39.521946
        -77.817566         39.516106
        -77.818565         39.512100
        -77.819550         39.508827
        -77.835243         39.498009
        -77.836685         39.495464
        -77.835770         39.493999
        -77.833923         39.490704
        -77.831123         39.489220
        -77.826904         39.487728
        -77.819382         39.486942
        -77.813278         39.485435
        -77.797752         39.484581
        -77.789757         39.483788
        -77.784554         39.485203
        -77.780258         39.489544
        -77.777878         39.491348
        -77.774551         39.493145
        -77.768898         39.493465
        -77.764664         39.492699
        -77.761864         39.491219
        -77.760979         39.487198
        -77.760536         39.485371
        -77.761986         39.482830
        -77.768135         39.480690
        -77.773796         39.480007
        -77.778534         39.477859
        -77.783257         39.476803
        -77.787544         39.473557
        -77.789017         39.469189
        -77.789040         39.467365
        -77.785309         39.464783
        -77.780640         39.462555
        -77.775482         39.461056
        -77.774101         39.458855
        -77.774132         39.456665
        -77.776031         39.455223
        -77.786850         39.455677
        -77.790161         39.454975
        -77.791138         39.452065
        -77.790222         39.450596
        -77.785576         39.445816
        -77.782326         39.442875
        -77.780487         39.439575
        -77.782402         39.437767
        -77.792343         39.433472
        -77.792366         39.432011
        -77.792862         39.429829
        -77.792892         39.427639
        -77.788216         39.425777
        -77.783043         39.425369
        -77.773186         39.423828
        -77.761452         39.421543
        -77.755356         39.420033
        -77.749756         39.417068
        -77.746536         39.411934
        -77.736412         39.396526
        -77.733276         39.385921
        -77.733322         39.383003
        -77.735260         39.379005
        -77.744240         39.376163
        -77.747551         39.374733
        -77.748528         39.372189
        -77.746674         39.370350
        -77.743904         39.366676
        -77.740227         39.361172
        -77.740318         39.354607
        -77.741310         39.346130
        -77.750328         39.341114
        -77.753380         39.336514
        -77.754623         39.333282
        -77.753464         39.330956
        -77.750504         39.329544
        -77.745773         39.326263
        -77.735085         39.323391
        -77.730347         39.321037
        -77.725319         39.320015
        -77.725319         39.320015
        -77.739006         39.292084
        -77.746361         39.277508
        -77.752838         39.262234
        -77.750557         39.257854
        -77.762268         39.246536
        -77.771141         39.228996
        -77.775375         39.223320
        -77.775154         39.219421
        -77.788933         39.190712
        -77.791756         39.181580
        -77.805702         39.159512
        -77.824211         39.128555
        -77.841125         39.137444
        -77.853317         39.147427
        -77.920807         39.191856
        -77.936020         39.202812
        -77.944809         39.205421
        -77.950356         39.208912
        -77.956718         39.216076
        -77.969849         39.224453
        -77.978333         39.227970
        -77.994370         39.240852
        -77.997017         39.240532
        -78.002533         39.244926
        -78.055084         39.279316
        -78.064445         39.285057
        -78.076714         39.292568
        -78.106224         39.312298
        -78.117088         39.316055
        -78.128197         39.323483
        -78.130219         39.326477
        -78.151283         39.339939
        -78.198425         39.368950
        -78.213364         39.378002
        -78.215393         39.380993
        -78.222427         39.385399
        -78.297180         39.432220
        -78.306023         39.434574
        -78.327133         39.448917
        -78.335045         39.455154
        -78.339180         39.455414
        -78.340698         39.451759
        -78.341705         39.440773
        -78.347412         39.432110
        -78.356537         39.408352
        -78.356339         39.399418
        -78.345642         39.378277
        -78.355255         39.363224
        -78.362122         39.356171
        -78.359505         39.352261
        -78.347420         39.350803
        -78.341568         39.346184
        -78.339272         39.340214
        -78.352745         39.322666
        -78.353966         39.318783
        -78.357826         39.316517
        -78.360245         39.310806
        -78.366776         39.307186
        -78.373352         39.298752
        -78.376381         39.291214
        -78.388000         39.280293
        -78.410385         39.253407
        -78.410454         39.246994
        -78.402603         39.236637
        -78.403008         39.225643
        -78.405411         39.221306
        -78.414925         39.212429
        -78.421150         39.208576
        -78.428612         39.198772
        -78.428986         39.191212
        -78.407402         39.169773
        -78.399818         39.162853
        -78.406967         39.156963
        -78.419411         39.146713
        -78.443794         39.121201
        -78.451836         39.111626
        -78.462463         39.107563
        -78.479584         39.101479
        -78.500275         39.090137
        -78.527573         39.063023
        -78.534683         39.056416
        -78.557770         39.037060
        -78.563133         39.028381
        -78.561996         39.023792
        -78.553795         39.020084
        -78.551788         39.014118
        -78.553886         39.009548
        -78.563965         38.997913
        -78.576431         38.981476
        -78.575264         38.981472
        -78.587006         38.969131
        -78.588287         38.967785
        -78.595093         38.961174
        -78.612633         38.972256
        -78.618202         38.973427
        -78.623802         38.970474
        -78.652496         38.940582
        -78.665192         38.929409
        -78.670494         38.926910
        -78.686134         38.914375
        -78.696434         38.909603
        -78.702644         38.902065
        -78.709129         38.897278
        -78.713478         38.905087
        -78.713715         38.914940
        -78.713081         38.922958
        -78.716873         38.925724
        -78.724213         38.925751
        -78.733932         38.920288
        -78.762840         38.893120
        -78.765800         38.887859
        -78.781982         38.879436
        -78.795540         38.865959
        -78.799423         38.851765
        -78.823051         38.815399
        -78.851952         38.773083
        -78.859909         38.760502
        -78.863144         38.758675
        -78.872795         38.760765
        -78.902603         38.780319
        -78.907280         38.782848
        -78.912842         38.783779
        -78.920151         38.788609
        -78.921303         38.793194
        -78.987999         38.836407
        -78.990929         38.836868
        -78.998573         38.828632
        -78.999168         38.824738
        -79.014732         38.812843
        -79.020897         38.805290
        -79.029991         38.799572
        -79.030876         38.796135
        -79.029419         38.793842
        -79.036461         38.786976
        -79.049942         38.785156
        -79.056396         38.781040
        -79.064049         38.754921
        -79.071388         38.740261
        -79.086060         38.716896
        -79.089584         38.704754
        -79.087555         38.687561
        -79.085526         38.672661
        -79.089043         38.666706
        -79.093437         38.658455
        -79.103096         38.652504
        -79.107483         38.652050
        -79.111870         38.651363
        -79.120644         38.649994
        -79.131172         38.644958
        -79.141411         38.635338
        -79.149895         38.622501
        -79.156334         38.601875
        -79.156044         38.595688
        -79.164520         38.578728
        -79.191689         38.542053
        -79.198692         38.529217
        -79.203072         38.525318
        -79.212105         38.495518
        -79.226387         38.471672
        -79.233673         38.461582
        -79.246208         38.450344
        -79.257576         38.444607
        -79.265450         38.440937
        -79.288162         38.417534
        -79.290787         38.414093
        -79.298653         38.412025
        -79.308556         38.406055
        -79.314095         38.405823
        -79.324295         38.407413
        -79.427589         38.436607
        -79.452110         38.443207
        -79.475182         38.449577
        -79.487495         38.466053
        -79.493958         38.476357
        -79.519829         38.520306
        -79.531296         38.537697
        -79.543030         38.547977
        -79.576385         38.559341
        -79.605057         38.567501
        -79.625854         38.578205
        -79.638443         38.582287
        -79.648666         38.581791
        -79.656242         38.578323
        -79.662033         38.569820
        -79.664894         38.560184
        -79.666862         38.548714
        -79.675262         38.537220
        -79.672890         38.531498
        -79.663147         38.514801
        -79.667778         38.508823
        -79.673027         38.507656
        -79.685234         38.500042
        -79.699387         38.478207
        -79.701385         38.472240
        -79.701912         38.463528
        -79.694160         38.439255
        -79.694664         38.427792
        -79.699272         38.418373
        -79.715790         38.404549
        -79.731125         38.388206
        -79.736000         38.377636
        -79.737961         38.367310
        -79.738487         38.359741
        -79.741379         38.356289
        -79.761719         38.349777
        -79.772453         38.343311
        -79.789452         38.320759
        -79.805115         38.312656
        -79.809113         38.303467
        -79.804077         38.293175
        -79.793785         38.279694
        -79.792580         38.275116
        -79.793724         38.271900
        -79.803246         38.262680
        -79.833046         38.242352
        -79.866310         38.221081
        -79.884224         38.208599
        -79.891731         38.202824
        -79.893738         38.199829
        -79.901543         38.194969
        -79.905846         38.188984
        -79.916237         38.181358
        -79.919083         38.174919
        -79.926636         38.145294
        -79.932640         38.134937
        -79.942757         38.130291
        -79.945015         38.123627
        -79.942917         38.117218
        -79.932938         38.106270
        -79.932579         38.099392
        -79.938919         38.094307
        -79.948730         38.088287
        -79.966682         38.055611
        -79.978683         38.037872
        -79.979507         38.033512
        -79.980011         38.025711
        -79.992599         38.009346
        -80.000000         37.999973
        -80.004616         37.994129
        -80.023285         37.977722
        -80.027283         37.971962
        -80.052635         37.957005
        -80.055206         37.955486
        -80.071320         37.945278
        -80.093437         37.928833
        -80.114388         37.912163
        -80.130417         37.896446
        -80.140739         37.888569
        -80.165855         37.882637
        -80.168709         37.879177
        -80.170334         37.870445
        -80.181786         37.860722
        -80.185982         37.849449
        -80.184822         37.849457
        -80.186127         37.838665
        -80.187286         37.838657
        -80.194145         37.831947
        -80.207893         37.821285
        -80.216133         37.810204
        -80.229263         37.797249
        -80.229759         37.791283
        -80.222420         37.783085
        -80.220627         37.778740
        -80.224915         37.775036
        -80.240486         37.772381
        -80.249374         37.766567
        -80.254204         37.760563
        -80.256035         37.744503
        -80.262856         37.738235
        -80.255775         37.728203
        -80.263710         37.716896
        -80.269157         37.713863
        -80.282951         37.708694
        -80.286934         37.704533
        -80.298683         37.697773
        -80.300659         37.695004
        -80.311546         37.688938
        -80.317596         37.687508
        -80.320412         37.682892
        -80.319794         37.679916
        -80.301140         37.668388
        -80.232742         37.628609
        -80.228615         37.622448
        -80.228867         37.619694
        -80.234268         37.613453
        -80.239716         37.610886
        -80.250305         37.604828
        -80.262909         37.598297
        -80.262894         37.597378
        -80.270996         37.592091
        -80.286049         37.582260
        -80.308678         37.571732
        -80.319611         37.569569
        -80.326744         37.564915
        -80.328712         37.561455
        -80.321907         37.549587
        -80.323807         37.541767
        -80.329750         37.534142
        -80.329994         37.531158
        -80.324463         37.527309
        -80.313187         37.525349
        -80.302345         37.532787
        -80.291962         37.532192
        -80.290169         37.527622
        -80.294922         37.517712
        -80.308273         37.504284
        -80.321693         37.496361
        -80.341743         37.488144
        -80.344910         37.488342
        -80.357880         37.488449
        -80.366173         37.484241
        -80.374985         37.476814
        -80.391258         37.467476
        -80.410416         37.458569
        -80.420952         37.451351
        -80.428108         37.448524
        -80.459488         37.430996
        -80.475220         37.424637
        -80.490456         37.423557
        -80.495071         37.424198
        -80.497406         37.426235
        -80.498917         37.430122
        -80.498459         37.437241
        -80.497307         37.454002
        -80.507019         37.466518
        -80.514580         37.470566
        -80.527908         37.475010
        -80.541153         37.474865
        -80.562088         37.469353
        -80.570930         37.464897
        -80.622780         37.434242
        -80.633636         37.429756
        -80.637596         37.426037
        -80.670700         37.411186
        -80.689529         37.402695
        -80.704330         37.394253
        -80.717468         37.389042
        -80.744568         37.377686
        -80.774620         37.369957
        -80.780701         37.371712
        -80.781136         37.378822
        -80.785255         37.383587
        -80.796295         37.388489
        -80.811012         37.390591
        -80.822189         37.401917
        -80.826065         37.408287
        -80.832489         37.412792
        -80.838722         37.414749
        -80.844040         37.412083
        -80.847473         37.409664
        -80.848480         37.406857
        -80.848480         37.406857
        -80.853928         37.399040
        -80.860207         37.391850
        -80.863068         37.388153
        -80.866501         37.385735
        -80.869698         37.384392
        -80.873711         37.383465
        -80.877464         37.382973
        -80.880157         37.382927
        -80.882301         37.382679
        -80.884171         37.382217
        -80.884682         37.381134
        -80.883858         37.380291
        -80.882462         37.378597
        -80.875053         37.372925
        -80.872879         37.372318
        -80.870117         37.369362
        -80.870117         37.369362
        -80.859337         37.349781
        -80.859497         37.344044
        -80.866852         37.338436
        -80.886505         37.329903
        -80.904823         37.313354
        -80.927322         37.303856
        -80.931236         37.298981
        -80.940636         37.295177
        -80.955818         37.292892
        -80.977333         37.291203
        -80.990982         37.297428
        -81.003075         37.298168
        -81.042778         37.287933
        -81.051033         37.284595
        -81.056740         37.282902
        -81.074554         37.283085
        -81.086281         37.280609
        -81.108948         37.279339
        -81.131775         37.273010
        -81.155212         37.268044
        -81.178246         37.258720
        -81.222183         37.236423
        -81.232170         37.233734
        -81.244911         37.237881
        -81.264908         37.253384
        -81.275261         37.264362
        -81.275352         37.267334
        -81.284737         37.270115
        -81.289436         37.269974
        -81.297943         37.275791
        -81.314690         37.289471
        -81.322594         37.294842
        -81.335556         37.306091
        -81.348907         37.321003
        -81.361221         37.329506
        -81.369835         37.329121
        -81.375862         37.318459
        -81.384392         37.315090
        -81.396301         37.309368
        -81.404167         37.303028
        -81.408752         37.292389
        -81.413170         37.276012
        -81.418716         37.269028
        -81.431343         37.268566
        -81.442795         37.265862
        -81.446442         37.264156
        -81.465721         37.255306
        -81.481911         37.249035
        -81.501450         37.249355
        -81.504799         37.246078
        -81.506767         37.235023
        -81.512543         37.226425
        -81.523216         37.218414
        -81.540604         37.214180
        -81.563141         37.209381
        -81.578773         37.204258
        -81.592491         37.202152
        -81.638054         37.199398
        -81.643494         37.199070
        -81.666443         37.198605
        -81.680595         37.201073
        -81.699783         37.208485
        -81.727219         37.230869
        -81.742088         37.237675
        -81.748352         37.244659
        -81.749306         37.256115
        -81.757309         37.263523
        -81.784477         37.276718
        -81.795204         37.279705
        -81.815781         37.276279
        -81.831009         37.276180
        -81.853584         37.280739
        -81.861267         37.286770
        -81.861038         37.296875
        -81.862892         37.300507
        -81.872284         37.306038
        -81.873367         37.312443
        -81.881676         37.319832
        -81.909889         37.337112
        -81.926170         37.350292
        -81.936462         37.364750
        -81.940826         37.374062
        -81.937370         37.390209
        -81.932594         37.401562
        -81.932915         37.403637
        -81.934830         37.415970
        -81.940346         37.425259
        -81.940910         37.433048
        -81.942062         37.433022
        -81.953018         37.441498
        -81.964645         37.444447
        -81.983910         37.451584
        -81.993362         37.458023
        -81.998611         37.467773
        -81.994949         37.477955
        -81.985947         37.483898
        -81.969101         37.488186
        -81.961250         37.494331
        -81.957466         37.501301
        -81.957832         37.511620
        -81.962456         37.520008
        -81.974007         37.528469
        -81.979134         37.529915
        -81.979134         37.529915
        -81.980980         37.535461
        -81.987381         37.537594
        -81.998917         37.537579
        -82.014450         37.530785
        -82.022789         37.530087
        -82.025650         37.530697
        -82.030365         37.531704
        -82.046104         37.541580
        -82.051071         37.542812
        -82.053772         37.538834
        -82.051109         37.531105
        -82.051849         37.528328
        -82.055206         37.526165
        -82.059853         37.526718
        -82.068726         37.531509
        -82.074425         37.542362
        -82.081558         37.546974
        -82.090637         37.549694
        -82.107971         37.550102
        -82.119209         37.555969
        -82.124634         37.554665
        -82.130760         37.549889
        -82.135956         37.549965
        -82.140945         37.551620
        -82.143578         37.552494
        -82.153854         37.562290
        -82.147476         37.567760
        -82.140587         37.568653
        -82.137802         37.570801
        -82.135994         37.575214
        -82.140152         37.583817
        -82.147331         37.589111
        -82.160904         37.595364
        -82.185783         37.614361
        -82.189232         37.619999
        -82.182785         37.630291
        -82.187073         37.641411
        -82.190872         37.644066
        -82.193565         37.644199
        -82.195984         37.640453
        -82.195068         37.633366
        -82.197525         37.624340
        -82.201431         37.621468
        -82.213829         37.620861
        -82.219131         37.622997
        -82.225792         37.629452
        -82.232918         37.645306
        -82.243141         37.653488
        -82.249901         37.655804
        -82.259392         37.654827
        -82.276314         37.658211
        -82.280182         37.660385
        -82.283623         37.665791
        -82.296730         37.668350
        -82.302887         37.669556
        -82.306541         37.673344
        -82.308464         37.677189
        -82.308487         37.689354
        -82.311401         37.701427
        -82.322464         37.714630
        -82.330055         37.727707
        -82.340553         37.740921
        -82.338715         37.744652
        -82.331169         37.750168
        -82.325424         37.756775
        -82.329399         37.761013
        -82.339485         37.760239
        -82.345161         37.763733
        -82.346107         37.766266
        -82.351845         37.781658
        -82.361786         37.789379
        -82.377998         37.795067
        -82.388206         37.802322
        -82.395340         37.811737
        -82.400002         37.812275
        -82.406433         37.807713
        -82.410217         37.808052
        -82.412979         37.811176
        -82.411545         37.817188
        -82.412567         37.825878
        -82.425880         37.842670
        -82.430344         37.853100
        -82.433449         37.860336
        -82.430779         37.864780
        -82.425346         37.866333
        -82.424606         37.868881
        -82.429985         37.877659
        -82.436028         37.882519
        -82.445663         37.895061
        -82.474068         37.911823
        -82.477821         37.911472
        -82.478867         37.903633
        -82.482895         37.903046
        -82.485901         37.905014
        -82.497040         37.924164
        -82.506096         37.929165
        -82.510780         37.931751
        -82.512695         37.935131
        -82.500214         37.946095
        -82.489418         37.950577
        -82.487907         37.954987
        -82.492920         37.962170
        -82.493141         37.966293
        -82.489525         37.969395
        -82.478722         37.973648
        -82.477386         37.975986
        -82.479675         37.980961
        -82.486961         37.981415
        -82.493820         37.979355
        -82.508018         37.995651
        -82.523201         37.997223
        -82.529182         38.000698
        -82.532974         38.005417
        -82.540680         38.015011
        -82.551567         38.034164
        -82.557503         38.053020
        -82.563072         38.059490
        -82.583145         38.076271
        -82.593338         38.087639
        -82.604218         38.106327
        -82.610222         38.109802
        -82.614006         38.109905
        -82.617462         38.114609
        -82.643723         38.132549
        -82.653419         38.150356
        -82.653053         38.157436
        -82.652992         38.158634
        -82.649986         38.167683
        -82.648041         38.169357
        -82.628685         38.171841
        -82.621437         38.177818
        -82.613586         38.194145
        -82.612938         38.203808
        -82.615295         38.215202
        -82.624931         38.231865
        -82.621460         38.237717
        -82.599747         38.245552
        -82.592720         38.250374
        -82.588921         38.255550
        -82.591728         38.297222
        -82.587578         38.312275
        -82.589195         38.320713
        -82.602036         38.337269
        -82.606781         38.338718
        -82.608406         38.341877
        -82.610611         38.350292
        -82.609169         38.369179
        -82.609718         38.398739
        -82.602043         38.412361
        -82.602043         38.412361
        -82.595688         38.406895
        -82.586502         38.400211
        -82.584183         38.399788
        -82.584183         38.399788
        -82.580360         38.399094
        -82.562614         38.398327
        -82.548164         38.397022
        -82.542084         38.397205
        -82.533386         38.400513
        -82.521904         38.403469
        -82.493454         38.410416
        -82.468277         38.416386
        -82.448586         38.421322
        -82.432220         38.426590
        -82.424049         38.429440
        -82.417519         38.431805
        -82.409698         38.430294
        -82.398598         38.429745
        -82.373718         38.430462
        -82.365440         38.431137
        -82.362740         38.432518
        -82.356735         38.434433
        -82.348419         38.434235
        -82.340126         38.434471
        -82.335823         38.437206
        -82.329460         38.443481
        -82.321663         38.454586
        -82.319626         38.458561
        -82.318665         38.462128
        -82.318665         38.462128
        -82.316780         38.469090
        -82.314445         38.478729
        -82.310371         38.486679
        -82.307999         38.495453
        -82.308708         38.511105
        -82.309059         38.518929
        -82.304298         38.523849
        -82.299286         38.535744
        -82.297821         38.540138
        -82.298393         38.552742
        -82.298683         38.559265
        -82.293739         38.572460
        -82.287361         38.578732
        -82.282097         38.584972
        -82.278931         38.588543
        -82.272934         38.590889
        -82.266281         38.591072
        -82.254051         38.590542
        -82.242897         38.589111
        -82.230034         38.586853
        -82.210602         38.586517
        -82.200630         38.586792
        -82.193024         38.590481
        -82.185417         38.594170
        -82.179146         38.603043
        -82.176483         38.618347
        -82.177383         38.626156
        -82.181183         38.636932
        -82.181999         38.643005
        -82.194237         38.668781
        -82.195930         38.682228
        -82.192818         38.687099
        -82.191055         38.697590
        -82.190323         38.706314
        -82.191734         38.713238
        -82.194801         38.719681
        -82.197418         38.728748
        -82.201630         38.748650
        -82.203445         38.752083
        -82.206398         38.755920
        -82.211510         38.758392
        -82.219551         38.764263
        -82.222000         38.769417
        -82.225601         38.775410
        -82.225914         38.782364
        -82.223343         38.787220
        -82.220284         38.793396
        -82.214325         38.797039
        -82.209557         38.802391
        -82.204651         38.804703
        -82.197502         38.806637
        -82.192024         38.808525
        -82.184319         38.810474
        -82.174469         38.814224
        -82.164787         38.821880
        -82.158897         38.827263
        -82.149864         38.837078
        -82.146904         38.845860
        -82.144966         38.852436
        -82.146378         38.859360
        -82.148003         38.884117
        -82.146675         38.891983
        -82.145699         38.895054
        -82.139816         38.900867
        -82.115936         38.928478
        -82.110245         38.938633
        -82.091499         38.969582
        -82.088791         38.971394
        -82.083389         38.975449
        -82.081238         38.977245
        -82.075775         38.980000
        -82.069778         38.983204
        -82.063797         38.986839
        -82.058487         38.993065
        -82.043770         39.014328
        -82.041779         39.020035
        -82.038559         39.023163
        -82.029770         39.026436
        -82.017494         39.026318
        -82.012405         39.024708
        -82.007767         39.020477
        -82.004692         39.013596
        -81.999924         39.006321
        -81.994583         38.998627
        -81.988762         38.992687
        -81.984772         38.990612
        -81.979691         38.989002
        -81.970757         38.988792
        -81.960693         38.988178
        -81.955681         38.988304
        -81.951767         38.987968
        -81.951767         38.987968
        -81.946632         38.985054
        -81.944244         38.981197
        -81.941818         38.976475
        -81.937096         38.970066
        -81.933441         38.962330
        -81.929817         38.955460
        -81.924576         38.949936
        -81.920418         38.943512
        -81.916847         38.937946
        -81.914444         38.933655
        -81.912605         38.929352
        -81.911942         38.926758
        -81.912338         38.922832
        -81.913368         38.920631
        -81.915451         38.917099
        -81.919189         38.913090
        -81.921349         38.911297
        -81.924004         38.908188
        -81.932091         38.901459
        -81.934708         38.897476
        -81.937904         38.893917
        -81.938324         38.890427
        -81.936966         38.884369
        -81.935242         38.883106
        -81.931175         38.878860
        -81.927170         38.876350
        -81.917038         38.873558
        -81.907478         38.871185
        -81.900215         38.870495
        -81.894653         38.870632
        -81.889191         38.873379
        -81.878242         38.877998
        -81.857567         38.890251
        -81.854958         38.894665
        -81.854019         38.899040
        -81.853127         38.904716
        -81.853371         38.910801
        -81.852463         38.916042
        -81.850441         38.921310
        -81.848389         38.925713
        -81.845238         38.930576
        -81.840988         38.935898
        -81.836700         38.940353
        -81.828384         38.941425
        -81.823380         38.941544
        -81.818871         38.940350
        -81.815361         38.936081
        -81.810753         38.932278
        -81.806755         38.929764
        -81.799927         38.926014
        -81.793617         38.921379
        -81.784019         38.918129
        -81.777328         38.917854
        -81.772942         38.919697
        -81.770782         38.921490
        -81.768654         38.924149
        -81.767662         38.927219
        -81.767776         38.930260
        -81.770134         38.933685
        -81.774757         38.937923
        -81.778229         38.941322
        -81.781754         38.946022
        -81.785294         38.951160
        -81.788841         38.956295
        -81.790611         38.958862
        -81.790810         38.964077
        -81.789833         38.967579
        -81.786797         38.975483
        -81.780884         38.981277
        -81.777710         38.985703
        -81.775108         38.990551
        -81.772621         38.998440
        -81.771881         39.008026
        -81.774338         39.014057
        -81.777939         39.020496
        -81.782005         39.024750
        -81.786072         39.029003
        -81.792900         39.032318
        -81.798553         39.034359
        -81.803169         39.038162
        -81.808907         39.042374
        -81.812439         39.047073
        -81.817665         39.052166
        -81.820099         39.057327
        -81.822006         39.063370
        -81.823364         39.069427
        -81.823425         39.071167
        -81.821320         39.074261
        -81.818039         39.076080
        -81.813019         39.076202
        -81.809082         39.075424
        -81.806259         39.074623
        -81.797813         39.072651
        -81.783836         39.072113
        -81.779961         39.073078
        -81.776665         39.074459
        -81.769501         39.076805
        -81.762436         39.081757
        -81.758087         39.084904
        -81.753204         39.088497
        -81.751678         39.092449
        -81.748268         39.105576
        -81.748459         39.125141
        -81.748955         39.138176
        -81.750862         39.144222
        -81.755142         39.153687
        -81.758064         39.157097
        -81.761093         39.163116
        -81.762901         39.166550
        -81.765335         39.171715
        -81.764336         39.174782
        -81.762268         39.179180
        -81.754547         39.181969
        -81.749092         39.185577
        -81.744728         39.188290
        -81.742149         39.194000
        -81.737961         39.201492
        -81.735840         39.204586
        -81.731476         39.207298
        -81.727066         39.209141
        -81.721008         39.211456
        -81.714333         39.212479
        -81.707153         39.214821
        -81.706070         39.215717
        -81.702255         39.218414
        -81.700104         39.220638
        -81.699745         39.221661
        -81.699745         39.221661
        -81.699043         39.237186
        -81.699272         39.243267
        -81.696182         39.250298
        -81.694206         39.257298
        -81.689896         39.261745
        -81.685585         39.266193
        -81.678940         39.268085
        -81.669487         39.269608
        -81.661102         39.269798
        -81.651558         39.269142
        -81.620438         39.266483
        -81.620438         39.266483
        -81.603287         39.265011
        -81.580215         39.261612
        -81.577454         39.262543
        -81.573616         39.264801
        -81.569473         39.274021
        -81.569069         39.278378
        -81.570358         39.283134
        -81.570717         39.293125
        -81.569260         39.299244
        -81.565689         39.308887
        -81.565002         39.321079
        -81.564583         39.325001
        -81.562134         39.334621
        -81.556267         39.343010
        -81.550766         39.345737
        -81.544731         39.349346
        -81.533119         39.353512
        -81.509926         39.363144
        -81.503883         39.368511
        -81.503883         39.368511
        -81.503403         39.368935
        -81.494141         39.376526
        -81.487152         39.384933
        -81.477310         39.392101
        -81.468590         39.399242
        -81.459160         39.402050
        -81.454147         39.403023
        -81.446274         39.402321
        -81.439491         39.400723
        -81.435471         39.397762
        -81.431374         39.392632
        -81.426727         39.387947
        -81.422112         39.384132
        -81.418091         39.381172
        -81.415749         39.378178
        -81.413902         39.373432
        -81.410370         39.368290
        -81.409073         39.363098
        -81.404198         39.351463
        -81.399513         39.345474
        -81.392632         39.340832
        -81.385803         39.337494
        -81.376259         39.336819
        -81.369537         39.336956
        -81.362854         39.337963
        -81.358444         39.340225
        -81.325867         39.354362
        -81.309898         39.362942
        -81.295563         39.370182
        -81.283356         39.373901
        -81.270645         39.379368
        -81.254456         39.381420
        -81.247208         39.382431
        -81.240486         39.382561
        -81.230911         39.381008
        -81.223709         39.383755
        -81.220444         39.386860
        -81.214745         39.401749
        -81.208145         39.405788
        -81.203842         39.411522
        -81.198372         39.415974
        -81.192902         39.420425
        -81.188545         39.424419
        -81.183594         39.427555
        -81.176971         39.431156
        -81.165848         39.433975
        -81.142464         39.439625
        -81.136353         39.441479
        -81.131920         39.443298
        -81.127609         39.449028
        -81.120689         39.461327
        -81.103416         39.484245
        -81.096298         39.490025
        -81.090279         39.495350
        -81.082062         39.502018
        -81.073242         39.507393
        -81.034821         39.537632
        -81.018898         39.550083
        -81.007881         39.557663
        -80.954926         39.592041
        -80.941673         39.600521
        -80.933876         39.603260
        -80.925522         39.606007
        -80.914925         39.608791
        -80.896996         39.610828
        -80.889137         39.611393
        -80.883041         39.614536
        -80.876953         39.618114
        -80.874886         39.624664
        -80.871864         39.637753
        -80.869682         39.661251
        -80.871552         39.668171
        -80.869957         39.671673
        -80.869034         39.679077
        -80.861374         39.687023
        -80.855843         39.690590
        -80.843613         39.696434
        -80.838074         39.699566
        -80.834854         39.705700
        -80.834961         39.709610
        -80.839577         39.713879
        -80.843109         39.719906
        -80.846581         39.723324
        -80.872589         39.748535
        -80.872704         39.752880
        -80.872292         39.758533
        -80.870255         39.766388
        -80.864174         39.770832
        -80.860855         39.773056
        -80.838173         39.788631
        -80.831558         39.793949
        -80.828835         39.797470
        -80.826706         39.802280
        -80.824631         39.809265
        -80.825935         39.815762
        -80.828354         39.822239
        -80.830162         39.826553
        -80.830849         39.831322
        -80.827652         39.838322
        -80.826660         39.843552
        -80.811119         39.852921
        -80.802231         39.857841
        -80.796120         39.861412
        -80.795067         39.864468
        -80.793465         39.867970
        -80.794731         39.873161
        -80.799973         39.879597
        -80.804008         39.883007
        -80.808701         39.889885
        -80.811661         39.895050
        -80.812363         39.900249
        -80.811394         39.906345
        -80.810333         39.908970
        -80.807579         39.911621
        -80.803055         39.911259
        -80.796852         39.911354
        -80.794029         39.911400
        -80.791153         39.909271
        -80.787163         39.907597
        -80.780869         39.904221
        -80.774055         39.902588
        -80.771271         39.903934
        -80.763977         39.905785
        -80.761238         39.908867
        -80.761345         39.913208
        -80.763855         39.923161
        -80.768265         39.940903
        -80.767212         39.943958
        -80.765121         39.950504
        -80.762413         39.954891
        -80.758003         39.959305
        -80.754684         39.961960
        -80.751343         39.963749
        -80.748024         39.966404
        -80.745796         39.967743
        -80.743629         39.971249
        -80.743225         39.977772
        -80.744667         39.989910
        -80.744919         40.000000
        -80.731308         40.040321
        -80.733856         40.056641
        -80.734734         40.071545
        -80.712669         40.087002
        -80.708664         40.094975
        -80.708809         40.122028
        -80.707916         40.136875
        -80.692459         40.159325
        -80.678993         40.177784
        -80.669121         40.195015
        -80.662445         40.217773
        -80.656174         40.233784
        -80.643173         40.244141
        -80.628662         40.250381
        -80.615570         40.262089
        -80.613060         40.274170
        -80.606522         40.294228
        -80.598541         40.308823
        -80.599220         40.326431
        -80.608978         40.340313
        -80.607819         40.359211
        -80.610680         40.370136
        -80.620781         40.378616
        -80.623817         40.386845
        -80.614479         40.394627
        -80.610283         40.405296
        -80.603645         40.426704
        -80.598938         40.445477
        -80.595909         40.465664
        -80.600296         40.480705
        -80.614807         40.504227
        -80.622658         40.520748
        -80.637184         40.544266
        -80.648842         40.556858
        -80.658974         40.565338
        -80.661942         40.574913
        -80.646767         40.590614
        -80.631676         40.604961
        -80.615051         40.615192
        -80.602554         40.616096
        -80.593857         40.613075
        -80.581612         40.609928
        -80.569366         40.606781
        -80.560249         40.610508
        -80.549187         40.616871
        -80.536346         40.623169
        -80.514900         40.630112
END
END
