western_sahara
1
    -0.1600802E+02     0.2355721E+02
    -0.1601082E+02     0.2355338E+02
    -0.1601303E+02     0.2355547E+02
    -0.1600825E+02     0.2355954E+02
    -0.1600719E+02     0.2356457E+02
    -0.1600494E+02     0.2356569E+02
    -0.1600350E+02     0.2356178E+02
    -0.1600505E+02     0.2355721E+02
    -0.1600783E+02     0.2355380E+02
    -0.1601082E+02     0.2355338E+02
END
2
    -0.1600881E+02     0.2353773E+02
    -0.1600814E+02     0.2352974E+02
    -0.1601295E+02     0.2354194E+02
    -0.1601169E+02     0.2354399E+02
    -0.1600702E+02     0.2353958E+02
    -0.1600461E+02     0.2353314E+02
    -0.1600639E+02     0.2352995E+02
    -0.1600814E+02     0.2352974E+02
END
3
    -0.1599821E+02     0.2351608E+02
    -0.1599351E+02     0.2350689E+02
    -0.1599623E+02     0.2350806E+02
    -0.1600231E+02     0.2351867E+02
    -0.1600325E+02     0.2352327E+02
    -0.1599829E+02     0.2352184E+02
    -0.1599321E+02     0.2351101E+02
    -0.1599351E+02     0.2350689E+02
END
4
    -0.1277707E+02     0.2600410E+02
    -0.1316859E+02     0.2766702E+02
    -0.1302688E+02     0.2766730E+02
    -0.1288504E+02     0.2766775E+02
    -0.1274321E+02     0.2766805E+02
    -0.1260137E+02     0.2766821E+02
    -0.1249972E+02     0.2766823E+02
    -0.1245953E+02     0.2766841E+02
    -0.1231770E+02     0.2766895E+02
    -0.1217586E+02     0.2766933E+02
    -0.1203402E+02     0.2766958E+02
    -0.1189218E+02     0.2766967E+02
    -0.1178432E+02     0.2766965E+02
    -0.1175035E+02     0.2766910E+02
    -0.1160854E+02     0.2766669E+02
    -0.1154590E+02     0.2766559E+02
    -0.1146672E+02     0.2766636E+02
    -0.1132489E+02     0.2766761E+02
    -0.1130659E+02     0.2766776E+02
    -0.1118306E+02     0.2766681E+02
    -0.1106733E+02     0.2766582E+02
    -0.1104123E+02     0.2766599E+02
    -0.1089940E+02     0.2766680E+02
    -0.1082801E+02     0.2766716E+02
    -0.1075757E+02     0.2766638E+02
    -0.1070838E+02     0.2766582E+02
    -0.1061574E+02     0.2766615E+02
    -0.1047391E+02     0.2766652E+02
    -0.1033207E+02     0.2766675E+02
    -0.1019024E+02     0.2766683E+02
    -0.1004840E+02     0.2766677E+02
    -0.1000000E+02     0.2766670E+02
    -0.9906566E+01     0.2766656E+02
    -0.9764731E+01     0.2766620E+02
    -0.9631425E+01     0.2766573E+02
    -0.9622899E+01     0.2766562E+02
    -0.9511801E+01     0.2766409E+02
    -0.9481080E+01     0.2766421E+02
    -0.9339249E+01     0.2766464E+02
    -0.9197416E+01     0.2766493E+02
    -0.9055584E+01     0.2766507E+02
    -0.8913751E+01     0.2766506E+02
    -0.8771918E+01     0.2766491E+02
    -0.8730325E+01     0.2766483E+02
    -0.8670276E+01     0.2766212E+02
    -0.8672074E+01     0.2760790E+02
    -0.8671810E+01     0.2755058E+02
    -0.8671333E+01     0.2744707E+02
    -0.8671721E+01     0.2742432E+02
    -0.8673868E+01     0.2729807E+02
    -0.8672479E+01     0.2728832E+02
    -0.8673350E+01     0.2720795E+02
    -0.8672337E+01     0.2717191E+02
    -0.8671062E+01     0.2712651E+02
    -0.8673019E+01     0.2704568E+02
    -0.8672853E+01     0.2691943E+02
    -0.8672674E+01     0.2679318E+02
    -0.8672495E+01     0.2666693E+02
    -0.8672318E+01     0.2654068E+02
    -0.8672140E+01     0.2641444E+02
    -0.8671985E+01     0.2630444E+02
    -0.8672100E+01     0.2628821E+02
    -0.8672996E+01     0.2616198E+02
    -0.8673888E+01     0.2603576E+02
    -0.8674157E+01     0.2599761E+02
    -0.8771624E+01     0.2599746E+02
    -0.8911311E+01     0.2599711E+02
    -0.8979050E+01     0.2599689E+02
    -0.9050996E+01     0.2599751E+02
    -0.9190679E+01     0.2599862E+02
    -0.9283809E+01     0.2599928E+02
    -0.9330366E+01     0.2599900E+02
    -0.9470051E+01     0.2599807E+02
    -0.9487068E+01     0.2599795E+02
    -0.9562904E+01     0.2600001E+02
    -0.9609695E+01     0.2599908E+02
    -0.9686016E+01     0.2599754E+02
    -0.9696992E+01     0.2599896E+02
    -0.9749254E+01     0.2599866E+02
    -0.9888144E+01     0.2599775E+02
    -0.9888939E+01     0.2599776E+02
    -0.1000000E+02     0.2599848E+02
    -0.1002863E+02     0.2599867E+02
    -0.1016831E+02     0.2599944E+02
    -0.1021793E+02     0.2599968E+02
    -0.1030800E+02     0.2599913E+02
    -0.1037405E+02     0.2599870E+02
    -0.1044769E+02     0.2599907E+02
    -0.1058738E+02     0.2599967E+02
    -0.1068621E+02     0.2600000E+02
    -0.1072707E+02     0.2599961E+02
    -0.1084129E+02     0.2599847E+02
    -0.1086675E+02     0.2599851E+02
    -0.1100644E+02     0.2599864E+02
    -0.1114613E+02     0.2599863E+02
    -0.1128582E+02     0.2599848E+02
    -0.1130483E+02     0.2599845E+02
    -0.1142551E+02     0.2599855E+02
    -0.1156520E+02     0.2599853E+02
    -0.1170489E+02     0.2599836E+02
    -0.1184458E+02     0.2599805E+02
    -0.1191863E+02     0.2599783E+02
    -0.1198426E+02     0.2599846E+02
    -0.1200389E+02     0.2599864E+02
    -0.1200482E+02     0.2589017E+02
    -0.1200505E+02     0.2586315E+02
    -0.1200381E+02     0.2576397E+02
    -0.1200337E+02     0.2572924E+02
    -0.1200365E+02     0.2563778E+02
    -0.1200404E+02     0.2551159E+02
    -0.1200443E+02     0.2538541E+02
    -0.1200482E+02     0.2525924E+02
    -0.1200520E+02     0.2513309E+02
    -0.1200559E+02     0.2500694E+02
    -0.1200561E+02     0.2500000E+02
    -0.1200597E+02     0.2488081E+02
    -0.1200626E+02     0.2478657E+02
    -0.1200587E+02     0.2475469E+02
    -0.1200436E+02     0.2462860E+02
    -0.1200297E+02     0.2451328E+02
    -0.1200313E+02     0.2450251E+02
    -0.1200493E+02     0.2437857E+02
    -0.1200490E+02     0.2437644E+02
    -0.1200314E+02     0.2425039E+02
    -0.1200299E+02     0.2423942E+02
    -0.1200378E+02     0.2412435E+02
    -0.1200391E+02     0.2410522E+02
    -0.1200050E+02     0.2400305E+02
    -0.1200000E+02     0.2400000E+02
    -0.1200000E+02     0.2390000E+02
    -0.1200000E+02     0.2380000E+02
    -0.1200000E+02     0.2370000E+02
    -0.1200000E+02     0.2360000E+02
    -0.1200000E+02     0.2350000E+02
    -0.1200000E+02     0.2345452E+02
    -0.1203788E+02     0.2344768E+02
    -0.1206046E+02     0.2344571E+02
    -0.1207614E+02     0.2344434E+02
    -0.1212446E+02     0.2344411E+02
    -0.1219640E+02     0.2343524E+02
    -0.1220168E+02     0.2343459E+02
    -0.1225820E+02     0.2343025E+02
    -0.1230967E+02     0.2342804E+02
    -0.1233259E+02     0.2342557E+02
    -0.1237042E+02     0.2342150E+02
    -0.1246429E+02     0.2341518E+02
    -0.1246869E+02     0.2341481E+02
    -0.1260472E+02     0.2340312E+02
    -0.1274040E+02     0.2339135E+02
    -0.1274073E+02     0.2339129E+02
    -0.1275983E+02     0.2338755E+02
    -0.1276784E+02     0.2338357E+02
    -0.1277384E+02     0.2337763E+02
    -0.1277560E+02     0.2337936E+02
    -0.1280709E+02     0.2336175E+02
    -0.1282489E+02     0.2334963E+02
    -0.1285043E+02     0.2332893E+02
    -0.1285288E+02     0.2332641E+02
    -0.1289201E+02     0.2328611E+02
    -0.1289876E+02     0.2328248E+02
    -0.1294178E+02     0.2323136E+02
    -0.1295714E+02     0.2321308E+02
    -0.1301848E+02     0.2312714E+02
    -0.1301862E+02     0.2312696E+02
    -0.1304562E+02     0.2308322E+02
    -0.1305887E+02     0.2305850E+02
    -0.1307733E+02     0.2301372E+02
    -0.1308524E+02     0.2299452E+02
    -0.1311143E+02     0.2289177E+02
    -0.1313826E+02     0.2278631E+02
    -0.1314155E+02     0.2276879E+02
    -0.1314470E+02     0.2275205E+02
    -0.1314575E+02     0.2273141E+02
    -0.1313803E+02     0.2264854E+02
    -0.1313705E+02     0.2264332E+02
    -0.1313414E+02     0.2262777E+02
    -0.1312851E+02     0.2255758E+02
    -0.1312450E+02     0.2251777E+02
    -0.1311188E+02     0.2239216E+02
    -0.1310622E+02     0.2233574E+02
    -0.1309848E+02     0.2226660E+02
    -0.1309208E+02     0.2220941E+02
    -0.1308625E+02     0.2214094E+02
    -0.1308404E+02     0.2211501E+02
    -0.1308019E+02     0.2209078E+02
    -0.1307242E+02     0.2201543E+02
    -0.1306352E+02     0.2192912E+02
    -0.1305980E+02     0.2188977E+02
    -0.1305829E+02     0.2187383E+02
    -0.1305914E+02     0.2186007E+02
    -0.1305646E+02     0.2185387E+02
    -0.1305485E+02     0.2184004E+02
    -0.1305547E+02     0.2182014E+02
    -0.1305298E+02     0.2181446E+02
    -0.1304863E+02     0.2176483E+02
    -0.1304681E+02     0.2174408E+02
    -0.1304439E+02     0.2172984E+02
    -0.1304503E+02     0.2170956E+02
    -0.1304197E+02     0.2170258E+02
    -0.1303598E+02     0.2163966E+02
    -0.1303152E+02     0.2159275E+02
    -0.1302452E+02     0.2154200E+02
    -0.1302477E+02     0.2152132E+02
    -0.1302287E+02     0.2151682E+02
    -0.1302256E+02     0.2151438E+02
    -0.1301433E+02     0.2145055E+02
    -0.1300785E+02     0.2138888E+02
    -0.1300176E+02     0.2133081E+02
    -0.1307424E+02     0.2133220E+02
    -0.1310923E+02     0.2133287E+02
    -0.1314275E+02     0.2133301E+02
    -0.1315014E+02     0.2133167E+02
    -0.1320159E+02     0.2133381E+02
    -0.1320886E+02     0.2133391E+02
    -0.1334365E+02     0.2133562E+02
    -0.1342962E+02     0.2133666E+02
    -0.1347845E+02     0.2133712E+02
    -0.1361326E+02     0.2133830E+02
    -0.1374806E+02     0.2133938E+02
    -0.1388287E+02     0.2134036E+02
    -0.1401768E+02     0.2134123E+02
    -0.1415249E+02     0.2134201E+02
    -0.1422265E+02     0.2134237E+02
    -0.1423260E+02     0.2134127E+02
    -0.1428723E+02     0.2134162E+02
    -0.1442205E+02     0.2134241E+02
    -0.1454786E+02     0.2134307E+02
    -0.1455685E+02     0.2134273E+02
    -0.1458181E+02     0.2134179E+02
    -0.1459649E+02     0.2134360E+02
    -0.1464432E+02     0.2134334E+02
    -0.1465171E+02     0.2134195E+02
    -0.1469136E+02     0.2134268E+02
    -0.1472280E+02     0.2134325E+02
    -0.1473672E+02     0.2134196E+02
    -0.1482609E+02     0.2134355E+02
    -0.1482825E+02     0.2134359E+02
    -0.1496090E+02     0.2134363E+02
    -0.1500000E+02     0.2134361E+02
    -0.1509572E+02     0.2134357E+02
    -0.1523053E+02     0.2134340E+02
    -0.1536535E+02     0.2134314E+02
    -0.1550016E+02     0.2134278E+02
    -0.1563498E+02     0.2134231E+02
    -0.1576979E+02     0.2134174E+02
    -0.1587705E+02     0.2134121E+02
    -0.1590460E+02     0.2134098E+02
    -0.1603941E+02     0.2133976E+02
    -0.1617421E+02     0.2133843E+02
    -0.1630902E+02     0.2133701E+02
    -0.1644382E+02     0.2133548E+02
    -0.1657861E+02     0.2133386E+02
    -0.1671341E+02     0.2133213E+02
    -0.1682854E+02     0.2133057E+02
    -0.1684820E+02     0.2133053E+02
    -0.1691926E+02     0.2133035E+02
    -0.1693971E+02     0.2132664E+02
    -0.1695090E+02     0.2128783E+02
    -0.1697023E+02     0.2122074E+02
    -0.1697736E+02     0.2120203E+02
    -0.1698308E+02     0.2118332E+02
    -0.1698730E+02     0.2116951E+02
    -0.1700310E+02     0.2110459E+02
    -0.1700933E+02     0.2109272E+02
    -0.1702610E+02     0.2106968E+02
    -0.1702790E+02     0.2106583E+02
    -0.1703983E+02     0.2104026E+02
    -0.1704880E+02     0.2098016E+02
    -0.1705993E+02     0.2094394E+02
    -0.1706637E+02     0.2092300E+02
    -0.1706652E+02     0.2083983E+02
    -0.1705763E+02     0.2079989E+02
    -0.1705185E+02     0.2077416E+02
    -0.1705185E+02     0.2077416E+02
    -0.1705445E+02     0.2077617E+02
    -0.1708274E+02     0.2082823E+02
    -0.1709299E+02     0.2083011E+02
    -0.1709981E+02     0.2083474E+02
    -0.1710318E+02     0.2084348E+02
    -0.1710217E+02     0.2084876E+02
    -0.1709161E+02     0.2085790E+02
    -0.1709042E+02     0.2085976E+02
    -0.1708027E+02     0.2087553E+02
    -0.1707631E+02     0.2088493E+02
    -0.1707579E+02     0.2089021E+02
    -0.1708109E+02     0.2090310E+02
    -0.1708838E+02     0.2091026E+02
    -0.1709225E+02     0.2091947E+02
    -0.1708922E+02     0.2093553E+02
    -0.1708891E+02     0.2094770E+02
    -0.1708618E+02     0.2095481E+02
    -0.1707706E+02     0.2096740E+02
    -0.1707342E+02     0.2097414E+02
    -0.1706519E+02     0.2098939E+02
    -0.1706046E+02     0.2100269E+02
    -0.1706307E+02     0.2101763E+02
    -0.1705807E+02     0.2103598E+02
    -0.1706187E+02     0.2105484E+02
    -0.1705592E+02     0.2106928E+02
    -0.1706026E+02     0.2108055E+02
    -0.1705578E+02     0.2109156E+02
    -0.1705553E+02     0.2109420E+02
    -0.1705448E+02     0.2110510E+02
    -0.1704952E+02     0.2111541E+02
    -0.1705045E+02     0.2112438E+02
    -0.1704616E+02     0.2114640E+02
    -0.1703896E+02     0.2116359E+02
    -0.1703941E+02     0.2116888E+02
    -0.1704646E+02     0.2117764E+02
    -0.1704789E+02     0.2118477E+02
    -0.1704271E+02     0.2121500E+02
    -0.1703901E+02     0.2123663E+02
    -0.1703275E+02     0.2125911E+02
    -0.1703438E+02     0.2127335E+02
    -0.1702420E+02     0.2129535E+02
    -0.1702755E+02     0.2130869E+02
    -0.1702813E+02     0.2133464E+02
    -0.1702742E+02     0.2133775E+02
    -0.1701780E+02     0.2137983E+02
    -0.1701207E+02     0.2139427E+02
    -0.1701030E+02     0.2140299E+02
    -0.1701386E+02     0.2142207E+02
    -0.1701332E+02     0.2142964E+02
    -0.1700631E+02     0.2145257E+02
    -0.1700475E+02     0.2146058E+02
    -0.1700251E+02     0.2147207E+02
    -0.1699113E+02     0.2148785E+02
    -0.1698992E+02     0.2152367E+02
    -0.1698162E+02     0.2155554E+02
    -0.1697856E+02     0.2157344E+02
    -0.1697946E+02     0.2158218E+02
    -0.1698156E+02     0.2160262E+02
    -0.1697951E+02     0.2161684E+02
    -0.1697348E+02     0.2163771E+02
    -0.1697091E+02     0.2165583E+02
    -0.1697158E+02     0.2166617E+02
    -0.1697952E+02     0.2169170E+02
    -0.1698066E+02     0.2170617E+02
    -0.1697910E+02     0.2171925E+02
    -0.1696177E+02     0.2173844E+02
    -0.1694936E+02     0.2175720E+02
    -0.1694785E+02     0.2176247E+02
    -0.1694953E+02     0.2176891E+02
    -0.1695271E+02     0.2177192E+02
    -0.1695958E+02     0.2177333E+02
    -0.1696226E+02     0.2177794E+02
    -0.1696436E+02     0.2179425E+02
    -0.1696159E+02     0.2180480E+02
    -0.1695859E+02     0.2181493E+02
    -0.1695304E+02     0.2183368E+02
    -0.1693295E+02     0.2185859E+02
    -0.1691590E+02     0.2187020E+02
    -0.1690693E+02     0.2188691E+02
    -0.1689551E+02     0.2190223E+02
    -0.1688923E+02     0.2191964E+02
    -0.1688929E+02     0.2191984E+02
    -0.1689068E+02     0.2192447E+02
    -0.1689557E+02     0.2192886E+02
    -0.1689824E+02     0.2193392E+02
    -0.1689722E+02     0.2193966E+02
    -0.1687904E+02     0.2197031E+02
    -0.1687774E+02     0.2197949E+02
    -0.1687000E+02     0.2199505E+02
    -0.1687042E+02     0.2200515E+02
    -0.1685545E+02     0.2203403E+02
    -0.1684195E+02     0.2206007E+02
    -0.1683351E+02     0.2210364E+02
    -0.1682203E+02     0.2212308E+02
    -0.1681315E+02     0.2215279E+02
    -0.1681217E+02     0.2215607E+02
    -0.1680892E+02     0.2216294E+02
    -0.1680372E+02     0.2216611E+02
    -0.1679063E+02     0.2216993E+02
    -0.1677973E+02     0.2217606E+02
    -0.1677003E+02     0.2218770E+02
    -0.1676951E+02     0.2219183E+02
    -0.1677192E+02     0.2219919E+02
    -0.1678098E+02     0.2220705E+02
    -0.1677455E+02     0.2220908E+02
    -0.1676685E+02     0.2221637E+02
    -0.1676037E+02     0.2222574E+02
    -0.1674242E+02     0.2223497E+02
    -0.1674229E+02     0.2223503E+02
    -0.1672170E+02     0.2225050E+02
    -0.1671250E+02     0.2225985E+02
    -0.1669827E+02     0.2228109E+02
    -0.1668364E+02     0.2229063E+02
    -0.1667226E+02     0.2229468E+02
    -0.1665697E+02     0.2229457E+02
    -0.1665083E+02     0.2229155E+02
    -0.1664128E+02     0.2227936E+02
    -0.1663545E+02     0.2227192E+02
    -0.1662982E+02     0.2226752E+02
    -0.1662194E+02     0.2226632E+02
    -0.1661354E+02     0.2226740E+02
    -0.1658139E+02     0.2227749E+02
    -0.1653263E+02     0.2229639E+02
    -0.1652013E+02     0.2230438E+02
    -0.1649962E+02     0.2231747E+02
    -0.1649363E+02     0.2232500E+02
    -0.1649083E+02     0.2233347E+02
    -0.1649365E+02     0.2234795E+02
    -0.1649189E+02     0.2235138E+02
    -0.1648547E+02     0.2235270E+02
    -0.1647925E+02     0.2235793E+02
    -0.1646817E+02     0.2238033E+02
    -0.1645872E+02     0.2238760E+02
    -0.1645696E+02     0.2239103E+02
    -0.1645891E+02     0.2240343E+02
    -0.1645905E+02     0.2240435E+02
    -0.1645668E+02     0.2241994E+02
    -0.1644935E+02     0.2243732E+02
    -0.1645061E+02     0.2245936E+02
    -0.1644032E+02     0.2247695E+02
    -0.1643589E+02     0.2250031E+02
    -0.1642831E+02     0.2251677E+02
    -0.1642456E+02     0.2252110E+02
    -0.1642321E+02     0.2252203E+02
    -0.1639421E+02     0.2254195E+02
    -0.1637732E+02     0.2255076E+02
    -0.1636732E+02     0.2256191E+02
    -0.1635979E+02     0.2257401E+02
    -0.1635850E+02     0.2257905E+02
    -0.1635909E+02     0.2259374E+02
    -0.1635544E+02     0.2261137E+02
    -0.1635317E+02     0.2261946E+02
    -0.1635108E+02     0.2262694E+02
    -0.1634169E+02     0.2264934E+02
    -0.1634288E+02     0.2265371E+02
    -0.1634288E+02     0.2265371E+02
    -0.1634777E+02     0.2265972E+02
    -0.1634115E+02     0.2267733E+02
    -0.1633974E+02     0.2268435E+02
    -0.1633880E+02     0.2268901E+02
    -0.1633920E+02     0.2269865E+02
    -0.1634469E+02     0.2271751E+02
    -0.1633987E+02     0.2272894E+02
    -0.1633364E+02     0.2275641E+02
    -0.1632639E+02     0.2276346E+02
    -0.1632927E+02     0.2277175E+02
    -0.1632278E+02     0.2277742E+02
    -0.1631088E+02     0.2280002E+02
    -0.1631040E+02     0.2280094E+02
    -0.1629512E+02     0.2281755E+02
    -0.1628907E+02     0.2282804E+02
    -0.1628721E+02     0.2283973E+02
    -0.1628934E+02     0.2284892E+02
    -0.1629700E+02     0.2285060E+02
    -0.1630017E+02     0.2285430E+02
    -0.1630160E+02     0.2286005E+02
    -0.1629980E+02     0.2286622E+02
    -0.1628665E+02     0.2289157E+02
    -0.1628602E+02     0.2290395E+02
    -0.1628279E+02     0.2290415E+02
    -0.1628126E+02     0.2290228E+02
    -0.1627595E+02     0.2289583E+02
    -0.1627124E+02     0.2289624E+02
    -0.1625678E+02     0.2290483E+02
    -0.1624339E+02     0.2290699E+02
    -0.1621281E+02     0.2291679E+02
    -0.1617980E+02     0.2294446E+02
    -0.1617075E+02     0.2295561E+02
    -0.1615794E+02     0.2297085E+02
    -0.1614579E+02     0.2299275E+02
    -0.1614170E+02     0.2300349E+02
    -0.1613852E+02     0.2302089E+02
    -0.1614028E+02     0.2303972E+02
    -0.1614623E+02     0.2306042E+02
    -0.1615196E+02     0.2307209E+02
    -0.1615325E+02     0.2307471E+02
    -0.1616205E+02     0.2308535E+02
    -0.1617139E+02     0.2309255E+02
    -0.1617681E+02     0.2309512E+02
    -0.1618252E+02     0.2309472E+02
    -0.1618702E+02     0.2309201E+02
    -0.1619319E+02     0.2309414E+02
    -0.1620548E+02     0.2308187E+02
    -0.1620694E+02     0.2308418E+02
    -0.1620087E+02     0.2309467E+02
    -0.1618686E+02     0.2312733E+02
    -0.1617933E+02     0.2313459E+02
    -0.1617924E+02     0.2313464E+02
    -0.1616562E+02     0.2314111E+02
    -0.1616086E+02     0.2314496E+02
    -0.1615150E+02     0.2316023E+02
    -0.1612540E+02     0.2318566E+02
    -0.1611705E+02     0.2319865E+02
    -0.1611196E+02     0.2320937E+02
    -0.1611375E+02     0.2322590E+02
    -0.1611293E+02     0.2323231E+02
    -0.1611079E+02     0.2323532E+02
    -0.1609677E+02     0.2325508E+02
    -0.1608293E+02     0.2327053E+02
    -0.1607179E+02     0.2328830E+02
    -0.1605767E+02     0.2330535E+02
    -0.1605584E+02     0.2331267E+02
    -0.1605962E+02     0.2332830E+02
    -0.1605881E+02     0.2333380E+02
    -0.1604906E+02     0.2333897E+02
    -0.1604833E+02     0.2333964E+02
    -0.1602996E+02     0.2335665E+02
    -0.1601998E+02     0.2336067E+02
    -0.1601395E+02     0.2336565E+02
    -0.1600033E+02     0.2338201E+02
    -0.1598588E+02     0.2340479E+02
    -0.1597438E+02     0.2342896E+02
    -0.1596865E+02     0.2343873E+02
    -0.1595659E+02     0.2345926E+02
    -0.1595244E+02     0.2347274E+02
    -0.1595285E+02     0.2347916E+02
    -0.1595554E+02     0.2348263E+02
    -0.1596146E+02     0.2348614E+02
    -0.1596464E+02     0.2349053E+02
    -0.1596358E+02     0.2349533E+02
    -0.1596576E+02     0.2349971E+02
    -0.1597293E+02     0.2350254E+02
    -0.1597389E+02     0.2350507E+02
    -0.1597235E+02     0.2350918E+02
    -0.1596807E+02     0.2351326E+02
    -0.1594108E+02     0.2352328E+02
    -0.1593460E+02     0.2353101E+02
    -0.1592871E+02     0.2353804E+02
    -0.1591927E+02     0.2355536E+02
    -0.1591524E+02     0.2355967E+02
    -0.1590199E+02     0.2356456E+02
    -0.1589476E+02     0.2358419E+02
    -0.1588582E+02     0.2360151E+02
    -0.1587545E+02     0.2361423E+02
    -0.1587636E+02     0.2362043E+02
    -0.1587456E+02     0.2362453E+02
    -0.1586237E+02     0.2362986E+02
    -0.1585702E+02     0.2363373E+02
    -0.1585013E+02     0.2364603E+02
    -0.1584183E+02     0.2365258E+02
    -0.1583849E+02     0.2365988E+02
    -0.1583242E+02     0.2366668E+02
    -0.1582047E+02     0.2368511E+02
    -0.1581293E+02     0.2369006E+02
    -0.1580047E+02     0.2370894E+02
    -0.1579328E+02     0.2372444E+02
    -0.1579399E+02     0.2372696E+02
    -0.1580050E+02     0.2372429E+02
    -0.1580114E+02     0.2372513E+02
    -0.1580172E+02     0.2372591E+02
    -0.1578662E+02     0.2373742E+02
    -0.1577673E+02     0.2374991E+02
    -0.1574726E+02     0.2377293E+02
    -0.1574320E+02     0.2377838E+02
    -0.1573649E+02     0.2379480E+02
    -0.1573011E+02     0.2380480E+02
    -0.1572531E+02     0.2380956E+02
    -0.1571223E+02     0.2381623E+02
    -0.1571126E+02     0.2381672E+02
    -0.1570791E+02     0.2382401E+02
    -0.1570983E+02     0.2382908E+02
    -0.1571379E+02     0.2383096E+02
    -0.1571827E+02     0.2383078E+02
    -0.1572652E+02     0.2382882E+02
    -0.1573909E+02     0.2382118E+02
    -0.1574232E+02     0.2382168E+02
    -0.1574175E+02     0.2382718E+02
    -0.1572978E+02     0.2386186E+02
    -0.1571265E+02     0.2389517E+02
    -0.1571234E+02     0.2389579E+02
    -0.1573803E+02     0.2391122E+02
    -0.1574499E+02     0.2391291E+02
    -0.1574999E+02     0.2391160E+02
    -0.1576433E+02     0.2388565E+02
    -0.1576940E+02     0.2387906E+02
    -0.1577239E+02     0.2387956E+02
    -0.1577421E+02     0.2389150E+02
    -0.1576618E+02     0.2391248E+02
    -0.1576688E+02     0.2391638E+02
    -0.1577185E+02     0.2391047E+02
    -0.1578234E+02     0.2389801E+02
    -0.1578510E+02     0.2389713E+02
    -0.1579057E+02     0.2389811E+02
    -0.1579599E+02     0.2388488E+02
    -0.1580442E+02     0.2387054E+02
    -0.1580742E+02     0.2386943E+02
    -0.1580865E+02     0.2387059E+02
    -0.1580906E+02     0.2387702E+02
    -0.1581127E+02     0.2387910E+02
    -0.1582028E+02     0.2387669E+02
    -0.1582357E+02     0.2387283E+02
    -0.1583261E+02     0.2386790E+02
    -0.1584675E+02     0.2385477E+02
    -0.1584908E+02     0.2384884E+02
    -0.1585261E+02     0.2384544E+02
    -0.1585540E+02     0.2384072E+02
    -0.1586230E+02     0.2382905E+02
    -0.1587261E+02     0.2382253E+02
    -0.1588275E+02     0.2380981E+02
    -0.1588611E+02     0.2380068E+02
    -0.1589143E+02     0.2379387E+02
    -0.1589528E+02     0.2378566E+02
    -0.1589798E+02     0.2377034E+02
    -0.1590529E+02     0.2376332E+02
    -0.1590386E+02     0.2375871E+02
    -0.1590838E+02     0.2373768E+02
    -0.1591193E+02     0.2373149E+02
    -0.1591857E+02     0.2371992E+02
    -0.1591836E+02     0.2371740E+02
    -0.1591588E+02     0.2371622E+02
    -0.1591516E+02     0.2371415E+02
    -0.1592124E+02     0.2370689E+02
    -0.1592312E+02     0.2369591E+02
    -0.1592965E+02     0.2369162E+02
    -0.1593755E+02     0.2367819E+02
    -0.1594457E+02     0.2367391E+02
    -0.1595658E+02     0.2366946E+02
    -0.1596589E+02     0.2366154E+02
    -0.1597323E+02     0.2365176E+02
    -0.1597711E+02     0.2364058E+02
    -0.1598273E+02     0.2363480E+02
    -0.1598417E+02     0.2363332E+02
    -0.1598128E+02     0.2362618E+02
    -0.1598305E+02     0.2362414E+02
    -0.1599068E+02     0.2363064E+02
    -0.1599738E+02     0.2363163E+02
    -0.1600252E+02     0.2363856E+02
    -0.1600468E+02     0.2364477E+02
    -0.1600132E+02     0.2365436E+02
    -0.1598847E+02     0.2366706E+02
    -0.1598081E+02     0.2368164E+02
    -0.1596949E+02     0.2369069E+02
    -0.1595965E+02     0.2370112E+02
    -0.1595731E+02     0.2370843E+02
    -0.1595719E+02     0.2371260E+02
    -0.1595686E+02     0.2372424E+02
    -0.1592482E+02     0.2375528E+02
    -0.1592177E+02     0.2376029E+02
    -0.1592411E+02     0.2377178E+02
    -0.1591670E+02     0.2378521E+02
    -0.1591332E+02     0.2379640E+02
    -0.1590253E+02     0.2382057E+02
    -0.1590148E+02     0.2382147E+02
    -0.1588237E+02     0.2383776E+02
    -0.1585556E+02     0.2386633E+02
    -0.1584131E+02     0.2388770E+02
    -0.1580814E+02     0.2391239E+02
    -0.1580554E+02     0.2391432E+02
    -0.1580195E+02     0.2392184E+02
    -0.1578459E+02     0.2393263E+02
    -0.1576240E+02     0.2395047E+02
    -0.1572926E+02     0.2396588E+02
    -0.1571893E+02     0.2397285E+02
    -0.1569634E+02     0.2398140E+02
    -0.1568432E+02     0.2398594E+02
    -0.1566117E+02     0.2399986E+02
    -0.1566104E+02     0.2400000E+02
    -0.1564528E+02     0.2401637E+02
    -0.1563437E+02     0.2401956E+02
    -0.1562208E+02     0.2402737E+02
    -0.1561182E+02     0.2403720E+02
    -0.1560197E+02     0.2404312E+02
    -0.1559170E+02     0.2405226E+02
    -0.1558190E+02     0.2407079E+02
    -0.1558029E+02     0.2407701E+02
    -0.1558322E+02     0.2408452E+02
    -0.1558152E+02     0.2408977E+02
    -0.1558135E+02     0.2409029E+02
    -0.1557550E+02     0.2409636E+02
    -0.1556064E+02     0.2410192E+02
    -0.1554909E+02     0.2411016E+02
    -0.1554547E+02     0.2411573E+02
    -0.1553276E+02     0.2412813E+02
    -0.1552584E+02     0.2413147E+02
    -0.1552318E+02     0.2414619E+02
    -0.1552001E+02     0.2414969E+02
    -0.1550334E+02     0.2416376E+02
    -0.1549026E+02     0.2417134E+02
    -0.1548738E+02     0.2417448E+02
    -0.1545536E+02     0.2420935E+02
    -0.1540785E+02     0.2425493E+02
    -0.1539211E+02     0.2426469E+02
    -0.1536637E+02     0.2428066E+02
    -0.1534137E+02     0.2430494E+02
    -0.1532857E+02     0.2431526E+02
    -0.1529502E+02     0.2435287E+02
    -0.1528993E+02     0.2435857E+02
    -0.1526359E+02     0.2439250E+02
    -0.1525658E+02     0.2440500E+02
    -0.1523928E+02     0.2442891E+02
    -0.1522964E+02     0.2443526E+02
    -0.1522601E+02     0.2444174E+02
    -0.1522037E+02     0.2444757E+02
    -0.1521178E+02     0.2445054E+02
    -0.1520718E+02     0.2445214E+02
    -0.1520330E+02     0.2445885E+02
    -0.1519221E+02     0.2446798E+02
    -0.1518665E+02     0.2447816E+02
    -0.1518075E+02     0.2448422E+02
    -0.1515774E+02     0.2449950E+02
    -0.1513592E+02     0.2451177E+02
    -0.1512292E+02     0.2451359E+02
    -0.1510974E+02     0.2451930E+02
    -0.1510330E+02     0.2452055E+02
    -0.1509175E+02     0.2452279E+02
    -0.1506514E+02     0.2453444E+02
    -0.1503814E+02     0.2453876E+02
    -0.1503244E+02     0.2454251E+02
    -0.1500781E+02     0.2456696E+02
    -0.1500920E+02     0.2457474E+02
    -0.1500828E+02     0.2457911E+02
    -0.1500174E+02     0.2458861E+02
    -0.1500000E+02     0.2459046E+02
    -0.1500000E+02     0.2459140E+02
    -0.1499465E+02     0.2460224E+02
    -0.1498929E+02     0.2462434E+02
    -0.1498444E+02     0.2463404E+02
    -0.1498074E+02     0.2463777E+02
    -0.1497424E+02     0.2463878E+02
    -0.1494991E+02     0.2465404E+02
    -0.1492858E+02     0.2466857E+02
    -0.1491586E+02     0.2467861E+02
    -0.1489811E+02     0.2469263E+02
    -0.1489122E+02     0.2470029E+02
    -0.1488689E+02     0.2471136E+02
    -0.1488420E+02     0.2473021E+02
    -0.1488569E+02     0.2474372E+02
    -0.1488446E+02     0.2475979E+02
    -0.1487293E+02     0.2480536E+02
    -0.1486909E+02     0.2481362E+02
    -0.1484673E+02     0.2486169E+02
    -0.1483140E+02     0.2490732E+02
    -0.1482813E+02     0.2492250E+02
    -0.1483077E+02     0.2493294E+02
    -0.1483541E+02     0.2495130E+02
    -0.1482729E+02     0.2497711E+02
    -0.1482692E+02     0.2500000E+02
    -0.1482680E+02     0.2500785E+02
    -0.1482211E+02     0.2502856E+02
    -0.1482236E+02     0.2505711E+02
    -0.1482239E+02     0.2506067E+02
    -0.1482512E+02     0.2507279E+02
    -0.1484048E+02     0.2508727E+02
    -0.1484438E+02     0.2512415E+02
    -0.1483932E+02     0.2517698E+02
    -0.1483859E+02     0.2518456E+02
    -0.1484284E+02     0.2521204E+02
    -0.1484126E+02     0.2522284E+02
    -0.1483623E+02     0.2523897E+02
    -0.1482913E+02     0.2525146E+02
    -0.1482503E+02     0.2526298E+02
    -0.1482347E+02     0.2527517E+02
    -0.1482911E+02     0.2529528E+02
    -0.1482860E+02     0.2529920E+02
    -0.1482754E+02     0.2530746E+02
    -0.1482092E+02     0.2531925E+02
    -0.1481547E+02     0.2532529E+02
    -0.1481377E+02     0.2532944E+02
    -0.1481400E+02     0.2534344E+02
    -0.1480219E+02     0.2536218E+02
    -0.1479441E+02     0.2538064E+02
    -0.1479084E+02     0.2539377E+02
    -0.1478747E+02     0.2541706E+02
    -0.1478562E+02     0.2542986E+02
    -0.1478317E+02     0.2543471E+02
    -0.1476465E+02     0.2546157E+02
    -0.1474753E+02     0.2548199E+02
    -0.1473008E+02     0.2549805E+02
    -0.1471611E+02     0.2552305E+02
    -0.1468923E+02     0.2557108E+02
    -0.1468472E+02     0.2559019E+02
    -0.1468712E+02     0.2561425E+02
    -0.1468525E+02     0.2562391E+02
    -0.1467590E+02     0.2564071E+02
    -0.1467367E+02     0.2564471E+02
    -0.1466029E+02     0.2568090E+02
    -0.1465669E+02     0.2571009E+02
    -0.1463929E+02     0.2576193E+02
    -0.1463875E+02     0.2576356E+02
    -0.1462739E+02     0.2578412E+02
    -0.1461537E+02     0.2579413E+02
    -0.1461117E+02     0.2580130E+02
    -0.1459039E+02     0.2582036E+02
    -0.1458347E+02     0.2583215E+02
    -0.1457375E+02     0.2584420E+02
    -0.1456609E+02     0.2585852E+02
    -0.1456182E+02     0.2586514E+02
    -0.1453406E+02     0.2590823E+02
    -0.1450177E+02     0.2597768E+02
    -0.1450143E+02     0.2597863E+02
    -0.1449224E+02     0.2600441E+02
    -0.1449022E+02     0.2602371E+02
    -0.1448349E+02     0.2605202E+02
    -0.1448464E+02     0.2606187E+02
    -0.1447814E+02     0.2608788E+02
    -0.1447851E+02     0.2609614E+02
    -0.1448006E+02     0.2610193E+02
    -0.1448146E+02     0.2610712E+02
    -0.1449449E+02     0.2612993E+02
    -0.1449610E+02     0.2613589E+02
    -0.1449319E+02     0.2614625E+02
    -0.1444601E+02     0.2621208E+02
    -0.1443400E+02     0.2622883E+02
    -0.1441267E+02     0.2625270E+02
    -0.1440133E+02     0.2626223E+02
    -0.1439652E+02     0.2626411E+02
    -0.1437870E+02     0.2626521E+02
    -0.1434063E+02     0.2627570E+02
    -0.1433585E+02     0.2627811E+02
    -0.1430493E+02     0.2629372E+02
    -0.1425195E+02     0.2633738E+02
    -0.1424294E+02     0.2635192E+02
    -0.1423241E+02     0.2636073E+02
    -0.1422047E+02     0.2637072E+02
    -0.1420537E+02     0.2638761E+02
    -0.1418486E+02     0.2642360E+02
    -0.1417878E+02     0.2642779E+02
    -0.1417268E+02     0.2642945E+02
    -0.1413184E+02     0.2642782E+02
    -0.1412981E+02     0.2642774E+02
    -0.1409058E+02     0.2643243E+02
    -0.1407097E+02     0.2643625E+02
    -0.1404274E+02     0.2644428E+02
    -0.1399809E+02     0.2646238E+02
    -0.1399369E+02     0.2646416E+02
    -0.1397464E+02     0.2647325E+02
    -0.1395764E+02     0.2648416E+02
    -0.1391101E+02     0.2652213E+02
    -0.1389958E+02     0.2652840E+02
    -0.1388406E+02     0.2653413E+02
    -0.1387489E+02     0.2653752E+02
    -0.1385913E+02     0.2654611E+02
    -0.1383984E+02     0.2656069E+02
    -0.1382074E+02     0.2656770E+02
    -0.1376266E+02     0.2659632E+02
    -0.1375712E+02     0.2659906E+02
    -0.1372203E+02     0.2662289E+02
    -0.1369529E+02     0.2663543E+02
    -0.1367266E+02     0.2665413E+02
    -0.1364635E+02     0.2666566E+02
    -0.1364565E+02     0.2666597E+02
    -0.1362020E+02     0.2668561E+02
    -0.1357368E+02     0.2673241E+02
    -0.1355431E+02     0.2676007E+02
    -0.1354804E+02     0.2676902E+02
    -0.1354124E+02     0.2678948E+02
    -0.1352827E+02     0.2680560E+02
    -0.1351740E+02     0.2683250E+02
    -0.1351061E+02     0.2685525E+02
    -0.1349775E+02     0.2687432E+02
    -0.1349586E+02     0.2687712E+02
    -0.1348753E+02     0.2690194E+02
    -0.1348635E+02     0.2692238E+02
    -0.1345653E+02     0.2699417E+02
    -0.1343284E+02     0.2705112E+02
    -0.1342627E+02     0.2707456E+02
    -0.1341607E+02     0.2709043E+02
    -0.1341457E+02     0.2709801E+02
    -0.1341521E+02     0.2711331E+02
    -0.1341570E+02     0.2712487E+02
    -0.1341065E+02     0.2714486E+02
    -0.1341119E+02     0.2715174E+02
    -0.1340943E+02     0.2716024E+02
    -0.1340360E+02     0.2717771E+02
    -0.1339130E+02     0.2718440E+02
    -0.1338928E+02     0.2719543E+02
    -0.1338494E+02     0.2720141E+02
    -0.1337369E+02     0.2721591E+02
    -0.1336833E+02     0.2722487E+02
    -0.1336708E+02     0.2723360E+02
    -0.1336376E+02     0.2724004E+02
    -0.1334429E+02     0.2725570E+02
    -0.1334230E+02     0.2726074E+02
    -0.1333767E+02     0.2727248E+02
    -0.1332280E+02     0.2728491E+02
    -0.1332077E+02     0.2729318E+02
    -0.1330799E+02     0.2731571E+02
    -0.1329902E+02     0.2732491E+02
    -0.1329954E+02     0.2732744E+02
    -0.1330493E+02     0.2732651E+02
    -0.1330725E+02     0.2732811E+02
    -0.1330752E+02     0.2733132E+02
    -0.1329983E+02     0.2733937E+02
    -0.1329294E+02     0.2735845E+02
    -0.1328926E+02     0.2736317E+02
    -0.1328167E+02     0.2737293E+02
    -0.1327478E+02     0.2739177E+02
    -0.1327046E+02     0.2741222E+02
    -0.1324408E+02     0.2746323E+02
    -0.1323802E+02     0.2747996E+02
    -0.1322234E+02     0.2752319E+02
    -0.1321595E+02     0.2754593E+02
    -0.1320698E+02     0.2756362E+02
    -0.1320008E+02     0.2759027E+02
    -0.1319974E+02     0.2760088E+02
    -0.1319959E+02     0.2760565E+02
    -0.1318597E+02     0.2762610E+02
    -0.1318111E+02     0.2764470E+02
    -0.1317109E+02     0.2766400E+02
    -0.1316859E+02     0.2766702E+02
END
END
