western_samoa
1
    -0.1721252E+03    -0.1381643E+02
    -0.1721274E+03    -0.1381073E+02
    -0.1721264E+03    -0.1380980E+02
    -0.1721229E+03    -0.1381071E+02
    -0.1721198E+03    -0.1381553E+02
    -0.1721203E+03    -0.1382128E+02
    -0.1721217E+03    -0.1382266E+02
    -0.1721273E+03    -0.1382038E+02
    -0.1721288E+03    -0.1381763E+02
    -0.1721295E+03    -0.1381418E+02
    -0.1721274E+03    -0.1381073E+02
END
2
    -0.1717083E+03    -0.1396209E+02
    -0.1718288E+03    -0.1378687E+02
    -0.1718133E+03    -0.1379615E+02
    -0.1718098E+03    -0.1379985E+02
    -0.1718032E+03    -0.1380218E+02
    -0.1718013E+03    -0.1380426E+02
    -0.1718030E+03    -0.1380931E+02
    -0.1718007E+03    -0.1381186E+02
    -0.1717830E+03    -0.1382183E+02
    -0.1717786E+03    -0.1382232E+02
    -0.1717745E+03    -0.1381866E+02
    -0.1717804E+03    -0.1380919E+02
    -0.1717794E+03    -0.1380690E+02
    -0.1717759E+03    -0.1380715E+02
    -0.1717675E+03    -0.1382168E+02
    -0.1717642E+03    -0.1382353E+02
    -0.1717599E+03    -0.1382540E+02
    -0.1717564E+03    -0.1382518E+02
    -0.1717512E+03    -0.1382061E+02
    -0.1717478E+03    -0.1382194E+02
    -0.1717390E+03    -0.1382550E+02
    -0.1717341E+03    -0.1383564E+02
    -0.1717263E+03    -0.1383545E+02
    -0.1717197E+03    -0.1383824E+02
    -0.1717115E+03    -0.1384771E+02
    -0.1717063E+03    -0.1385049E+02
    -0.1717030E+03    -0.1385649E+02
    -0.1716998E+03    -0.1385880E+02
    -0.1716960E+03    -0.1385813E+02
    -0.1716953E+03    -0.1385491E+02
    -0.1716903E+03    -0.1385471E+02
    -0.1716814E+03    -0.1385866E+02
    -0.1716752E+03    -0.1385639E+02
    -0.1716691E+03    -0.1385687E+02
    -0.1716524E+03    -0.1386523E+02
    -0.1716424E+03    -0.1386827E+02
    -0.1716378E+03    -0.1386966E+02
    -0.1716300E+03    -0.1386786E+02
    -0.1716227E+03    -0.1387088E+02
    -0.1716175E+03    -0.1387757E+02
    -0.1716152E+03    -0.1387827E+02
    -0.1716017E+03    -0.1386522E+02
    -0.1715958E+03    -0.1386800E+02
    -0.1715909E+03    -0.1386641E+02
    -0.1715840E+03    -0.1386759E+02
    -0.1715807E+03    -0.1387037E+02
    -0.1715796E+03    -0.1387497E+02
    -0.1715813E+03    -0.1388233E+02
    -0.1715784E+03    -0.1388464E+02
    -0.1715728E+03    -0.1388466E+02
    -0.1715661E+03    -0.1387986E+02
    -0.1715573E+03    -0.1389347E+02
    -0.1715540E+03    -0.1390199E+02
    -0.1715495E+03    -0.1390077E+02
    -0.1715474E+03    -0.1390018E+02
    -0.1715389E+03    -0.1390159E+02
    -0.1715354E+03    -0.1390506E+02
    -0.1715342E+03    -0.1390966E+02
    -0.1715378E+03    -0.1391471E+02
    -0.1715494E+03    -0.1392478E+02
    -0.1715605E+03    -0.1393072E+02
    -0.1715657E+03    -0.1393668E+02
    -0.1715480E+03    -0.1393721E+02
    -0.1715383E+03    -0.1393449E+02
    -0.1715253E+03    -0.1392350E+02
    -0.1715175E+03    -0.1391939E+02
    -0.1715147E+03    -0.1392239E+02
    -0.1715164E+03    -0.1392675E+02
    -0.1715153E+03    -0.1393016E+02
    -0.1715112E+03    -0.1393138E+02
    -0.1715086E+03    -0.1393001E+02
    -0.1715010E+03    -0.1393256E+02
    -0.1714994E+03    -0.1393510E+02
    -0.1715015E+03    -0.1393762E+02
    -0.1715051E+03    -0.1393761E+02
    -0.1715079E+03    -0.1394151E+02
    -0.1715063E+03    -0.1394428E+02
    -0.1714914E+03    -0.1394134E+02
    -0.1714773E+03    -0.1394830E+02
    -0.1714752E+03    -0.1394670E+02
    -0.1714705E+03    -0.1395200E+02
    -0.1714646E+03    -0.1396238E+02
    -0.1714559E+03    -0.1396977E+02
    -0.1714465E+03    -0.1397211E+02
    -0.1714441E+03    -0.1396636E+02
    -0.1714391E+03    -0.1396707E+02
    -0.1714328E+03    -0.1397077E+02
    -0.1714313E+03    -0.1397354E+02
    -0.1714267E+03    -0.1398230E+02
    -0.1714187E+03    -0.1399061E+02
    -0.1714157E+03    -0.1401201E+02
    -0.1714210E+03    -0.1402510E+02
    -0.1714302E+03    -0.1404094E+02
    -0.1714498E+03    -0.1404018E+02
    -0.1714552E+03    -0.1403740E+02
    -0.1714609E+03    -0.1403876E+02
    -0.1714734E+03    -0.1403526E+02
    -0.1714798E+03    -0.1403547E+02
    -0.1714813E+03    -0.1403454E+02
    -0.1714847E+03    -0.1403246E+02
    -0.1714946E+03    -0.1403748E+02
    -0.1715555E+03    -0.1403885E+02
    -0.1715954E+03    -0.1403707E+02
    -0.1716006E+03    -0.1403613E+02
    -0.1716074E+03    -0.1403119E+02
    -0.1716088E+03    -0.1403012E+02
    -0.1716185E+03    -0.1403146E+02
    -0.1716232E+03    -0.1403373E+02
    -0.1716409E+03    -0.1403458E+02
    -0.1716464E+03    -0.1403777E+02
    -0.1716537E+03    -0.1403774E+02
    -0.1716551E+03    -0.1403567E+02
    -0.1716712E+03    -0.1403720E+02
    -0.1716848E+03    -0.1403208E+02
    -0.1716968E+03    -0.1402513E+02
    -0.1717025E+03    -0.1402855E+02
    -0.1717122E+03    -0.1403058E+02
    -0.1717190E+03    -0.1403584E+02
    -0.1717275E+03    -0.1403854E+02
    -0.1717318E+03    -0.1403992E+02
    -0.1717375E+03    -0.1403736E+02
    -0.1717396E+03    -0.1403988E+02
    -0.1717469E+03    -0.1404008E+02
    -0.1717507E+03    -0.1403684E+02
    -0.1717611E+03    -0.1404093E+02
    -0.1717651E+03    -0.1403562E+02
    -0.1717657E+03    -0.1402550E+02
    -0.1717779E+03    -0.1400589E+02
    -0.1717892E+03    -0.1400146E+02
    -0.1717989E+03    -0.1400302E+02
    -0.1718255E+03    -0.1400197E+02
    -0.1718342E+03    -0.1399755E+02
    -0.1718387E+03    -0.1398971E+02
    -0.1718384E+03    -0.1398442E+02
    -0.1718349E+03    -0.1398513E+02
    -0.1718316E+03    -0.1399090E+02
    -0.1718274E+03    -0.1399437E+02
    -0.1718231E+03    -0.1399692E+02
    -0.1718210E+03    -0.1399555E+02
    -0.1718264E+03    -0.1399092E+02
    -0.1718266E+03    -0.1398845E+02
    -0.1718266E+03    -0.1398747E+02
    -0.1718242E+03    -0.1398357E+02
    -0.1718289E+03    -0.1397849E+02
    -0.1718410E+03    -0.1398326E+02
    -0.1718469E+03    -0.1398323E+02
    -0.1718523E+03    -0.1397998E+02
    -0.1718653E+03    -0.1398636E+02
    -0.1718705E+03    -0.1398610E+02
    -0.1718882E+03    -0.1399682E+02
    -0.1718960E+03    -0.1399770E+02
    -0.1718989E+03    -0.1399607E+02
    -0.1719067E+03    -0.1400063E+02
    -0.1719154E+03    -0.1399943E+02
    -0.1719296E+03    -0.1398288E+02
    -0.1719309E+03    -0.1398141E+02
    -0.1719330E+03    -0.1398163E+02
    -0.1719419E+03    -0.1397675E+02
    -0.1719490E+03    -0.1396958E+02
    -0.1719603E+03    -0.1394007E+02
    -0.1719653E+03    -0.1393407E+02
    -0.1719707E+03    -0.1393059E+02
    -0.1719742E+03    -0.1393080E+02
    -0.1719754E+03    -0.1393240E+02
    -0.1719738E+03    -0.1394069E+02
    -0.1719847E+03    -0.1394891E+02
    -0.1719884E+03    -0.1394475E+02
    -0.1719872E+03    -0.1393969E+02
    -0.1719912E+03    -0.1393392E+02
    -0.1719910E+03    -0.1393093E+02
    -0.1719964E+03    -0.1392883E+02
    -0.1719987E+03    -0.1392625E+02
    -0.1720034E+03    -0.1392097E+02
    -0.1720038E+03    -0.1391246E+02
    -0.1720222E+03    -0.1390407E+02
    -0.1720257E+03    -0.1390014E+02
    -0.1720379E+03    -0.1389455E+02
    -0.1720447E+03    -0.1388784E+02
    -0.1720465E+03    -0.1387840E+02
    -0.1720538E+03    -0.1386708E+02
    -0.1720540E+03    -0.1386133E+02
    -0.1720438E+03    -0.1385357E+02
    -0.1720359E+03    -0.1384257E+02
    -0.1720291E+03    -0.1383702E+02
    -0.1720184E+03    -0.1382841E+02
    -0.1720068E+03    -0.1382273E+02
    -0.1719695E+03    -0.1381948E+02
    -0.1719579E+03    -0.1381587E+02
    -0.1719489E+03    -0.1380901E+02
    -0.1719227E+03    -0.1379834E+02
    -0.1719057E+03    -0.1379314E+02
    -0.1719003E+03    -0.1379202E+02
    -0.1718965E+03    -0.1379311E+02
    -0.1718890E+03    -0.1379530E+02
    -0.1718854E+03    -0.1379394E+02
    -0.1718814E+03    -0.1378936E+02
    -0.1718545E+03    -0.1379019E+02
    -0.1718517E+03    -0.1379181E+02
    -0.1718479E+03    -0.1378884E+02
    -0.1718454E+03    -0.1379300E+02
    -0.1718366E+03    -0.1378775E+02
    -0.1718288E+03    -0.1378687E+02
END
3
    -0.1720866E+03    -0.1384243E+02
    -0.1720964E+03    -0.1384097E+02
    -0.1721006E+03    -0.1383869E+02
    -0.1720976E+03    -0.1383637E+02
    -0.1720839E+03    -0.1383540E+02
    -0.1720777E+03    -0.1384274E+02
    -0.1720773E+03    -0.1384596E+02
    -0.1720812E+03    -0.1385540E+02
    -0.1720923E+03    -0.1384923E+02
    -0.1720964E+03    -0.1384097E+02
END
4
    -0.1714177E+03    -0.1405616E+02
    -0.1714244E+03    -0.1405407E+02
    -0.1714149E+03    -0.1405042E+02
    -0.1714116E+03    -0.1405044E+02
    -0.1714128E+03    -0.1405388E+02
    -0.1714093E+03    -0.1405987E+02
    -0.1714152E+03    -0.1406353E+02
    -0.1714235E+03    -0.1405821E+02
    -0.1714244E+03    -0.1405407E+02
END
5
    -0.1724582E+03    -0.1359410E+02
    -0.1724180E+03    -0.1345220E+02
    -0.1724050E+03    -0.1344148E+02
    -0.1723797E+03    -0.1343890E+02
    -0.1723722E+03    -0.1343987E+02
    -0.1723637E+03    -0.1343878E+02
    -0.1723604E+03    -0.1343443E+02
    -0.1723557E+03    -0.1343239E+02
    -0.1723493E+03    -0.1343221E+02
    -0.1723322E+03    -0.1343969E+02
    -0.1723155E+03    -0.1343796E+02
    -0.1723042E+03    -0.1345200E+02
    -0.1722989E+03    -0.1345855E+02
    -0.1722833E+03    -0.1348236E+02
    -0.1722484E+03    -0.1351641E+02
    -0.1722396E+03    -0.1353027E+02
    -0.1722344E+03    -0.1353560E+02
    -0.1722338E+03    -0.1354504E+02
    -0.1722296E+03    -0.1355243E+02
    -0.1722238E+03    -0.1355799E+02
    -0.1722205E+03    -0.1356491E+02
    -0.1722121E+03    -0.1357002E+02
    -0.1722071E+03    -0.1356983E+02
    -0.1722043E+03    -0.1357168E+02
    -0.1722027E+03    -0.1357492E+02
    -0.1722074E+03    -0.1357696E+02
    -0.1722098E+03    -0.1357970E+02
    -0.1722075E+03    -0.1358547E+02
    -0.1721977E+03    -0.1359888E+02
    -0.1721956E+03    -0.1361039E+02
    -0.1721903E+03    -0.1362216E+02
    -0.1721861E+03    -0.1362495E+02
    -0.1721794E+03    -0.1364386E+02
    -0.1721688E+03    -0.1365566E+02
    -0.1721663E+03    -0.1366050E+02
    -0.1721689E+03    -0.1366532E+02
    -0.1721732E+03    -0.1366736E+02
    -0.1721805E+03    -0.1367399E+02
    -0.1721812E+03    -0.1367492E+02
    -0.1721964E+03    -0.1369528E+02
    -0.1721979E+03    -0.1369942E+02
    -0.1721925E+03    -0.1371164E+02
    -0.1721952E+03    -0.1372382E+02
    -0.1722160E+03    -0.1373358E+02
    -0.1722146E+03    -0.1373750E+02
    -0.1722154E+03    -0.1374302E+02
    -0.1722185E+03    -0.1374829E+02
    -0.1722166E+03    -0.1375221E+02
    -0.1722112E+03    -0.1375731E+02
    -0.1722066E+03    -0.1376792E+02
    -0.1722107E+03    -0.1378538E+02
    -0.1722228E+03    -0.1379749E+02
    -0.1722280E+03    -0.1380045E+02
    -0.1722330E+03    -0.1379950E+02
    -0.1722337E+03    -0.1379719E+02
    -0.1722363E+03    -0.1379787E+02
    -0.1722384E+03    -0.1380084E+02
    -0.1722475E+03    -0.1379089E+02
    -0.1722549E+03    -0.1379314E+02
    -0.1722612E+03    -0.1379310E+02
    -0.1722692E+03    -0.1378155E+02
    -0.1722820E+03    -0.1376927E+02
    -0.1722811E+03    -0.1376730E+02
    -0.1722801E+03    -0.1376514E+02
    -0.1722841E+03    -0.1375637E+02
    -0.1722912E+03    -0.1375794E+02
    -0.1723015E+03    -0.1375465E+02
    -0.1723058E+03    -0.1375485E+02
    -0.1723081E+03    -0.1375736E+02
    -0.1723168E+03    -0.1375661E+02
    -0.1723269E+03    -0.1377357E+02
    -0.1723314E+03    -0.1377469E+02
    -0.1723358E+03    -0.1377282E+02
    -0.1723412E+03    -0.1377347E+02
    -0.1723439E+03    -0.1377667E+02
    -0.1723542E+03    -0.1377085E+02
    -0.1723846E+03    -0.1377942E+02
    -0.1723868E+03    -0.1378006E+02
    -0.1724019E+03    -0.1378202E+02
    -0.1724070E+03    -0.1377577E+02
    -0.1724108E+03    -0.1377943E+02
    -0.1724215E+03    -0.1378464E+02
    -0.1724236E+03    -0.1378969E+02
    -0.1724302E+03    -0.1378688E+02
    -0.1724428E+03    -0.1379254E+02
    -0.1724470E+03    -0.1379297E+02
    -0.1724540E+03    -0.1378832E+02
    -0.1724677E+03    -0.1378661E+02
    -0.1724746E+03    -0.1378863E+02
    -0.1724819E+03    -0.1379548E+02
    -0.1724888E+03    -0.1379635E+02
    -0.1725069E+03    -0.1379322E+02
    -0.1725080E+03    -0.1379423E+02
    -0.1725116E+03    -0.1379756E+02
    -0.1725263E+03    -0.1380205E+02
    -0.1725352E+03    -0.1379646E+02
    -0.1725429E+03    -0.1378858E+02
    -0.1725501E+03    -0.1377242E+02
    -0.1725611E+03    -0.1376544E+02
    -0.1725724E+03    -0.1376374E+02
    -0.1725789E+03    -0.1374252E+02
    -0.1725838E+03    -0.1373950E+02
    -0.1725901E+03    -0.1373899E+02
    -0.1725936E+03    -0.1373413E+02
    -0.1725925E+03    -0.1373043E+02
    -0.1725895E+03    -0.1372105E+02
    -0.1725932E+03    -0.1371388E+02
    -0.1726089E+03    -0.1369559E+02
    -0.1726166E+03    -0.1368886E+02
    -0.1726257E+03    -0.1368395E+02
    -0.1726320E+03    -0.1367263E+02
    -0.1726425E+03    -0.1366173E+02
    -0.1726434E+03    -0.1365252E+02
    -0.1726527E+03    -0.1364417E+02
    -0.1726661E+03    -0.1363650E+02
    -0.1726794E+03    -0.1362348E+02
    -0.1726791E+03    -0.1361174E+02
    -0.1726819E+03    -0.1360758E+02
    -0.1726870E+03    -0.1360524E+02
    -0.1726911E+03    -0.1360728E+02
    -0.1727005E+03    -0.1360582E+02
    -0.1727077E+03    -0.1359771E+02
    -0.1727166E+03    -0.1359211E+02
    -0.1727283E+03    -0.1357729E+02
    -0.1727392E+03    -0.1356846E+02
    -0.1727558E+03    -0.1355954E+02
    -0.1727617E+03    -0.1355630E+02
    -0.1727730E+03    -0.1355253E+02
    -0.1727816E+03    -0.1354049E+02
    -0.1727865E+03    -0.1353010E+02
    -0.1727986E+03    -0.1351573E+02
    -0.1727985E+03    -0.1350791E+02
    -0.1727907E+03    -0.1349969E+02
    -0.1727863E+03    -0.1348845E+02
    -0.1727832E+03    -0.1348526E+02
    -0.1727719E+03    -0.1348466E+02
    -0.1727611E+03    -0.1348636E+02
    -0.1727585E+03    -0.1348431E+02
    -0.1727585E+03    -0.1348132E+02
    -0.1727531E+03    -0.1348137E+02
    -0.1727515E+03    -0.1348736E+02
    -0.1727154E+03    -0.1350515E+02
    -0.1727036E+03    -0.1350847E+02
    -0.1726878E+03    -0.1350491E+02
    -0.1726692E+03    -0.1350529E+02
    -0.1726656E+03    -0.1350026E+02
    -0.1726576E+03    -0.1349917E+02
    -0.1726525E+03    -0.1350082E+02
    -0.1726437E+03    -0.1350646E+02
    -0.1726344E+03    -0.1351247E+02
    -0.1726299E+03    -0.1351182E+02
    -0.1726271E+03    -0.1350885E+02
    -0.1726327E+03    -0.1350305E+02
    -0.1726305E+03    -0.1349962E+02
    -0.1726239E+03    -0.1349875E+02
    -0.1726121E+03    -0.1349125E+02
    -0.1725791E+03    -0.1349035E+02
    -0.1725758E+03    -0.1348762E+02
    -0.1725734E+03    -0.1348258E+02
    -0.1725522E+03    -0.1347607E+02
    -0.1725472E+03    -0.1347334E+02
    -0.1725440E+03    -0.1346880E+02
    -0.1725434E+03    -0.1346785E+02
    -0.1725384E+03    -0.1346674E+02
    -0.1725314E+03    -0.1346909E+02
    -0.1725137E+03    -0.1346968E+02
    -0.1724906E+03    -0.1346479E+02
    -0.1724788E+03    -0.1345568E+02
    -0.1724703E+03    -0.1345505E+02
    -0.1724623E+03    -0.1345764E+02
    -0.1724395E+03    -0.1345895E+02
    -0.1724319E+03    -0.1346085E+02
    -0.1724220E+03    -0.1345862E+02
    -0.1724212E+03    -0.1345723E+02
    -0.1724180E+03    -0.1345220E+02
END
END
