wyoming
1
       -107.500000         43.246983
       -109.841698         45.011566
       -109.822357         45.010571
       -109.804932         45.012745
       -109.768570         45.010578
       -109.736305         45.012085
       -109.664688         45.011837
       -109.510513         45.011147
       -109.492401         45.013466
       -109.487503         45.012939
       -109.477364         45.011841
       -109.328728         45.010513
       -109.310120         45.011063
       -109.294235         45.011532
       -109.283974         45.013172
       -109.260849         45.011456
       -109.138298         45.011330
       -109.134201         45.012901
       -109.133575         45.012753
       -109.115646         45.008469
       -109.109543         45.005543
       -109.090515         45.002224
       -109.066681         45.005939
       -109.046539         45.006218
       -109.031494         45.004765
       -109.017662         45.006374
       -109.000000         45.002369
       -108.928886         45.002422
       -108.751396         45.002159
       -108.573906         45.001629
       -108.396423         45.000824
       -108.334000         45.000000
       -108.250702         44.999943
       -108.218948         45.000000
       -108.167397         45.000000
       -108.084099         45.000000
       -108.000801         45.000000
       -107.917503         45.000000
       -107.834198         45.000000
       -107.750900         45.000000
       -107.667603         45.000000
       -107.584297         44.999775
       -107.519287         45.000351
       -107.500999         45.000000
       -107.417702         45.000000
       -107.334396         45.000000
       -107.251099         45.000000
       -107.167801         45.000000
       -107.084503         45.000000
       -107.001198         45.000000
       -106.917900         45.000000
       -106.834602         45.000000
       -106.751297         45.000000
       -106.667999         45.000000
       -106.584702         45.000000
       -106.501404         45.000000
       -106.418098         45.000000
       -106.334801         45.000000
       -106.251503         45.000000
       -106.168198         45.000000
       -106.084900         45.000000
       -106.001602         45.000000
       -105.918297         45.000000
       -105.834999         45.000000
       -105.751701         45.000000
       -105.668404         45.000000
       -105.585098         45.000000
       -105.501801         45.000000
       -105.418503         45.000000
       -105.335197         45.000000
       -105.251900         45.000000
       -105.168602         45.000000
       -105.085297         45.000000
       -105.001999         45.000000
       -105.000000         45.000000
       -104.916702         45.000000
       -104.833397         45.000000
       -104.750099         45.000000
       -104.666801         45.000000
       -104.583504         45.000000
       -104.500198         45.000000
       -104.416901         45.000000
       -104.333603         45.000000
       -104.250298         45.000000
       -104.167000         45.000000
       -104.083702         45.000000
       -104.064842         45.000000
       -104.064484         44.867977
       -104.064140         44.742149
       -104.063797         44.616318
       -104.063454         44.490479
       -104.063118         44.364635
       -104.062775         44.238789
       -104.062485         44.127991
       -104.061691         44.002140
       -104.060905         43.876282
       -104.060127         43.750423
       -104.059349         43.624565
       -104.058571         43.498703
       -104.057800         43.372841
       -104.057381         43.303974
       -104.056625         43.174583
       -104.056061         43.048725
       -104.055847         43.001427
       -104.054482         42.877968
       -104.054596         42.752113
       -104.054710         42.626259
       -104.054825         42.500412
       -104.054932         42.374569
       -104.055046         42.248730
       -104.055122         42.166771
       -104.054405         42.040943
       -104.053696         41.915123
       -104.053192         41.825485
       -104.053474         41.789307
       -104.054482         41.663502
       -104.055481         41.537704
       -104.056473         41.411915
       -104.057465         41.286137
       -104.057571         41.272278
       -104.056213         41.146511
       -104.054855         41.020756
       -104.054665         41.002949
       -104.220802         41.002449
       -104.386932         41.001698
       -104.499825         41.001041
       -104.553047         41.001984
       -104.690346         41.004292
       -104.719124         41.003269
       -104.733505         41.002758
       -104.885239         41.002243
       -105.000000         41.001686
       -105.051369         41.001434
       -105.217499         41.000374
       -105.228706         41.000294
       -105.383614         41.001850
       -105.549736         41.003273
       -105.715866         41.004444
       -105.882004         41.005360
       -106.048149         41.006023
       -106.055923         41.006046
       -106.222054         41.004486
       -106.388176         41.002670
       -106.397659         41.002560
       -106.554298         41.003922
       -106.720428         41.005116
       -106.886566         41.006058
       -107.052711         41.006748
       -107.102051         41.006901
       -107.218857         41.006359
       -107.384995         41.005371
       -107.500580         41.004536
       -107.551125         41.004719
       -107.717270         41.005154
       -107.828026         41.005302
       -107.850281         41.010433
       -107.876122         41.008762
       -107.882301         41.008656
       -107.980003         41.006908
       -108.048279         41.003582
       -108.074898         41.002274
       -108.214348         41.001083
       -108.354408         40.999710
       -108.520523         41.001034
       -108.686646         41.002106
       -108.852776         41.002922
       -109.000000         41.003422
       -109.005035         41.013660
       -109.056244         41.012363
       -109.122795         41.011391
       -109.134171         41.012646
       -109.169502         41.011658
       -109.175713         41.013008
       -109.180672         41.012981
       -109.346840         41.012001
       -109.421799         41.013275
       -109.427711         41.012062
       -109.432121         41.013275
       -109.512505         41.013290
       -109.678680         41.013134
       -109.791359         41.012886
       -109.844833         41.011925
       -109.923653         41.010460
       -110.000000         41.012203
       -110.005844         41.012337
       -110.084480         41.011425
       -110.089722         41.011978
       -110.094673         41.012505
       -110.181587         41.010651
       -110.255814         41.010406
       -110.279854         41.010315
       -110.286415         41.011391
       -110.356689         41.007324
       -110.385139         41.009384
       -110.392776         41.009312
       -110.520462         41.008003
       -110.558929         41.008171
       -110.725090         41.008747
       -110.891251         41.009068
       -110.958229         41.009125
       -111.028671         41.010765
       -111.046928         41.009884
       -111.046875         41.017773
       -111.046448         41.078632
       -111.043854         41.087208
       -111.046112         41.092369
       -111.046143         41.143040
       -111.046227         41.268822
       -111.045189         41.378315
       -111.043999         41.504108
       -111.044487         41.531391
       -111.046761         41.657188
       -111.047005         41.670902
       -111.045090         41.782997
       -111.046883         41.879871
       -111.048119         41.946396
       -111.045189         41.964825
       -111.046143         41.997902
       -111.048485         42.005356
       -111.046738         42.131187
       -111.045631         42.210732
       -111.048485         42.233356
       -111.046837         42.244511
       -111.046867         42.256859
       -111.047180         42.382710
       -111.047501         42.508560
       -111.047813         42.634418
       -111.048134         42.760281
       -111.048386         42.860077
       -111.050224         42.870495
       -111.049110         42.886036
       -111.048141         42.899525
       -111.048439         42.983280
       -111.043442         42.996563
       -111.043549         43.011391
       -111.044479         43.137257
       -111.045418         43.263126
       -111.046349         43.388996
       -111.047295         43.514866
       -111.047516         43.545105
       -111.045502         43.569782
       -111.048271         43.577053
       -111.047043         43.583626
       -111.048531         43.702858
       -111.050110         43.828724
       -111.051338         43.926373
       -111.051483         43.954586
       -111.052132         44.080448
       -111.052788         44.206310
       -111.053436         44.332169
       -111.054100         44.458023
       -111.054237         44.484684
       -111.055305         44.610531
       -111.056374         44.736370
       -111.057449         44.862206
       -111.057991         44.925243
       -111.057022         44.988029
       -111.056831         45.000000
       -111.056755         45.004997
       -110.903183         45.005749
       -110.811630         45.006100
       -110.802513         45.009766
       -110.793732         45.010235
       -110.761162         45.002605
       -110.754974         45.000000
       -110.746262         44.996334
       -110.731323         44.995148
       -110.729889         44.995033
       -110.697006         44.987370
       -110.687141         44.988922
       -110.555840         44.989029
       -110.398727         44.988960
       -110.380508         44.995399
       -110.367477         45.000000
       -110.357651         45.003471
       -110.350914         45.002872
       -110.343590         45.004768
       -110.329674         45.001709
       -110.325706         45.000000
       -110.305862         44.991444
       -110.285507         44.993992
       -110.211296         44.992100
       -110.171524         44.991066
       -110.152649         44.994820
       -110.144539         44.997803
       -110.141586         45.000000
       -110.133934         45.005695
       -110.126419         45.009171
       -110.041809         45.009956
       -110.000000         45.010296
       -109.864288         45.011402
       -109.841698         45.011566
END
END
